Linux 6.8.0-142-generic (cafeai-bench-server) 	10/01/26 	_x86_64_	(4 CPU)

22:48:32     CPU    %usr   %nice    %sys %iowait    %irq   %soft  %steal  %guest  %gnice   %idle
22:48:33     all   55.78    0.00    9.30    0.00    0.00    3.77    0.00    0.00    0.00   31.16
22:48:34     all   77.25    0.00   15.00    0.00    0.00    7.00    0.25    0.00    0.00    0.50
22:48:35     all   77.97    0.00   13.86    0.00    0.00    8.17    0.00    0.00    0.00    0.00
22:48:36     all   77.89    0.00   14.32    0.00    0.00    7.29    0.00    0.00    0.00    0.50
22:48:37     all   66.99    0.00   13.45    0.00    0.00   12.47    0.24    0.00    0.00    6.85
22:48:38     all   54.64    0.00   13.53    0.00    0.00   11.53    0.00    0.00    0.00   20.30
22:48:39     all   14.58    0.00   11.20    0.00    0.00    9.38    0.26    0.00    0.00   64.58
22:48:40     all   14.29    0.00   12.81    0.00    0.00   11.33    0.00    0.00    0.00   61.58
22:48:41     all   14.81    0.00   12.38    0.00    0.00   11.41    0.00    0.00    0.00   61.41
22:48:42     all   14.56    0.00   13.59    0.24    0.00    9.71    0.00    0.00    0.00   61.89
22:48:43     all   12.71    0.00   11.74    0.00    0.00   10.76    0.24    0.00    0.00   64.55
22:48:44     all   13.09    0.00   13.33    0.00    0.00    9.38    0.25    0.00    0.00   63.95
22:48:45     all   12.78    0.00   11.78    0.00    0.00   10.28    0.25    0.00    0.00   64.91
22:48:46     all   12.41    0.00   11.17    0.00    0.00   10.42    0.00    0.00    0.00   66.00
22:48:47     all   10.75    0.00   11.75    0.00    0.00   10.00    0.25    0.00    0.00   67.25
22:48:48     all   13.16    0.00   13.16    0.00    0.00   10.77    0.00    0.00    0.00   62.92
22:48:49     all   13.11    0.00   12.86    0.00    0.00   10.19    0.00    0.00    0.00   63.83
22:48:50     all   13.77    0.00   12.32    0.00    0.00   10.63    0.24    0.00    0.00   63.04
22:48:51     all   11.36    0.00   12.59    0.00    0.00   10.12    0.49    0.00    0.00   65.43
22:48:52     all   11.39    0.00   12.38    0.00    0.00   10.64    0.00    0.00    0.00   65.59
22:48:53     all   12.71    0.00   13.19    0.00    0.00   10.31    0.00    0.00    0.00   63.79
22:48:54     all   11.62    0.00   10.35    0.00    0.00   10.35    0.00    0.00    0.00   67.68
22:48:55     all   13.49    0.00   12.77    0.00    0.00   10.60    0.00    0.00    0.00   63.13
22:48:56     all   12.50    0.00   13.25    0.00    0.00   10.75    0.00    0.00    0.00   63.50
22:48:57     all   11.98    0.00   13.94    0.00    0.00   10.02    0.24    0.00    0.00   63.81
22:48:58     all   10.58    0.00   10.58    0.00    0.00   10.58    0.00    0.00    0.00   68.26
22:48:59     all    9.49    0.00   10.77    0.00    0.00   10.26    0.51    0.00    0.00   68.97
22:49:00     all    8.07    0.00    8.07    0.00    0.00   10.94    0.26    0.00    0.00   72.66
22:49:01     all    8.81    0.00   10.10    0.00    0.00   10.36    0.00    0.00    0.00   70.73
22:49:02     all   11.27    0.00   12.50    0.00    0.00    9.56    0.00    0.00    0.00   66.67
22:49:03     all    3.02    0.00    4.52    0.00    0.00    3.02    0.00    0.00    0.00   89.45
22:49:04     all   40.30    0.00    7.30    0.00    0.00    4.28    0.00    0.00    0.00   48.11
22:49:05     all   34.54    0.00   10.31    0.00    0.00    4.12    0.00    0.00    0.00   51.03
22:49:06     all   26.33    0.00   10.63    0.25    0.00    3.80    0.00    0.00    0.00   58.99
22:49:07     all   19.59    0.00   10.43    0.00    0.00    3.05    0.00    0.00    0.00   66.92
22:49:08     all   18.88    0.00   10.20    0.00    0.00    3.32    0.51    0.00    0.00   67.09
22:49:09     all   21.07    0.00   10.91    0.00    0.00    3.05    0.00    0.00    0.00   64.97
22:49:10     all   17.51    0.00   10.66    0.00    0.00    3.05    0.25    0.00    0.00   68.53
22:49:11     all   16.45    0.00   10.80    0.00    0.00    3.08    0.00    0.00    0.00   69.67
22:49:12     all   16.45    0.00   10.28    0.00    0.00    3.60    0.00    0.00    0.00   69.67
22:49:13     all   16.37    0.00   10.49    0.00    0.00    3.07    0.00    0.00    0.00   70.08
22:49:14     all   16.15    0.00   10.00    0.00    0.00    3.33    0.00    0.00    0.00   70.51
22:49:15     all   16.54    0.00   10.94    0.00    0.00    2.80    0.00    0.00    0.00   69.72
22:49:16     all   15.68    0.00   10.80    0.00    0.00    2.83    0.00    0.00    0.00   70.69
22:49:17     all   16.71    0.00   10.63    0.00    0.00    3.54    0.00    0.00    0.00   69.11
22:49:18     all   15.72    0.00   10.31    0.00    0.00    3.09    0.26    0.00    0.00   70.62
22:49:19     all   15.99    0.00   10.66    0.00    0.00    2.79    0.25    0.00    0.00   70.30
22:49:20     all   19.34    0.00   10.18    0.00    0.00    3.56    0.00    0.00    0.00   66.92
22:49:21     all   10.26    0.00   11.28    0.00    0.00    3.33    0.00    0.00    0.00   75.13
22:49:22     all    9.51    0.00   10.28    0.00    0.00    3.60    0.00    0.00    0.00   76.61
22:49:23     all   10.51    0.00   10.51    0.00    0.00    2.82    0.00    0.00    0.00   76.15
22:49:24     all   10.03    0.00   10.80    0.00    0.00    2.83    0.00    0.00    0.00   76.35
22:49:25     all   10.31    0.00    9.02    0.00    0.00    3.09    0.00    0.00    0.00   77.58
22:49:26     all   10.80    0.00   10.80    0.00    0.00    3.34    0.00    0.00    0.00   75.06
22:49:27     all    9.72    0.00   10.23    0.00    0.00    3.07    0.00    0.00    0.00   76.98
22:49:28     all   10.23    0.00   10.23    0.00    0.00    3.07    0.00    0.00    0.00   76.47
22:49:29     all   10.10    0.00   10.61    0.00    0.00    3.79    0.25    0.00    0.00   75.25
22:49:30     all   10.03    0.00   10.80    0.00    0.00    2.83    0.00    0.00    0.00   76.35
22:49:31     all   11.05    0.00   10.03    0.00    0.00    3.08    0.00    0.00    0.00   75.84
22:49:32     all    9.69    0.00   11.48    0.00    0.00    2.81    0.00    0.00    0.00   76.02
22:49:33     all   10.28    0.00    8.48    0.00    0.00    5.40    0.26    0.00    0.00   75.58
22:49:34     all   10.11    0.00    8.24    0.27    0.00    6.65    0.00    0.00    0.00   74.73
22:49:35     all    8.45    0.00    9.54    0.00    0.00    6.81    0.27    0.00    0.00   74.93
22:49:36     all    9.46    0.00    8.38    0.00    0.00    8.65    0.27    0.00    0.00   73.24
22:49:37     all    8.45    0.00    8.17    0.00    0.00    8.99    0.00    0.00    0.00   74.39
22:49:38     all    8.11    0.00    9.19    0.00    0.00    8.65    0.00    0.00    0.00   74.05
22:49:39     all    9.65    0.00    8.85    0.00    0.00    8.85    0.27    0.00    0.00   72.39
22:49:40     all    9.52    0.00   10.58    0.00    0.00    8.47    0.00    0.00    0.00   71.43
22:49:41     all    9.28    0.00    9.28    0.00    0.00    9.28    0.27    0.00    0.00   71.88
22:49:42     all    9.84    0.00    8.24    0.00    0.00    9.57    0.27    0.00    0.00   72.07
22:49:43     all    9.65    0.00    8.31    0.00    0.00    8.04    0.00    0.00    0.00   73.99
22:49:44     all    7.10    0.00    8.74    0.00    0.00    8.47    0.00    0.00    0.00   75.68
22:49:45     all    9.78    0.00    9.24    0.00    0.00    8.15    0.00    0.00    0.00   72.83
22:49:46     all    9.28    0.00    9.55    0.00    0.00    8.49    0.53    0.00    0.00   72.15
22:49:47     all    8.89    0.00    8.89    0.00    0.00    8.09    0.00    0.00    0.00   74.12
22:49:48     all    8.94    0.00    8.13    0.00    0.00    8.13    0.27    0.00    0.00   74.53
22:49:49     all    8.89    0.00    9.70    0.00    0.00    8.63    0.27    0.00    0.00   72.51
22:49:50     all    8.45    0.00    8.45    0.00    0.00    7.36    0.00    0.00    0.00   75.75
22:49:51     all    9.97    0.00    9.16    0.00    0.00    8.36    0.00    0.00    0.00   72.51
22:49:52     all    8.94    0.00    8.40    0.00    0.00    8.40    0.00    0.00    0.00   74.25
22:49:53     all    9.21    0.00    9.49    0.00    0.00    7.86    0.27    0.00    0.00   73.17
22:49:54     all    9.26    0.00    9.79    0.00    0.00    8.47    0.53    0.00    0.00   71.96
22:49:55     all    9.21    0.00    9.21    0.00    0.00    6.78    0.00    0.00    0.00   74.80
22:49:56     all    7.73    0.00    8.84    0.00    0.00    6.91    0.00    0.00    0.00   76.52
22:49:57     all   10.48    0.00    9.14    0.00    0.00    7.80    0.27    0.00    0.00   72.31
22:49:58     all   10.24    0.00    9.70    0.00    0.00    7.28    0.00    0.00    0.00   72.78
22:49:59     all    9.63    0.00   10.16    0.00    0.00    7.22    0.00    0.00    0.00   72.99
22:50:00     all   10.47    0.00   10.47    0.00    0.00    8.12    0.52    0.00    0.00   70.42
22:50:01     all    9.02    0.00    9.02    0.00    0.00    6.83    0.55    0.00    0.00   74.59
22:50:02     all    9.37    0.00    7.99    0.00    0.00    7.71    0.00    0.00    0.00   74.93
22:50:03     all   12.37    0.00   11.32    0.00    0.00    5.26    0.00    0.00    0.00   71.05
22:50:04     all   17.28    0.00   17.54    0.00    0.00    7.07    0.79    0.00    0.00   57.33
22:50:05     all   19.73    0.00   18.93    0.00    0.00    7.73    0.53    0.00    0.00   53.07
22:50:06     all   20.63    0.00   19.32    0.00    0.00    8.36    0.00    0.00    0.00   51.70
22:50:07     all   21.39    0.00   19.07    0.00    0.00    8.51    0.00    0.00    0.00   51.03
22:50:08     all   20.00    0.00   19.74    0.00    0.00    8.46    0.51    0.00    0.00   51.28
22:50:09     all   21.61    0.00   19.01    0.00    0.00    7.55    0.26    0.00    0.00   51.56
22:50:10     all   20.57    0.00   20.57    0.00    0.00    7.55    0.26    0.00    0.00   51.04
22:50:11     all   21.43    0.00   19.58    0.00    0.00    7.41    0.00    0.00    0.00   51.59
22:50:12     all   20.77    0.00   20.00    0.00    0.00    8.97    0.51    0.00    0.00   49.74
22:50:13     all   21.24    0.00   19.95    0.00    0.00    8.03    0.26    0.00    0.00   50.52
22:50:14     all   21.17    0.00   19.64    0.00    0.00    8.16    0.51    0.00    0.00   50.51
22:50:15     all   20.51    0.00   19.49    0.00    0.00    7.95    0.26    0.00    0.00   51.79
22:50:16     all   20.00    0.00   19.22    0.26    0.00    8.31    0.00    0.00    0.00   52.21
22:50:17     all   21.39    0.00   18.81    0.00    0.00    7.99    0.26    0.00    0.00   51.55
22:50:18     all   20.63    0.00   19.84    0.00    0.00    7.67    0.00    0.00    0.00   51.85
22:50:19     all   19.84    0.00   18.78    0.00    0.00    7.67    0.26    0.00    0.00   53.44
22:50:20     all   20.58    0.00   19.26    0.00    0.00    8.18    0.53    0.00    0.00   51.45
22:50:21     all   21.54    0.00   19.15    0.00    0.00    7.18    0.00    0.00    0.00   52.13
22:50:22     all   21.69    0.00   19.84    0.00    0.00    7.94    0.00    0.00    0.00   50.53
22:50:23     all   21.56    0.00   19.22    0.00    0.00    8.57    0.00    0.00    0.00   50.65
22:50:24     all   20.90    0.00   19.84    0.00    0.00    7.14    0.53    0.00    0.00   51.59
22:50:25     all   19.67    0.00   19.67    0.00    0.00    7.38    0.55    0.00    0.00   52.73
22:50:26     all   19.90    0.00   20.68    0.00    0.00    7.85    0.00    0.00    0.00   51.57
22:50:27     all   21.73    0.00   19.63    0.26    0.00    7.33    0.00    0.00    0.00   51.05
22:50:28     all   21.37    0.00   19.53    0.00    0.00    7.65    0.00    0.00    0.00   51.45
22:50:29     all   20.53    0.00   19.47    0.00    0.00    7.47    0.53    0.00    0.00   52.00
22:50:30     all   20.73    0.00   20.73    0.00    0.00    7.35    0.26    0.00    0.00   50.92
22:50:31     all   21.04    0.00   20.26    0.00    0.00    7.79    0.26    0.00    0.00   50.65
22:50:32     all   19.63    0.00   19.89    0.00    0.00    8.22    0.00    0.00    0.00   52.25
22:50:33     all   19.32    0.00   16.45    0.00    0.00    7.31    0.00    0.00    0.00   56.92
22:50:34     all   25.41    0.00   24.05    0.00    0.00    8.65    0.00    0.00    0.00   41.89
22:50:35     all   27.33    0.00   24.42    0.00    0.00    8.72    0.87    0.00    0.00   38.66
22:50:36     all   27.41    0.00   22.45    0.00    0.00   10.20    0.00    0.00    0.00   39.94
22:50:37     all   27.56    0.00   26.42    0.00    0.00    8.24    0.00    0.00    0.00   37.78
22:50:38     all   26.74    0.00   27.62    0.00    0.00    9.88    0.00    0.00    0.00   35.76
22:50:39     all   28.74    0.00   26.15    0.00    0.00   10.06    0.29    0.00    0.00   34.77
22:50:40     all   26.89    0.00   26.61    0.00    0.00   11.20    0.28    0.00    0.00   35.01
22:50:41     all   27.53    0.00   27.81    0.00    0.00   10.67    0.00    0.00    0.00   33.99
22:50:42     all   26.33    0.00   27.45    0.00    0.00   10.92    0.28    0.00    0.00   35.01
22:50:43     all   27.01    0.00   27.01    0.00    0.00   10.92    0.00    0.00    0.00   35.06
22:50:44     all   26.50    0.00   28.21    0.00    0.00   10.26    0.28    0.00    0.00   34.76
22:50:45     all   26.50    0.00   27.64    0.00    0.00    9.97    0.28    0.00    0.00   35.61
22:50:46     all   27.32    0.00   26.48    0.28    0.00   11.55    0.00    0.00    0.00   34.37
22:50:47     all   26.65    0.00   27.22    0.00    0.00   10.03    0.57    0.00    0.00   35.53
22:50:48     all   26.89    0.00   27.73    0.00    0.00   10.64    0.00    0.00    0.00   34.73
22:50:49     all   27.78    0.00   27.22    0.00    0.00   10.56    0.00    0.00    0.00   34.44
22:50:50     all   27.92    0.00   26.21    0.00    0.00   11.40    0.57    0.00    0.00   33.90
22:50:51     all   28.53    0.00   26.87    0.00    0.00   11.36    0.28    0.00    0.00   32.96
22:50:52     all   27.19    0.00   26.90    0.00    0.00    9.94    0.00    0.00    0.00   35.96
22:50:53     all   28.77    0.00   26.03    0.00    0.00   10.68    0.00    0.00    0.00   34.52
22:50:54     all   26.76    0.00   26.76    0.00    0.00   10.99    0.56    0.00    0.00   34.93
22:50:55     all   26.70    0.00   26.42    0.00    0.00   10.23    0.28    0.00    0.00   36.36
22:50:56     all   28.77    0.00   26.26    0.00    0.00   10.06    0.28    0.00    0.00   34.64
22:50:57     all   26.65    0.00   27.47    0.00    0.00   11.54    0.27    0.00    0.00   34.07
22:50:58     all   25.77    0.00   28.01    0.00    0.00   10.64    0.00    0.00    0.00   35.57
22:50:59     all   28.25    0.00   26.87    0.00    0.00   10.25    0.00    0.00    0.00   34.63
22:51:00     all   27.56    0.00   26.14    0.00    0.00   10.23    0.57    0.00    0.00   35.51
22:51:01     all   27.81    0.00   26.40    0.00    0.00   10.67    0.00    0.00    0.00   35.11
22:51:02     all   27.32    0.00   26.76    0.00    0.00   11.27    0.00    0.00    0.00   34.65
22:51:03     all   23.14    0.00   20.86    0.00    0.00    7.14    0.00    0.00    0.00   48.86
22:51:04     all   32.75    0.00   32.17    0.00    0.00    9.28    0.29    0.00    0.00   25.51
22:51:05     all   40.50    0.00   37.74    0.00    0.00   10.74    0.28    0.00    0.00   10.74
22:51:06     all   40.34    0.00   37.22    0.00    0.00   10.23    0.85    0.00    0.00   11.36
22:51:07     all   40.62    0.00   37.50    0.00    0.00   11.65    0.00    0.00    0.00   10.23
22:51:08     all   40.34    0.00   38.35    0.00    0.00    9.66    0.28    0.00    0.00   11.36
22:51:09     all   37.89    0.00   39.60    0.00    0.00    9.69    0.28    0.00    0.00   12.54
22:51:10     all   41.10    0.00   36.44    0.00    0.00   10.14    0.00    0.00    0.00   12.33
22:51:11     all   39.22    0.00   40.52    0.00    0.00    8.83    0.00    0.00    0.00   11.43
22:51:12     all   40.45    0.00   39.04    0.00    0.00    9.55    0.28    0.00    0.00   10.67
22:51:13     all   39.60    0.00   39.32    0.00    0.00    9.69    0.00    0.00    0.00   11.40
22:51:14     all   39.15    0.00   39.72    0.00    0.00   10.42    0.00    0.00    0.00   10.70
22:51:15     all   40.36    0.00   39.58    0.00    0.00    8.59    0.00    0.00    0.00   11.46
22:51:16     all   40.00    0.00   38.13    0.00    0.00   10.67    0.27    0.00    0.00   10.93
22:51:17     all   38.87    0.00   39.15    0.00    0.00   10.42    0.28    0.00    0.00   11.27
22:51:18     all   38.66    0.00   39.22    0.00    0.00   10.36    0.28    0.00    0.00   11.48
22:51:19     all   38.27    0.00   39.66    0.00    0.00   10.61    0.28    0.00    0.00   11.17
22:51:20     all   40.23    0.00   37.36    0.00    0.00   11.49    0.00    0.00    0.00   10.92
22:51:21     all   38.73    0.00   39.31    0.00    0.00    9.54    0.00    0.00    0.00   12.43
22:51:22     all   39.74    0.00   39.23    0.00    0.00   10.00    0.26    0.00    0.00   10.77
22:51:23     all   39.40    0.00   39.13    0.00    0.00   10.05    0.00    0.00    0.00   11.41
22:51:24     all   39.33    0.00   37.92    0.00    0.00   11.24    0.28    0.00    0.00   11.24
22:51:25     all   39.95    0.00   39.41    0.00    0.00    9.12    0.00    0.00    0.00   11.53
22:51:26     all   42.43    0.00   37.30    0.00    0.00   10.27    0.00    0.00    0.00   10.00
22:51:27     all   39.17    0.00   39.44    0.00    0.00   10.00    0.00    0.00    0.00   11.39
22:51:28     all   39.30    0.00   39.04    0.00    0.00    8.29    0.53    0.00    0.00   12.83
22:51:29     all   39.94    0.00   37.47    0.00    0.00    9.92    0.28    0.00    0.00   12.40
22:51:30     all   40.05    0.00   40.05    0.00    0.00    7.49    0.00    0.00    0.00   12.40
22:51:31     all   40.00    0.00   38.96    0.00    0.00    7.79    0.00    0.00    0.00   13.25
22:51:32     all   40.00    0.00   37.43    0.00    0.00    8.86    0.29    0.00    0.00   13.43
22:51:33     all   26.92    0.00   25.00    0.00    0.00    8.24    0.27    0.00    0.00   39.56
22:51:34     all   28.73    0.00   28.18    0.00    0.00   11.92    0.00    0.00    0.00   31.17
22:51:35     all   39.80    0.00   37.81    0.00    0.00   21.39    0.00    0.00    0.00    1.00
22:51:36     all   40.95    0.00   37.94    0.00    0.00   20.60    0.00    0.00    0.00    0.50
22:51:37     all   40.70    0.00   37.69    0.00    0.00   21.36    0.00    0.00    0.00    0.25
22:51:38     all   39.55    0.00   38.81    0.00    0.00   21.39    0.00    0.00    0.00    0.25
22:51:39     all   39.60    0.00   37.84    0.00    0.00   21.80    0.25    0.00    0.00    0.50
22:51:40     all   41.46    0.00   37.69    0.00    0.00   20.35    0.00    0.00    0.00    0.50
22:51:41     all   39.05    0.00   38.31    0.00    0.00   21.39    0.00    0.00    0.00    1.24
22:51:42     all   40.50    0.00   37.50    0.00    0.00   21.75    0.00    0.00    0.00    0.25
22:51:43     all   40.50    0.00   39.00    0.00    0.00   20.00    0.00    0.00    0.00    0.50
22:51:44     all   40.85    0.00   37.09    0.00    0.00   21.05    0.00    0.00    0.00    1.00
22:51:45     all   41.21    0.00   37.94    0.00    0.00   20.60    0.00    0.00    0.00    0.25
22:51:46     all   39.65    0.00   38.15    0.00    0.00   21.20    0.50    0.00    0.00    0.50
22:51:47     all   41.96    0.00   38.44    0.00    0.00   19.35    0.00    0.00    0.00    0.25
22:51:48     all   40.00    0.00   38.25    0.00    0.00   21.00    0.00    0.00    0.00    0.75
22:51:49     all   41.29    0.00   37.81    0.00    0.00   19.90    0.00    0.00    0.00    1.00
22:51:50     all   39.50    0.00   39.25    0.00    0.00   21.00    0.00    0.00    0.00    0.25
22:51:51     all   39.30    0.00   38.56    0.00    0.00   20.90    0.25    0.00    0.00    1.00
22:51:52     all   39.95    0.00   38.94    0.00    0.00   20.60    0.00    0.00    0.00    0.50
22:51:53     all   40.40    0.00   38.90    0.00    0.00   20.20    0.00    0.00    0.00    0.50
22:51:54     all   39.00    0.00   39.50    0.00    0.00   20.75    0.00    0.00    0.00    0.75
22:51:55     all   40.40    0.00   38.13    0.00    0.00   21.21    0.00    0.00    0.00    0.25
22:51:56     all   40.25    0.00   38.50    0.00    0.00   21.00    0.00    0.00    0.00    0.25
22:51:57     all   38.65    0.00   39.15    0.00    0.00   20.95    0.25    0.00    0.00    1.00
22:51:58     all   37.94    0.00   40.45    0.00    0.00   21.61    0.00    0.00    0.00    0.00
22:51:59     all   39.45    0.00   39.70    0.00    0.00   19.85    0.00    0.00    0.00    1.01
22:52:00     all   40.75    0.00   39.25    0.00    0.00   19.75    0.00    0.00    0.00    0.25
22:52:01     all   39.80    0.00   38.81    0.00    0.00   20.40    0.00    0.00    0.00    1.00
22:52:02     all   40.60    0.00   38.10    0.00    0.00   20.30    0.00    0.00    0.00    1.00
22:52:03     all   34.10    0.00   32.57    0.00    0.00   13.74    0.00    0.00    0.00   19.59
22:52:04     all   42.00    0.00   38.25    0.00    0.00   16.50    0.00    0.00    0.00    3.25
22:52:05     all   40.75    0.00   37.75    0.00    0.00   20.50    0.25    0.00    0.00    0.75
22:52:06     all   40.95    0.00   37.94    0.00    0.00   20.35    0.00    0.00    0.00    0.75
22:52:07     all   40.55    0.00   38.31    0.00    0.00   20.15    0.25    0.00    0.00    0.75
22:52:08     all   40.35    0.00   38.35    0.00    0.00   20.80    0.00    0.00    0.00    0.50
22:52:09     all   40.30    0.00   38.31    0.00    0.00   20.65    0.25    0.00    0.00    0.50
22:52:10     all   40.35    0.00   38.10    0.00    0.00   21.05    0.00    0.00    0.00    0.50
22:52:11     all   40.45    0.00   38.44    0.00    0.00   20.10    0.00    0.00    0.00    1.01
22:52:12     all   40.69    0.00   37.72    0.00    0.00   21.09    0.00    0.00    0.00    0.50
22:52:13     all   40.35    0.00   38.60    0.00    0.00   20.55    0.25    0.00    0.00    0.25
22:52:14     all   41.25    0.00   38.00    0.00    0.00   20.00    0.00    0.00    0.00    0.75
22:52:15     all   41.35    0.00   38.35    0.00    0.00   20.05    0.00    0.00    0.00    0.25
22:52:16     all   40.20    0.00   39.70    0.00    0.00   19.60    0.00    0.00    0.00    0.50
22:52:17     all   38.90    0.00   39.40    0.00    0.00   20.95    0.00    0.00    0.00    0.75
22:52:18     all   39.95    0.00   39.45    0.00    0.00   20.10    0.00    0.00    0.00    0.50
22:52:19     all   40.65    0.00   37.91    0.00    0.00   21.20    0.00    0.00    0.00    0.25
22:52:20     all   39.75    0.00   38.75    0.00    0.00   20.25    0.25    0.00    0.00    1.00
22:52:21     all   40.05    0.00   38.81    0.00    0.00   20.65    0.25    0.00    0.00    0.25
22:52:22     all   41.21    0.00   38.19    0.00    0.00   19.85    0.00    0.00    0.00    0.75
22:52:23     all   40.95    0.00   37.69    0.00    0.00   20.60    0.00    0.00    0.00    0.75
22:52:24     all   41.40    0.00   38.15    0.00    0.00   19.45    0.25    0.00    0.00    0.75
22:52:25     all   40.60    0.00   37.34    0.00    0.00   21.80    0.00    0.00    0.00    0.25
22:52:26     all   40.35    0.00   38.85    0.00    0.00   20.30    0.00    0.00    0.00    0.50
22:52:27     all   39.35    0.00   38.60    0.00    0.00   21.30    0.00    0.00    0.00    0.75
22:52:28     all   40.25    0.00   38.50    0.00    0.00   20.50    0.00    0.00    0.00    0.75
22:52:29     all   40.05    0.00   38.54    0.00    0.00   20.91    0.00    0.00    0.00    0.50
22:52:30     all   40.30    0.00   39.30    0.00    0.00   19.40    0.25    0.00    0.00    0.75
22:52:31     all   40.85    0.00   38.60    0.00    0.00   20.05    0.00    0.00    0.00    0.50
22:52:32     all   39.55    0.00   41.04    0.00    0.00   18.91    0.00    0.00    0.00    0.50
22:52:33     all   23.12    0.00   21.11    0.00    0.00   10.80    0.00    0.00    0.00   44.97
22:52:34     all    6.72    0.00    5.68    0.00    0.00    3.10    0.00    0.00    0.00   84.50
22:52:35     all    9.40    0.00   10.44    0.00    0.00    4.18    0.00    0.00    0.00   75.98
22:52:36     all   11.11    0.00   11.11    0.00    0.00    3.36    0.26    0.00    0.00   74.16
22:52:37     all   10.61    0.00   10.61    0.00    0.00    2.92    0.00    0.00    0.00   75.86
22:52:38     all   11.40    0.00   12.18    0.00    0.00    2.85    0.00    0.00    0.00   73.58
22:52:39     all   10.57    0.00   11.60    0.00    0.00    3.09    0.26    0.00    0.00   74.48
22:52:40     all    9.50    0.00   11.61    0.00    0.00    2.90    0.26    0.00    0.00   75.73
22:52:41     all   10.18    0.00   11.23    0.00    0.00    3.39    0.00    0.00    0.00   75.20
22:52:42     all   10.24    0.00   11.55    0.00    0.00    2.36    0.00    0.00    0.00   75.85
22:52:43     all   10.85    0.00   11.11    0.00    0.00    2.84    0.00    0.00    0.00   75.19
22:52:44     all   10.42    0.00   11.72    0.00    0.00    2.86    0.00    0.00    0.00   75.00
22:52:45     all   10.70    0.00   12.27    0.00    0.00    2.87    0.00    0.00    0.00   74.15
22:52:46     all   10.13    0.00   12.21    0.00    0.00    3.38    0.26    0.00    0.00   74.03
22:52:47     all   11.29    0.00   11.02    0.52    0.00    2.89    0.00    0.00    0.00   74.28
22:52:48     all   10.47    0.00   11.52    0.00    0.00    2.62    0.00    0.00    0.00   75.39
22:52:49     all   10.31    0.00   11.34    0.00    0.00    2.84    0.26    0.00    0.00   75.26
22:52:50     all   10.26    0.00   12.37    0.26    0.00    2.63    0.00    0.00    0.00   74.47
22:52:51     all   10.00    0.00   11.32    0.00    0.00    2.63    0.00    0.00    0.00   76.05
22:52:52     all   10.31    0.00   12.11    0.00    0.00    3.35    0.00    0.00    0.00   74.23
22:52:53     all   13.51    0.00   11.17    0.00    0.00    3.12    0.00    0.00    0.00   72.21
22:52:54     all   11.08    0.00   11.08    0.00    0.00    2.64    0.00    0.00    0.00   75.20
22:52:55     all   10.44    0.00   11.49    0.00    0.00    2.87    0.00    0.00    0.00   75.20
22:52:56     all   10.36    0.00   12.18    0.00    0.00    2.85    0.26    0.00    0.00   74.35
22:52:57     all   10.88    0.00   11.66    0.26    0.00    2.07    0.26    0.00    0.00   74.87
22:52:58     all    9.95    0.00   11.52    0.00    0.00    3.14    0.00    0.00    0.00   75.39
22:52:59     all   10.36    0.00   12.44    0.00    0.00    2.85    0.00    0.00    0.00   74.35
22:53:00     all    9.57    0.00   11.44    0.00    0.00    2.39    0.00    0.00    0.00   76.60
22:53:01     all   11.75    0.00   11.75    0.00    0.00    2.87    0.00    0.00    0.00   73.63
22:53:02     all   11.95    0.00   11.69    0.00    0.00    2.86    0.26    0.00    0.00   73.25
22:53:03     all    7.73    0.00    7.47    0.00    0.00    1.80    0.00    0.00    0.00   82.99
22:53:04     all    4.80    0.00    4.04    0.00    0.00    1.77    0.00    0.00    0.00   89.39
22:53:05     all   18.47    0.00   15.83    0.00    0.00    5.28    0.26    0.00    0.00   60.16
22:53:06     all   30.05    0.00   18.65    0.00    0.00    6.48    0.00    0.00    0.00   44.82
22:53:07     all   21.45    0.00   22.52    0.00    0.00    4.02    0.00    0.00    0.00   52.01
22:53:08     all   19.79    0.00   24.27    0.00    0.00    4.22    0.00    0.00    0.00   51.72
22:53:09     all   21.35    0.00   22.40    0.00    0.00    4.69    0.00    0.00    0.00   51.56
22:53:10     all   20.79    0.00   23.16    0.00    0.00    4.47    0.00    0.00    0.00   51.58
22:53:11     all   20.26    0.00   22.86    0.00    0.00    4.68    0.52    0.00    0.00   51.69
22:53:12     all   23.87    0.00   21.22    0.00    0.00    5.31    0.00    0.00    0.00   49.60
22:53:13     all   21.09    0.00   22.66    0.00    0.00    4.17    0.26    0.00    0.00   51.82
22:53:14     all   19.62    0.00   22.31    0.00    0.00    4.30    0.00    0.00    0.00   53.76
22:53:15     all   19.58    0.00   23.54    0.00    0.00    4.23    0.26    0.00    0.00   52.38
22:53:16     all   21.96    0.00   23.02    0.00    0.00    4.50    0.00    0.00    0.00   50.53
22:53:17     all   20.95    0.00   23.61    0.27    0.00    4.77    0.00    0.00    0.00   50.40
22:53:18     all   19.73    0.00   22.67    0.00    0.00    4.80    0.00    0.00    0.00   52.80
22:53:19     all   22.31    0.00   22.58    0.00    0.00    5.11    0.00    0.00    0.00   50.00
22:53:20     all   22.28    0.00   20.95    0.00    0.00    4.51    0.27    0.00    0.00   51.99
22:53:21     all   19.95    0.00   23.14    0.00    0.00    4.26    0.00    0.00    0.00   52.66
22:53:22     all   19.19    0.00   22.97    0.00    0.00    4.32    0.27    0.00    0.00   53.24
22:53:23     all   19.16    0.00   23.62    0.00    0.00    4.46    0.00    0.00    0.00   52.76
22:53:24     all   18.72    0.00   22.46    0.00    0.00    5.08    0.27    0.00    0.00   53.48
22:53:25     all   23.16    0.00   22.63    0.00    0.00    3.68    0.00    0.00    0.00   50.53
22:53:26     all   21.82    0.00   23.12    0.00    0.00    4.42    0.00    0.00    0.00   50.65
22:53:27     all   20.11    0.00   23.02    0.00    0.00    4.23    0.26    0.00    0.00   52.38
22:53:28     all   22.87    0.00   22.07    0.00    0.00    4.79    0.00    0.00    0.00   50.27
22:53:29     all   20.89    0.00   23.24    0.00    0.00    4.18    0.00    0.00    0.00   51.70
22:53:30     all   19.62    0.00   22.34    0.00    0.00    4.09    0.27    0.00    0.00   53.68
22:53:31     all   20.47    0.00   23.06    0.00    0.00    4.15    0.00    0.00    0.00   52.33
22:53:32     all   20.21    0.00   23.36    0.00    0.00    4.46    0.00    0.00    0.00   51.97
22:53:33     all   15.87    0.00   15.34    0.00    0.00    3.70    0.00    0.00    0.00   65.08
22:53:34     all    3.28    0.00    3.28    0.00    0.00    1.77    0.00    0.00    0.00   91.67
22:53:35     all   18.91    0.00   16.32    0.00    0.00    5.96    0.00    0.00    0.00   58.81
22:53:36     all   29.24    0.00   23.76    0.00    0.00    7.05    0.26    0.00    0.00   39.69
22:53:37     all   39.38    0.00   28.24    0.00    0.00    8.03    0.26    0.00    0.00   24.09
22:53:38     all   35.53    0.00   36.29    0.00    0.00   10.41    0.00    0.00    0.00   17.77
22:53:39     all   40.95    0.00   33.42    0.00    0.00   11.06    0.00    0.00    0.00   14.57
22:53:40     all   36.39    0.00   40.46    0.00    0.00   10.69    0.00    0.00    0.00   12.47
22:53:41     all   35.28    0.00   40.36    0.00    0.00    9.64    0.00    0.00    0.00   14.72
22:53:42     all   34.01    0.00   39.85    0.00    0.00    9.90    0.00    0.00    0.00   16.24
22:53:43     all   34.01    0.00   40.05    0.00    0.00    9.82    0.00    0.00    0.00   16.12
22:53:44     all   39.59    0.00   40.36    0.00    0.00    9.39    0.00    0.00    0.00   10.66
22:53:45     all   33.75    0.00   42.32    0.00    0.00   10.33    0.25    0.00    0.00   13.35
22:53:46     all   35.37    0.00   40.20    0.00    0.00    9.41    0.00    0.00    0.00   15.01
22:53:47     all   41.37    0.00   40.10    0.00    0.00    9.14    0.00    0.00    0.00    9.39
22:53:48     all   34.26    0.00   40.36    0.00    0.00    9.39    0.25    0.00    0.00   15.74
22:53:49     all   35.99    0.00   40.62    0.00    0.00    8.74    0.00    0.00    0.00   14.65
22:53:50     all   39.85    0.00   38.32    0.00    0.00    8.63    0.00    0.00    0.00   13.20
22:53:51     all   34.85    0.00   41.92    0.00    0.00    8.59    0.00    0.00    0.00   14.65
22:53:52     all   35.48    0.00   41.90    0.00    0.00    8.23    0.00    0.00    0.00   14.40
22:53:53     all   40.31    0.00   37.47    0.00    0.00    7.24    0.00    0.00    0.00   14.99
22:53:54     all   35.32    0.00   40.26    0.00    0.00    8.31    0.00    0.00    0.00   16.10
22:53:55     all   35.99    0.00   39.33    0.00    0.00    6.94    0.00    0.00    0.00   17.74
22:53:56     all   33.59    0.00   40.83    0.00    0.00    7.75    0.26    0.00    0.00   17.57
22:53:57     all   39.13    0.00   39.39    0.00    0.00    9.21    0.00    0.00    0.00   12.28
22:53:58     all   34.03    0.00   42.86    0.00    0.00    7.79    0.00    0.00    0.00   15.32
22:53:59     all   35.40    0.00   40.31    0.00    0.00    7.49    0.26    0.00    0.00   16.54
22:54:00     all   34.63    0.00   41.86    0.00    0.00    7.49    0.26    0.00    0.00   15.76
22:54:01     all   35.94    0.00   39.58    0.00    0.00    7.29    0.00    0.00    0.00   17.19
22:54:02     all   35.13    0.00   40.77    0.00    0.00    8.46    0.00    0.00    0.00   15.64
22:54:03     all   28.75    0.00   31.55    0.00    0.00    7.89    0.25    0.00    0.00   31.55
22:54:04     all    3.49    0.00    2.99    0.00    0.00    1.00    0.00    0.00    0.00   92.52
22:54:05     all   14.44    0.00   14.97    0.00    0.00    4.81    0.00    0.00    0.00   65.78
22:54:06     all   24.27    0.00   22.13    0.00    0.00    7.73    0.00    0.00    0.00   45.87
22:54:07     all   25.84    0.00   29.49    0.00    0.00    7.30    0.00    0.00    0.00   37.36
22:54:08     all   39.90    0.00   31.87    0.00    0.00    8.29    0.00    0.00    0.00   19.95
22:54:09     all   37.06    0.00   37.06    0.00    0.00   10.15    0.00    0.00    0.00   15.74
22:54:10     all   41.75    0.00   41.00    0.00    0.00   10.75    0.00    0.00    0.00    6.50
22:54:11     all   49.37    0.00   38.54    0.00    0.00   11.08    0.00    0.00    0.00    1.01
22:54:12     all   44.64    0.00   39.65    0.00    0.00   14.21    0.25    0.00    0.00    1.25
22:54:13     all   52.38    0.00   32.58    0.00    0.00   13.78    0.00    0.00    0.00    1.25
22:54:14     all   46.27    0.00   38.06    0.00    0.00   14.93    0.00    0.00    0.00    0.75
22:54:15     all   49.12    0.00   38.35    0.00    0.00   12.28    0.00    0.00    0.00    0.25
22:54:16     all   42.86    0.00   40.10    0.00    0.00   16.04    0.00    0.00    0.00    1.00
22:54:17     all   42.79    0.00   40.05    0.00    0.00   16.67    0.25    0.00    0.00    0.25
22:54:18     all   44.44    0.00   38.64    0.00    0.00   16.67    0.00    0.00    0.00    0.25
22:54:19     all   41.75    0.00   40.50    0.00    0.00   17.50    0.00    0.00    0.00    0.25
22:54:20     all   40.25    0.00   40.25    0.00    0.00   18.25    0.25    0.00    0.00    1.00
22:54:21     all   41.40    0.00   40.65    0.00    0.00   17.46    0.00    0.00    0.00    0.50
22:54:22     all   42.75    0.00   40.25    0.00    0.00   16.50    0.25    0.00    0.00    0.25
22:54:23     all   42.64    0.00   40.65    0.00    0.00   16.21    0.00    0.00    0.00    0.50
22:54:24     all   41.71    0.00   41.46    0.00    0.00   16.33    0.00    0.00    0.00    0.50
22:54:25     all   43.89    0.00   37.91    0.00    0.00   17.71    0.00    0.00    0.00    0.50
22:54:26     all   44.84    0.00   39.80    0.00    0.00   15.11    0.00    0.00    0.00    0.25
22:54:27     all   41.71    0.00   39.70    0.00    0.00   18.09    0.00    0.00    0.00    0.50
22:54:28     all   43.07    0.00   38.79    0.00    0.00   17.63    0.00    0.00    0.00    0.50
22:54:29     all   42.14    0.00   40.65    0.00    0.00   16.71    0.00    0.00    0.00    0.50
22:54:30     all   40.05    0.00   42.04    0.00    0.00   17.41    0.00    0.00    0.00    0.50
22:54:31     all   43.69    0.00   38.38    0.00    0.00   17.93    0.00    0.00    0.00    0.00
22:54:32     all   48.25    0.00   35.75    0.00    0.00   15.25    0.00    0.00    0.00    0.75
22:54:33     all   47.38    0.00   34.91    0.00    0.00   16.71    0.00    0.00    0.00    1.00
