Running 30s test @ http://10.116.0.2:8080/json
  4 threads and 256 connections
  Thread calibration: mean lat.: 1001.950ms, rate sampling interval: 7614ms
  Thread calibration: mean lat.: 748.574ms, rate sampling interval: 4155ms
  Thread calibration: mean lat.: 983.098ms, rate sampling interval: 7634ms
  Thread calibration: mean lat.: 1150.166ms, rate sampling interval: 6459ms
  Thread Stats   Avg      Stdev     Max   +/- Stdev
    Latency     4.50s     3.51s   13.78s    75.67%
    Req/Sec    22.32k   526.53    23.07k    54.55%
  Latency Distribution (HdrHistogram - Recorded Latency)
 50.000%    3.69s 
 75.000%    4.96s 
 90.000%   12.77s 
 99.000%   13.69s 
 99.900%   13.75s 
 99.990%   13.77s 
 99.999%   13.79s 
100.000%   13.79s 

  Detailed Percentile spectrum:
       Value   Percentile   TotalCount 1/(1-Percentile)

     118.783     0.000000            1         1.00
     876.031     0.100000       175784         1.11
    2363.391     0.200000       351485         1.25
    3176.447     0.300000       527224         1.43
    3512.319     0.400000       703291         1.67
    3686.399     0.500000       879044         2.00
    3749.887     0.550000       968579         2.22
    3897.343     0.600000      1054611         2.50
    4153.343     0.650000      1142584         2.86
    4272.127     0.700000      1232799         3.33
    4964.351     0.750000      1319780         4.00
    5115.903     0.775000      1361854         4.44
    5300.223     0.800000      1406299         5.00
    5378.047     0.825000      1449869         5.71
    5566.463     0.850000      1494074         6.67
    9150.463     0.875000      1537556         8.00
   11960.319     0.887500      1559486         8.89
   12771.327     0.900000      1584566        10.00
   12804.095     0.912500      1604444        11.43
   12926.975     0.925000      1626250        13.33
   13221.887     0.937500      1648651        16.00
   13230.079     0.943750      1659137        17.78
   13238.271     0.950000      1669921        20.00
   13254.655     0.956250      1685360        22.86
   13271.039     0.962500      1694206        26.67
   13311.999     0.968750      1702484        32.00
   13475.839     0.971875      1707927        35.56
   13516.799     0.975000      1714634        40.00
   13549.567     0.978125      1719530        45.71
   13598.719     0.981250      1724493        53.33
   13656.063     0.984375      1730300        64.00
   13672.447     0.985938      1733641        71.11
   13680.639     0.987500      1737411        80.00
   13688.831     0.989062      1741669        91.43
   13688.831     0.990625      1741669       106.67
   13697.023     0.992188      1745540       128.00
   13697.023     0.992969      1745540       142.22
   13705.215     0.993750      1749503       160.00
   13705.215     0.994531      1749503       182.86
   13705.215     0.995313      1749503       213.33
   13713.407     0.996094      1751852       256.00
   13713.407     0.996484      1751852       284.44
   13713.407     0.996875      1751852       320.00
   13721.599     0.997266      1753038       365.71
   13729.791     0.997656      1753756       426.67
   13729.791     0.998047      1753756       512.00
   13746.175     0.998242      1754892       568.89
   13746.175     0.998437      1754892       640.00
   13746.175     0.998633      1754892       731.43
   13754.367     0.998828      1755727       853.33
   13754.367     0.999023      1755727      1024.00
   13754.367     0.999121      1755727      1137.78
   13762.559     0.999219      1756377      1280.00
   13762.559     0.999316      1756377      1462.86
   13762.559     0.999414      1756377      1706.67
   13762.559     0.999512      1756377      2048.00
   13770.751     0.999561      1756993      2275.56
   13770.751     0.999609      1756993      2560.00
   13770.751     0.999658      1756993      2925.71
   13770.751     0.999707      1756993      3413.33
   13770.751     0.999756      1756993      4096.00
   13770.751     0.999780      1756993      4551.11
   13770.751     0.999805      1756993      5120.00
   13770.751     0.999829      1756993      5851.43
   13770.751     0.999854      1756993      6826.67
   13770.751     0.999878      1756993      8192.00
   13770.751     0.999890      1756993      9102.22
   13770.751     0.999902      1756993     10240.00
   13778.943     0.999915      1757036     11702.86
   13778.943     0.999927      1757036     13653.33
   13787.135     0.999939      1757163     16384.00
   13787.135     1.000000      1757163          inf
#[Mean    =     4500.606, StdDeviation   =     3514.726]
#[Max     =    13778.944, Total count    =      1757163]
#[Buckets =           27, SubBuckets     =         2048]
----------------------------------------------------------
  2669927 requests in 30.00s, 440.50MB read
Requests/sec:  88998.60
Transfer/sec:     14.68MB
