Running 30s test @ http://10.116.0.2:8080/json
  4 threads and 256 connections
  Thread calibration: mean lat.: 1.393ms, rate sampling interval: 10ms
  Thread calibration: mean lat.: 1.389ms, rate sampling interval: 10ms
  Thread calibration: mean lat.: 1.464ms, rate sampling interval: 10ms
  Thread calibration: mean lat.: 1.371ms, rate sampling interval: 10ms
  Thread Stats   Avg      Stdev     Max   +/- Stdev
    Latency     1.38ms  602.01us   9.30ms   66.29%
    Req/Sec    10.53k     1.33k   15.11k    77.25%
  Latency Distribution (HdrHistogram - Recorded Latency)
 50.000%    1.30ms
 75.000%    1.79ms
 90.000%    2.20ms
 99.000%    2.90ms
 99.900%    4.26ms
 99.990%    6.23ms
 99.999%    7.64ms
100.000%    9.30ms

  Detailed Percentile spectrum:
       Value   Percentile   TotalCount 1/(1-Percentile)

       0.221     0.000000            2         1.00
       0.661     0.100000        78758         1.11
       0.834     0.200000       157576         1.25
       0.992     0.300000       236598         1.43
       1.146     0.400000       314931         1.67
       1.303     0.500000       393970         2.00
       1.386     0.550000       433186         2.22
       1.475     0.600000       472627         2.50
       1.570     0.650000       511872         2.86
       1.674     0.700000       551239         3.33
       1.786     0.750000       590621         4.00
       1.845     0.775000       610136         4.44
       1.907     0.800000       629837         5.00
       1.973     0.825000       649596         5.71
       2.043     0.850000       669199         6.67
       2.121     0.875000       689185         8.00
       2.161     0.887500       698794         8.89
       2.205     0.900000       708543        10.00
       2.253     0.912500       718523        11.43
       2.305     0.925000       728336        13.33
       2.361     0.937500       738008        16.00
       2.393     0.943750       742968        17.78
       2.427     0.950000       747947        20.00
       2.465     0.956250       752796        22.86
       2.507     0.962500       757707        26.67
       2.557     0.968750       762689        32.00
       2.585     0.971875       765100        35.56
       2.617     0.975000       767496        40.00
       2.655     0.978125       769988        45.71
       2.699     0.981250       772442        53.33
       2.755     0.984375       774870        64.00
       2.787     0.985938       776113        71.11
       2.827     0.987500       777380        80.00
       2.869     0.989062       778571        91.43
       2.925     0.990625       779800       106.67
       2.993     0.992188       781022       128.00
       3.035     0.992969       781654       142.22
       3.079     0.993750       782246       160.00
       3.135     0.994531       782875       182.86
       3.201     0.995313       783479       213.33
       3.297     0.996094       784093       256.00
       3.355     0.996484       784395       284.44
       3.427     0.996875       784705       320.00
       3.517     0.997266       785009       365.71
       3.627     0.997656       785317       426.67
       3.761     0.998047       785623       512.00
       3.847     0.998242       785778       568.89
       3.933     0.998437       785934       640.00
       4.021     0.998633       786084       731.43
       4.143     0.998828       786239       853.33
       4.275     0.999023       786396      1024.00
       4.347     0.999121       786470      1137.78
       4.423     0.999219       786546      1280.00
       4.535     0.999316       786623      1462.86
       4.663     0.999414       786699      1706.67
       4.819     0.999512       786777      2048.00
       4.899     0.999561       786817      2275.56
       5.011     0.999609       786853      2560.00
       5.147     0.999658       786891      2925.71
       5.291     0.999707       786930      3413.33
       5.439     0.999756       786968      4096.00
       5.567     0.999780       786988      4551.11
       5.663     0.999805       787008      5120.00
       5.803     0.999829       787027      5851.43
       5.907     0.999854       787045      6826.67
       6.063     0.999878       787064      8192.00
       6.155     0.999890       787074      9102.22
       6.271     0.999902       787084     10240.00
       6.379     0.999915       787093     11702.86
       6.471     0.999927       787103     13653.33
       6.611     0.999939       787112     16384.00
       6.675     0.999945       787117     18204.44
       6.763     0.999951       787122     20480.00
       6.803     0.999957       787127     23405.71
       7.003     0.999963       787132     27306.67
       7.047     0.999969       787137     32768.00
       7.123     0.999973       787139     36408.89
       7.247     0.999976       787141     40960.00
       7.311     0.999979       787144     46811.43
       7.379     0.999982       787146     54613.33
       7.467     0.999985       787148     65536.00
       7.539     0.999986       787150     72817.78
       7.635     0.999988       787151     81920.00
       7.643     0.999989       787152     93622.86
       7.691     0.999991       787153    109226.67
       7.727     0.999992       787154    131072.00
       7.839     0.999993       787155    145635.56
       7.851     0.999994       787156    163840.00
       7.851     0.999995       787156    187245.71
       7.975     0.999995       787157    218453.33
       7.975     0.999996       787157    262144.00
       8.015     0.999997       787158    291271.11
       8.015     0.999997       787158    327680.00
       8.015     0.999997       787158    374491.43
       8.039     0.999998       787159    436906.67
       8.039     0.999998       787159    524288.00
       8.039     0.999998       787159    582542.22
       8.039     0.999998       787159    655360.00
       8.039     0.999999       787159    748982.86
       9.303     0.999999       787160    873813.33
       9.303     1.000000       787160          inf
#[Mean    =        1.382, StdDeviation   =        0.602]
#[Max     =        9.296, Total count    =       787160]
#[Buckets =           27, SubBuckets     =         2048]
----------------------------------------------------------
  1185257 requests in 30.00s, 195.55MB read
Requests/sec:  39506.94
Transfer/sec:      6.52MB
