Linux 6.8.0-142-generic (cafeai-bench-loadgen) 	10/01/26 	_x86_64_	(4 CPU)

22:48:33     CPU    %usr   %nice    %sys %iowait    %irq   %soft  %steal  %guest  %gnice   %idle
22:48:34     all    1.78    0.00    5.08    0.00    0.00    3.55    0.00    0.00    0.00   89.59
22:48:35     all    2.81    0.00    6.91    0.00    0.00    4.86    0.00    0.00    0.00   85.42
22:48:36     all    3.32    0.00    7.14    0.00    0.00    5.87    0.00    0.00    0.00   83.67
22:48:37     all    4.58    0.00    9.16    0.00    0.00    6.62    0.00    0.00    0.00   79.64
22:48:38     all    3.94    0.00    6.82    0.00    0.00    4.99    0.00    0.00    0.00   84.25
22:48:39     all    4.04    0.00    6.31    0.00    0.00    5.05    0.00    0.00    0.00   84.60
22:48:40     all    5.17    0.00    7.14    0.00    0.00    5.17    0.00    0.00    0.00   82.51
22:48:41     all    5.62    0.00    7.58    0.00    0.00    4.89    0.00    0.00    0.00   81.91
22:48:42     all    5.20    0.00    6.19    0.00    0.00    5.20    0.00    0.00    0.00   83.42
22:48:43     all    4.90    0.00    8.09    0.00    0.00    4.66    0.00    0.00    0.00   82.35
22:48:44     all    5.12    0.00    8.29    0.00    0.00    4.88    0.00    0.00    0.00   81.71
22:48:45     all    4.47    0.00    7.94    0.00    0.00    4.22    0.00    0.00    0.00   83.37
22:48:46     all    4.75    0.00    6.75    0.00    0.00    5.25    0.00    0.00    0.00   83.25
22:48:47     all    5.17    0.00    7.14    0.00    0.00    5.42    0.00    0.00    0.00   82.27
22:48:48     all    5.93    0.00    9.14    0.00    0.00    4.20    0.00    0.00    0.00   80.74
22:48:49     all    4.68    0.00    7.64    0.00    0.00    4.68    0.00    0.00    0.00   83.00
22:48:50     all    4.94    0.00    7.41    0.00    0.00    4.44    0.00    0.00    0.00   83.21
22:48:51     all    5.16    0.00    7.37    0.00    0.00    4.91    0.00    0.00    0.00   82.56
22:48:52     all    4.23    0.00    7.46    0.00    0.00    4.48    0.00    0.00    0.00   83.83
22:48:53     all    4.94    0.00    7.41    0.00    0.00    4.69    0.00    0.00    0.00   82.96
22:48:54     all    4.65    0.00    7.58    0.00    0.00    5.13    0.24    0.00    0.00   82.40
22:48:55     all    5.20    0.00    7.92    0.00    0.00    4.46    0.00    0.00    0.00   82.43
22:48:56     all    4.18    0.00    8.35    0.00    0.00    4.91    0.25    0.00    0.00   82.31
22:48:57     all    4.24    0.00    7.73    0.00    0.00    4.24    0.00    0.00    0.00   83.79
22:48:58     all    5.15    0.00    7.84    0.00    0.00    5.39    0.00    0.00    0.00   81.62
22:48:59     all    5.21    0.00    6.95    0.25    0.00    4.71    0.00    0.00    0.00   82.88
22:49:00     all    5.39    0.00    6.86    0.00    0.00    5.39    0.00    0.00    0.00   82.35
22:49:01     all    4.67    0.00    7.37    0.00    0.00    5.16    0.00    0.00    0.00   82.80
22:49:02     all    4.94    0.00    6.91    0.00    0.00    4.94    0.25    0.00    0.00   82.96
22:49:03     all    4.48    0.00    6.97    0.00    0.00    4.98    0.25    0.00    0.00   83.33
22:49:04     all    0.50    0.00    1.25    0.00    0.00    0.00    0.00    0.00    0.00   98.25
22:49:05     all    1.80    0.00    4.11    0.00    0.00    1.54    0.00    0.00    0.00   92.54
22:49:06     all    2.29    0.00    3.05    0.25    0.00    3.05    0.00    0.00    0.00   91.35
22:49:07     all    3.03    0.00    3.03    0.00    0.00    2.78    0.00    0.00    0.00   91.16
22:49:08     all    2.04    0.00    3.06    0.00    0.00    3.06    0.00    0.00    0.00   91.84
22:49:09     all    3.05    0.00    3.30    0.00    0.00    2.54    0.00    0.00    0.00   91.12
22:49:10     all    2.78    0.00    3.04    0.00    0.00    3.04    0.00    0.00    0.00   91.14
22:49:11     all    2.78    0.00    3.54    0.00    0.00    2.53    0.00    0.00    0.00   91.16
22:49:12     all    2.31    0.00    3.08    0.00    0.00    2.31    0.00    0.00    0.00   92.29
22:49:13     all    2.78    0.00    3.29    0.00    0.00    2.53    0.00    0.00    0.00   91.39
22:49:14     all    2.30    0.00    2.56    0.00    0.00    3.32    0.00    0.00    0.00   91.82
22:49:15     all    3.28    0.00    3.79    0.00    0.00    2.53    0.00    0.00    0.00   90.40
22:49:16     all    2.03    0.00    3.04    0.00    0.00    3.29    0.25    0.00    0.00   91.39
22:49:17     all    2.28    0.00    3.30    0.00    0.00    2.54    0.00    0.00    0.00   91.88
22:49:18     all    2.27    0.00    3.03    0.00    0.00    3.54    0.00    0.00    0.00   91.16
22:49:19     all    2.54    0.00    3.55    0.00    0.00    2.54    0.00    0.00    0.00   91.37
22:49:20     all    2.77    0.00    3.27    0.00    0.00    3.53    0.00    0.00    0.00   90.43
22:49:21     all    2.54    0.00    3.30    0.00    0.00    2.54    0.00    0.00    0.00   91.62
22:49:22     all    2.27    0.00    3.54    0.00    0.00    3.03    0.00    0.00    0.00   91.16
22:49:23     all    2.77    0.00    3.53    0.00    0.00    3.02    0.00    0.00    0.00   90.68
22:49:24     all    2.78    0.00    3.54    0.00    0.00    2.78    0.00    0.00    0.00   90.91
22:49:25     all    2.03    0.00    3.55    0.00    0.00    2.79    0.00    0.00    0.00   91.62
22:49:26     all    2.54    0.00    3.30    0.00    0.00    2.79    0.00    0.00    0.00   91.37
22:49:27     all    2.53    0.00    3.54    0.00    0.00    2.53    0.00    0.00    0.00   91.41
22:49:28     all    2.31    0.00    2.56    0.00    0.00    2.82    0.00    0.00    0.00   92.31
22:49:29     all    2.52    0.00    3.78    0.25    0.00    3.02    0.00    0.00    0.00   90.43
22:49:30     all    2.55    0.00    3.06    0.00    0.00    2.30    0.00    0.00    0.00   92.09
22:49:31     all    2.54    0.00    3.05    0.00    0.00    2.79    0.25    0.00    0.00   91.37
22:49:32     all    2.52    0.00    3.02    0.00    0.00    3.02    0.00    0.00    0.00   91.44
22:49:33     all    2.54    0.00    3.05    0.00    0.00    2.80    0.00    0.00    0.00   91.60
22:49:34     all    4.83    0.00    5.85    0.00    0.00    1.27    0.00    0.00    0.00   88.04
22:49:35     all    6.75    0.00    5.19    0.00    0.00    2.86    0.00    0.00    0.00   85.19
22:49:36     all    7.14    0.00    6.63    0.00    0.00    2.81    0.00    0.00    0.00   83.42
22:49:37     all    7.27    0.00    6.77    0.00    0.00    3.76    0.00    0.00    0.00   82.21
22:49:38     all    6.68    0.00    6.68    0.00    0.00    2.31    0.00    0.00    0.00   84.32
22:49:39     all    8.04    0.00    6.53    0.00    0.00    3.27    0.00    0.00    0.00   82.16
22:49:40     all    7.34    0.00    6.84    0.00    0.00    2.78    0.00    0.00    0.00   83.04
22:49:41     all    6.98    0.00    7.73    0.00    0.00    2.99    0.25    0.00    0.00   82.04
22:49:42     all    6.84    0.00    7.34    0.00    0.00    2.78    0.00    0.00    0.00   83.04
22:49:43     all    6.84    0.00    6.58    0.00    0.00    3.04    0.00    0.00    0.00   83.54
22:49:44     all    7.09    0.00    7.34    0.00    0.00    2.53    0.00    0.00    0.00   83.04
22:49:45     all    6.87    0.00    6.62    0.00    0.00    3.05    0.00    0.00    0.00   83.46
22:49:46     all    7.96    0.00    7.21    0.00    0.00    2.99    0.00    0.00    0.00   81.84
22:49:47     all    6.65    0.00    6.65    0.00    0.00    3.07    0.00    0.00    0.00   83.63
22:49:48     all    7.09    0.00    7.09    0.00    0.00    2.53    0.00    0.00    0.00   83.29
22:49:49     all    8.77    0.00    7.77    0.00    0.00    3.76    0.00    0.00    0.00   79.70
22:49:50     all   16.29    0.00    8.52    0.00    0.00    5.26    0.00    0.00    0.00   69.92
22:49:51     all    6.52    0.00    6.27    0.00    0.00    4.26    0.25    0.00    0.00   82.71
22:49:52     all    6.45    0.00    6.70    0.00    0.00    4.71    0.00    0.00    0.00   82.13
22:49:53     all    6.98    0.00    6.73    0.00    0.00    4.49    0.00    0.00    0.00   81.80
22:49:54     all    6.02    0.00    7.02    0.00    0.00    4.26    0.00    0.00    0.00   82.71
22:49:55     all    7.46    0.00    6.72    0.00    0.00    4.23    0.00    0.00    0.00   81.59
22:49:56     all    6.47    0.00    6.72    0.00    0.00    4.98    0.00    0.00    0.00   81.84
22:49:57     all    6.55    0.00    6.05    0.00    0.00    4.53    0.00    0.00    0.00   82.87
22:49:58     all    6.52    0.00    7.02    0.00    0.00    5.01    0.00    0.00    0.00   81.45
22:49:59     all    6.47    0.00    6.72    0.00    0.00    4.73    0.25    0.00    0.00   81.84
22:50:00     all    6.95    0.00    7.44    0.00    0.00    3.97    0.00    0.00    0.00   81.64
22:50:01     all    6.05    0.00    6.30    0.00    0.00    4.79    0.00    0.00    0.00   82.87
22:50:02     all    7.23    0.00    6.98    0.00    0.00    4.24    0.00    0.00    0.00   81.55
22:50:03     all    7.21    0.00    6.72    0.00    0.00    4.98    0.00    0.00    0.00   81.09
22:50:04     all    6.75    0.00   10.39    0.00    0.00    1.04    0.26    0.00    0.00   81.56
22:50:05     all   10.10    0.00   13.99    0.00    0.00    5.44    0.00    0.00    0.00   70.47
22:50:06     all   10.32    0.00   14.02    0.00    0.00    4.50    0.00    0.00    0.00   71.16
22:50:07     all   10.21    0.00   14.66    0.00    0.00    4.71    0.26    0.00    0.00   70.16
22:50:08     all   10.08    0.00   15.50    0.00    0.00    5.43    0.00    0.00    0.00   68.99
22:50:09     all   10.08    0.00   16.02    0.00    0.00    5.17    0.00    0.00    0.00   68.73
22:50:10     all   11.40    0.00   14.77    0.00    0.00    4.66    0.00    0.00    0.00   69.17
22:50:11     all   10.55    0.00   14.25    0.00    0.00    4.49    0.00    0.00    0.00   70.71
22:50:12     all    9.97    0.00   14.96    0.00    0.00    4.99    0.00    0.00    0.00   70.08
22:50:13     all    9.90    0.00   15.62    0.00    0.00    4.95    0.00    0.00    0.00   69.53
22:50:14     all   10.74    0.00   14.58    0.00    0.00    5.88    0.00    0.00    0.00   68.80
22:50:15     all   11.34    0.00   15.21    0.26    0.00    4.38    0.00    0.00    0.00   68.81
22:50:16     all   10.74    0.00   15.86    0.00    0.00    4.86    0.00    0.00    0.00   68.54
22:50:17     all   10.59    0.00   15.50    0.00    0.00    5.17    0.00    0.00    0.00   68.73
22:50:18     all   11.34    0.00   15.21    0.00    0.00    4.90    0.00    0.00    0.00   68.56
22:50:19     all   10.91    0.00   15.58    0.00    0.00    4.68    0.00    0.00    0.00   68.83
22:50:20     all   10.88    0.00   15.03    0.00    0.00    4.92    0.00    0.00    0.00   69.17
22:50:21     all   11.86    0.00   14.43    0.00    0.00    4.64    0.00    0.00    0.00   69.07
22:50:22     all    9.61    0.00   12.73    0.00    0.00    6.49    0.00    0.00    0.00   71.17
22:50:23     all   10.36    0.00   13.21    0.00    0.00    6.48    0.00    0.00    0.00   69.95
22:50:24     all   10.00    0.00   14.36    0.00    0.00    6.41    0.00    0.00    0.00   69.23
22:50:25     all   10.43    0.00   13.23    0.00    0.00    7.12    0.00    0.00    0.00   69.21
22:50:26     all   11.17    0.00   13.71    0.00    0.00    5.84    0.51    0.00    0.00   68.78
22:50:27     all   11.11    0.00   13.44    0.00    0.00    5.94    0.00    0.00    0.00   69.51
22:50:28     all   10.23    0.00   14.83    0.00    0.00    5.63    0.00    0.00    0.00   69.31
22:50:29     all   10.91    0.00   14.29    0.00    0.00    4.94    0.00    0.00    0.00   69.87
22:50:30     all   11.05    0.00   14.40    0.00    0.00    6.17    0.00    0.00    0.00   68.38
22:50:31     all   10.13    0.00   14.03    0.00    0.00    5.97    0.00    0.00    0.00   69.87
22:50:32     all   10.31    0.00   15.21    0.00    0.00    5.15    0.00    0.00    0.00   69.33
22:50:33     all   11.23    0.00   14.62    0.00    0.00    4.70    0.00    0.00    0.00   69.45
22:50:34     all    8.10    0.00   12.66    0.00    0.00    5.57    0.25    0.00    0.00   73.42
22:50:35     all   13.91    0.00   18.37    0.00    0.00    8.92    0.00    0.00    0.00   58.79
22:50:36     all   16.01    0.00   18.37    0.00    0.00    9.97    0.00    0.00    0.00   55.64
22:50:37     all   16.05    0.00   18.16    0.00    0.00    9.74    0.00    0.00    0.00   56.05
22:50:38     all   17.45    0.00   18.49    0.00    0.00    8.85    0.00    0.00    0.00   55.21
22:50:39     all   16.67    0.00   18.23    0.00    0.00   10.16    0.00    0.00    0.00   54.95
22:50:40     all   15.30    0.00   19.26    0.26    0.00    9.23    0.26    0.00    0.00   55.67
22:50:41     all   16.58    0.00   18.65    0.00    0.00    9.33    0.00    0.00    0.00   55.44
22:50:42     all   16.62    0.00   18.70    0.00    0.00    9.09    0.00    0.00    0.00   55.58
22:50:43     all   16.62    0.00   18.70    0.00    0.00    9.61    0.26    0.00    0.00   54.81
22:50:44     all   16.93    0.00   19.01    0.00    0.00    9.11    0.00    0.00    0.00   54.95
22:50:45     all   15.87    0.00   18.78    0.00    0.00    9.79    0.00    0.00    0.00   55.56
22:50:46     all   15.87    0.00   18.25    0.00    0.00    9.52    0.00    0.00    0.00   56.35
22:50:47     all   16.41    0.00   19.53    0.00    0.00    9.11    0.00    0.00    0.00   54.95
22:50:48     all   17.33    0.00   17.33    0.00    0.00    8.80    0.00    0.00    0.00   56.53
22:50:49     all   16.06    0.00   19.43    0.00    0.00    9.33    0.00    0.00    0.00   55.18
22:50:50     all   17.06    0.00   18.64    0.00    0.00    8.92    0.00    0.00    0.00   55.38
22:50:51     all   21.00    0.00   20.21    0.00    0.00    9.71    0.26    0.00    0.00   48.82
22:50:52     all   25.78    0.00   21.61    0.00    0.00   10.42    0.26    0.00    0.00   41.93
22:50:53     all   17.18    0.00   17.95    0.00    0.00   10.26    0.26    0.00    0.00   54.36
22:50:54     all   16.05    0.00   18.42    0.00    0.00    9.47    0.00    0.00    0.00   56.05
22:50:55     all   16.58    0.00   18.39    0.00    0.00    9.84    0.00    0.00    0.00   55.18
22:50:56     all   16.53    0.00   18.13    0.27    0.00   10.13    0.00    0.00    0.00   54.93
22:50:57     all   16.40    0.00   18.52    0.00    0.00    8.73    0.00    0.00    0.00   56.35
22:50:58     all   15.62    0.00   19.27    0.00    0.00    9.64    0.00    0.00    0.00   55.47
22:50:59     all   15.75    0.00   19.16    0.00    0.00    9.71    0.00    0.00    0.00   55.38
22:51:00     all   16.27    0.00   18.64    0.00    0.00    9.71    0.00    0.00    0.00   55.38
22:51:01     all   16.93    0.00   18.75    0.00    0.00    9.38    0.00    0.00    0.00   54.95
22:51:02     all   16.58    0.00   19.69    0.00    0.00    9.07    0.00    0.00    0.00   54.66
22:51:03     all   16.62    0.00   19.69    0.00    0.00    8.70    0.00    0.00    0.00   54.99
22:51:04     all   12.50    0.00   13.30    0.00    0.00    6.65    0.00    0.00    0.00   67.55
22:51:05     all   18.36    0.00   20.27    0.00    0.00   13.97    0.00    0.00    0.00   47.40
22:51:06     all   18.89    0.00   22.22    0.00    0.00   15.56    0.00    0.00    0.00   43.33
22:51:07     all   20.17    0.00   22.38    0.00    0.00   13.81    0.00    0.00    0.00   43.65
22:51:08     all   21.17    0.00   21.45    0.00    0.00   14.21    0.00    0.00    0.00   43.18
22:51:09     all   19.45    0.00   22.19    0.00    0.00   15.07    0.00    0.00    0.00   43.29
22:51:10     all   21.39    0.00   21.39    0.00    0.00   13.61    0.00    0.00    0.00   43.61
22:51:11     all   21.25    0.00   23.16    0.00    0.00   15.26    0.00    0.00    0.00   40.33
22:51:12     all   19.17    0.00   21.39    0.00    0.00   16.39    0.00    0.00    0.00   43.06
22:51:13     all   20.45    0.00   20.73    0.00    0.00   15.13    0.00    0.00    0.00   43.70
22:51:14     all   20.45    0.00   21.29    0.00    0.00   14.85    0.00    0.00    0.00   43.42
22:51:15     all   20.17    0.00   20.17    0.00    0.00   16.30    0.00    0.00    0.00   43.37
22:51:16     all   21.76    0.00   20.11    0.00    0.00   15.70    0.00    0.00    0.00   42.42
22:51:17     all   20.50    0.00   21.05    0.00    0.00   15.24    0.00    0.00    0.00   43.21
22:51:18     all   20.22    0.00   21.88    0.00    0.00   14.96    0.00    0.00    0.00   42.94
22:51:19     all   20.17    0.00   21.27    0.00    0.00   16.30    0.00    0.00    0.00   42.27
22:51:20     all   19.61    0.00   21.01    0.00    0.00   15.13    0.00    0.00    0.00   44.26
22:51:21     all   21.17    0.00   20.33    0.00    0.00   15.04    0.00    0.00    0.00   43.45
22:51:22     all   19.51    0.00   22.25    0.00    0.00   15.38    0.00    0.00    0.00   42.86
22:51:23     all   19.95    0.00   21.31    0.00    0.00   16.12    0.55    0.00    0.00   42.08
22:51:24     all   20.22    0.00   21.61    0.00    0.00   14.40    0.00    0.00    0.00   43.77
22:51:25     all   22.69    0.00   20.17    0.00    0.00   14.29    0.00    0.00    0.00   42.86
22:51:26     all   20.17    0.00   20.17    0.00    0.00   16.30    0.00    0.00    0.00   43.37
22:51:27     all   20.45    0.00   21.29    0.00    0.00   15.13    0.00    0.00    0.00   43.14
22:51:28     all   20.50    0.00   19.94    0.00    0.00   15.79    0.00    0.00    0.00   43.77
22:51:29     all   21.35    0.00   20.22    0.00    0.00   16.29    0.28    0.00    0.00   41.85
22:51:30     all   21.51    0.00   20.95    0.00    0.00   15.36    0.00    0.00    0.00   42.18
22:51:31     all   21.70    0.00   19.23    0.00    0.00   17.03    0.00    0.00    0.00   42.03
22:51:32     all   21.57    0.00   19.33    0.00    0.00   16.25    0.00    0.00    0.00   42.86
22:51:33     all   20.00    0.00   21.41    0.00    0.00   15.77    0.00    0.00    0.00   42.82
22:51:34     all   11.26    0.00   13.46    0.00    0.00    3.57    0.00    0.00    0.00   71.70
22:51:35     all   14.10    0.00   25.80    0.00    0.00   13.03    0.00    0.00    0.00   47.07
22:51:36     all   14.06    0.00   34.11    0.00    0.00   17.19    0.00    0.00    0.00   34.64
22:51:37     all   15.64    0.00   34.36    0.00    0.00   16.92    0.00    0.00    0.00   33.08
22:51:38     all   13.95    0.00   33.85    0.00    0.00   18.60    0.00    0.00    0.00   33.59
22:51:39     all   13.77    0.00   35.32    0.00    0.00   17.14    0.00    0.00    0.00   33.77
22:51:40     all   14.40    0.00   34.29    0.00    0.00   18.32    0.00    0.00    0.00   32.98
22:51:41     all   13.99    0.00   33.94    0.26    0.00   18.13    0.00    0.00    0.00   33.68
22:51:42     all   15.54    0.00   32.64    0.00    0.00   17.10    0.00    0.00    0.00   34.72
22:51:43     all   14.40    0.00   32.46    0.00    0.00   18.06    0.00    0.00    0.00   35.08
22:51:44     all   15.61    0.00   33.07    0.00    0.00   17.46    0.00    0.00    0.00   33.86
22:51:45     all   14.62    0.00   33.08    0.00    0.00   17.95    0.00    0.00    0.00   34.36
22:51:46     all   14.36    0.00   33.42    0.00    0.00   17.49    0.00    0.00    0.00   34.73
22:51:47     all   15.01    0.00   33.33    0.00    0.00   17.81    0.00    0.00    0.00   33.84
22:51:48     all   15.10    0.00   33.07    0.00    0.00   17.97    0.00    0.00    0.00   33.85
22:51:49     all   14.58    0.00   34.38    0.00    0.00   17.97    0.00    0.00    0.00   33.07
22:51:50     all   15.86    0.00   34.53    0.00    0.00   17.14    0.00    0.00    0.00   32.48
22:51:51     all   14.51    0.00   33.42    0.00    0.00   17.88    0.00    0.00    0.00   34.20
22:51:52     all   14.55    0.00   34.03    0.00    0.00   17.14    0.00    0.00    0.00   34.29
22:51:53     all   16.20    0.00   33.68    0.00    0.00   17.74    0.00    0.00    0.00   32.39
22:51:54     all   29.23    0.00   36.41    0.00    0.00   15.90    0.00    0.00    0.00   18.46
22:51:55     all   15.45    0.00   34.03    0.00    0.00   17.54    0.00    0.00    0.00   32.98
22:51:56     all   15.09    0.00   34.78    0.00    0.00   17.65    0.00    0.00    0.00   32.48
22:51:57     all   13.47    0.00   36.79    0.00    0.00   16.84    0.00    0.00    0.00   32.90
22:51:58     all   15.31    0.00   34.95    0.00    0.00   17.86    0.00    0.00    0.00   31.89
22:51:59     all   14.84    0.00   34.11    0.00    0.00   17.19    0.00    0.00    0.00   33.85
22:52:00     all   13.99    0.00   33.42    0.00    0.00   17.10    0.00    0.00    0.00   35.49
22:52:01     all   14.02    0.00   33.07    0.00    0.00   17.20    0.00    0.00    0.00   35.71
22:52:02     all   14.10    0.00   33.16    0.00    0.00   16.71    0.00    0.00    0.00   36.03
22:52:03     all   13.87    0.00   35.34    0.00    0.00   17.80    0.00    0.00    0.00   32.98
22:52:04     all   11.87    0.00   21.11    0.00    0.00   13.72    0.00    0.00    0.00   53.30
22:52:05     all   14.47    0.00   29.46    0.00    0.00   16.28    0.00    0.00    0.00   39.79
22:52:06     all   14.95    0.00   33.76    0.00    0.00   17.27    0.00    0.00    0.00   34.02
22:52:07     all   13.88    0.00   33.93    0.00    0.00   17.74    0.00    0.00    0.00   34.45
22:52:08     all   16.24    0.00   33.51    0.00    0.00   16.75    0.00    0.00    0.00   33.51
22:52:09     all   13.58    0.00   33.94    0.00    0.00   18.54    0.00    0.00    0.00   33.94
22:52:10     all   14.32    0.00   34.90    0.00    0.00   16.41    0.00    0.00    0.00   34.38
22:52:11     all   14.80    0.00   33.93    0.26    0.00   17.09    0.00    0.00    0.00   33.93
22:52:12     all   14.32    0.00   34.27    0.00    0.00   16.62    0.00    0.00    0.00   34.78
22:52:13     all   14.25    0.00   34.72    0.00    0.00   17.36    0.00    0.00    0.00   33.68
22:52:14     all   14.36    0.00   33.68    0.00    0.00   17.49    0.00    0.00    0.00   34.46
22:52:15     all   14.29    0.00   33.77    0.00    0.00   17.14    0.00    0.00    0.00   34.81
22:52:16     all   13.02    0.00   34.11    0.00    0.00   18.23    0.00    0.00    0.00   34.64
22:52:17     all   14.03    0.00   32.73    0.00    0.00   17.92    0.00    0.00    0.00   35.32
22:52:18     all   14.81    0.00   34.03    0.00    0.00   17.14    0.00    0.00    0.00   34.03
22:52:19     all   14.14    0.00   33.68    0.00    0.00   17.74    0.00    0.00    0.00   34.45
22:52:20     all   14.36    0.00   34.20    0.00    0.00   16.71    0.00    0.00    0.00   34.73
22:52:21     all   14.29    0.00   34.03    0.00    0.00   16.36    0.00    0.00    0.00   35.32
22:52:22     all   15.13    0.00   33.85    0.00    0.00   16.92    0.00    0.00    0.00   34.10
22:52:23     all   14.87    0.00   33.59    0.00    0.00   17.18    0.00    0.00    0.00   34.36
22:52:24     all   13.72    0.00   33.51    0.00    0.00   17.68    0.00    0.00    0.00   35.09
22:52:25     all   14.77    0.00   32.38    0.00    0.00   17.62    0.00    0.00    0.00   35.23
22:52:26     all   14.10    0.00   33.68    0.00    0.00   17.75    0.26    0.00    0.00   34.20
22:52:27     all   14.95    0.00   32.47    0.00    0.00   18.30    0.00    0.00    0.00   34.28
22:52:28     all   13.61    0.00   34.03    0.00    0.00   17.54    0.00    0.00    0.00   34.82
22:52:29     all   14.21    0.00   34.37    0.00    0.00   17.57    0.00    0.00    0.00   33.85
22:52:30     all   14.21    0.00   34.88    0.00    0.00   17.05    0.00    0.00    0.00   33.85
22:52:31     all   13.87    0.00   34.03    0.00    0.00   17.54    0.00    0.00    0.00   34.55
22:52:32     all   14.51    0.00   33.94    0.00    0.00   17.62    0.00    0.00    0.00   33.94
22:52:33     all   14.36    0.00   33.94    0.00    0.00   17.23    0.00    0.00    0.00   34.46
22:52:34     all    5.34    0.00   11.45    0.00    0.00    5.34    0.00    0.00    0.00   77.86
22:52:35     all    1.28    0.00    2.30    0.00    0.00    1.28    0.00    0.00    0.00   95.14
22:52:36     all    2.76    0.00    3.52    0.00    0.00    3.27    0.00    0.00    0.00   90.45
22:52:37     all    2.99    0.00    3.24    0.00    0.00    3.74    0.00    0.00    0.00   90.02
22:52:38     all    2.53    0.00    3.04    0.00    0.00    2.78    0.00    0.00    0.00   91.65
22:52:39     all    2.03    0.00    3.05    0.00    0.00    3.30    0.00    0.00    0.00   91.62
22:52:40     all    2.02    0.00    3.53    0.00    0.00    3.02    0.00    0.00    0.00   91.44
22:52:41     all    2.53    0.00    3.79    0.00    0.00    2.53    0.00    0.00    0.00   91.16
22:52:42     all    2.03    0.00    3.04    0.00    0.00    3.29    0.00    0.00    0.00   91.65
22:52:43     all    2.78    0.00    2.53    0.00    0.00    3.04    0.00    0.00    0.00   91.65
22:52:44     all    1.77    0.00    3.54    0.00    0.00    3.54    0.00    0.00    0.00   91.16
22:52:45     all    2.54    0.00    3.05    0.00    0.00    2.54    0.00    0.00    0.00   91.88
22:52:46     all    2.53    0.00    3.03    0.00    0.00    3.03    0.00    0.00    0.00   91.41
22:52:47     all    2.50    0.00    3.75    0.00    0.00    3.00    0.50    0.00    0.00   90.25
22:52:48     all    2.27    0.00    3.28    0.00    0.00    2.78    0.25    0.00    0.00   91.41
22:52:49     all    2.78    0.00    3.03    0.00    0.00    3.03    0.00    0.00    0.00   91.16
22:52:50     all    2.02    0.00    3.53    0.00    0.00    3.02    0.00    0.00    0.00   91.44
22:52:51     all    2.53    0.00    3.28    0.00    0.00    2.78    0.00    0.00    0.00   91.41
22:52:52     all    2.53    0.00    3.54    0.00    0.00    2.78    0.00    0.00    0.00   91.16
22:52:53     all    2.28    0.00    3.29    0.00    0.00    3.29    0.00    0.00    0.00   91.14
22:52:54     all    2.74    0.00    3.74    0.00    0.00    3.24    0.00    0.00    0.00   90.27
22:52:55     all    3.30    0.00    2.79    0.00    0.00    3.30    0.00    0.00    0.00   90.61
22:52:56     all   13.78    0.00    6.38    0.00    0.00    2.81    0.00    0.00    0.00   77.04
22:52:57     all    3.02    0.00    3.78    0.00    0.00    2.52    0.00    0.00    0.00   90.68
22:52:58     all    2.28    0.00    3.54    0.00    0.00    2.53    0.00    0.00    0.00   91.65
22:52:59     all    2.78    0.00    3.04    0.00    0.00    3.54    0.00    0.00    0.00   90.63
22:53:00     all    2.03    0.00    3.81    0.00    0.00    2.28    0.00    0.00    0.00   91.88
22:53:01     all    2.28    0.00    3.05    0.25    0.00    3.30    0.00    0.00    0.00   91.12
22:53:02     all    2.53    0.00    3.28    0.00    0.00    3.03    0.00    0.00    0.00   91.16
22:53:03     all    3.53    0.00    3.02    0.00    0.00    2.77    0.00    0.00    0.00   90.68
22:53:04     all    1.51    0.00    2.51    0.00    0.00    1.51    0.00    0.00    0.00   94.47
22:53:05     all    2.78    0.00    2.53    0.00    0.00    2.02    0.00    0.00    0.00   92.68
22:53:06     all    6.65    0.00    5.12    0.00    0.00    5.88    0.00    0.00    0.00   82.35
22:53:07     all    5.63    0.00    6.14    0.00    0.00    5.88    0.00    0.00    0.00   82.35
22:53:08     all    5.10    0.00    6.38    0.00    0.00    6.12    0.00    0.00    0.00   82.40
22:53:09     all    4.74    0.00    5.79    0.00    0.00    4.47    0.00    0.00    0.00   85.00
22:53:10     all    5.10    0.00    7.14    0.00    0.00    5.36    0.00    0.00    0.00   82.40
22:53:11     all    5.13    0.00    5.64    0.26    0.00    6.67    0.00    0.00    0.00   82.31
22:53:12     all    5.37    0.00    6.14    0.00    0.00    5.88    0.00    0.00    0.00   82.61
22:53:13     all    5.36    0.00    6.12    0.00    0.00    6.63    0.00    0.00    0.00   81.89
22:53:14     all    5.08    0.00    6.60    0.00    0.00    6.35    0.00    0.00    0.00   81.98
22:53:15     all    5.34    0.00    6.11    0.00    0.00    6.11    0.00    0.00    0.00   82.44
22:53:16     all    4.64    0.00    6.44    0.00    0.00    6.19    0.00    0.00    0.00   82.73
22:53:17     all    5.10    0.00    6.63    0.00    0.00    6.12    0.00    0.00    0.00   82.14
22:53:18     all    4.59    0.00    6.89    0.00    0.00    6.12    0.00    0.00    0.00   82.40
22:53:19     all    5.60    0.00    5.85    0.00    0.00    6.36    0.00    0.00    0.00   82.19
22:53:20     all    5.14    0.00    6.43    0.00    0.00    5.66    0.00    0.00    0.00   82.78
22:53:21     all    4.83    0.00    6.36    0.00    0.00    6.62    0.00    0.00    0.00   82.19
22:53:22     all    5.33    0.00    6.09    0.00    0.00    6.60    0.00    0.00    0.00   81.98
22:53:23     all    5.48    0.00    6.27    0.00    0.00    4.18    0.00    0.00    0.00   84.07
22:53:24     all    5.28    0.00    6.78    0.00    0.00    6.53    0.00    0.00    0.00   81.41
22:53:25     all    4.87    0.00    6.41    0.00    0.00    5.90    0.00    0.00    0.00   82.82
22:53:26     all    5.12    0.00    6.65    0.00    0.00    6.14    0.00    0.00    0.00   82.10
22:53:27     all    5.14    0.00    5.91    0.00    0.00    5.91    0.26    0.00    0.00   82.78
22:53:28     all    5.37    0.00    6.39    0.00    0.00    5.88    0.00    0.00    0.00   82.35
22:53:29     all    5.32    0.00    6.58    0.00    0.00    6.08    0.25    0.00    0.00   81.77
22:53:30     all    5.37    0.00    6.39    0.00    0.00    5.63    0.26    0.00    0.00   82.35
22:53:31     all    5.63    0.00    6.14    0.00    0.00    5.88    0.00    0.00    0.00   82.35
22:53:32     all    5.08    0.00    6.85    0.00    0.00    6.09    0.00    0.00    0.00   81.98
22:53:33     all    5.08    0.00    6.60    0.00    0.00    6.60    0.00    0.00    0.00   81.73
22:53:34     all    2.29    0.00    3.82    0.00    0.00    3.05    0.00    0.00    0.00   90.84
22:53:35     all    4.80    0.00    1.77    0.00    0.00    2.02    0.00    0.00    0.00   91.41
22:53:36     all   14.72    0.00    5.33    0.00    0.00    5.08    0.25    0.00    0.00   74.62
22:53:37     all   14.65    0.00    7.71    0.00    0.00    7.71    0.00    0.00    0.00   69.92
22:53:38     all   13.37    0.00   10.54    0.00    0.00    8.23    0.00    0.00    0.00   67.87
22:53:39     all    6.58    0.00   13.42    0.00    0.00   10.63    0.00    0.00    0.00   69.37
22:53:40     all    6.28    0.00   13.32    0.00    0.00   11.81    0.00    0.00    0.00   68.59
22:53:41     all    5.82    0.00   13.92    0.00    0.00   11.39    0.00    0.00    0.00   68.86
22:53:42     all    6.06    0.00   15.15    0.00    0.00   10.61    0.00    0.00    0.00   68.18
22:53:43     all    5.84    0.00   13.96    0.00    0.00   11.93    0.00    0.00    0.00   68.27
22:53:44     all    6.31    0.00   14.65    0.00    0.00   11.36    0.00    0.00    0.00   67.68
22:53:45     all    5.60    0.00   13.99    0.00    0.00   11.20    0.00    0.00    0.00   69.21
22:53:46     all    6.12    0.00   14.29    0.00    0.00   11.99    0.00    0.00    0.00   67.60
22:53:47     all    6.53    0.00   14.62    0.00    0.00   10.44    0.00    0.00    0.00   68.41
22:53:48     all    6.62    0.00   14.50    0.00    0.00   11.45    0.00    0.00    0.00   67.43
22:53:49     all    7.20    0.00   14.40    0.00    0.00   12.34    0.00    0.00    0.00   66.07
22:53:50     all    8.31    0.00   13.25    0.00    0.00   11.69    0.00    0.00    0.00   66.75
22:53:51     all    6.20    0.00   13.44    0.00    0.00   10.85    0.00    0.00    0.00   69.51
22:53:52     all    6.41    0.00   14.62    0.00    0.00   10.77    0.00    0.00    0.00   68.21
22:53:53     all    7.59    0.00   13.87    0.00    0.00   11.26    0.00    0.00    0.00   67.28
22:53:54     all    8.23    0.00   12.85    0.00    0.00   11.05    0.00    0.00    0.00   67.87
22:53:55     all   10.16    0.00   12.57    0.00    0.00   11.50    0.00    0.00    0.00   65.78
22:53:56     all    9.66    0.00   13.05    0.00    0.00   10.97    0.00    0.00    0.00   66.32
22:53:57     all   14.17    0.00   14.44    0.00    0.00   11.29    0.00    0.00    0.00   60.10
22:53:58     all   15.50    0.00   16.02    0.00    0.00   10.85    0.00    0.00    0.00   57.62
22:53:59     all    9.47    0.00   12.89    0.00    0.00   11.84    0.26    0.00    0.00   65.53
22:54:00     all    8.83    0.00   12.99    0.00    0.00   11.43    0.00    0.00    0.00   66.75
22:54:01     all    8.83    0.00   12.47    0.00    0.00   12.21    0.00    0.00    0.00   66.49
22:54:02     all    7.20    0.00   12.34    0.26    0.00   12.08    0.00    0.00    0.00   68.12
22:54:03     all    6.31    0.00   13.89    0.00    0.00   11.36    0.00    0.00    0.00   68.43
22:54:04     all    4.29    0.00    9.60    0.00    0.00    7.32    0.00    0.00    0.00   78.79
22:54:05     all    6.30    0.00    1.51    0.00    0.00    1.51    0.00    0.00    0.00   90.68
22:54:06     all   24.81    0.00    5.32    0.00    0.00    5.32    0.00    0.00    0.00   64.56
22:54:07     all   27.66    0.00    6.85    0.00    0.00    7.11    0.00    0.00    0.00   58.38
22:54:08     all   30.69    0.00    8.70    0.00    0.00    8.44    0.00    0.00    0.00   52.17
22:54:09     all   30.00    0.00   10.77    0.00    0.00   10.51    0.26    0.00    0.00   48.46
22:54:10     all   31.73    0.00   13.45    0.00    0.00   11.93    0.00    0.00    0.00   42.89
22:54:11     all   27.32    0.00   15.04    0.00    0.00   14.04    0.00    0.00    0.00   43.61
22:54:12     all   22.59    0.00   13.45    0.00    0.00   10.91    0.00    0.00    0.00   53.05
22:54:13     all   15.95    0.00   14.94    0.00    0.00   13.16    0.00    0.00    0.00   55.95
22:54:14     all    7.34    0.00   13.16    0.00    0.00   11.90    0.00    0.00    0.00   67.59
22:54:15     all    6.98    0.00   15.71    0.25    0.00   11.97    0.00    0.00    0.00   65.09
22:54:16     all    5.33    0.00   13.20    0.00    0.00   10.66    0.00    0.00    0.00   70.81
22:54:17     all    6.35    0.00   16.24    0.00    0.00   12.44    0.00    0.00    0.00   64.97
22:54:18     all    5.81    0.00   17.17    0.00    0.00   13.89    0.00    0.00    0.00   63.13
22:54:19     all    6.44    0.00   17.01    0.00    0.00   13.14    0.00    0.00    0.00   63.40
22:54:20     all    6.94    0.00   17.22    0.00    0.00   13.11    0.00    0.00    0.00   62.72
22:54:21     all    7.52    0.00   16.54    0.00    0.00   13.53    0.00    0.00    0.00   62.41
22:54:22     all    7.97    0.00   17.74    0.00    0.00   13.62    0.00    0.00    0.00   60.67
22:54:23     all    7.38    0.00   17.05    0.00    0.00   12.47    0.00    0.00    0.00   63.10
22:54:24     all    7.56    0.00   16.88    0.00    0.00   12.85    0.00    0.00    0.00   62.72
22:54:25     all    6.38    0.00   17.09    0.00    0.00   13.78    0.00    0.00    0.00   62.76
22:54:26     all    6.62    0.00   14.76    0.00    0.00   13.99    0.00    0.00    0.00   64.63
22:54:27     all    7.32    0.00   15.15    0.00    0.00   14.14    0.00    0.00    0.00   63.38
22:54:28     all    7.30    0.00   18.89    0.00    0.00   13.85    0.50    0.00    0.00   59.45
22:54:29     all    7.97    0.00   15.68    0.00    0.00   12.60    0.00    0.00    0.00   63.75
22:54:30     all    6.94    0.00   16.71    0.00    0.00   11.83    0.00    0.00    0.00   64.52
22:54:31     all    7.22    0.00   17.53    0.00    0.00   13.40    0.00    0.00    0.00   61.86
22:54:32     all    7.59    0.00   18.23    0.00    0.00   14.43    0.00    0.00    0.00   59.75
22:54:33     all    6.74    0.00   15.28    0.00    0.00   12.44    0.00    0.00    0.00   65.54
