Running 30s test @ http://10.116.0.2:8080/block?ms=100
  4 threads and 2000 connections
  Thread calibration: mean lat.: 102.853ms, rate sampling interval: 210ms
  Thread calibration: mean lat.: 102.674ms, rate sampling interval: 209ms
  Thread calibration: mean lat.: 102.612ms, rate sampling interval: 209ms
  Thread calibration: mean lat.: 102.781ms, rate sampling interval: 210ms
  Thread Stats   Avg      Stdev     Max   +/- Stdev
    Latency   102.25ms    2.12ms 128.83ms   91.27%
    Req/Sec     4.51k   183.42     4.78k    78.31%
  Latency Distribution (HdrHistogram - Recorded Latency)
 50.000%  101.69ms
 75.000%  102.59ms
 90.000%  104.13ms
 99.000%  111.81ms
 99.900%  120.19ms
 99.990%  125.31ms
 99.999%  128.19ms
100.000%  128.90ms

  Detailed Percentile spectrum:
       Value   Percentile   TotalCount 1/(1-Percentile)

     100.287     0.000000            1         1.00
     100.799     0.100000        34128         1.11
     101.055     0.200000        69112         1.25
     101.247     0.300000        98235         1.43
     101.439     0.400000       128959         1.67
     101.695     0.500000       164840         2.00
     101.823     0.550000       179658         2.22
     101.951     0.600000       192640         2.50
     102.143     0.650000       209231         2.86
     102.335     0.700000       222806         3.33
     102.591     0.750000       237372         4.00
     102.783     0.775000       246480         4.44
     102.911     0.800000       251897         5.00
     103.167     0.825000       261137         5.71
     103.423     0.850000       269048         6.67
     103.679     0.875000       275282         8.00
     103.871     0.887500       279162         8.89
     104.127     0.900000       283412        10.00
     104.383     0.912500       286943        11.43
     104.767     0.925000       291024        13.33
     105.279     0.937500       295031        16.00
     105.599     0.943750       296895        17.78
     105.983     0.950000       298781        20.00
     106.495     0.956250       300760        22.86
     107.071     0.962500       302632        26.67
     107.775     0.968750       304747        32.00
     108.095     0.971875       305577        35.56
     108.543     0.975000       306560        40.00
     109.055     0.978125       307555        45.71
     109.695     0.981250       308517        53.33
     110.399     0.984375       309536        64.00
     110.783     0.985938       310055        71.11
     111.167     0.987500       310548        80.00
     111.551     0.989062       311026        91.43
     111.999     0.990625       311458       106.67
     112.575     0.992188       312006       128.00
     112.831     0.992969       312231       142.22
     113.151     0.993750       312449       160.00
     113.535     0.994531       312681       182.86
     114.111     0.995313       312932       213.33
     114.943     0.996094       313192       256.00
     115.263     0.996484       313320       284.44
     115.519     0.996875       313421       320.00
     115.839     0.997266       313557       365.71
     116.159     0.997656       313680       426.67
     116.607     0.998047       313796       512.00
     116.991     0.998242       313853       568.89
     117.503     0.998437       313911       640.00
     118.399     0.998633       313971       731.43
     119.551     0.998828       314034       853.33
     120.255     0.999023       314099      1024.00
     120.575     0.999121       314131      1137.78
     120.959     0.999219       314156      1280.00
     121.343     0.999316       314187      1462.86
     121.983     0.999414       314220      1706.67
     123.007     0.999512       314247      2048.00
     123.519     0.999561       314262      2275.56
     123.775     0.999609       314283      2560.00
     123.967     0.999658       314297      2925.71
     124.159     0.999707       314311      3413.33
     124.351     0.999756       314326      4096.00
     124.479     0.999780       314335      4551.11
     124.543     0.999805       314341      5120.00
     124.735     0.999829       314348      5851.43
     124.927     0.999854       314356      6826.67
     125.183     0.999878       314365      8192.00
     125.247     0.999890       314368      9102.22
     125.311     0.999902       314371     10240.00
     125.439     0.999915       314374     11702.86
     125.759     0.999927       314377     13653.33
     125.951     0.999939       314381     16384.00
     126.015     0.999945       314383     18204.44
     126.143     0.999951       314385     20480.00
     126.399     0.999957       314387     23405.71
     126.463     0.999963       314390     27306.67
     126.527     0.999969       314391     32768.00
     126.847     0.999973       314392     36408.89
     127.359     0.999976       314393     40960.00
     127.871     0.999979       314394     46811.43
     127.935     0.999982       314395     54613.33
     127.999     0.999985       314396     65536.00
     127.999     0.999986       314396     72817.78
     128.191     0.999988       314397     81920.00
     128.191     0.999989       314397     93622.86
     128.511     0.999991       314398    109226.67
     128.511     0.999992       314398    131072.00
     128.511     0.999993       314398    145635.56
     128.831     0.999994       314399    163840.00
     128.831     0.999995       314399    187245.71
     128.831     0.999995       314399    218453.33
     128.831     0.999996       314399    262144.00
     128.831     0.999997       314399    291271.11
     128.895     0.999997       314400    327680.00
     128.895     1.000000       314400          inf
#[Mean    =      102.252, StdDeviation   =        2.121]
#[Max     =      128.832, Total count    =       314400]
#[Buckets =           27, SubBuckets     =         2048]
----------------------------------------------------------
  512449 requests in 30.00s, 78.19MB read
Requests/sec:  17081.33
Transfer/sec:      2.61MB
