Running 30s test @ http://10.116.0.2:8080/json
  4 threads and 256 connections
  Thread calibration: mean lat.: 1.553ms, rate sampling interval: 10ms
  Thread calibration: mean lat.: 1.620ms, rate sampling interval: 10ms
  Thread calibration: mean lat.: 1.560ms, rate sampling interval: 10ms
  Thread calibration: mean lat.: 1.630ms, rate sampling interval: 10ms
  Thread Stats   Avg      Stdev     Max   +/- Stdev
    Latency     1.58ms  723.22us  14.12ms   71.14%
    Req/Sec    15.83k     1.55k   23.78k    71.34%
  Latency Distribution (HdrHistogram - Recorded Latency)
 50.000%    1.49ms
 75.000%    2.00ms
 90.000%    2.49ms
 99.000%    3.64ms
 99.900%    6.23ms
 99.990%    9.87ms
 99.999%   13.36ms
100.000%   14.13ms

  Detailed Percentile spectrum:
       Value   Percentile   TotalCount 1/(1-Percentile)

       0.235     0.000000            1         1.00
       0.767     0.100000       118240         1.11
       0.967     0.200000       236279         1.25
       1.145     0.300000       354477         1.43
       1.317     0.400000       472375         1.67
       1.487     0.500000       590687         2.00
       1.575     0.550000       649565         2.22
       1.668     0.600000       708875         2.50
       1.768     0.650000       767856         2.86
       1.877     0.700000       826692         3.33
       1.999     0.750000       885841         4.00
       2.065     0.775000       915617         4.44
       2.133     0.800000       944783         5.00
       2.209     0.825000       974686         5.71
       2.291     0.850000      1003925         6.67
       2.383     0.875000      1033326         8.00
       2.433     0.887500      1048220         8.89
       2.487     0.900000      1062982        10.00
       2.545     0.912500      1077454        11.43
       2.613     0.925000      1092586        13.33
       2.691     0.937500      1107134        16.00
       2.737     0.943750      1114411        17.78
       2.789     0.950000      1121805        20.00
       2.851     0.956250      1129146        22.86
       2.925     0.962500      1136556        26.67
       3.013     0.968750      1143836        32.00
       3.063     0.971875      1147568        35.56
       3.119     0.975000      1151258        40.00
       3.181     0.978125      1154904        45.71
       3.263     0.981250      1158633        53.33
       3.367     0.984375      1162296        64.00
       3.431     0.985938      1164167        71.11
       3.501     0.987500      1166010        80.00
       3.587     0.989062      1167863        91.43
       3.693     0.990625      1169665       106.67
       3.845     0.992188      1171513       128.00
       3.933     0.992969      1172430       142.22
       4.041     0.993750      1173360       160.00
       4.175     0.994531      1174293       182.86
       4.339     0.995313      1175209       213.33
       4.551     0.996094      1176131       256.00
       4.671     0.996484      1176595       284.44
       4.827     0.996875      1177046       320.00
       4.991     0.997266      1177503       365.71
       5.167     0.997656      1177969       426.67
       5.411     0.998047      1178429       512.00
       5.523     0.998242      1178656       568.89
       5.683     0.998437      1178892       640.00
       5.863     0.998633      1179116       731.43
       6.055     0.998828      1179355       853.33
       6.259     0.999023      1179578      1024.00
       6.383     0.999121      1179693      1137.78
       6.511     0.999219      1179812      1280.00
       6.635     0.999316      1179924      1462.86
       6.779     0.999414      1180039      1706.67
       6.955     0.999512      1180157      2048.00
       7.055     0.999561      1180214      2275.56
       7.155     0.999609      1180269      2560.00
       7.279     0.999658      1180329      2925.71
       7.423     0.999707      1180386      3413.33
       7.631     0.999756      1180445      4096.00
       7.715     0.999780      1180473      4551.11
       7.839     0.999805      1180501      5120.00
       8.067     0.999829      1180529      5851.43
       8.447     0.999854      1180558      6826.67
       9.151     0.999878      1180586      8192.00
       9.575     0.999890      1180601      9102.22
      10.071     0.999902      1180615     10240.00
      10.815     0.999915      1180630     11702.86
      11.751     0.999927      1180644     13653.33
      12.007     0.999939      1180658     16384.00
      12.183     0.999945      1180666     18204.44
      12.343     0.999951      1180673     20480.00
      12.415     0.999957      1180680     23405.71
      12.503     0.999963      1180687     27306.67
      12.727     0.999969      1180695     32768.00
      12.799     0.999973      1180698     36408.89
      12.903     0.999976      1180702     40960.00
      12.943     0.999979      1180705     46811.43
      12.999     0.999982      1180709     54613.33
      13.111     0.999985      1180712     65536.00
      13.279     0.999986      1180714     72817.78
      13.319     0.999988      1180716     81920.00
      13.359     0.999989      1180718     93622.86
      13.391     0.999991      1180720    109226.67
      13.455     0.999992      1180721    131072.00
      13.479     0.999993      1180722    145635.56
      13.559     0.999994      1180723    163840.00
      13.623     0.999995      1180724    187245.71
      13.671     0.999995      1180725    218453.33
      13.695     0.999996      1180726    262144.00
      13.695     0.999997      1180726    291271.11
      13.719     0.999997      1180727    327680.00
      13.719     0.999997      1180727    374491.43
      13.791     0.999998      1180728    436906.67
      13.791     0.999998      1180728    524288.00
      13.791     0.999998      1180728    582542.22
      13.823     0.999998      1180729    655360.00
      13.823     0.999999      1180729    748982.86
      13.823     0.999999      1180729    873813.33
      13.823     0.999999      1180729   1048576.00
      13.823     0.999999      1180729   1165084.44
      14.127     0.999999      1180730   1310720.00
      14.127     1.000000      1180730          inf
#[Mean    =        1.583, StdDeviation   =        0.723]
#[Max     =       14.120, Total count    =      1180730]
#[Buckets =           27, SubBuckets     =         2048]
----------------------------------------------------------
  1777828 requests in 30.00s, 293.32MB read
Requests/sec:  59261.19
Transfer/sec:      9.78MB
