Running 30s test @ http://10.116.0.2:8080/json
  4 threads and 256 connections
  Thread calibration: mean lat.: 1.166ms, rate sampling interval: 10ms
  Thread calibration: mean lat.: 1.165ms, rate sampling interval: 10ms
  Thread calibration: mean lat.: 1.467ms, rate sampling interval: 10ms
  Thread calibration: mean lat.: 1.167ms, rate sampling interval: 10ms
  Thread Stats   Avg      Stdev     Max   +/- Stdev
    Latency     1.22ms  521.74us   8.46ms   64.72%
    Req/Sec     5.26k     1.08k    7.33k    81.17%
  Latency Distribution (HdrHistogram - Recorded Latency)
 50.000%    1.18ms
 75.000%    1.60ms
 90.000%    1.92ms
 99.000%    2.48ms
 99.900%    3.25ms
 99.990%    4.72ms
 99.999%    5.95ms
100.000%    8.46ms

  Detailed Percentile spectrum:
       Value   Percentile   TotalCount 1/(1-Percentile)

       0.219     0.000000            1         1.00
       0.570     0.100000        39602         1.11
       0.734     0.200000        78743         1.25
       0.881     0.300000       118212         1.43
       1.025     0.400000       157491         1.67
       1.178     0.500000       197046         2.00
       1.255     0.550000       216581         2.22
       1.336     0.600000       236266         2.50
       1.421     0.650000       256026         2.86
       1.509     0.700000       275693         3.33
       1.600     0.750000       295226         4.00
       1.648     0.775000       305210         4.44
       1.696     0.800000       315006         5.00
       1.745     0.825000       324890         5.71
       1.796     0.850000       334696         6.67
       1.854     0.875000       344499         8.00
       1.886     0.887500       349359         8.89
       1.921     0.900000       354307        10.00
       1.961     0.912500       359286        11.43
       2.006     0.925000       364110        13.33
       2.059     0.937500       369079        16.00
       2.089     0.943750       371541        17.78
       2.123     0.950000       374028        20.00
       2.159     0.956250       376404        22.86
       2.201     0.962500       378877        26.67
       2.247     0.968750       381368        32.00
       2.271     0.971875       382603        35.56
       2.299     0.975000       383822        40.00
       2.327     0.978125       385019        45.71
       2.361     0.981250       386255        53.33
       2.397     0.984375       387484        64.00
       2.417     0.985938       388091        71.11
       2.441     0.987500       388703        80.00
       2.467     0.989062       389339        91.43
       2.497     0.990625       389951       106.67
       2.531     0.992188       390562       128.00
       2.551     0.992969       390869       142.22
       2.575     0.993750       391173       160.00
       2.603     0.994531       391477       182.86
       2.633     0.995313       391781       213.33
       2.679     0.996094       392084       256.00
       2.705     0.996484       392241       284.44
       2.731     0.996875       392395       320.00
       2.765     0.997266       392554       365.71
       2.817     0.997656       392701       426.67
       2.881     0.998047       392855       512.00
       2.919     0.998242       392932       568.89
       2.971     0.998437       393006       640.00
       3.055     0.998633       393085       731.43
       3.153     0.998828       393160       853.33
       3.267     0.999023       393237      1024.00
       3.321     0.999121       393276      1137.78
       3.399     0.999219       393314      1280.00
       3.513     0.999316       393352      1462.86
       3.655     0.999414       393391      1706.67
       3.771     0.999512       393429      2048.00
       3.827     0.999561       393449      2275.56
       3.915     0.999609       393468      2560.00
       4.003     0.999658       393487      2925.71
       4.143     0.999707       393506      3413.33
       4.263     0.999756       393526      4096.00
       4.319     0.999780       393536      4551.11
       4.367     0.999805       393545      5120.00
       4.459     0.999829       393554      5851.43
       4.579     0.999854       393564      6826.67
       4.647     0.999878       393573      8192.00
       4.663     0.999890       393578      9102.22
       4.719     0.999902       393583     10240.00
       4.787     0.999915       393588     11702.86
       4.855     0.999927       393593     13653.33
       4.911     0.999939       393597     16384.00
       4.951     0.999945       393600     18204.44
       5.091     0.999951       393602     20480.00
       5.211     0.999957       393606     23405.71
       5.303     0.999963       393607     27306.67
       5.383     0.999969       393609     32768.00
       5.467     0.999973       393611     36408.89
       5.479     0.999976       393612     40960.00
       5.531     0.999979       393613     46811.43
       5.567     0.999982       393614     54613.33
       5.707     0.999985       393615     65536.00
       5.863     0.999986       393616     72817.78
       5.947     0.999988       393617     81920.00
       5.947     0.999989       393617     93622.86
       6.023     0.999991       393618    109226.67
       6.023     0.999992       393618    131072.00
       6.627     0.999993       393619    145635.56
       6.627     0.999994       393619    163840.00
       6.627     0.999995       393619    187245.71
       7.031     0.999995       393620    218453.33
       7.031     0.999996       393620    262144.00
       7.031     0.999997       393620    291271.11
       7.031     0.999997       393620    327680.00
       7.031     0.999997       393620    374491.43
       8.463     0.999998       393621    436906.67
       8.463     1.000000       393621          inf
#[Mean    =        1.225, StdDeviation   =        0.522]
#[Max     =        8.456, Total count    =       393621]
#[Buckets =           27, SubBuckets     =         2048]
----------------------------------------------------------
  592736 requests in 30.00s, 97.79MB read
Requests/sec:  19757.18
Transfer/sec:      3.26MB
