Running 30s test @ http://10.116.0.2:8080/block?ms=100
  4 threads and 8000 connections
  Thread calibration: mean lat.: 2084.358ms, rate sampling interval: 8953ms
  Thread calibration: mean lat.: 2050.587ms, rate sampling interval: 8839ms
  Thread calibration: mean lat.: 2042.630ms, rate sampling interval: 8822ms
  Thread calibration: mean lat.: 2044.283ms, rate sampling interval: 8814ms
  Thread Stats   Avg      Stdev     Max   +/- Stdev
    Latency     6.80s     1.09s    9.13s    59.89%
    Req/Sec    11.39k    20.40    11.41k    75.00%
  Latency Distribution (HdrHistogram - Recorded Latency)
 50.000%    6.78s 
 75.000%    7.68s 
 90.000%    8.29s 
 99.000%    8.83s 
 99.900%    8.94s 
 99.990%    9.00s 
 99.999%    9.10s 
100.000%    9.14s 

  Detailed Percentile spectrum:
       Value   Percentile   TotalCount 1/(1-Percentile)

    3987.455     0.000000            1         1.00
    5357.567     0.100000        45212         1.11
    5689.343     0.200000        90620         1.25
    6103.039     0.300000       135436         1.43
    6467.583     0.400000       180525         1.67
    6782.975     0.500000       225549         2.00
    6971.391     0.550000       248570         2.22
    7131.135     0.600000       271110         2.50
    7327.743     0.650000       293206         2.86
    7512.063     0.700000       315851         3.33
    7684.095     0.750000       338638         4.00
    7786.495     0.775000       349620         4.44
    7876.607     0.800000       361120         5.00
    7974.911     0.825000       372435         5.71
    8065.023     0.850000       383948         6.67
    8167.423     0.875000       394966         8.00
    8228.863     0.887500       400505         8.89
    8294.399     0.900000       405949        10.00
    8364.031     0.912500       411821        11.43
    8437.759     0.925000       417222        13.33
    8511.487     0.937500       423244        16.00
    8544.255     0.943750       425991        17.78
    8577.023     0.950000       428951        20.00
    8609.791     0.956250       431585        22.86
    8642.559     0.962500       434747        26.67
    8675.327     0.968750       437194        32.00
    8691.711     0.971875       438604        35.56
    8716.287     0.975000       440156        40.00
    8732.671     0.978125       441228        45.71
    8765.439     0.981250       442696        53.33
    8790.015     0.984375       444042        64.00
    8806.399     0.985938       445102        71.11
    8814.591     0.987500       445622        80.00
    8822.783     0.989062       446328        91.43
    8830.975     0.990625       447046       106.67
    8839.167     0.992188       447603       128.00
    8847.359     0.992969       447911       142.22
    8863.743     0.993750       448547       160.00
    8871.935     0.994531       448814       182.86
    8880.127     0.995313       449091       213.33
    8888.319     0.996094       449363       256.00
    8896.511     0.996484       449622       284.44
    8904.703     0.996875       449923       320.00
    8904.703     0.997266       449923       365.71
    8912.895     0.997656       450103       426.67
    8921.087     0.998047       450240       512.00
    8929.279     0.998242       450387       568.89
    8929.279     0.998437       450387       640.00
    8937.471     0.998633       450632       731.43
    8937.471     0.998828       450632       853.33
    8937.471     0.999023       450632      1024.00
    8945.663     0.999121       450805      1137.78
    8945.663     0.999219       450805      1280.00
    8945.663     0.999316       450805      1462.86
    8945.663     0.999414       450805      1706.67
    8953.855     0.999512       450899      2048.00
    8953.855     0.999561       450899      2275.56
    8953.855     0.999609       450899      2560.00
    8953.855     0.999658       450899      2925.71
    8962.047     0.999707       450929      3413.33
    8970.239     0.999756       450946      4096.00
    8970.239     0.999780       450946      4551.11
    8978.431     0.999805       450953      5120.00
    8986.623     0.999829       450965      5851.43
    8994.815     0.999854       450982      6826.67
    9003.007     0.999878       450998      8192.00
    9003.007     0.999890       450998      9102.22
    9003.007     0.999902       450998     10240.00
    9011.199     0.999915       451006     11702.86
    9019.391     0.999927       451013     13653.33
    9027.583     0.999939       451014     16384.00
    9035.775     0.999945       451019     18204.44
    9035.775     0.999951       451019     20480.00
    9052.159     0.999957       451024     23405.71
    9060.351     0.999963       451027     27306.67
    9068.543     0.999969       451030     32768.00
    9068.543     0.999973       451030     36408.89
    9068.543     0.999976       451030     40960.00
    9084.927     0.999979       451032     46811.43
    9093.119     0.999982       451034     54613.33
    9101.311     0.999985       451036     65536.00
    9101.311     0.999986       451036     72817.78
    9101.311     0.999988       451036     81920.00
    9109.503     0.999989       451039     93622.86
    9109.503     0.999991       451039    109226.67
    9109.503     0.999992       451039    131072.00
    9109.503     0.999993       451039    145635.56
    9109.503     0.999994       451039    163840.00
    9109.503     0.999995       451039    187245.71
    9109.503     0.999995       451039    218453.33
    9117.695     0.999996       451040    262144.00
    9117.695     0.999997       451040    291271.11
    9117.695     0.999997       451040    327680.00
    9117.695     0.999997       451040    374491.43
    9117.695     0.999998       451040    436906.67
    9142.271     0.999998       451041    524288.00
    9142.271     1.000000       451041          inf
#[Mean    =     6797.815, StdDeviation   =     1092.713]
#[Max     =     9134.080, Total count    =       451041]
#[Buckets =           27, SubBuckets     =         2048]
----------------------------------------------------------
  1171885 requests in 30.00s, 178.82MB read
Requests/sec:  39057.32
Transfer/sec:      5.96MB
