Running 30s test @ http://10.116.0.2:8080/block?ms=100
  4 threads and 1000 connections
  Thread calibration: mean lat.: 104.876ms, rate sampling interval: 217ms
  Thread calibration: mean lat.: 105.008ms, rate sampling interval: 217ms
  Thread calibration: mean lat.: 105.053ms, rate sampling interval: 217ms
  Thread calibration: mean lat.: 105.833ms, rate sampling interval: 218ms
  Thread Stats   Avg      Stdev     Max   +/- Stdev
    Latency   102.97ms    1.88ms 120.00ms   76.14%
    Req/Sec     2.25k   105.93     2.51k    86.01%
  Latency Distribution (HdrHistogram - Recorded Latency)
 50.000%  102.59ms
 75.000%  103.81ms
 90.000%  105.28ms
 99.000%  109.38ms
 99.900%  114.11ms
 99.990%  118.97ms
 99.999%  119.42ms
100.000%  120.06ms

  Detailed Percentile spectrum:
       Value   Percentile   TotalCount 1/(1-Percentile)

     100.351     0.000000           15         1.00
     101.119     0.100000        19340         1.11
     101.439     0.200000        33952         1.25
     101.823     0.300000        51352         1.43
     102.207     0.400000        68017         1.67
     102.591     0.500000        84233         2.00
     102.847     0.550000        94556         2.22
     103.039     0.600000       101944         2.50
     103.295     0.650000       110826         2.86
     103.551     0.700000       119130         3.33
     103.807     0.750000       126359         4.00
     103.999     0.775000       131331         4.44
     104.191     0.800000       135817         5.00
     104.383     0.825000       139690         5.71
     104.639     0.850000       144048         6.67
     104.895     0.875000       147580         8.00
     105.087     0.887500       149954         8.89
     105.279     0.900000       151859        10.00
     105.535     0.912500       154152        11.43
     105.791     0.925000       155916        13.33
     106.175     0.937500       157997        16.00
     106.431     0.943750       159218        17.78
     106.687     0.950000       160249        20.00
     106.943     0.956250       161210        22.86
     107.263     0.962500       162303        26.67
     107.583     0.968750       163309        32.00
     107.775     0.971875       163844        35.56
     107.967     0.975000       164307        40.00
     108.159     0.978125       164784        45.71
     108.415     0.981250       165326        53.33
     108.735     0.984375       165908        64.00
     108.863     0.985938       166116        71.11
     109.055     0.987500       166383        80.00
     109.247     0.989062       166637        91.43
     109.439     0.990625       166874       106.67
     109.695     0.992188       167167       128.00
     109.823     0.992969       167286       142.22
     109.951     0.993750       167384       160.00
     110.207     0.994531       167535       182.86
     110.463     0.995313       167653       213.33
     110.847     0.996094       167777       256.00
     111.103     0.996484       167848       284.44
     111.359     0.996875       167905       320.00
     111.743     0.997266       167970       365.71
     112.191     0.997656       168034       426.67
     112.895     0.998047       168099       512.00
     113.151     0.998242       168131       568.89
     113.471     0.998437       168167       640.00
     113.727     0.998633       168206       731.43
     113.919     0.998828       168235       853.33
     114.175     0.999023       168266      1024.00
     114.367     0.999121       168281      1137.78
     114.559     0.999219       168298      1280.00
     114.815     0.999316       168313      1462.86
     115.327     0.999414       168329      1706.67
     116.031     0.999512       168347      2048.00
     116.223     0.999561       168354      2275.56
     117.951     0.999609       168362      2560.00
     118.271     0.999658       168371      2925.71
     118.463     0.999707       168385      3413.33
     118.527     0.999756       168388      4096.00
     118.591     0.999780       168393      4551.11
     118.655     0.999805       168395      5120.00
     118.719     0.999829       168399      5851.43
     118.847     0.999854       168405      6826.67
     118.911     0.999878       168408      8192.00
     118.975     0.999890       168410      9102.22
     119.039     0.999902       168414     10240.00
     119.039     0.999915       168414     11702.86
     119.103     0.999927       168418     13653.33
     119.103     0.999939       168418     16384.00
     119.103     0.999945       168418     18204.44
     119.231     0.999951       168419     20480.00
     119.295     0.999957       168421     23405.71
     119.295     0.999963       168421     27306.67
     119.359     0.999969       168424     32768.00
     119.359     0.999973       168424     36408.89
     119.359     0.999976       168424     40960.00
     119.359     0.999979       168424     46811.43
     119.359     0.999982       168424     54613.33
     119.423     0.999985       168425     65536.00
     119.423     0.999986       168425     72817.78
     119.423     0.999988       168425     81920.00
     119.615     0.999989       168426     93622.86
     119.615     0.999991       168426    109226.67
     119.615     0.999992       168426    131072.00
     119.615     0.999993       168426    145635.56
     119.615     0.999994       168426    163840.00
     120.063     0.999995       168427    187245.71
     120.063     1.000000       168427          inf
#[Mean    =      102.967, StdDeviation   =        1.879]
#[Max     =      120.000, Total count    =       168427]
#[Buckets =           27, SubBuckets     =         2048]
----------------------------------------------------------
  260186 requests in 30.00s, 39.70MB read
Requests/sec:   8672.57
Transfer/sec:      1.32MB
