Running 30s test @ http://10.116.0.2:8080/block?ms=100
  4 threads and 4000 connections
  Thread calibration: mean lat.: 194.963ms, rate sampling interval: 540ms
  Thread calibration: mean lat.: 185.265ms, rate sampling interval: 523ms
  Thread calibration: mean lat.: 185.949ms, rate sampling interval: 528ms
  Thread calibration: mean lat.: 173.059ms, rate sampling interval: 480ms
  Thread Stats   Avg      Stdev     Max   +/- Stdev
    Latency   121.56ms   21.17ms 249.22ms   84.74%
    Req/Sec     9.01k   330.49     9.79k    70.18%
  Latency Distribution (HdrHistogram - Recorded Latency)
 50.000%  115.20ms
 75.000%  131.71ms
 90.000%  152.19ms
 99.000%  192.00ms
 99.900%  210.05ms
 99.990%  225.15ms
 99.999%  237.31ms
100.000%  249.34ms

  Detailed Percentile spectrum:
       Value   Percentile   TotalCount 1/(1-Percentile)

     100.351     0.000000            8         1.00
     101.695     0.100000        54724         1.11
     103.551     0.200000       109103         1.25
     106.367     0.300000       162569         1.43
     110.271     0.400000       216595         1.67
     115.199     0.500000       270216         2.00
     117.759     0.550000       297615         2.22
     120.319     0.600000       324491         2.50
     123.455     0.650000       351580         2.86
     127.231     0.700000       378269         3.33
     131.711     0.750000       405595         4.00
     134.143     0.775000       419088         4.44
     136.959     0.800000       432662         5.00
     139.903     0.825000       445873         5.71
     143.359     0.850000       459658         6.67
     147.327     0.875000       472810         8.00
     149.631     0.887500       479614         8.89
     152.191     0.900000       486549        10.00
     154.751     0.912500       493246        11.43
     157.695     0.925000       499987        13.33
     161.023     0.937500       506690        16.00
     162.943     0.943750       509961        17.78
     165.247     0.950000       513327        20.00
     167.807     0.956250       516665        22.86
     170.751     0.962500       520039        26.67
     174.591     0.968750       523478        32.00
     176.639     0.971875       525145        35.56
     178.943     0.975000       526871        40.00
     181.375     0.978125       528487        45.71
     184.063     0.981250       530171        53.33
     186.751     0.984375       531886        64.00
     188.159     0.985938       532767        71.11
     189.439     0.987500       533579        80.00
     190.975     0.989062       534387        91.43
     192.639     0.990625       535271       106.67
     194.303     0.992188       536125       128.00
     195.071     0.992969       536496       142.22
     196.095     0.993750       536947       160.00
     197.119     0.994531       537345       182.86
     198.399     0.995313       537797       213.33
     199.679     0.996094       538185       256.00
     200.575     0.996484       538419       284.44
     201.343     0.996875       538612       320.00
     202.367     0.997266       538841       365.71
     203.391     0.997656       539047       426.67
     204.799     0.998047       539253       512.00
     205.567     0.998242       539346       568.89
     206.591     0.998437       539454       640.00
     207.743     0.998633       539560       731.43
     208.895     0.998828       539667       853.33
     210.303     0.999023       539770      1024.00
     211.071     0.999121       539820      1137.78
     212.351     0.999219       539875      1280.00
     213.375     0.999316       539927      1462.86
     214.527     0.999414       539979      1706.67
     215.935     0.999512       540034      2048.00
     216.575     0.999561       540057      2275.56
     217.599     0.999609       540083      2560.00
     218.751     0.999658       540113      2925.71
     219.903     0.999707       540137      3413.33
     221.183     0.999756       540163      4096.00
     221.695     0.999780       540179      4551.11
     222.335     0.999805       540190      5120.00
     222.975     0.999829       540203      5851.43
     223.615     0.999854       540215      6826.67
     224.639     0.999878       540230      8192.00
     224.895     0.999890       540236      9102.22
     225.279     0.999902       540243     10240.00
     225.791     0.999915       540248     11702.86
     226.431     0.999927       540257     13653.33
     226.943     0.999939       540262     16384.00
     227.583     0.999945       540265     18204.44
     228.223     0.999951       540268     20480.00
     229.119     0.999957       540271     23405.71
     229.887     0.999963       540275     27306.67
     230.783     0.999969       540278     32768.00
     231.295     0.999973       540281     36408.89
     231.295     0.999976       540281     40960.00
     231.679     0.999979       540283     46811.43
     232.703     0.999982       540285     54613.33
     232.831     0.999985       540286     65536.00
     233.215     0.999986       540287     72817.78
     235.647     0.999988       540288     81920.00
     237.311     0.999989       540289     93622.86
     238.335     0.999991       540290    109226.67
     238.335     0.999992       540290    131072.00
     238.591     0.999993       540291    145635.56
     238.591     0.999994       540291    163840.00
     239.359     0.999995       540292    187245.71
     239.359     0.999995       540292    218453.33
     239.359     0.999996       540292    262144.00
     239.487     0.999997       540293    291271.11
     239.487     0.999997       540293    327680.00
     239.487     0.999997       540293    374491.43
     239.487     0.999998       540293    436906.67
     239.487     0.999998       540293    524288.00
     249.343     0.999998       540294    582542.22
     249.343     1.000000       540294          inf
#[Mean    =      121.555, StdDeviation   =       21.174]
#[Max     =      249.216, Total count    =       540294]
#[Buckets =           27, SubBuckets     =         2048]
----------------------------------------------------------
  983754 requests in 30.00s, 150.11MB read
Requests/sec:  32790.05
Transfer/sec:      5.00MB
