Running 30s test @ http://10.116.0.2:8080/json
  4 threads and 256 connections
  Thread calibration: mean lat.: 607.379ms, rate sampling interval: 3551ms
  Thread calibration: mean lat.: 188.313ms, rate sampling interval: 1346ms
  Thread calibration: mean lat.: 490.130ms, rate sampling interval: 3399ms
  Thread calibration: mean lat.: 542.764ms, rate sampling interval: 3272ms
  Thread Stats   Avg      Stdev     Max   +/- Stdev
    Latency     1.77s     1.53s    8.23s    78.99%
    Req/Sec    22.85k     4.80k   30.24k    60.00%
  Latency Distribution (HdrHistogram - Recorded Latency)
 50.000%    1.43s 
 75.000%    2.41s 
 90.000%    3.22s 
 99.000%    7.82s 
 99.900%    8.17s 
 99.990%    8.22s 
 99.999%    8.23s 
100.000%    8.24s 

  Detailed Percentile spectrum:
       Value   Percentile   TotalCount 1/(1-Percentile)

       0.348     0.000000            1         1.00
     178.175     0.100000       176601         1.11
     595.455     0.200000       353101         1.25
     936.447     0.300000       529663         1.43
    1224.703     0.400000       706725         1.67
    1434.623     0.500000       882750         2.00
    1575.935     0.550000       971436         2.22
    1767.423     0.600000      1059289         2.50
    1984.511     0.650000      1147827         2.86
    2195.455     0.700000      1236339         3.33
    2410.495     0.750000      1324142         4.00
    2549.759     0.775000      1368233         4.44
    2684.927     0.800000      1412481         5.00
    2805.759     0.825000      1456130         5.71
    2945.023     0.850000      1500387         6.67
    3051.519     0.875000      1545175         8.00
    3129.343     0.887500      1566520         8.89
    3223.551     0.900000      1588778        10.00
    3307.519     0.912500      1610888        11.43
    3395.583     0.925000      1632808        13.33
    3465.215     0.937500      1655187        16.00
    3528.703     0.943750      1665883        17.78
    3643.391     0.950000      1676985        20.00
    4673.535     0.956250      1687803        22.86
    5849.087     0.962500      1698800        26.67
    7081.983     0.968750      1709829        32.00
    7495.679     0.971875      1715435        35.56
    7548.927     0.975000      1721070        40.00
    7602.175     0.978125      1726694        45.71
    7659.519     0.981250      1732262        53.33
    7712.767     0.984375      1737550        64.00
    7741.439     0.985938      1740319        71.11
    7770.111     0.987500      1743154        80.00
    7798.783     0.989062      1745852        91.43
    7827.455     0.990625      1748705       106.67
    7852.031     0.992188      1751459       128.00
    7864.319     0.992969      1752751       142.22
    7888.895     0.993750      1754016       160.00
    7921.663     0.994531      1755361       182.86
    7966.719     0.995313      1756817       213.33
    8007.679     0.996094      1758109       256.00
    8028.159     0.996484      1758774       284.44
    8052.735     0.996875      1759541       320.00
    8073.215     0.997266      1760254       365.71
    8093.695     0.997656      1760885       426.67
    8118.271     0.998047      1761670       512.00
    8126.463     0.998242      1761943       568.89
    8138.751     0.998437      1762326       640.00
    8146.943     0.998633      1762577       731.43
    8159.231     0.998828      1762950       853.33
    8171.519     0.999023      1763335      1024.00
    8175.615     0.999121      1763470      1137.78
    8183.807     0.999219      1763741      1280.00
    8187.903     0.999316      1763870      1462.86
    8191.999     0.999414      1764007      1706.67
    8196.095     0.999512      1764133      2048.00
    8200.191     0.999561      1764269      2275.56
    8204.287     0.999609      1764411      2560.00
    8204.287     0.999658      1764411      2925.71
    8208.383     0.999707      1764531      3413.33
    8212.479     0.999756      1764649      4096.00
    8212.479     0.999780      1764649      4551.11
    8212.479     0.999805      1764649      5120.00
    8216.575     0.999829      1764759      5851.43
    8216.575     0.999854      1764759      6826.67
    8220.671     0.999878      1764840      8192.00
    8220.671     0.999890      1764840      9102.22
    8220.671     0.999902      1764840     10240.00
    8220.671     0.999915      1764840     11702.86
    8224.767     0.999927      1764904     13653.33
    8224.767     0.999939      1764904     16384.00
    8224.767     0.999945      1764904     18204.44
    8224.767     0.999951      1764904     20480.00
    8224.767     0.999957      1764904     23405.71
    8228.863     0.999963      1764953     27306.67
    8228.863     0.999969      1764953     32768.00
    8228.863     0.999973      1764953     36408.89
    8228.863     0.999976      1764953     40960.00
    8228.863     0.999979      1764953     46811.43
    8228.863     0.999982      1764953     54613.33
    8228.863     0.999985      1764953     65536.00
    8232.959     0.999986      1764970     72817.78
    8232.959     0.999988      1764970     81920.00
    8232.959     0.999989      1764970     93622.86
    8232.959     0.999991      1764970    109226.67
    8232.959     0.999992      1764970    131072.00
    8232.959     0.999993      1764970    145635.56
    8232.959     0.999994      1764970    163840.00
    8232.959     0.999995      1764970    187245.71
    8232.959     0.999995      1764970    218453.33
    8237.055     0.999996      1764978    262144.00
    8237.055     1.000000      1764978          inf
#[Mean    =     1770.859, StdDeviation   =     1525.211]
#[Max     =     8232.960, Total count    =      1764978]
#[Buckets =           27, SubBuckets     =         2048]
----------------------------------------------------------
  2643195 requests in 30.00s, 436.09MB read
Requests/sec:  88107.68
Transfer/sec:     14.54MB
