Running 30s test @ http://10.116.0.2:8080/json
  4 threads and 64 connections
  Thread calibration: mean lat.: 166.408ms, rate sampling interval: 1228ms
  Thread calibration: mean lat.: 170.078ms, rate sampling interval: 1304ms
  Thread calibration: mean lat.: 76.744ms, rate sampling interval: 445ms
  Thread calibration: mean lat.: 77.162ms, rate sampling interval: 446ms
  Thread Stats   Avg      Stdev     Max   +/- Stdev
    Latency     1.10ms  453.31us   5.83ms   61.64%
    Req/Sec     5.00k     5.65     5.02k    73.95%
  Latency Distribution (HdrHistogram - Recorded Latency)
 50.000%    1.08ms
 75.000%    1.45ms
 90.000%    1.71ms
 99.000%    2.07ms
 99.900%    2.73ms
 99.990%    3.95ms
 99.999%    5.07ms
100.000%    5.84ms

  Detailed Percentile spectrum:
       Value   Percentile   TotalCount 1/(1-Percentile)

       0.207     0.000000            1         1.00
       0.508     0.100000        39927         1.11
       0.653     0.200000        79874         1.25
       0.792     0.300000       119675         1.43
       0.933     0.400000       159367         1.67
       1.076     0.500000       199304         2.00
       1.149     0.550000       219331         2.22
       1.222     0.600000       239164         2.50
       1.297     0.650000       258992         2.86
       1.374     0.700000       278898         3.33
       1.453     0.750000       298970         4.00
       1.494     0.775000       308948         4.44
       1.535     0.800000       318736         5.00
       1.579     0.825000       328860         5.71
       1.621     0.850000       338717         6.67
       1.665     0.875000       348685         8.00
       1.688     0.887500       353635         8.89
       1.712     0.900000       358682        10.00
       1.737     0.912500       363696        11.43
       1.763     0.925000       368548        13.33
       1.793     0.937500       373583        16.00
       1.810     0.943750       376037        17.78
       1.829     0.950000       378522        20.00
       1.850     0.956250       380992        22.86
       1.873     0.962500       383475        26.67
       1.900     0.968750       385984        32.00
       1.916     0.971875       387249        35.56
       1.932     0.975000       388466        40.00
       1.950     0.978125       389671        45.71
       1.972     0.981250       390925        53.33
       1.999     0.984375       392177        64.00
       2.013     0.985938       392788        71.11
       2.031     0.987500       393410        80.00
       2.053     0.989062       394058        91.43
       2.077     0.990625       394678       106.67
       2.105     0.992188       395283       128.00
       2.121     0.992969       395575       142.22
       2.141     0.993750       395894       160.00
       2.165     0.994531       396206       182.86
       2.195     0.995313       396517       213.33
       2.231     0.996094       396826       256.00
       2.253     0.996484       396977       284.44
       2.279     0.996875       397128       320.00
       2.309     0.997266       397283       365.71
       2.351     0.997656       397437       426.67
       2.407     0.998047       397592       512.00
       2.443     0.998242       397669       568.89
       2.489     0.998437       397748       640.00
       2.561     0.998633       397828       731.43
       2.637     0.998828       397904       853.33
       2.741     0.999023       397981      1024.00
       2.803     0.999121       398019      1137.78
       2.857     0.999219       398059      1280.00
       2.931     0.999316       398097      1462.86
       3.047     0.999414       398136      1706.67
       3.145     0.999512       398175      2048.00
       3.213     0.999561       398194      2275.56
       3.269     0.999609       398214      2560.00
       3.323     0.999658       398233      2925.71
       3.395     0.999707       398253      3413.33
       3.493     0.999756       398272      4096.00
       3.545     0.999780       398282      4551.11
       3.617     0.999805       398292      5120.00
       3.641     0.999829       398301      5851.43
       3.687     0.999854       398311      6826.67
       3.847     0.999878       398321      8192.00
       3.909     0.999890       398326      9102.22
       3.995     0.999902       398332     10240.00
       4.103     0.999915       398335     11702.86
       4.207     0.999927       398340     13653.33
       4.247     0.999939       398345     16384.00
       4.303     0.999945       398348     18204.44
       4.395     0.999951       398351     20480.00
       4.523     0.999957       398352     23405.71
       4.579     0.999963       398355     27306.67
       4.739     0.999969       398357     32768.00
       4.771     0.999973       398359     36408.89
       4.783     0.999976       398360     40960.00
       4.891     0.999979       398361     46811.43
       4.971     0.999982       398362     54613.33
       4.979     0.999985       398363     65536.00
       5.055     0.999986       398364     72817.78
       5.067     0.999988       398365     81920.00
       5.067     0.999989       398365     93622.86
       5.123     0.999991       398366    109226.67
       5.123     0.999992       398366    131072.00
       5.143     0.999993       398367    145635.56
       5.143     0.999994       398367    163840.00
       5.143     0.999995       398367    187245.71
       5.271     0.999995       398368    218453.33
       5.271     0.999996       398368    262144.00
       5.271     0.999997       398368    291271.11
       5.271     0.999997       398368    327680.00
       5.271     0.999997       398368    374491.43
       5.835     0.999998       398369    436906.67
       5.835     1.000000       398369          inf
#[Mean    =        1.099, StdDeviation   =        0.453]
#[Max     =        5.832, Total count    =       398369]
#[Buckets =           27, SubBuckets     =         2048]
----------------------------------------------------------
  599242 requests in 30.00s, 98.87MB read
Requests/sec:  19974.47
Transfer/sec:      3.30MB
