Running 30s test @ http://10.116.0.2:8080/json
  4 threads and 256 connections
  Thread calibration: mean lat.: 2.152ms, rate sampling interval: 10ms
  Thread calibration: mean lat.: 2.181ms, rate sampling interval: 10ms
  Thread calibration: mean lat.: 2.095ms, rate sampling interval: 10ms
  Thread calibration: mean lat.: 2.025ms, rate sampling interval: 10ms
  Thread Stats   Avg      Stdev     Max   +/- Stdev
    Latency     1.97ms    1.37ms  21.76ms   89.41%
    Req/Sec    21.09k     2.03k   28.44k    73.11%
  Latency Distribution (HdrHistogram - Recorded Latency)
 50.000%    1.64ms
 75.000%    2.27ms
 90.000%    3.19ms
 99.000%    7.84ms
 99.900%   13.41ms
 99.990%   17.74ms
 99.999%   20.37ms
100.000%   21.77ms

  Detailed Percentile spectrum:
       Value   Percentile   TotalCount 1/(1-Percentile)

       0.211     0.000000            1         1.00
       0.890     0.100000       157846         1.11
       1.105     0.200000       315541         1.25
       1.288     0.300000       473017         1.43
       1.462     0.400000       629832         1.67
       1.644     0.500000       787901         2.00
       1.741     0.550000       866059         2.22
       1.848     0.600000       944784         2.50
       1.971     0.650000      1023609         2.86
       2.109     0.700000      1103006         3.33
       2.265     0.750000      1181069         4.00
       2.359     0.775000      1220175         4.44
       2.471     0.800000      1259846         5.00
       2.599     0.825000      1299049         5.71
       2.751     0.850000      1338648         6.67
       2.941     0.875000      1377890         8.00
       3.059     0.887500      1397457         8.89
       3.191     0.900000      1416926        10.00
       3.359     0.912500      1436773        11.43
       3.583     0.925000      1456281        13.33
       3.881     0.937500      1475979        16.00
       4.069     0.943750      1485879        17.78
       4.287     0.950000      1495750        20.00
       4.555     0.956250      1505595        22.86
       4.887     0.962500      1515419        26.67
       5.287     0.968750      1525170        32.00
       5.515     0.971875      1530109        35.56
       5.787     0.975000      1534995        40.00
       6.091     0.978125      1539968        45.71
       6.427     0.981250      1544880        53.33
       6.823     0.984375      1549755        64.00
       7.063     0.985938      1552234        71.11
       7.327     0.987500      1554676        80.00
       7.631     0.989062      1557159        91.43
       7.999     0.990625      1559612       106.67
       8.431     0.992188      1562055       128.00
       8.695     0.992969      1563306       142.22
       8.991     0.993750      1564532       160.00
       9.311     0.994531      1565751       182.86
       9.671     0.995313      1566982       213.33
      10.087     0.996094      1568212       256.00
      10.327     0.996484      1568828       284.44
      10.583     0.996875      1569445       320.00
      10.895     0.997266      1570050       365.71
      11.255     0.997656      1570663       426.67
      11.655     0.998047      1571292       512.00
      11.919     0.998242      1571589       568.89
      12.207     0.998437      1571896       640.00
      12.591     0.998633      1572202       731.43
      13.023     0.998828      1572507       853.33
      13.471     0.999023      1572818      1024.00
      13.735     0.999121      1572973      1137.78
      14.015     0.999219      1573125      1280.00
      14.311     0.999316      1573276      1462.86
      14.671     0.999414      1573432      1706.67
      15.047     0.999512      1573585      2048.00
      15.239     0.999561      1573661      2275.56
      15.487     0.999609      1573739      2560.00
      15.679     0.999658      1573814      2925.71
      15.935     0.999707      1573891      3413.33
      16.239     0.999756      1573969      4096.00
      16.415     0.999780      1574007      4551.11
      16.591     0.999805      1574045      5120.00
      16.847     0.999829      1574082      5851.43
      17.167     0.999854      1574124      6826.67
      17.471     0.999878      1574160      8192.00
      17.615     0.999890      1574180      9102.22
      17.759     0.999902      1574199     10240.00
      17.999     0.999915      1574217     11702.86
      18.271     0.999927      1574237     13653.33
      18.655     0.999939      1574255     16384.00
      18.799     0.999945      1574266     18204.44
      18.895     0.999951      1574275     20480.00
      19.039     0.999957      1574284     23405.71
      19.247     0.999963      1574295     27306.67
      19.375     0.999969      1574303     32768.00
      19.423     0.999973      1574308     36408.89
      19.551     0.999976      1574313     40960.00
      19.823     0.999979      1574319     46811.43
      19.951     0.999982      1574324     54613.33
      20.111     0.999985      1574328     65536.00
      20.223     0.999986      1574330     72817.78
      20.303     0.999988      1574332     81920.00
      20.367     0.999989      1574335     93622.86
      20.415     0.999991      1574337    109226.67
      20.543     0.999992      1574339    131072.00
      20.591     0.999993      1574342    145635.56
      20.591     0.999994      1574342    163840.00
      20.623     0.999995      1574343    187245.71
      20.655     0.999995      1574344    218453.33
      20.767     0.999996      1574345    262144.00
      20.783     0.999997      1574346    291271.11
      20.847     0.999997      1574347    327680.00
      20.847     0.999997      1574347    374491.43
      21.343     0.999998      1574348    436906.67
      21.343     0.999998      1574348    524288.00
      21.455     0.999998      1574349    582542.22
      21.455     0.999998      1574349    655360.00
      21.455     0.999999      1574349    748982.86
      21.519     0.999999      1574350    873813.33
      21.519     0.999999      1574350   1048576.00
      21.519     0.999999      1574350   1165084.44
      21.519     0.999999      1574350   1310720.00
      21.519     0.999999      1574350   1497965.71
      21.775     0.999999      1574351   1747626.67
      21.775     1.000000      1574351          inf
#[Mean    =        1.968, StdDeviation   =        1.370]
#[Max     =       21.760, Total count    =      1574351]
#[Buckets =           27, SubBuckets     =         2048]
----------------------------------------------------------
  2370469 requests in 30.00s, 391.09MB read
Requests/sec:  79013.98
Transfer/sec:     13.04MB
