Linux 6.8.0-142-generic (cafeai-bench-loadgen) 	10/01/26 	_x86_64_	(4 CPU)

23:00:42     CPU    %usr   %nice    %sys %iowait    %irq   %soft  %steal  %guest  %gnice   %idle
23:00:43     all    1.01    0.00    3.02    0.25    0.00    2.27    0.00    0.00    0.00   93.45
23:00:44     all    2.79    0.00    6.60    0.00    0.00    4.31    0.25    0.00    0.00   86.04
23:00:45     all    3.04    0.00    9.11    0.00    0.00    5.57    0.00    0.00    0.00   82.28
23:00:46     all    3.90    0.00    9.87    0.00    0.00    6.23    0.00    0.00    0.00   80.00
23:00:47     all    6.23    0.00    9.61    0.00    0.00    7.01    0.00    0.00    0.00   77.14
23:00:48     all    3.58    0.00    7.16    0.00    0.00    4.60    0.00    0.00    0.00   84.65
23:00:49     all    4.29    0.00    6.82    0.00    0.00    4.55    0.00    0.00    0.00   84.34
23:00:50     all    4.73    0.00    7.71    0.00    0.00    4.48    0.00    0.00    0.00   83.08
23:00:51     all    4.23    0.00    8.21    0.00    0.00    4.73    0.00    0.00    0.00   82.84
23:00:52     all    4.30    0.00    7.34    0.00    0.00    4.05    0.00    0.00    0.00   84.30
23:00:53     all    4.29    0.00    7.32    0.00    0.00    4.04    0.00    0.00    0.00   84.34
23:00:54     all    4.25    0.00    7.75    0.00    0.00    4.00    0.00    0.00    0.00   84.00
23:00:55     all    4.29    0.00    6.82    0.00    0.00    5.05    0.00    0.00    0.00   83.84
23:00:56     all    4.31    0.00    7.61    0.00    0.00    3.81    0.00    0.00    0.00   84.26
23:00:57     all    3.81    0.00    7.36    0.00    0.00    4.06    0.00    0.00    0.00   84.77
23:00:58     all    3.81    0.00    7.36    0.00    0.00    4.57    0.00    0.00    0.00   84.26
23:00:59     all    4.31    0.00    7.11    0.00    0.00    4.06    0.00    0.00    0.00   84.52
23:01:00     all    4.07    0.00    6.87    0.25    0.00    4.07    0.00    0.00    0.00   84.73
23:01:01     all    3.54    0.00    7.85    0.00    0.00    4.30    0.00    0.00    0.00   84.30
23:01:02     all    4.05    0.00    7.34    0.00    0.00    4.30    0.00    0.00    0.00   84.30
23:01:03     all    3.32    0.00    7.65    0.00    0.00    3.57    0.00    0.00    0.00   85.46
23:01:04     all    4.27    0.00    7.29    0.00    0.00    4.52    0.00    0.00    0.00   83.92
23:01:05     all    3.58    0.00    6.91    0.00    0.00    4.09    0.00    0.00    0.00   85.42
23:01:06     all    3.57    0.00    7.14    0.00    0.00    4.08    0.00    0.00    0.00   85.20
23:01:07     all    4.55    0.00    7.32    0.00    0.00    3.79    0.00    0.00    0.00   84.34
23:01:08     all    4.30    0.00    7.34    0.00    0.00    4.05    0.00    0.00    0.00   84.30
23:01:09     all    4.04    0.00    7.07    0.00    0.00    4.04    0.00    0.00    0.00   84.85
23:01:10     all    4.33    0.00    7.63    0.00    0.00    4.58    0.00    0.00    0.00   83.46
23:01:11     all   17.77    0.00    9.90    0.00    0.00    3.81    0.25    0.00    0.00   68.27
23:01:12     all    4.59    0.00    8.42    0.00    0.00    3.83    0.00    0.00    0.00   83.16
23:01:13     all    0.50    0.00    0.75    0.00    0.00    0.00    0.00    0.00    0.00   98.74
23:01:14     all    1.26    0.00    3.53    0.00    0.00    3.02    0.00    0.00    0.00   92.19
23:01:15     all    2.01    0.00    4.02    0.00    0.00    3.27    0.00    0.00    0.00   90.70
23:01:16     all    1.54    0.00    3.33    0.00    0.00    3.33    0.26    0.00    0.00   91.54
23:01:17     all    2.03    0.00    3.54    0.00    0.00    3.04    0.25    0.00    0.00   91.14
23:01:18     all    2.30    0.00    3.06    0.00    0.00    2.81    0.00    0.00    0.00   91.84
23:01:19     all    2.27    0.00    3.79    0.00    0.00    2.78    0.00    0.00    0.00   91.16
23:01:20     all    2.31    0.00    2.83    0.00    0.00    2.57    0.00    0.00    0.00   92.29
23:01:21     all    1.77    0.00    3.54    0.00    0.00    3.04    0.00    0.00    0.00   91.65
23:01:22     all    2.77    0.00    3.27    0.00    0.00    3.02    0.00    0.00    0.00   90.93
23:01:23     all    1.78    0.00    3.56    0.00    0.00    2.80    0.00    0.00    0.00   91.86
23:01:24     all    2.30    0.00    3.32    0.00    0.00    2.81    0.00    0.00    0.00   91.58
23:01:25     all    2.26    0.00    3.52    0.00    0.00    3.27    0.00    0.00    0.00   90.95
23:01:26     all    2.28    0.00    3.55    0.00    0.00    2.79    0.00    0.00    0.00   91.37
23:01:27     all    2.28    0.00    3.30    0.00    0.00    3.05    0.00    0.00    0.00   91.37
23:01:28     all    2.01    0.00    4.02    0.00    0.00    3.52    0.00    0.00    0.00   90.45
23:01:29     all    2.04    0.00    3.31    0.00    0.00    2.54    0.00    0.00    0.00   92.11
23:01:30     all    2.28    0.00    3.05    0.00    0.00    3.30    0.00    0.00    0.00   91.37
23:01:31     all    2.51    0.00    3.76    0.00    0.00    3.26    0.00    0.00    0.00   90.48
23:01:32     all    2.05    0.00    3.07    0.00    0.00    2.56    0.00    0.00    0.00   92.33
23:01:33     all    2.30    0.00    3.06    0.00    0.00    2.55    0.26    0.00    0.00   91.84
23:01:34     all    2.28    0.00    3.29    0.00    0.00    3.54    0.00    0.00    0.00   90.89
23:01:35     all    2.28    0.00    3.29    0.00    0.00    3.04    0.00    0.00    0.00   91.39
23:01:36     all    1.79    0.00    3.32    0.00    0.00    2.81    0.00    0.00    0.00   92.09
23:01:37     all    2.04    0.00    3.06    0.00    0.00    2.81    0.00    0.00    0.00   92.09
23:01:38     all    1.78    0.00    3.81    0.00    0.00    2.79    0.00    0.00    0.00   91.62
23:01:39     all    2.54    0.00    3.05    0.00    0.00    3.30    0.00    0.00    0.00   91.12
23:01:40     all    2.05    0.00    3.32    0.00    0.00    2.56    0.00    0.00    0.00   92.07
23:01:41     all    2.29    0.00    2.80    0.00    0.00    3.05    0.00    0.00    0.00   91.86
23:01:42     all    2.53    0.00    3.28    0.25    0.00    3.28    0.00    0.00    0.00   90.66
23:01:43     all    3.08    0.00    3.85    0.00    0.00    0.26    0.00    0.00    0.00   92.82
23:01:44     all    5.84    0.00    6.35    0.00    0.00    2.54    0.00    0.00    0.00   85.28
23:01:45     all    5.56    0.00    7.58    0.00    0.00    2.53    0.00    0.00    0.00   84.34
23:01:46     all    5.34    0.00    7.38    0.00    0.00    2.29    0.00    0.00    0.00   84.99
23:01:47     all    6.02    0.00    7.27    0.00    0.00    3.26    0.00    0.00    0.00   83.46
23:01:48     all    5.60    0.00    7.12    0.00    0.00    2.54    0.00    0.00    0.00   84.73
23:01:49     all    5.34    0.00    7.12    0.00    0.00    2.54    0.00    0.00    0.00   84.99
23:01:50     all    5.12    0.00    6.91    0.00    0.00    2.30    0.00    0.00    0.00   85.68
23:01:51     all    5.85    0.00    7.63    0.00    0.00    2.80    0.00    0.00    0.00   83.72
23:01:52     all    5.63    0.00    6.91    0.00    0.00    2.56    0.00    0.00    0.00   84.91
23:01:53     all    5.58    0.00    6.60    0.00    0.00    3.30    0.00    0.00    0.00   84.52
23:01:54     all    6.33    0.00    7.34    0.00    0.00    2.03    0.00    0.00    0.00   84.30
23:01:55     all    5.03    0.00    9.05    0.00    0.00    2.51    0.25    0.00    0.00   83.17
23:01:56     all    6.28    0.00    7.04    0.00    0.00    3.27    0.00    0.00    0.00   83.42
23:01:57     all    5.76    0.00    7.52    0.00    0.00    3.26    0.00    0.00    0.00   83.46
23:01:58     all    6.33    0.00    7.85    0.00    0.00    2.03    0.00    0.00    0.00   83.80
23:01:59     all    5.03    0.00    7.54    0.00    0.00    3.27    0.50    0.00    0.00   83.67
23:02:00     all    5.36    0.00    7.65    0.00    0.00    2.30    0.00    0.00    0.00   84.69
23:02:01     all    5.60    0.00    7.38    0.00    0.00    2.80    0.00    0.00    0.00   84.22
23:02:02     all    5.51    0.00    7.52    0.00    0.00    3.51    0.00    0.00    0.00   83.46
23:02:03     all    5.54    0.00    7.56    0.00    0.00    2.77    0.00    0.00    0.00   84.13
23:02:04     all    6.28    0.00    7.04    0.00    0.00    2.76    0.00    0.00    0.00   83.92
23:02:05     all    5.33    0.00    7.36    0.00    0.00    2.79    0.00    0.00    0.00   84.52
23:02:06     all    6.55    0.00    7.30    0.00    0.00    2.52    0.25    0.00    0.00   83.38
23:02:07     all    5.10    0.00    7.14    0.00    0.00    2.81    0.00    0.00    0.00   84.95
23:02:08     all    5.82    0.00    6.84    0.00    0.00    3.04    0.00    0.00    0.00   84.30
23:02:09     all    5.40    0.00    6.68    0.00    0.00    2.57    0.00    0.00    0.00   85.35
23:02:10     all    5.33    0.00    7.61    0.00    0.00    2.54    0.00    0.00    0.00   84.52
23:02:11     all    5.60    0.00    7.12    0.00    0.00    2.80    0.00    0.00    0.00   84.48
23:02:12     all    5.36    0.00    8.16    0.00    0.00    2.30    0.00    0.00    0.00   84.18
23:02:13     all   18.91    0.00   13.68    0.00    0.00    3.23    0.00    0.00    0.00   64.18
23:02:14     all    9.87    0.00   15.58    0.00    0.00    4.16    0.00    0.00    0.00   70.39
23:02:15     all   10.10    0.00   14.25    0.00    0.00    6.22    0.00    0.00    0.00   69.43
23:02:16     all   10.13    0.00   14.81    0.00    0.00    5.71    0.00    0.00    0.00   69.35
23:02:17     all   10.57    0.00   14.69    0.00    0.00    5.67    0.00    0.00    0.00   69.07
23:02:18     all    8.92    0.00   14.44    0.26    0.00    6.82    0.00    0.00    0.00   69.55
23:02:19     all    9.82    0.00   14.73    0.00    0.00    5.94    0.00    0.00    0.00   69.51
23:02:20     all    9.56    0.00   15.25    0.00    0.00    5.94    0.00    0.00    0.00   69.25
23:02:21     all   10.85    0.00   15.25    0.00    0.00    5.68    0.00    0.00    0.00   68.22
23:02:22     all   11.52    0.00   15.97    0.00    0.00    6.81    0.00    0.00    0.00   65.71
23:02:23     all   12.14    0.00   16.02    0.00    0.00    5.17    0.00    0.00    0.00   66.67
23:02:24     all    9.82    0.00   14.99    0.00    0.00    6.46    0.00    0.00    0.00   68.73
23:02:25     all    9.90    0.00   15.36    0.00    0.00    5.21    0.00    0.00    0.00   69.53
23:02:26     all   10.18    0.00   12.79    0.00    0.00    6.79    0.00    0.00    0.00   70.23
23:02:27     all   10.85    0.00   13.95    0.00    0.00    6.46    0.00    0.00    0.00   68.73
23:02:28     all    9.11    0.00   15.36    0.00    0.00    5.99    0.00    0.00    0.00   69.53
23:02:29     all    9.95    0.00   14.92    0.00    0.00    5.24    0.00    0.00    0.00   69.90
23:02:30     all   10.62    0.00   13.99    0.00    0.00    6.22    0.00    0.00    0.00   69.17
23:02:31     all   11.05    0.00   15.17    0.00    0.00    5.40    0.00    0.00    0.00   68.38
23:02:32     all   10.13    0.00   14.29    0.00    0.00    5.97    0.00    0.00    0.00   69.61
23:02:33     all   10.16    0.00   14.32    0.00    0.00    6.25    0.00    0.00    0.00   69.27
23:02:34     all   10.42    0.00   14.84    0.00    0.00    4.95    0.00    0.00    0.00   69.79
23:02:35     all    9.71    0.00   14.44    0.00    0.00    5.51    0.00    0.00    0.00   70.34
23:02:36     all   10.23    0.00   15.60    0.00    0.00    5.63    0.26    0.00    0.00   68.29
23:02:37     all   10.65    0.00   13.51    0.00    0.00    5.97    0.00    0.00    0.00   69.87
23:02:38     all    9.84    0.00   15.80    0.00    0.00    5.44    0.00    0.00    0.00   68.91
23:02:39     all   10.43    0.00   14.76    0.00    0.00    6.36    0.25    0.00    0.00   68.19
23:02:40     all   10.16    0.00   14.06    0.00    0.00    6.51    0.00    0.00    0.00   69.27
23:02:41     all   10.79    0.00   14.21    0.00    0.00    5.53    0.00    0.00    0.00   69.47
23:02:42     all   10.21    0.00   15.18    0.00    0.00    4.97    0.00    0.00    0.00   69.63
23:02:43     all    8.62    0.00   12.79    0.00    0.00    4.44    0.26    0.00    0.00   73.89
23:02:44     all   14.71    0.00   17.17    0.00    0.00    8.99    0.00    0.00    0.00   59.13
23:02:45     all   15.70    0.00   18.46    0.00    0.00    9.92    0.00    0.00    0.00   55.92
23:02:46     all   15.11    0.00   18.68    0.00    0.00    9.34    0.00    0.00    0.00   56.87
23:02:47     all   16.80    0.00   18.16    0.00    0.00    8.40    0.27    0.00    0.00   56.37
23:02:48     all   16.44    0.00   18.36    0.00    0.00    9.32    0.00    0.00    0.00   55.89
23:02:49     all   15.98    0.00   18.18    0.00    0.00    9.37    0.00    0.00    0.00   56.47
23:02:50     all   16.80    0.00   17.63    0.00    0.00    9.37    0.00    0.00    0.00   56.20
23:02:51     all   16.11    0.00   18.61    0.00    0.00    8.33    0.00    0.00    0.00   56.94
23:02:52     all   16.99    0.00   18.11    0.00    0.00    8.64    0.00    0.00    0.00   56.27
23:02:53     all   16.44    0.00   19.18    0.00    0.00    8.77    0.00    0.00    0.00   55.62
23:02:54     all   15.79    0.00   18.28    0.00    0.00    9.70    0.00    0.00    0.00   56.23
23:02:55     all   17.30    0.00   18.65    0.00    0.00    8.92    0.00    0.00    0.00   55.14
23:02:56     all   15.80    0.00   18.53    0.00    0.00   10.08    0.00    0.00    0.00   55.59
23:02:57     all   17.12    0.00   17.93    0.00    0.00    9.51    0.00    0.00    0.00   55.43
23:02:58     all   16.89    0.00   17.98    0.00    0.00    9.54    0.00    0.00    0.00   55.59
23:02:59     all   15.89    0.00   17.53    0.00    0.00   10.41    0.27    0.00    0.00   55.89
23:03:00     all   16.16    0.00   18.63    0.27    0.00    9.86    0.00    0.00    0.00   55.07
23:03:01     all   15.53    0.00   18.53    0.00    0.00   10.35    0.00    0.00    0.00   55.59
23:03:02     all   16.26    0.00   18.43    0.00    0.00    9.49    0.00    0.00    0.00   55.83
23:03:03     all   16.94    0.00   19.13    0.00    0.00    8.47    0.00    0.00    0.00   55.46
23:03:04     all   15.51    0.00   18.28    0.00    0.00    9.70    0.00    0.00    0.00   56.51
23:03:05     all   17.12    0.00   17.93    0.00    0.00    8.97    0.00    0.00    0.00   55.98
23:03:06     all   16.26    0.00   18.43    0.00    0.00    9.49    0.00    0.00    0.00   55.83
23:03:07     all   17.34    0.00   18.16    0.00    0.00    8.67    0.00    0.00    0.00   55.83
23:03:08     all   16.03    0.00   19.29    0.00    0.00    8.42    0.00    0.00    0.00   56.25
23:03:09     all   16.27    0.00   19.20    0.00    0.00    8.80    0.27    0.00    0.00   55.47
23:03:10     all   18.03    0.00   16.94    0.00    0.00    8.74    0.00    0.00    0.00   56.28
23:03:11     all   16.16    0.00   17.81    0.00    0.00    9.86    0.00    0.00    0.00   56.16
23:03:12     all   16.49    0.00   18.92    0.00    0.00    8.92    0.00    0.00    0.00   55.68
23:03:13     all   11.68    0.00   13.32    0.00    0.00    6.52    0.00    0.00    0.00   68.48
23:03:14     all   18.98    0.00   21.25    0.00    0.00   13.03    0.00    0.00    0.00   46.74
23:03:15     all   32.33    0.00   27.95    0.00    0.00   15.89    0.00    0.00    0.00   23.84
23:03:16     all   18.16    0.00   23.34    0.00    0.00   14.99    0.00    0.00    0.00   43.52
23:03:17     all   17.44    0.00   23.84    0.00    0.00   14.53    0.00    0.00    0.00   44.19
23:03:18     all   17.84    0.00   24.85    0.00    0.00   16.96    0.00    0.00    0.00   40.35
23:03:19     all   17.30    0.00   25.22    0.00    0.00   14.96    0.00    0.00    0.00   42.52
23:03:20     all   17.35    0.00   23.24    0.29    0.00   15.29    0.00    0.00    0.00   43.82
23:03:21     all   16.77    0.00   23.35    0.00    0.00   15.87    0.00    0.00    0.00   44.01
23:03:22     all   16.47    0.00   25.72    0.00    0.00   15.03    0.29    0.00    0.00   42.49
23:03:23     all   15.13    0.00   22.26    0.00    0.00   14.84    0.00    0.00    0.00   47.77
23:03:24     all   18.62    0.00   26.36    0.00    0.00   14.90    0.29    0.00    0.00   39.83
23:03:25     all   18.60    0.00   27.03    0.00    0.00   16.28    0.00    0.00    0.00   38.08
23:03:26     all   17.29    0.00   23.63    0.00    0.00   14.12    0.00    0.00    0.00   44.96
23:03:27     all   15.76    0.00   24.64    0.00    0.00   16.62    0.00    0.00    0.00   42.98
23:03:28     all   18.08    0.00   24.78    0.00    0.00   15.45    0.00    0.00    0.00   41.69
23:03:29     all   17.30    0.00   25.22    0.00    0.00   15.84    0.00    0.00    0.00   41.64
23:03:30     all   17.84    0.00   25.73    0.00    0.00   14.91    0.00    0.00    0.00   41.52
23:03:31     all   15.65    0.00   23.48    0.00    0.00   13.62    0.00    0.00    0.00   47.25
23:03:32     all   17.61    0.00   27.56    0.00    0.00   17.05    0.00    0.00    0.00   37.78
23:03:33     all   16.57    0.00   24.10    0.00    0.00   14.16    0.00    0.00    0.00   45.18
23:03:34     all   17.34    0.00   26.88    0.00    0.00   16.47    0.00    0.00    0.00   39.31
23:03:35     all   17.24    0.00   22.41    0.00    0.00   14.94    0.00    0.00    0.00   45.40
23:03:36     all   16.09    0.00   24.43    0.00    0.00   12.93    0.00    0.00    0.00   46.55
23:03:37     all   15.59    0.00   22.06    0.00    0.00   13.24    0.00    0.00    0.00   49.12
23:03:38     all   16.76    0.00   21.97    0.00    0.00   14.16    0.00    0.00    0.00   47.11
23:03:39     all   16.52    0.00   23.36    0.00    0.00   15.10    0.00    0.00    0.00   45.01
23:03:40     all   15.23    0.00   22.70    0.00    0.00   14.08    0.00    0.00    0.00   47.99
23:03:41     all   16.85    0.00   26.80    0.00    0.00   13.81    0.00    0.00    0.00   42.54
23:03:42     all   18.86    0.00   26.57    0.00    0.00   15.71    0.00    0.00    0.00   38.86
23:03:43     all   14.05    0.00   16.80    0.00    0.00   11.57    0.00    0.00    0.00   57.58
23:03:44     all   19.14    0.00   23.71    0.00    0.00   16.00    0.00    0.00    0.00   41.14
23:03:45     all   19.53    0.00   25.36    0.00    0.00   17.20    0.00    0.00    0.00   37.90
23:03:46     all   20.41    0.00   26.24    0.00    0.00   17.49    0.00    0.00    0.00   35.86
23:03:47     all   20.00    0.00   26.96    0.00    0.00   16.81    0.00    0.00    0.00   36.23
23:03:48     all   20.06    0.00   25.00    0.00    0.00   18.31    0.29    0.00    0.00   36.34
23:03:49     all   20.41    0.00   26.04    0.00    0.00   16.86    0.00    0.00    0.00   36.69
23:03:50     all   18.18    0.00   31.25    0.00    0.00   17.05    0.00    0.00    0.00   33.52
23:03:51     all   17.96    0.00   32.04    0.00    0.00   17.40    0.00    0.00    0.00   32.60
23:03:52     all   17.17    0.00   31.86    0.00    0.00   17.73    0.00    0.00    0.00   33.24
23:03:53     all   17.22    0.00   34.17    0.00    0.00   15.28    0.00    0.00    0.00   33.33
23:03:54     all   17.42    0.00   30.90    0.00    0.00   18.26    0.00    0.00    0.00   33.43
23:03:55     all   19.66    0.00   29.78    0.00    0.00   17.98    0.00    0.00    0.00   32.58
23:03:56     all   20.74    0.00   28.98    0.00    0.00   17.33    0.00    0.00    0.00   32.95
23:03:57     all   18.93    0.00   31.36    0.00    0.00   16.95    0.00    0.00    0.00   32.77
23:03:58     all   19.88    0.00   27.09    0.00    0.00   17.29    0.00    0.00    0.00   35.73
23:03:59     all   20.69    0.00   26.44    0.00    0.00   16.38    0.00    0.00    0.00   36.49
23:04:00     all   18.46    0.00   33.33    0.00    0.00   15.43    0.00    0.00    0.00   32.78
23:04:01     all   17.88    0.00   32.68    0.00    0.00   17.04    0.00    0.00    0.00   32.40
23:04:02     all   17.96    0.00   32.32    0.00    0.00   16.57    0.00    0.00    0.00   33.15
23:04:03     all   17.33    0.00   35.20    0.00    0.00   15.73    0.00    0.00    0.00   31.73
23:04:04     all   16.75    0.00   35.34    0.00    0.00   16.23    0.00    0.00    0.00   31.68
23:04:05     all   17.07    0.00   36.00    0.00    0.00   15.73    0.00    0.00    0.00   31.20
23:04:06     all   16.80    0.00   35.17    0.00    0.00   17.06    0.00    0.00    0.00   30.97
23:04:07     all   16.94    0.00   36.02    0.00    0.00   15.59    0.00    0.00    0.00   31.45
23:04:08     all   18.21    0.00   33.97    0.00    0.00   16.03    0.00    0.00    0.00   31.79
23:04:09     all   17.87    0.00   35.73    0.00    0.00   14.93    0.00    0.00    0.00   31.47
23:04:10     all   17.40    0.00   33.98    0.00    0.00   16.02    0.00    0.00    0.00   32.60
23:04:11     all   16.67    0.00   35.48    0.00    0.00   16.40    0.00    0.00    0.00   31.45
23:04:12     all   17.60    0.00   34.93    0.00    0.00   16.00    0.00    0.00    0.00   31.47
23:04:13     all   16.85    0.00   26.24    0.28    0.00   13.54    0.00    0.00    0.00   43.09
23:04:14     all   20.22    0.00   32.58    0.00    0.00   17.13    0.00    0.00    0.00   30.06
23:04:15     all   22.25    0.00   30.14    0.00    0.00   17.46    0.00    0.00    0.00   30.14
23:04:16     all   21.37    0.00   33.15    0.00    0.00   16.44    0.00    0.00    0.00   29.04
23:04:17     all   27.87    0.00   35.25    0.00    0.00   16.94    0.00    0.00    0.00   19.95
23:04:18     all   31.04    0.00   33.24    0.00    0.00   17.03    0.00    0.00    0.00   18.68
23:04:19     all   20.44    0.00   34.81    0.00    0.00   16.30    0.00    0.00    0.00   28.45
23:04:20     all   18.41    0.00   34.28    0.00    0.00   17.00    0.00    0.00    0.00   30.31
23:04:21     all   18.23    0.00   34.53    0.00    0.00   15.75    0.28    0.00    0.00   31.22
23:04:22     all   17.03    0.00   35.99    0.00    0.00   15.93    0.00    0.00    0.00   31.04
23:04:23     all   18.58    0.00   36.07    0.00    0.00   15.30    0.00    0.00    0.00   30.05
23:04:24     all   16.53    0.00   37.94    0.00    0.00   15.18    0.00    0.00    0.00   30.35
23:04:25     all   16.71    0.00   37.93    0.00    0.00   15.12    0.00    0.00    0.00   30.24
23:04:26     all   16.05    0.00   38.68    0.00    0.00   15.00    0.00    0.00    0.00   30.26
23:04:27     all   16.24    0.00   38.92    0.00    0.00   15.21    0.00    0.00    0.00   29.64
23:04:28     all   16.58    0.00   38.16    0.00    0.00   14.47    0.00    0.00    0.00   30.79
23:04:29     all   15.45    0.00   38.48    0.00    0.00   16.23    0.00    0.00    0.00   29.84
23:04:30     all   16.67    0.00   39.06    0.00    0.00   14.06    0.00    0.00    0.00   30.21
23:04:31     all   16.62    0.00   38.96    0.00    0.00   15.32    0.00    0.00    0.00   29.09
23:04:32     all   16.45    0.00   39.07    0.00    0.00   15.68    0.00    0.00    0.00   28.79
23:04:33     all   15.84    0.00   39.74    0.00    0.00   15.06    0.00    0.00    0.00   29.35
23:04:34     all   16.32    0.00   38.16    0.00    0.00   15.26    0.00    0.00    0.00   30.26
23:04:35     all   16.28    0.00   40.57    0.00    0.00   14.21    0.00    0.00    0.00   28.94
23:04:36     all   16.32    0.00   38.16    0.00    0.00   15.53    0.00    0.00    0.00   30.00
23:04:37     all   16.32    0.00   38.68    0.00    0.00   14.74    0.00    0.00    0.00   30.26
23:04:38     all   20.71    0.00   34.33    0.00    0.00   14.99    0.00    0.00    0.00   29.97
23:04:39     all   19.09    0.00   36.83    0.00    0.00   14.25    0.00    0.00    0.00   29.84
23:04:40     all   17.39    0.00   37.23    0.00    0.00   14.67    0.00    0.00    0.00   30.71
23:04:41     all   14.74    0.00   35.79    0.00    0.00   14.74    0.00    0.00    0.00   34.74
23:04:42     all   16.41    0.00   35.42    0.00    0.00   14.06    0.00    0.00    0.00   34.11
23:04:43     all    5.84    0.00   11.68    0.25    0.00    5.08    0.00    0.00    0.00   77.16
23:04:44     all    1.01    0.00    3.04    0.00    0.00    1.52    0.00    0.00    0.00   94.43
23:04:45     all    2.30    0.00    3.57    0.00    0.00    2.30    0.00    0.00    0.00   91.84
23:04:46     all    1.79    0.00    3.08    0.00    0.00    3.08    0.00    0.00    0.00   92.05
23:04:47     all    2.03    0.00    3.55    0.00    0.00    2.54    0.00    0.00    0.00   91.88
23:04:48     all    2.31    0.00    3.08    0.00    0.00    2.31    0.00    0.00    0.00   92.29
23:04:49     all    2.79    0.00    2.79    0.00    0.00    2.54    0.00    0.00    0.00   91.88
23:04:50     all    2.31    0.00    3.59    0.00    0.00    2.31    0.00    0.00    0.00   91.79
23:04:51     all    2.04    0.00    3.32    0.00    0.00    2.55    0.00    0.00    0.00   92.09
23:04:52     all    2.79    0.00    3.81    0.00    0.00    2.03    0.00    0.00    0.00   91.37
23:04:53     all    2.30    0.00    3.32    0.00    0.00    2.55    0.26    0.00    0.00   91.58
23:04:54     all    2.31    0.00    2.83    0.00    0.00    2.31    0.00    0.00    0.00   92.54
23:04:55     all    2.54    0.00    3.82    0.00    0.00    2.04    0.00    0.00    0.00   91.60
23:04:56     all    2.83    0.00    3.08    0.00    0.00    1.80    0.00    0.00    0.00   92.29
23:04:57     all    2.52    0.00    3.78    0.00    0.00    3.02    0.25    0.00    0.00   90.43
23:04:58     all    2.29    0.00    3.82    0.00    0.00    2.29    0.00    0.00    0.00   91.60
23:04:59     all    2.79    0.00    3.05    0.00    0.00    3.05    0.00    0.00    0.00   91.12
23:05:00     all    2.56    0.00    3.07    0.00    0.00    2.30    0.00    0.00    0.00   92.07
23:05:01     all    2.30    0.00    3.32    0.00    0.00    2.30    0.00    0.00    0.00   92.07
23:05:02     all    2.81    0.00    3.84    0.00    0.00    2.05    0.00    0.00    0.00   91.30
23:05:03     all    2.06    0.00    2.84    0.00    0.00    2.32    0.00    0.00    0.00   92.78
23:05:04     all    2.30    0.00    2.81    0.00    0.00    2.81    0.26    0.00    0.00   91.82
23:05:05     all    2.30    0.00    2.81    0.00    0.00    2.05    0.00    0.00    0.00   92.84
23:05:06     all    2.28    0.00    4.31    0.00    0.00    2.28    0.00    0.00    0.00   91.12
23:05:07     all    2.53    0.00    3.54    0.00    0.00    2.78    0.00    0.00    0.00   91.14
23:05:08     all    1.79    0.00    3.33    0.00    0.00    2.31    0.26    0.00    0.00   92.31
23:05:09     all    2.56    0.00    2.82    0.00    0.00    2.31    0.00    0.00    0.00   92.31
23:05:10     all    2.55    0.00    3.06    0.00    0.00    2.81    0.00    0.00    0.00   91.58
23:05:11     all    2.56    0.00    2.81    0.00    0.00    2.56    0.00    0.00    0.00   92.07
23:05:12     all    2.04    0.00    3.56    0.00    0.00    2.80    0.00    0.00    0.00   91.60
23:05:13     all    1.52    0.00    1.77    0.00    0.00    1.52    0.00    0.00    0.00   95.20
23:05:14     all    3.03    0.00    3.03    0.00    0.00    1.77    0.00    0.00    0.00   92.17
23:05:15     all    5.43    0.00    5.68    0.00    0.00    4.91    0.00    0.00    0.00   83.98
23:05:16     all    4.39    0.00    6.72    0.00    0.00    5.17    0.00    0.00    0.00   83.72
23:05:17     all    4.00    0.00    5.87    0.00    0.00    4.53    0.00    0.00    0.00   85.60
23:05:18     all    5.48    0.00    6.53    0.00    0.00    4.18    0.00    0.00    0.00   83.81
23:05:19     all    5.56    0.00    5.82    0.00    0.00    4.50    0.00    0.00    0.00   84.13
23:05:20     all   17.05    0.00   10.85    0.00    0.00    5.68    0.00    0.00    0.00   66.41
23:05:21     all    4.26    0.00    6.65    0.00    0.00    4.26    0.00    0.00    0.00   84.84
23:05:22     all    5.26    0.00    5.79    0.00    0.00    4.74    0.00    0.00    0.00   84.21
23:05:23     all    4.19    0.00    5.76    0.00    0.00    5.24    0.26    0.00    0.00   84.55
23:05:24     all    5.24    0.00    6.02    0.00    0.00    4.45    0.00    0.00    0.00   84.29
23:05:25     all    4.49    0.00    6.60    0.00    0.00    4.75    0.00    0.00    0.00   84.17
23:05:26     all    4.26    0.00    6.12    0.00    0.00    4.79    0.00    0.00    0.00   84.84
23:05:27     all    4.71    0.00    6.02    0.00    0.00    5.50    0.00    0.00    0.00   83.77
23:05:28     all    5.00    0.00    5.79    0.00    0.00    4.74    0.00    0.00    0.00   84.47
23:05:29     all    4.97    0.00    5.50    0.00    0.00    5.76    0.00    0.00    0.00   83.77
23:05:30     all    4.22    0.00    5.28    0.00    0.00    5.28    0.26    0.00    0.00   84.96
23:05:31     all    4.72    0.00    6.04    0.00    0.00    4.99    0.26    0.00    0.00   83.99
23:05:32     all    4.47    0.00    6.05    0.00    0.00    5.00    0.00    0.00    0.00   84.47
23:05:33     all    4.50    0.00    5.82    0.00    0.00    4.76    0.00    0.00    0.00   84.92
23:05:34     all    4.74    0.00    5.26    0.00    0.00    5.53    0.00    0.00    0.00   84.47
23:05:35     all    4.81    0.00    5.61    0.00    0.00    4.28    0.00    0.00    0.00   85.29
23:05:36     all    4.72    0.00    5.77    0.00    0.00    4.72    0.00    0.00    0.00   84.78
23:05:37     all    4.26    0.00    6.12    0.00    0.00    4.52    0.00    0.00    0.00   85.11
23:05:38     all    5.03    0.00    5.56    0.00    0.00    4.50    0.00    0.00    0.00   84.92
23:05:39     all    4.74    0.00    6.05    0.00    0.00    5.00    0.00    0.00    0.00   84.21
23:05:40     all    3.98    0.00    6.63    0.00    0.00    4.24    0.00    0.00    0.00   85.15
23:05:41     all    4.75    0.00    5.54    0.00    0.00    4.49    0.00    0.00    0.00   85.22
23:05:42     all    4.46    0.00    5.51    0.00    0.00    5.25    0.00    0.00    0.00   84.78
23:05:43     all    2.05    0.00    4.62    0.26    0.00    2.56    0.00    0.00    0.00   90.51
23:05:44     all    5.32    0.00    2.03    0.00    0.00    1.27    0.00    0.00    0.00   91.39
23:05:45     all   14.99    0.00    5.17    0.00    0.00    4.65    0.00    0.00    0.00   75.19
23:05:46     all   16.84    0.00    7.11    0.00    0.00    5.00    0.00    0.00    0.00   71.05
23:05:47     all   12.07    0.00    9.97    0.00    0.00    7.61    0.00    0.00    0.00   70.34
23:05:48     all    6.22    0.00   12.69    0.00    0.00    9.33    0.00    0.00    0.00   71.76
23:05:49     all    5.45    0.00   12.73    0.00    0.00    8.31    0.00    0.00    0.00   73.51
23:05:50     all    4.99    0.00   12.34    0.00    0.00    8.92    0.00    0.00    0.00   73.75
23:05:51     all    5.53    0.00   11.32    0.00    0.00    8.68    0.26    0.00    0.00   74.21
23:05:52     all    5.84    0.00   12.47    0.00    0.00    6.90    0.00    0.00    0.00   74.80
23:05:53     all    4.96    0.00   12.27    0.00    0.00    8.62    0.00    0.00    0.00   74.15
23:05:54     all    4.74    0.00   12.37    0.00    0.00    8.95    0.00    0.00    0.00   73.95
23:05:55     all    5.56    0.00   12.43    0.00    0.00    8.73    0.00    0.00    0.00   73.28
23:05:56     all    5.33    0.00   13.33    0.00    0.00    7.47    0.00    0.00    0.00   73.87
23:05:57     all    5.25    0.00   12.86    0.00    0.00    8.66    0.00    0.00    0.00   73.23
23:05:58     all    5.24    0.00   13.35    0.00    0.00    9.16    0.00    0.00    0.00   72.25
23:05:59     all    5.51    0.00   13.91    0.00    0.00    8.66    0.26    0.00    0.00   71.65
23:06:00     all    5.24    0.00   12.83    0.00    0.00    8.90    0.00    0.00    0.00   73.04
23:06:01     all    4.76    0.00   10.85    0.00    0.00   10.05    0.00    0.00    0.00   74.34
23:06:02     all    5.01    0.00   12.66    0.00    0.00    8.97    0.00    0.00    0.00   73.35
23:06:03     all    4.74    0.00   12.37    0.00    0.00    8.42    0.00    0.00    0.00   74.47
23:06:04     all    5.79    0.00   12.11    0.00    0.00    9.21    0.00    0.00    0.00   72.89
23:06:05     all    4.99    0.00   12.86    0.00    0.00    8.14    0.00    0.00    0.00   74.02
23:06:06     all    4.27    0.00   11.47    0.00    0.00    9.33    0.00    0.00    0.00   74.93
23:06:07     all    5.26    0.00   11.58    0.00    0.00    8.42    0.00    0.00    0.00   74.74
23:06:08     all    5.56    0.00   13.49    0.00    0.00    8.47    0.00    0.00    0.00   72.49
23:06:09     all    4.75    0.00   11.87    0.00    0.00    8.97    0.00    0.00    0.00   74.41
23:06:10     all    4.45    0.00   12.83    0.00    0.00    9.69    0.00    0.00    0.00   73.04
23:06:11     all    5.54    0.00   12.66    0.00    0.00    8.18    0.00    0.00    0.00   73.61
23:06:12     all    5.01    0.00   12.40    0.00    0.00    8.71    0.00    0.00    0.00   73.88
23:06:13     all    3.62    0.00    8.53    0.00    0.00    5.43    0.00    0.00    0.00   82.43
23:06:14     all    6.08    0.00    1.77    0.00    0.00    1.52    0.00    0.00    0.00   90.63
23:06:15     all   28.28    0.00    5.56    0.00    0.00    4.55    0.00    0.00    0.00   61.62
23:06:16     all   33.68    0.00    7.25    0.00    0.00    4.92    0.26    0.00    0.00   53.89
23:06:17     all   31.11    0.00   10.03    0.00    0.00    6.94    0.00    0.00    0.00   51.93
23:06:18     all   27.60    0.00   12.76    0.00    0.00    8.85    0.00    0.00    0.00   50.78
23:06:19     all   25.06    0.00   13.55    0.00    0.00    9.46    0.26    0.00    0.00   51.66
23:06:20     all   21.86    0.00   12.81    0.00    0.00   10.30    0.00    0.00    0.00   55.03
23:06:21     all   18.67    0.00   14.58    0.00    0.00   10.49    0.26    0.00    0.00   56.01
23:06:22     all   24.81    0.00   18.86    0.00    0.00   11.11    0.00    0.00    0.00   45.22
23:06:23     all    7.96    0.00   15.12    0.00    0.00    9.02    0.00    0.00    0.00   67.90
23:06:24     all    5.00    0.00   14.47    0.00    0.00   10.00    0.00    0.00    0.00   70.53
23:06:25     all    5.25    0.00   13.65    0.00    0.00   11.29    0.00    0.00    0.00   69.82
23:06:26     all    6.20    0.00   14.99    0.00    0.00   10.59    0.00    0.00    0.00   68.22
23:06:27     all    6.01    0.00   15.14    0.00    0.00   11.49    0.00    0.00    0.00   67.36
23:06:28     all    5.66    0.00   13.37    0.00    0.00   10.03    0.00    0.00    0.00   70.95
23:06:29     all    6.25    0.00   13.28    0.00    0.00   10.68    0.00    0.00    0.00   69.79
23:06:30     all    6.47    0.00   13.75    0.00    0.00    8.89    0.27    0.00    0.00   70.62
23:06:31     all    4.40    0.00   12.95    0.00    0.00   10.88    0.00    0.00    0.00   71.76
23:06:32     all    5.48    0.00   14.62    0.00    0.00    9.40    0.00    0.00    0.00   70.50
23:06:33     all    7.69    0.00   17.44    0.00    0.00   12.82    0.00    0.00    0.00   62.05
23:06:34     all    7.63    0.00   18.07    0.00    0.00   12.47    0.00    0.00    0.00   61.83
23:06:35     all    6.74    0.00   17.36    0.00    0.00   12.69    0.00    0.00    0.00   63.21
23:06:36     all    6.67    0.00   18.21    0.00    0.00   13.33    0.00    0.00    0.00   61.79
23:06:37     all    5.94    0.00   13.95    0.00    0.00   11.89    0.00    0.00    0.00   68.22
23:06:38     all    5.82    0.00   14.02    0.00    0.00   11.11    0.00    0.00    0.00   69.05
23:06:39     all    6.43    0.00   14.40    0.00    0.00   11.57    0.00    0.00    0.00   67.61
23:06:40     all    6.35    0.00   15.08    0.00    0.00    9.79    0.00    0.00    0.00   68.78
23:06:41     all    5.41    0.00   15.14    0.00    0.00    9.46    0.00    0.00    0.00   70.00
23:06:42     all    4.97    0.00   13.87    0.26    0.00   10.21    0.00    0.00    0.00   70.68
