1790895641 111852
1790895642 143432
1790895643 180740
1790895644 211760
1790895645 216236
1790895647 216896
1790895648 217212
1790895649 217232
1790895650 217252
1790895651 217372
1790895652 217400
1790895653 217420
1790895654 217560
1790895655 217568
1790895656 217584
1790895657 217612
1790895658 217620
1790895659 217652
1790895660 217656
1790895661 217656
1790895662 217668
1790895663 217668
1790895664 217668
1790895665 217676
1790895666 217676
1790895667 217676
1790895668 217676
1790895669 217676
1790895670 217680
1790895671 217680
1790895672 217864
1790895673 237060
1790895675 285148
1790895676 286592
1790895677 319548
1790895678 319624
1790895679 319664
1790895680 319712
1790895681 319736
1790895682 319772
1790895683 319796
1790895684 319828
1790895685 319848
1790895686 319892
1790895687 319912
1790895688 319928
1790895689 319944
1790895690 319956
1790895691 319968
1790895692 319972
1790895693 319992
1790895694 320000
1790895695 320016
1790895696 320028
1790895697 320040
1790895698 320040
1790895699 320052
1790895700 319900
1790895701 319908
1790895703 320480
1790895704 320504
1790895705 320508
1790895706 320512
1790895707 320516
1790895708 320520
1790895709 320520
1790895710 320520
1790895711 320524
1790895712 320524
1790895713 320524
1790895714 320524
1790895715 320524
1790895716 320524
1790895717 320524
1790895718 320528
1790895719 320976
1790895720 320976
1790895721 321424
1790895722 321424
1790895723 321424
1790895724 321424
1790895725 321424
1790895726 321424
1790895727 321424
1790895728 321424
1790895729 321428
1790895730 321428
1790895731 321432
1790895733 321204
1790895734 321212
1790895735 321216
1790895736 321216
1790895737 321224
1790895738 321224
1790895739 321228
1790895740 321228
1790895741 321884
1790895742 322112
1790895743 322112
1790895744 322112
1790895745 322112
1790895746 322112
1790895747 322112
1790895748 322112
1790895749 322112
1790895750 322116
1790895751 322116
1790895752 322116
1790895753 322116
1790895754 322116
1790895755 322116
1790895756 322124
1790895758 322140
1790895759 322140
1790895760 322140
1790895761 322144
1790895762 322220
1790895763 322244
1790895764 322248
1790895765 322260
1790895766 322272
1790895767 322272
1790895768 322932
1790895769 323160
1790895770 323160
1790895771 323160
1790895772 323164
1790895773 323164
1790895774 323164
1790895775 323164
1790895776 323164
1790895778 323168
1790895779 323168
1790895780 323168
1790895781 323168
1790895782 323168
1790895783 323168
1790895784 323168
1790895785 323168
1790895786 323168
1790895787 323168
1790895788 323172
1790895789 323172
1790895790 323172
1790895791 323172
1790895792 323200
1790895793 323212
1790895794 323212
1790895795 323216
1790895797 323636
1790895798 324124
1790895799 324124
1790895800 324124
1790895801 324128
1790895802 324128
1790895803 324128
1790895804 324132
1790895805 324136
1790895806 324136
1790895807 324136
1790895808 324136
1790895810 324136
1790895811 324136
1790895812 324136
1790895813 324136
1790895814 324136
1790895815 324140
1790895816 324140
1790895817 324144
1790895818 324144
1790895819 324144
1790895820 324144
1790895821 324144
1790895822 324184
1790895823 324188
1790895825 324196
1790895826 324196
1790895827 324868
1790895828 325096
1790895829 325096
1790895830 325096
1790895831 325096
1790895832 325096
1790895833 325096
1790895834 325096
1790895835 325096
1790895836 325096
1790895837 325096
1790895838 325096
1790895840 325096
1790895841 325096
1790895842 325096
1790895843 325096
1790895844 325096
1790895845 325096
1790895846 325100
1790895847 325100
1790895848 325108
1790895850 325108
1790895851 325108
1790895852 325108
1790895853 325120
1790895854 325124
1790895855 325132
1790895856 326004
1790895857 326004
1790895858 326004
1790895859 326004
1790895860 326004
1790895862 326004
1790895863 326004
1790895864 326004
1790895865 326004
1790895866 326004
1790895867 326004
1790895868 326004
1790895869 326008
1790895871 326008
1790895872 326012
1790895873 326012
1790895874 326012
1790895875 326016
1790895876 326016
1790895877 326016
1790895878 326016
1790895879 326016
1790895881 326016
1790895882 326016
1790895883 326316
1790895884 326396
1790895885 326416
1790895886 326428
1790895887 326444
1790895888 326460
1790895889 326484
1790895890 326504
1790895891 329900
1790895892 329912
1790895893 329924
1790895894 329936
1790895895 329956
1790895896 329964
1790895897 329972
1790895898 329984
1790895899 329988
1790895900 330000
1790895901 330008
1790895902 330016
1790895904 330028
1790895905 330032
1790895906 330044
1790895907 330056
1790895908 330064
1790895909 330076
1790895910 330088
1790895911 330100
1790895912 330112
1790895913 330120
1790895914 330148
1790895915 395980
1790895916 396172
1790895917 447800
1790895918 447892
1790895919 447936
1790895920 449336
1790895921 449444
1790895922 449468
1790895923 449500
1790895924 449516
1790895925 449524
1790895927 449544
1790895928 449568
1790895929 449576
1790895930 449608
1790895931 449632
1790895932 449652
1790895933 449676
1790895934 449692
1790895935 449708
1790895936 449764
1790895937 449788
1790895938 449804
1790895939 449828
1790895940 450368
1790895941 450376
1790895942 511956
1790895943 511972
1790895944 512128
1790895945 517620
1790895946 551268
1790895947 605016
1790895949 701020
1790895950 761820
1790895951 761972
1790895952 762056
1790895953 762616
1790895954 762632
1790895955 762672
1790895956 762712
1790895957 762756
1790895958 762816
1790895959 762856
1790895960 762932
1790895961 762984
1790895962 763528
1790895963 763544
1790895964 763632
1790895966 763692
1790895967 763740
1790895968 763788
1790895969 764068
1790895970 764100
1790895971 764140
1790895972 764668
1790895973 767376
1790895974 767416
1790895975 767436
1790895976 767488
1790895977 767548
1790895978 826432
1790895979 834300
1790895980 893872
1790895981 899884
1790895982 957884
1790895984 1011148
1790895985 1012736
1790895986 1018428
1790895987 1018456
1790895988 1018632
1790895989 1019932
1790895990 1020996
1790895991 1022068
1790895992 1022088
1790895993 1022140
1790895994 1022188
1790895995 1022240
1790895996 1022272
1790895997 1023284
1790895998 1026664
1790896000 1026700
1790896001 1026756
1790896002 1026868
