Running 30s test @ http://10.116.0.2:8080/json
  4 threads and 256 connections
  Thread calibration: mean lat.: 1.124ms, rate sampling interval: 10ms
  Thread calibration: mean lat.: 1.162ms, rate sampling interval: 10ms
  Thread calibration: mean lat.: 1.394ms, rate sampling interval: 10ms
  Thread calibration: mean lat.: 1.383ms, rate sampling interval: 10ms
  Thread Stats   Avg      Stdev     Max   +/- Stdev
    Latency     1.26ms  551.40us   5.59ms   66.61%
    Req/Sec     5.27k     1.53k    7.11k    78.39%
  Latency Distribution (HdrHistogram - Recorded Latency)
 50.000%    1.20ms
 75.000%    1.62ms
 90.000%    2.01ms
 99.000%    2.69ms
 99.900%    3.36ms
 99.990%    4.55ms
 99.999%    5.28ms
100.000%    5.59ms

  Detailed Percentile spectrum:
       Value   Percentile   TotalCount 1/(1-Percentile)

       0.202     0.000000            1         1.00
       0.573     0.100000        39511         1.11
       0.753     0.200000        78843         1.25
       0.908     0.300000       118256         1.43
       1.056     0.400000       157664         1.67
       1.202     0.500000       196827         2.00
       1.278     0.550000       216547         2.22
       1.357     0.600000       236374         2.50
       1.440     0.650000       256019         2.86
       1.530     0.700000       275727         3.33
       1.623     0.750000       295323         4.00
       1.672     0.775000       305180         4.44
       1.724     0.800000       314986         5.00
       1.780     0.825000       324819         5.71
       1.843     0.850000       334600         6.67
       1.919     0.875000       344485         8.00
       1.962     0.887500       349418         8.89
       2.007     0.900000       354364        10.00
       2.057     0.912500       359357        11.43
       2.111     0.925000       364210        13.33
       2.173     0.937500       369183        16.00
       2.205     0.943750       371546        17.78
       2.243     0.950000       374071        20.00
       2.281     0.956250       376420        22.86
       2.325     0.962500       378935        26.67
       2.379     0.968750       381377        32.00
       2.409     0.971875       382598        35.56
       2.441     0.975000       383820        40.00
       2.477     0.978125       385044        45.71
       2.519     0.981250       386258        53.33
       2.571     0.984375       387530        64.00
       2.597     0.985938       388151        71.11
       2.627     0.987500       388734        80.00
       2.663     0.989062       389332        91.43
       2.709     0.990625       389972       106.67
       2.755     0.992188       390569       128.00
       2.781     0.992969       390875       142.22
       2.813     0.993750       391180       160.00
       2.847     0.994531       391486       182.86
       2.891     0.995313       391795       213.33
       2.939     0.996094       392111       256.00
       2.963     0.996484       392257       284.44
       2.993     0.996875       392416       320.00
       3.029     0.997266       392565       365.71
       3.069     0.997656       392714       426.67
       3.127     0.998047       392869       512.00
       3.157     0.998242       392947       568.89
       3.191     0.998437       393026       640.00
       3.239     0.998633       393099       731.43
       3.303     0.998828       393177       853.33
       3.369     0.999023       393254      1024.00
       3.415     0.999121       393291      1137.78
       3.461     0.999219       393329      1280.00
       3.527     0.999316       393367      1462.86
       3.615     0.999414       393406      1706.67
       3.713     0.999512       393444      2048.00
       3.761     0.999561       393465      2275.56
       3.817     0.999609       393484      2560.00
       3.899     0.999658       393502      2925.71
       3.957     0.999707       393521      3413.33
       4.055     0.999756       393540      4096.00
       4.111     0.999780       393551      4551.11
       4.179     0.999805       393560      5120.00
       4.251     0.999829       393569      5851.43
       4.315     0.999854       393579      6826.67
       4.419     0.999878       393588      8192.00
       4.479     0.999890       393593      9102.22
       4.567     0.999902       393598     10240.00
       4.655     0.999915       393603     11702.86
       4.747     0.999927       393608     13653.33
       4.791     0.999939       393612     16384.00
       4.835     0.999945       393615     18204.44
       4.891     0.999951       393617     20480.00
       4.967     0.999957       393620     23405.71
       4.979     0.999963       393622     27306.67
       5.075     0.999969       393624     32768.00
       5.091     0.999973       393626     36408.89
       5.151     0.999976       393627     40960.00
       5.155     0.999979       393628     46811.43
       5.179     0.999982       393629     54613.33
       5.187     0.999985       393630     65536.00
       5.223     0.999986       393631     72817.78
       5.279     0.999988       393632     81920.00
       5.279     0.999989       393632     93622.86
       5.395     0.999991       393633    109226.67
       5.395     0.999992       393633    131072.00
       5.407     0.999993       393634    145635.56
       5.407     0.999994       393634    163840.00
       5.407     0.999995       393634    187245.71
       5.439     0.999995       393635    218453.33
       5.439     0.999996       393635    262144.00
       5.439     0.999997       393635    291271.11
       5.439     0.999997       393635    327680.00
       5.439     0.999997       393635    374491.43
       5.595     0.999998       393636    436906.67
       5.595     1.000000       393636          inf
#[Mean    =        1.258, StdDeviation   =        0.551]
#[Max     =        5.592, Total count    =       393636]
#[Buckets =           27, SubBuckets     =         2048]
----------------------------------------------------------
  588508 requests in 30.01s, 75.21MB read
Requests/sec:  19612.52
Transfer/sec:      2.51MB
