Running 30s test @ http://10.116.0.2:8080/block?ms=100
  4 threads and 4000 connections
  Thread calibration: mean lat.: 441.985ms, rate sampling interval: 1659ms
  Thread calibration: mean lat.: 407.490ms, rate sampling interval: 1677ms
  Thread calibration: mean lat.: 355.534ms, rate sampling interval: 1538ms
  Thread calibration: mean lat.: 453.476ms, rate sampling interval: 1880ms
  Thread Stats   Avg      Stdev     Max   +/- Stdev
    Latency     1.02s   693.57ms   3.43s    63.53%
    Req/Sec     8.57k   354.71     9.26k    60.61%
  Latency Distribution (HdrHistogram - Recorded Latency)
 50.000%  918.53ms
 75.000%    1.46s 
 90.000%    2.01s 
 99.000%    2.92s 
 99.900%    3.16s 
 99.990%    3.38s 
 99.999%    3.42s 
100.000%    3.43s 

  Detailed Percentile spectrum:
       Value   Percentile   TotalCount 1/(1-Percentile)

     100.351     0.000000            1         1.00
     157.695     0.100000        51444         1.11
     335.871     0.200000       102890         1.25
     562.175     0.300000       154326         1.43
     767.487     0.400000       205750         1.67
     918.527     0.500000       257147         2.00
     983.551     0.550000       282953         2.22
    1106.943     0.600000       308745         2.50
    1222.655     0.650000       334347         2.86
    1327.103     0.700000       360195         3.33
    1464.319     0.750000       385823         4.00
    1541.119     0.775000       398570         4.44
    1616.895     0.800000       411579         5.00
    1693.695     0.825000       424318         5.71
    1777.663     0.850000       437143         6.67
    1870.847     0.875000       450065         8.00
    1932.287     0.887500       456423         8.89
    2008.063     0.900000       462891        10.00
    2075.647     0.912500       469380        11.43
    2146.303     0.925000       475838        13.33
    2232.319     0.937500       482134        16.00
    2285.567     0.943750       485419        17.78
    2338.815     0.950000       488637        20.00
    2387.967     0.956250       491904        22.86
    2457.599     0.962500       495050        26.67
    2566.143     0.968750       498240        32.00
    2605.055     0.971875       499814        35.56
    2637.823     0.975000       501521        40.00
    2672.639     0.978125       503044        45.71
    2717.695     0.981250       504674        53.33
    2768.895     0.984375       506251        64.00
    2803.711     0.985938       507050        71.11
    2848.767     0.987500       507883        80.00
    2891.775     0.989062       508663        91.43
    2949.119     0.990625       509470       106.67
    3002.367     0.992188       510269       128.00
    3026.943     0.992969       510675       142.22
    3043.327     0.993750       511084       160.00
    3057.663     0.994531       511475       182.86
    3074.047     0.995313       511873       213.33
    3092.479     0.996094       512295       256.00
    3100.671     0.996484       512522       284.44
    3106.815     0.996875       512723       320.00
    3110.911     0.997266       512867       365.71
    3119.103     0.997656       513094       426.67
    3127.295     0.998047       513308       512.00
    3131.391     0.998242       513390       568.89
    3135.487     0.998437       513470       640.00
    3141.631     0.998633       513572       731.43
    3151.871     0.998828       513678       853.33
    3164.159     0.999023       513770      1024.00
    3172.351     0.999121       513837      1137.78
    3178.495     0.999219       513881      1280.00
    3184.639     0.999316       513934      1462.86
    3190.783     0.999414       513975      1706.67
    3201.023     0.999512       514024      2048.00
    3209.215     0.999561       514048      2275.56
    3231.743     0.999609       514070      2560.00
    3262.463     0.999658       514095      2925.71
    3301.375     0.999707       514119      3413.33
    3330.047     0.999756       514147      4096.00
    3344.383     0.999780       514161      4551.11
    3350.527     0.999805       514169      5120.00
    3358.719     0.999829       514188      5851.43
    3362.815     0.999854       514195      6826.67
    3368.959     0.999878       514209      8192.00
    3373.055     0.999890       514215      9102.22
    3377.151     0.999902       514220     10240.00
    3383.295     0.999915       514227     11702.86
    3387.391     0.999927       514234     13653.33
    3393.535     0.999939       514239     16384.00
    3401.727     0.999945       514242     18204.44
    3405.823     0.999951       514244     20480.00
    3409.919     0.999957       514250     23405.71
    3411.967     0.999963       514252     27306.67
    3414.015     0.999969       514255     32768.00
    3414.015     0.999973       514255     36408.89
    3416.063     0.999976       514258     40960.00
    3418.111     0.999979       514260     46811.43
    3418.111     0.999982       514260     54613.33
    3422.207     0.999985       514263     65536.00
    3422.207     0.999986       514263     72817.78
    3422.207     0.999988       514263     81920.00
    3424.255     0.999989       514266     93622.86
    3424.255     0.999991       514266    109226.67
    3424.255     0.999992       514266    131072.00
    3424.255     0.999993       514266    145635.56
    3424.255     0.999994       514266    163840.00
    3426.303     0.999995       514267    187245.71
    3426.303     0.999995       514267    218453.33
    3428.351     0.999996       514268    262144.00
    3428.351     0.999997       514268    291271.11
    3428.351     0.999997       514268    327680.00
    3428.351     0.999997       514268    374491.43
    3428.351     0.999998       514268    436906.67
    3430.399     0.999998       514269    524288.00
    3430.399     1.000000       514269          inf
#[Mean    =     1020.613, StdDeviation   =      693.574]
#[Max     =     3428.352, Total count    =       514269]
#[Buckets =           27, SubBuckets     =         2048]
----------------------------------------------------------
  937718 requests in 30.00s, 108.21MB read
Requests/sec:  31256.46
Transfer/sec:      3.61MB
