Running 30s test @ http://10.116.0.2:8080/block?ms=100
  4 threads and 1000 connections
  Thread calibration: mean lat.: 102.703ms, rate sampling interval: 208ms
  Thread calibration: mean lat.: 102.842ms, rate sampling interval: 209ms
  Thread calibration: mean lat.: 101.477ms, rate sampling interval: 204ms
  Thread calibration: mean lat.: 102.338ms, rate sampling interval: 207ms
  Thread Stats   Avg      Stdev     Max   +/- Stdev
    Latency   102.02ms    1.28ms 112.70ms   80.29%
    Req/Sec     2.25k   200.87     2.40k    86.94%
  Latency Distribution (HdrHistogram - Recorded Latency)
 50.000%  101.69ms
 75.000%  102.46ms
 90.000%  103.55ms
 99.000%  107.14ms
 99.900%  110.08ms
 99.990%  111.49ms
 99.999%  112.45ms
100.000%  112.77ms

  Detailed Percentile spectrum:
       Value   Percentile   TotalCount 1/(1-Percentile)

     100.287     0.000000            1         1.00
     100.863     0.100000        17677         1.11
     101.119     0.200000        36007         1.25
     101.311     0.300000        52043         1.43
     101.503     0.400000        68785         1.67
     101.695     0.500000        84284         2.00
     101.823     0.550000        93685         2.22
     101.951     0.600000       102275         2.50
     102.079     0.650000       109907         2.86
     102.271     0.700000       119562         3.33
     102.463     0.750000       127206         4.00
     102.591     0.775000       131498         4.44
     102.719     0.800000       135404         5.00
     102.911     0.825000       140259         5.71
     103.039     0.850000       143208         6.67
     103.295     0.875000       148105         8.00
     103.423     0.887500       150091         8.89
     103.551     0.900000       151952        10.00
     103.679     0.912500       153667        11.43
     103.935     0.925000       156371        13.33
     104.127     0.937500       157988        16.00
     104.255     0.943750       158965        17.78
     104.447     0.950000       160210        20.00
     104.639     0.956250       161206        22.86
     104.895     0.962500       162222        26.67
     105.215     0.968750       163274        32.00
     105.407     0.971875       163759        35.56
     105.599     0.975000       164223        40.00
     105.855     0.978125       164769        45.71
     106.175     0.981250       165346        53.33
     106.495     0.984375       165859        64.00
     106.623     0.985938       166037        71.11
     106.815     0.987500       166305        80.00
     107.007     0.989062       166588        91.43
     107.199     0.990625       166838       106.67
     107.455     0.992188       167106       128.00
     107.583     0.992969       167219       142.22
     107.775     0.993750       167372       160.00
     107.967     0.994531       167509       182.86
     108.159     0.995313       167612       213.33
     108.415     0.996094       167747       256.00
     108.607     0.996484       167833       284.44
     108.735     0.996875       167879       320.00
     108.927     0.997266       167955       365.71
     109.119     0.997656       168023       426.67
     109.311     0.998047       168082       512.00
     109.439     0.998242       168112       568.89
     109.567     0.998437       168141       640.00
     109.695     0.998633       168172       731.43
     109.951     0.998828       168214       853.33
     110.143     0.999023       168245      1024.00
     110.207     0.999121       168256      1137.78
     110.335     0.999219       168271      1280.00
     110.463     0.999316       168296      1462.86
     110.527     0.999414       168304      1706.67
     110.719     0.999512       168322      2048.00
     110.783     0.999561       168333      2275.56
     110.847     0.999609       168342      2560.00
     110.911     0.999658       168350      2925.71
     110.975     0.999707       168356      3413.33
     111.039     0.999756       168360      4096.00
     111.167     0.999780       168363      4551.11
     111.231     0.999805       168370      5120.00
     111.295     0.999829       168375      5851.43
     111.359     0.999854       168380      6826.67
     111.359     0.999878       168380      8192.00
     111.487     0.999890       168383      9102.22
     111.551     0.999902       168385     10240.00
     111.615     0.999915       168386     11702.86
     111.743     0.999927       168390     13653.33
     111.743     0.999939       168390     16384.00
     111.807     0.999945       168391     18204.44
     111.871     0.999951       168392     20480.00
     111.935     0.999957       168393     23405.71
     112.063     0.999963       168394     27306.67
     112.127     0.999969       168395     32768.00
     112.191     0.999973       168396     36408.89
     112.191     0.999976       168396     40960.00
     112.319     0.999979       168397     46811.43
     112.319     0.999982       168397     54613.33
     112.447     0.999985       168399     65536.00
     112.447     0.999986       168399     72817.78
     112.447     0.999988       168399     81920.00
     112.447     0.999989       168399     93622.86
     112.447     0.999991       168399    109226.67
     112.447     0.999992       168399    131072.00
     112.447     0.999993       168399    145635.56
     112.447     0.999994       168399    163840.00
     112.767     0.999995       168400    187245.71
     112.767     1.000000       168400          inf
#[Mean    =      102.018, StdDeviation   =        1.280]
#[Max     =      112.704, Total count    =       168400]
#[Buckets =           27, SubBuckets     =         2048]
----------------------------------------------------------
  261030 requests in 30.00s, 30.12MB read
Requests/sec:   8701.07
Transfer/sec:      1.00MB
