Running 30s test @ http://10.116.0.2:8080/json
  4 threads and 256 connections
  Thread calibration: mean lat.: 41.563ms, rate sampling interval: 221ms
  Thread calibration: mean lat.: 41.922ms, rate sampling interval: 184ms
  Thread calibration: mean lat.: 36.482ms, rate sampling interval: 168ms
  Thread calibration: mean lat.: 38.864ms, rate sampling interval: 174ms
  Thread Stats   Avg      Stdev     Max   +/- Stdev
    Latency   146.04ms  390.26ms   4.21s    91.35%
    Req/Sec    19.85k     1.27k   24.14k    72.71%
  Latency Distribution (HdrHistogram - Recorded Latency)
 50.000%    1.49ms
 75.000%  118.53ms
 90.000%  440.83ms
 99.000%    1.96s 
 99.900%    3.93s 
 99.990%    4.21s 
 99.999%    4.21s 
100.000%    4.21s 

  Detailed Percentile spectrum:
       Value   Percentile   TotalCount 1/(1-Percentile)

       0.208     0.000000            1         1.00
       0.687     0.100000       156258         1.11
       0.892     0.200000       311976         1.25
       1.071     0.300000       468027         1.43
       1.263     0.400000       623560         1.67
       1.491     0.500000       779480         2.00
       1.629     0.550000       857016         2.22
       1.811     0.600000       935052         2.50
       2.151     0.650000      1012645         2.86
       6.595     0.700000      1090539         3.33
     118.527     0.750000      1168444         4.00
     160.383     0.775000      1207463         4.44
     201.343     0.800000      1246388         5.00
     242.047     0.825000      1285285         5.71
     284.159     0.850000      1324284         6.67
     348.927     0.875000      1363192         8.00
     386.303     0.887500      1382641         8.89
     440.831     0.900000      1402149        10.00
     528.895     0.912500      1421622        11.43
     631.807     0.925000      1441118        13.33
     757.759     0.937500      1460586        16.00
     794.623     0.943750      1470418        17.78
     829.951     0.950000      1480190        20.00
     855.039     0.956250      1489783        22.86
     921.599     0.962500      1499507        26.67
     993.279     0.968750      1509223        32.00
    1032.703     0.971875      1514113        35.56
    1071.103     0.975000      1518972        40.00
    1111.039     0.978125      1523869        45.71
    1145.855     0.981250      1528702        53.33
    1273.855     0.984375      1533568        64.00
    1475.583     0.985938      1536007        71.11
    1642.495     0.987500      1538431        80.00
    1835.007     0.989062      1540864        91.43
    2054.143     0.990625      1543299       106.67
    2347.007     0.992188      1545737       128.00
    2492.415     0.992969      1546957       142.22
    2590.719     0.993750      1548172       160.00
    2756.607     0.994531      1549386       182.86
    2967.551     0.995313      1550601       213.33
    3164.159     0.996094      1551821       256.00
    3307.519     0.996484      1552427       284.44
    3379.199     0.996875      1553134       320.00
    3502.079     0.997266      1553647       365.71
    3631.103     0.997656      1554265       426.67
    3710.975     0.998047      1554861       512.00
    3796.991     0.998242      1555172       568.89
    3864.575     0.998437      1555532       640.00
    3866.623     0.998633      1555782       731.43
    3919.871     0.998828      1556296       853.33
    3944.447     0.999023      1556382      1024.00
    4014.079     0.999121      1556537      1137.78
    4069.375     0.999219      1556686      1280.00
    4079.615     0.999316      1556841      1462.86
    4081.663     0.999414      1557061      1706.67
    4091.903     0.999512      1557263      2048.00
    4091.903     0.999561      1557263      2275.56
    4093.951     0.999609      1557441      2560.00
    4093.951     0.999658      1557441      2925.71
    4095.999     0.999707      1557448      3413.33
    4179.967     0.999756      1557522      4096.00
    4206.591     0.999780      1557855      4551.11
    4206.591     0.999805      1557855      5120.00
    4206.591     0.999829      1557855      5851.43
    4206.591     0.999854      1557855      6826.67
    4206.591     0.999878      1557855      8192.00
    4206.591     0.999890      1557855      9102.22
    4206.591     0.999902      1557855     10240.00
    4206.591     0.999915      1557855     11702.86
    4206.591     0.999927      1557855     13653.33
    4206.591     0.999939      1557855     16384.00
    4206.591     0.999945      1557855     18204.44
    4206.591     0.999951      1557855     20480.00
    4206.591     0.999957      1557855     23405.71
    4206.591     0.999963      1557855     27306.67
    4206.591     0.999969      1557855     32768.00
    4210.687     0.999973      1557902     36408.89
    4210.687     1.000000      1557902          inf
#[Mean    =      146.045, StdDeviation   =      390.265]
#[Max     =     4206.592, Total count    =      1557902]
#[Buckets =           27, SubBuckets     =         2048]
----------------------------------------------------------
  2346138 requests in 30.00s, 299.82MB read
Requests/sec:  78205.15
Transfer/sec:      9.99MB
