Linux 6.8.0-142-generic (cafeai-bench-server) 	10/01/26 	_x86_64_	(4 CPU)

23:00:41     CPU    %usr   %nice    %sys %iowait    %irq   %soft  %steal  %guest  %gnice   %idle
23:00:42     all   63.07    0.00    5.03    0.00    0.00    1.76    0.25    0.00    0.00   29.90
23:00:43     all   80.70    0.00   12.28    0.00    0.00    6.52    0.00    0.00    0.00    0.50
23:00:44     all   79.00    0.00   13.50    0.00    0.00    7.00    0.00    0.00    0.00    0.50
23:00:45     all   76.63    0.00   15.58    0.00    0.00    7.54    0.00    0.00    0.00    0.25
23:00:46     all   74.42    0.00   14.83    0.00    0.00    7.16    0.26    0.00    0.00    3.32
23:00:47     all   47.37    0.00   10.79    0.00    0.00    4.74    0.00    0.00    0.00   37.11
23:00:48     all    8.96    0.00    5.88    0.00    0.00    3.92    0.00    0.00    0.00   81.23
23:00:49     all    8.26    0.00    6.34    0.28    0.00    3.31    0.00    0.00    0.00   81.82
23:00:50     all    7.48    0.00    6.37    0.00    0.00    3.88    0.28    0.00    0.00   81.99
23:00:51     all   13.32    0.00    6.52    0.27    0.00    4.08    0.00    0.00    0.00   75.82
23:00:52     all    6.96    0.00    5.57    0.00    0.00    3.62    0.00    0.00    0.00   83.84
23:00:53     all    6.67    0.00    6.39    0.00    0.00    3.33    0.00    0.00    0.00   83.61
23:00:54     all    7.07    0.00    7.07    0.00    0.00    2.72    0.27    0.00    0.00   82.88
23:00:55     all    6.34    0.00    5.79    0.00    0.00    3.31    0.55    0.00    0.00   84.02
23:00:56     all    6.96    0.00    6.41    0.00    0.00    3.34    0.00    0.00    0.00   83.29
23:00:57     all    6.98    0.00    5.87    0.00    0.00    2.51    0.28    0.00    0.00   84.36
23:00:58     all    6.67    0.00    5.56    0.00    0.00    3.33    0.00    0.00    0.00   84.44
23:00:59     all    6.65    0.00    5.54    0.00    0.00    3.32    0.00    0.00    0.00   84.49
23:01:00     all    6.34    0.00    6.61    0.00    0.00    3.58    0.00    0.00    0.00   83.47
23:01:01     all    6.46    0.00    4.78    0.00    0.00    3.09    0.00    0.00    0.00   85.67
23:01:02     all    6.48    0.00    5.92    0.00    0.00    3.38    0.00    0.00    0.00   84.23
23:01:03     all    6.04    0.00    5.77    0.00    0.00    4.12    0.27    0.00    0.00   83.79
23:01:04     all    6.37    0.00    6.09    0.00    0.00    3.32    0.00    0.00    0.00   84.21
23:01:05     all    6.65    0.00    6.37    0.00    0.00    3.88    0.00    0.00    0.00   83.10
23:01:06     all    5.82    0.00    4.71    0.00    0.00    3.05    0.55    0.00    0.00   85.87
23:01:07     all    6.04    0.00    5.77    0.00    0.00    4.12    0.00    0.00    0.00   84.07
23:01:08     all    7.14    0.00    5.77    0.00    0.00    3.85    0.27    0.00    0.00   82.97
23:01:09     all    6.91    0.00    5.80    0.00    0.00    3.31    0.00    0.00    0.00   83.98
23:01:10     all    6.63    0.00    6.35    0.00    0.00    3.59    0.00    0.00    0.00   83.43
23:01:11     all    7.20    0.00    7.47    0.00    0.00    3.73    0.00    0.00    0.00   81.60
23:01:12     all    3.58    0.00    2.05    0.00    0.00    1.53    0.00    0.00    0.00   92.84
23:01:13     all   54.80    0.00    5.30    0.00    0.00    3.03    0.00    0.00    0.00   36.87
23:01:14     all   69.92    0.00   10.28    0.00    0.00    6.02    0.00    0.00    0.00   13.78
23:01:15     all   54.04    0.00   12.12    0.00    0.00    3.79    0.00    0.00    0.00   30.05
23:01:16     all   24.11    0.00   10.15    0.00    0.00    3.55    0.25    0.00    0.00   61.93
23:01:17     all   16.58    0.00    9.30    0.00    0.00    3.27    0.00    0.00    0.00   70.85
23:01:18     all   12.34    0.00    9.32    0.00    0.00    3.53    0.00    0.00    0.00   74.81
23:01:19     all   12.85    0.00    9.57    0.00    0.00    3.27    0.00    0.00    0.00   74.31
23:01:20     all   13.13    0.00    9.34    2.27    0.00    3.03    0.25    0.00    0.00   71.97
23:01:21     all   11.73    0.00    9.18    0.00    0.00    3.06    0.00    0.00    0.00   76.02
23:01:22     all   12.28    0.00    9.77    0.00    0.00    3.26    0.00    0.00    0.00   74.69
23:01:23     all   10.54    0.00    9.00    0.00    0.00    3.60    0.00    0.00    0.00   76.86
23:01:24     all   11.62    0.00   10.10    0.00    0.00    3.03    0.00    0.00    0.00   75.25
23:01:25     all   11.65    0.00    9.62    0.00    0.00    3.29    0.00    0.00    0.00   75.44
23:01:26     all   11.36    0.00   10.10    0.00    0.00    3.54    0.00    0.00    0.00   75.00
23:01:27     all   11.93    0.00    9.64    0.00    0.00    2.79    0.25    0.00    0.00   75.38
23:01:28     all   11.20    0.00    9.41    0.00    0.00    3.56    0.00    0.00    0.00   75.83
23:01:29     all   11.20    0.00    9.41    0.00    0.00    3.05    0.00    0.00    0.00   76.34
23:01:30     all   11.03    0.00    9.52    0.00    0.00    3.76    0.00    0.00    0.00   75.69
23:01:31     all   11.65    0.00    9.87    0.00    0.00    2.78    0.25    0.00    0.00   75.44
23:01:32     all   11.73    0.00    9.69    0.00    0.00    3.06    0.00    0.00    0.00   75.51
23:01:33     all   11.75    0.00    9.75    0.00    0.00    3.50    0.00    0.00    0.00   75.00
23:01:34     all   10.97    0.00    9.95    0.00    0.00    3.32    0.00    0.00    0.00   75.77
23:01:35     all   10.35    0.00    8.59    0.00    0.00    3.28    0.00    0.00    0.00   77.78
23:01:36     all   11.59    0.00    9.82    0.00    0.00    3.02    0.00    0.00    0.00   75.57
23:01:37     all   11.36    0.00    9.60    0.00    0.00    3.79    0.00    0.00    0.00   75.25
23:01:38     all   11.81    0.00    9.80    0.00    0.00    3.02    0.25    0.00    0.00   75.13
23:01:39     all   10.69    0.00    9.92    0.00    0.00    3.05    0.25    0.00    0.00   76.08
23:01:40     all   12.34    0.00    9.32    0.00    0.00    3.53    0.00    0.00    0.00   74.81
23:01:41     all   11.68    0.00    9.14    0.00    0.00    3.30    0.00    0.00    0.00   75.89
23:01:42     all   12.76    0.00    5.99    0.00    0.00    2.86    0.00    0.00    0.00   78.39
23:01:43     all    6.54    0.00    5.72    0.00    0.00    2.72    0.00    0.00    0.00   85.01
23:01:44     all    7.22    0.00    6.39    0.00    0.00    3.61    0.00    0.00    0.00   82.78
23:01:45     all    6.87    0.00    7.42    0.00    0.00    3.57    0.00    0.00    0.00   82.14
23:01:46     all    6.85    0.00    7.12    0.00    0.00    4.38    0.00    0.00    0.00   81.64
23:01:47     all    7.50    0.00    6.11    0.00    0.00    3.33    0.28    0.00    0.00   82.78
23:01:48     all    8.15    0.00    7.07    0.00    0.00    3.80    0.00    0.00    0.00   80.98
23:01:49     all    7.63    0.00    6.81    0.00    0.00    3.27    0.27    0.00    0.00   82.02
23:01:50     all    7.46    0.00    6.63    0.00    0.00    3.87    0.28    0.00    0.00   81.77
23:01:51     all    8.38    0.00    6.76    0.00    0.00    3.78    0.00    0.00    0.00   81.08
23:01:52     all    8.06    0.00    6.11    0.00    0.00    3.06    0.00    0.00    0.00   82.78
23:01:53     all    6.85    0.00    7.95    0.00    0.00    3.56    0.00    0.00    0.00   81.64
23:01:54     all    7.22    0.00    6.67    0.00    0.00    3.33    0.00    0.00    0.00   82.78
23:01:55     all    8.17    0.00    6.81    0.00    0.00    3.27    0.27    0.00    0.00   81.47
23:01:56     all    7.24    0.00    6.69    0.00    0.00    3.06    0.00    0.00    0.00   83.01
23:01:57     all    7.65    0.00    7.65    0.00    0.00    3.28    0.00    0.00    0.00   81.42
23:01:58     all    7.76    0.00    5.82    0.00    0.00    3.60    0.55    0.00    0.00   82.27
23:01:59     all    7.95    0.00    7.40    0.00    0.00    3.29    0.00    0.00    0.00   81.37
23:02:00     all    7.71    0.00    6.34    0.00    0.00    3.31    0.00    0.00    0.00   82.64
23:02:01     all    7.65    0.00    7.65    0.00    0.00    3.55    0.27    0.00    0.00   80.87
23:02:02     all    6.98    0.00    6.70    0.00    0.00    3.07    0.00    0.00    0.00   83.24
23:02:03     all    7.97    0.00    6.59    0.00    0.00    3.57    0.00    0.00    0.00   81.87
23:02:04     all    6.91    0.00    6.35    0.00    0.00    4.14    0.00    0.00    0.00   82.60
23:02:05     all    7.92    0.00    6.56    0.00    0.00    3.55    0.00    0.00    0.00   81.97
23:02:06     all    8.11    0.00    7.30    0.00    0.00    4.05    0.00    0.00    0.00   80.54
23:02:07     all    7.97    0.00    7.42    0.00    0.00    3.30    0.00    0.00    0.00   81.32
23:02:08     all    7.63    0.00    6.81    0.00    0.00    3.81    0.00    0.00    0.00   81.74
23:02:09     all    6.85    0.00    7.67    0.00    0.00    3.84    0.27    0.00    0.00   81.37
23:02:10     all    7.46    0.00    6.35    0.00    0.00    3.04    0.55    0.00    0.00   82.60
23:02:11     all    7.48    0.00    6.93    0.00    0.00    3.32    0.00    0.00    0.00   82.27
23:02:12     all    9.68    0.00    6.99    0.00    0.00    4.03    0.00    0.00    0.00   79.30
23:02:13     all   12.17    0.00   10.14    0.00    0.00    5.51    0.29    0.00    0.00   71.88
23:02:14     all   16.21    0.00   14.01    0.00    0.00    7.97    0.00    0.00    0.00   61.81
23:02:15     all   16.35    0.00   13.90    0.00    0.00    7.63    0.00    0.00    0.00   62.13
23:02:16     all   15.66    0.00   14.56    0.00    0.00    7.14    0.00    0.00    0.00   62.64
23:02:17     all   17.89    0.00   15.53    0.00    0.00    8.16    0.00    0.00    0.00   58.42
23:02:18     all   16.22    0.00   15.16    0.00    0.00    7.45    0.53    0.00    0.00   60.64
23:02:19     all   17.60    0.00   15.47    0.00    0.00    7.20    0.27    0.00    0.00   59.47
23:02:20     all   17.07    0.00   14.93    0.00    0.00    7.73    0.00    0.00    0.00   60.27
23:02:21     all   20.98    0.00   17.17    0.00    0.00    7.08    0.00    0.00    0.00   54.77
23:02:22     all   16.21    0.00   14.29    0.00    0.00    8.24    0.27    0.00    0.00   60.99
23:02:23     all   17.12    0.00   14.40    0.00    0.00    7.07    0.00    0.00    0.00   61.41
23:02:24     all   16.08    0.00   13.90    0.00    0.00    7.90    0.00    0.00    0.00   62.13
23:02:25     all   19.20    0.00   17.46    0.00    0.00    8.48    0.00    0.00    0.00   54.86
23:02:26     all   19.07    0.00   15.72    0.52    0.00    7.99    0.52    0.00    0.00   56.19
23:02:27     all   17.60    0.00   14.40    0.00    0.00    8.00    0.27    0.00    0.00   59.73
23:02:28     all   18.16    0.00   14.74    0.00    0.00    8.42    0.00    0.00    0.00   58.68
23:02:29     all   18.21    0.00   13.59    0.00    0.00    7.34    0.00    0.00    0.00   60.87
23:02:30     all   17.07    0.00   14.36    0.00    0.00    7.86    0.00    0.00    0.00   60.70
23:02:31     all   16.30    0.00   13.04    0.00    0.00    7.61    0.00    0.00    0.00   63.04
23:02:32     all   17.68    0.00   15.04    0.26    0.00    7.92    0.26    0.00    0.00   58.84
23:02:33     all   16.89    0.00   14.17    0.00    0.00    7.36    0.27    0.00    0.00   61.31
23:02:34     all   18.11    0.00   14.59    0.00    0.00    7.03    0.00    0.00    0.00   60.27
23:02:35     all   14.12    0.00   14.41    0.00    0.00    7.06    0.00    0.00    0.00   64.41
23:02:36     all   17.80    0.00   15.71    0.00    0.00    7.07    0.52    0.00    0.00   58.90
23:02:37     all   16.62    0.00   14.44    0.00    0.00    7.36    0.00    0.00    0.00   61.58
23:02:38     all   16.16    0.00   13.97    0.00    0.00    7.67    0.00    0.00    0.00   62.19
23:02:39     all   17.02    0.00   15.69    0.00    0.00    7.45    0.00    0.00    0.00   59.84
23:02:40     all   17.55    0.00   14.10    0.00    0.00    7.45    0.53    0.00    0.00   60.37
23:02:41     all   16.02    0.00   13.54    0.00    0.00    8.01    0.00    0.00    0.00   62.43
23:02:42     all   15.14    0.00   11.08    0.00    0.00    7.30    0.00    0.00    0.00   66.49
23:02:43     all   19.63    0.00   16.51    0.00    0.00    7.79    0.00    0.00    0.00   56.07
23:02:44     all   22.11    0.00   19.47    0.00    0.00    8.25    0.00    0.00    0.00   50.17
23:02:45     all   21.64    0.00   20.98    0.00    0.00    6.56    0.33    0.00    0.00   50.49
23:02:46     all   22.08    0.00   19.81    0.00    0.00    7.47    0.32    0.00    0.00   50.32
23:02:47     all   21.64    0.00   20.33    0.33    0.00    7.87    0.33    0.00    0.00   49.51
23:02:48     all   20.34    0.00   20.68    0.00    0.00    7.12    0.00    0.00    0.00   51.86
23:02:49     all   21.50    0.00   21.50    0.00    0.00    7.17    0.00    0.00    0.00   49.84
23:02:50     all   21.81    0.00   19.46    0.00    0.00    7.05    0.34    0.00    0.00   51.34
23:02:51     all   22.70    0.00   20.39    0.00    0.00    7.57    0.00    0.00    0.00   49.34
23:02:52     all   23.28    0.00   20.66    0.00    0.00    7.21    0.00    0.00    0.00   48.85
23:02:53     all   22.70    0.00   19.41    0.00    0.00    7.89    0.00    0.00    0.00   50.00
23:02:54     all   20.81    0.00   19.13    2.01    0.00    7.72    0.67    0.00    0.00   49.66
23:02:55     all   21.23    0.00   19.86    0.00    0.00    6.51    0.00    0.00    0.00   52.40
23:02:56     all   21.19    0.00   19.21    0.00    0.00    7.62    0.33    0.00    0.00   51.66
23:02:57     all   22.07    0.00   20.40    0.00    0.00    7.02    0.00    0.00    0.00   50.50
23:02:58     all   22.30    0.00   20.61    0.00    0.00    5.07    0.00    0.00    0.00   52.03
23:02:59     all   23.36    0.00   19.74    0.00    0.00    7.89    0.00    0.00    0.00   49.01
23:03:00     all   20.59    0.00   20.92    0.00    0.00    8.17    0.65    0.00    0.00   49.67
23:03:01     all   21.97    0.00   20.33    0.00    0.00    7.87    0.00    0.00    0.00   49.84
23:03:02     all   22.41    0.00   21.74    0.00    0.00    6.35    0.00    0.00    0.00   49.50
23:03:03     all   21.89    0.00   19.87    0.34    0.00    7.07    0.00    0.00    0.00   50.84
23:03:04     all   22.56    0.00   19.53    0.00    0.00    6.73    0.00    0.00    0.00   51.18
23:03:05     all   21.78    0.00   20.13    0.00    0.00    7.26    0.33    0.00    0.00   50.50
23:03:06     all   21.28    0.00   17.91    0.00    0.00    7.09    0.34    0.00    0.00   53.38
23:03:07     all   20.27    0.00   18.60    0.00    0.00    8.64    0.66    0.00    0.00   51.83
23:03:08     all   20.07    0.00   19.05    0.00    0.00    6.80    0.00    0.00    0.00   54.08
23:03:09     all   21.23    0.00   20.21    0.00    0.00    6.16    0.00    0.00    0.00   52.40
23:03:10     all   22.55    0.00   20.26    0.00    0.00    7.52    0.00    0.00    0.00   49.67
23:03:11     all   21.97    0.00   20.00    0.00    0.00    6.56    0.00    0.00    0.00   51.48
23:03:12     all   19.76    0.00   15.20    0.00    0.00    6.08    0.00    0.00    0.00   58.97
23:03:13     all   27.36    0.00   23.27    0.00    0.00    7.55    0.31    0.00    0.00   41.51
23:03:14     all   34.51    0.00   29.79    0.00    0.00   11.80    0.00    0.00    0.00   23.89
23:03:15     all   34.78    0.00   28.70    0.00    0.00   13.91    0.29    0.00    0.00   22.32
23:03:16     all   33.33    0.00   29.13    0.00    0.00   13.51    0.00    0.00    0.00   24.02
23:03:17     all   34.41    0.00   31.18    0.00    0.00   13.53    0.00    0.00    0.00   20.88
23:03:18     all   33.83    0.00   31.16    0.00    0.00   13.35    0.00    0.00    0.00   21.66
23:03:19     all   32.46    0.00   30.12    0.00    0.00   12.87    0.58    0.00    0.00   23.98
23:03:20     all   35.65    0.00   30.43    0.00    0.00   14.20    0.29    0.00    0.00   19.42
23:03:21     all   36.69    0.00   33.05    0.00    0.00   14.85    0.00    0.00    0.00   15.41
23:03:22     all   33.81    0.00   30.68    0.00    0.00   13.35    0.28    0.00    0.00   21.88
23:03:23     all   35.13    0.00   30.88    0.00    0.00   15.58    0.00    0.00    0.00   18.41
23:03:24     all   37.25    0.00   32.49    0.00    0.00   15.41    0.00    0.00    0.00   14.85
23:03:25     all   35.06    0.00   30.75    0.00    0.00   14.66    0.00    0.00    0.00   19.54
23:03:26     all   33.43    0.00   28.20    0.00    0.00   14.83    0.58    0.00    0.00   22.97
23:03:27     all   35.85    0.00   31.93    0.00    0.00   15.69    0.00    0.00    0.00   16.53
23:03:28     all   36.29    0.00   30.57    0.00    0.00   14.86    0.00    0.00    0.00   18.29
23:03:29     all   34.96    0.00   31.52    0.00    0.00   14.90    0.00    0.00    0.00   18.62
23:03:30     all   32.35    0.00   29.41    0.00    0.00   15.29    0.00    0.00    0.00   22.94
23:03:31     all   35.81    0.00   33.33    0.00    0.00   15.70    0.00    0.00    0.00   15.15
23:03:32     all   33.82    0.00   30.88    0.00    0.00   12.65    0.00    0.00    0.00   22.65
23:03:33     all   35.34    0.00   29.31    0.00    0.00   13.79    0.57    0.00    0.00   20.98
23:03:34     all   33.33    0.00   30.43    0.00    0.00   14.78    0.00    0.00    0.00   21.45
23:03:35     all   33.81    0.00   29.83    0.00    0.00   14.49    0.00    0.00    0.00   21.88
23:03:36     all   31.82    0.00   28.98    0.00    0.00   16.48    0.00    0.00    0.00   22.73
23:03:37     all   32.86    0.00   30.59    0.00    0.00   15.01    0.00    0.00    0.00   21.53
23:03:38     all   33.82    0.00   30.06    0.00    0.00   12.72    0.87    0.00    0.00   22.54
23:03:39     all   33.14    0.00   29.39    0.00    0.00   14.12    0.29    0.00    0.00   23.05
23:03:40     all   34.96    0.00   29.51    0.00    0.00   15.19    0.00    0.00    0.00   20.34
23:03:41     all   35.90    0.00   31.62    0.00    0.00   17.09    0.00    0.00    0.00   15.38
23:03:42     all   29.72    0.00   25.00    0.00    0.00   10.56    0.00    0.00    0.00   34.72
23:03:43     all   35.69    0.00   32.86    0.00    0.00   11.33    0.00    0.00    0.00   20.11
23:03:44     all   41.64    0.00   35.28    0.00    0.00   13.26    0.00    0.00    0.00    9.81
23:03:45     all   39.53    0.00   35.86    0.00    0.00   14.40    0.52    0.00    0.00    9.69
23:03:46     all   41.95    0.00   34.83    0.00    0.00   13.19    0.00    0.00    0.00   10.03
23:03:47     all   42.01    0.00   35.31    0.00    0.00   13.92    0.00    0.00    0.00    8.76
23:03:48     all   42.41    0.00   34.55    0.00    0.00   13.61    0.00    0.00    0.00    9.42
23:03:49     all   42.08    0.00   36.36    0.00    0.00   15.06    0.00    0.00    0.00    6.49
23:03:50     all   42.78    0.00   36.34    0.00    0.00   17.01    0.00    0.00    0.00    3.87
23:03:51     all   42.38    0.00   37.47    0.00    0.00   16.54    0.00    0.00    0.00    3.62
23:03:52     all   42.75    0.00   35.49    0.00    0.00   16.06    0.00    0.00    0.00    5.70
23:03:53     all   41.07    0.00   36.73    0.00    0.00   17.35    0.51    0.00    0.00    4.34
23:03:54     all   43.19    0.00   38.05    0.00    0.00   14.14    0.00    0.00    0.00    4.63
23:03:55     all   43.58    0.00   38.54    0.00    0.00   14.61    0.00    0.00    0.00    3.27
23:03:56     all   43.96    0.00   37.79    0.00    0.00   13.88    0.26    0.00    0.00    4.11
23:03:57     all   43.51    0.00   36.64    0.00    0.00   15.01    0.00    0.00    0.00    4.83
23:03:58     all   41.94    0.00   36.06    0.00    0.00   13.81    0.00    0.00    0.00    8.18
23:03:59     all   42.56    0.00   36.29    0.00    0.00   15.93    0.00    0.00    0.00    5.22
23:04:00     all   42.56    0.00   35.38    0.00    0.00   17.18    0.00    0.00    0.00    4.87
23:04:01     all   43.44    0.00   35.22    0.00    0.00   16.97    0.26    0.00    0.00    4.11
23:04:02     all   43.40    0.00   34.01    0.00    0.00   19.80    0.00    0.00    0.00    2.79
23:04:03     all   43.47    0.00   35.93    0.00    0.00   20.10    0.00    0.00    0.00    0.50
23:04:04     all   43.32    0.00   36.78    0.00    0.00   19.40    0.00    0.00    0.00    0.50
23:04:05     all   43.92    0.00   35.98    0.00    0.00   19.60    0.25    0.00    0.00    0.25
23:04:06     all   43.07    0.00   36.02    0.00    0.00   20.40    0.00    0.00    0.00    0.50
23:04:07     all   43.64    0.00   37.41    0.00    0.00   18.70    0.00    0.00    0.00    0.25
23:04:08     all   43.78    0.00   37.06    0.00    0.00   18.16    0.25    0.00    0.00    0.75
23:04:09     all   44.11    0.00   36.34    0.00    0.00   18.55    0.00    0.00    0.00    1.00
23:04:10     all   42.68    0.00   37.63    0.00    0.00   18.94    0.00    0.00    0.00    0.76
23:04:11     all   43.61    0.00   37.34    0.00    0.00   18.80    0.00    0.00    0.00    0.25
23:04:12     all   38.07    0.00   29.95    0.00    0.00   14.21    0.00    0.00    0.00   17.77
23:04:13     all   44.50    0.00   38.39    0.00    0.00   14.18    0.00    0.00    0.00    2.93
23:04:14     all   44.72    0.00   38.57    0.00    0.00   13.51    0.00    0.00    0.00    3.19
23:04:15     all   43.87    0.00   37.50    0.00    0.00   15.20    0.00    0.00    0.00    3.43
23:04:16     all   44.53    0.00   36.07    0.00    0.00   18.16    0.00    0.00    0.00    1.24
23:04:17     all   45.39    0.00   37.91    0.00    0.00   16.21    0.00    0.00    0.00    0.50
23:04:18     all   45.00    0.00   37.00    0.00    0.00   16.75    0.25    0.00    0.00    1.00
23:04:19     all   45.19    0.00   36.30    0.00    0.00   17.04    0.00    0.00    0.00    1.48
23:04:20     all   44.08    0.00   37.53    0.00    0.00   16.37    0.00    0.00    0.00    2.02
23:04:21     all   41.90    0.00   37.16    0.00    0.00   19.70    0.25    0.00    0.00    1.00
23:04:22     all   42.46    0.00   36.93    0.00    0.00   19.10    0.00    0.00    0.00    1.51
23:04:23     all   43.07    0.00   36.78    0.00    0.00   18.39    0.25    0.00    0.00    1.51
23:04:24     all   42.46    0.00   36.18    0.00    0.00   20.35    0.00    0.00    0.00    1.01
23:04:25     all   40.85    0.00   36.84    0.00    0.00   21.55    0.00    0.00    0.00    0.75
23:04:26     all   42.21    0.00   35.18    0.00    0.00   21.86    0.00    0.00    0.00    0.75
23:04:27     all   42.14    0.00   35.41    0.00    0.00   21.95    0.25    0.00    0.00    0.25
23:04:28     all   42.39    0.00   35.66    0.00    0.00   21.20    0.00    0.00    0.00    0.75
23:04:29     all   42.25    0.00   36.25    0.00    0.00   20.75    0.00    0.00    0.00    0.75
23:04:30     all   42.32    0.00   36.02    0.00    0.00   21.66    0.00    0.00    0.00    0.00
23:04:31     all   42.04    0.00   35.82    0.00    0.00   21.14    0.25    0.00    0.00    0.75
23:04:32     all   42.29    0.00   36.32    0.00    0.00   21.14    0.00    0.00    0.00    0.25
23:04:33     all   42.36    0.00   35.59    0.00    0.00   21.80    0.00    0.00    0.00    0.25
23:04:34     all   42.57    0.00   35.52    0.00    0.00   21.66    0.00    0.00    0.00    0.25
23:04:35     all   42.50    0.00   35.75    0.00    0.00   21.25    0.25    0.00    0.00    0.25
23:04:36     all   42.75    0.00   35.25    0.00    0.00   21.25    0.00    0.00    0.00    0.75
23:04:37     all   42.57    0.00   38.04    0.00    0.00   19.40    0.00    0.00    0.00    0.00
23:04:38     all   44.22    0.00   36.93    0.00    0.00   18.34    0.00    0.00    0.00    0.50
23:04:39     all   44.80    0.00   35.89    0.00    0.00   18.07    0.00    0.00    0.00    1.24
23:04:40     all   42.07    0.00   36.27    0.00    0.00   21.41    0.00    0.00    0.00    0.25
23:04:41     all   43.22    0.00   35.43    0.00    0.00   20.85    0.00    0.00    0.00    0.50
23:04:42     all   27.50    0.00   21.00    0.00    0.00   11.75    0.25    0.00    0.00   39.50
23:04:43     all   12.21    0.00    4.83    0.00    0.00    3.05    0.00    0.00    0.00   79.90
23:04:44     all   15.23    0.00    9.64    0.00    0.00    3.55    0.25    0.00    0.00   71.32
23:04:45     all   15.11    0.00   11.34    0.00    0.00    4.28    0.00    0.00    0.00   69.27
23:04:46     all   15.23    0.00   11.93    0.00    0.00    2.79    0.00    0.00    0.00   70.05
23:04:47     all   14.61    0.00   11.84    0.00    0.00    3.78    0.00    0.00    0.00   69.77
23:04:48     all   14.94    0.00   11.90    0.00    0.00    3.54    0.25    0.00    0.00   69.37
23:04:49     all   14.96    0.00   11.47    0.00    0.00    3.99    0.00    0.00    0.00   69.58
23:04:50     all   14.47    0.00   11.42    0.00    0.00    4.31    0.00    0.00    0.00   69.80
23:04:51     all   14.00    0.00   12.00    0.00    0.00    4.00    0.25    0.00    0.00   69.75
23:04:52     all   14.65    0.00   12.37    0.00    0.00    3.54    0.00    0.00    0.00   69.44
23:04:53     all   14.21    0.00   12.44    0.00    0.00    3.55    0.00    0.00    0.00   69.80
23:04:54     all   14.71    0.00   11.72    0.00    0.00    4.49    0.00    0.00    0.00   69.08
23:04:55     all   15.83    0.00   11.56    0.00    0.00    4.02    0.00    0.00    0.00   68.59
23:04:56     all   14.90    0.00   11.87    0.00    0.00    3.54    0.00    0.00    0.00   69.70
23:04:57     all   13.82    0.00   12.06    0.00    0.00    4.02    0.25    0.00    0.00   69.85
23:04:58     all   14.79    0.00   11.78    0.00    0.00    4.01    0.25    0.00    0.00   69.17
23:04:59     all   14.46    0.00   11.97    0.00    0.00    4.24    0.00    0.00    0.00   69.33
23:05:00     all   14.00    0.00   11.75    0.00    0.00    4.50    0.00    0.00    0.00   69.75
23:05:01     all   14.11    0.00   12.34    0.00    0.00    3.78    0.25    0.00    0.00   69.52
23:05:02     all   13.96    0.00   11.93    0.00    0.00    3.55    0.00    0.00    0.00   70.56
23:05:03     all   14.04    0.00   12.28    0.00    0.00    3.76    0.25    0.00    0.00   69.67
23:05:04     all   14.39    0.00   12.12    0.00    0.00    3.54    0.00    0.00    0.00   69.95
23:05:05     all   14.32    0.00   12.06    0.00    0.00    4.02    0.00    0.00    0.00   69.60
23:05:06     all   15.10    0.00   12.13    0.00    0.00    4.21    0.00    0.00    0.00   68.56
23:05:07     all   14.25    0.00   12.21    0.00    0.00    3.05    0.25    0.00    0.00   70.23
23:05:08     all   13.60    0.00   12.34    0.00    0.00    3.78    0.00    0.00    0.00   70.28
23:05:09     all   14.29    0.00   12.78    0.00    0.00    3.51    0.25    0.00    0.00   69.17
23:05:10     all   13.23    0.00   12.21    0.00    0.00    4.07    0.00    0.00    0.00   70.48
23:05:11     all   14.47    0.00   11.42    0.00    0.00    3.81    0.00    0.00    0.00   70.30
23:05:12     all   10.53    0.00    8.77    0.00    0.00    2.51    0.50    0.00    0.00   77.69
23:05:13     all    5.30    0.00    2.78    0.00    0.00    1.26    0.00    0.00    0.00   90.66
23:05:14     all   23.65    0.00   14.65    0.00    0.00    6.94    0.00    0.00    0.00   54.76
23:05:15     all   36.57    0.00   16.62    0.00    0.00    7.93    0.00    0.00    0.00   38.87
23:05:16     all   26.41    0.00   20.51    0.00    0.00    6.41    0.00    0.00    0.00   46.67
23:05:17     all   27.92    0.00   19.04    0.00    0.00    6.35    0.00    0.00    0.00   46.70
23:05:18     all   31.20    0.00   19.44    0.00    0.00    5.88    0.00    0.00    0.00   43.48
23:05:19     all   27.30    0.00   20.41    0.00    0.00    7.65    0.00    0.00    0.00   44.64
23:05:20     all   27.18    0.00   21.03    0.00    0.00    5.64    0.26    0.00    0.00   45.90
23:05:21     all   27.59    0.00   21.52    0.00    0.00    7.09    0.00    0.00    0.00   43.80
23:05:22     all   26.13    0.00   20.35    0.00    0.00    6.28    0.00    0.00    0.00   47.24
23:05:23     all   25.32    0.00   20.72    0.00    0.00    6.39    0.00    0.00    0.00   47.57
23:05:24     all   26.20    0.00   20.91    0.00    0.00    5.54    0.00    0.00    0.00   47.36
23:05:25     all   26.90    0.00   20.56    0.25    0.00    6.35    0.00    0.00    0.00   45.94
23:05:26     all   26.21    0.00   20.61    0.00    0.00    6.87    0.25    0.00    0.00   46.06
23:05:27     all   27.04    0.00   20.41    0.00    0.00    6.63    0.51    0.00    0.00   45.41
23:05:28     all   26.28    0.00   20.66    0.00    0.00    5.87    0.00    0.00    0.00   47.19
23:05:29     all   24.87    0.00   20.77    0.00    0.00    6.67    0.00    0.00    0.00   47.69
23:05:30     all   27.78    0.00   21.46    0.00    0.00    5.30    0.00    0.00    0.00   45.45
23:05:31     all   25.06    0.00   21.23    0.00    0.00    6.14    0.00    0.00    0.00   47.57
23:05:32     all   27.51    0.00   20.31    0.00    0.00    5.91    0.00    0.00    0.00   46.27
23:05:33     all   26.08    0.00   21.01    0.00    0.00    5.32    0.25    0.00    0.00   47.34
23:05:34     all   28.11    0.00   20.90    0.00    0.00    5.72    0.00    0.00    0.00   45.27
23:05:35     all   25.19    0.00   20.52    0.00    0.00    6.23    0.00    0.00    0.00   48.05
23:05:36     all   28.24    0.00   20.61    0.00    0.00    6.62    0.00    0.00    0.00   44.53
23:05:37     all   27.41    0.00   22.34    0.00    0.00    4.82    0.00    0.00    0.00   45.43
23:05:38     all   27.82    0.00   20.05    0.00    0.00    6.52    0.00    0.00    0.00   45.61
23:05:39     all   25.45    0.00   21.59    0.00    0.00    5.91    0.00    0.00    0.00   47.04
23:05:40     all   26.72    0.00   20.36    0.00    0.00    7.12    0.51    0.00    0.00   45.29
23:05:41     all   26.09    0.00   20.97    0.00    0.00    6.91    0.26    0.00    0.00   45.78
23:05:42     all   22.39    0.00   17.81    0.00    0.00    5.09    0.00    0.00    0.00   54.71
23:05:43     all    3.99    0.00    2.24    0.00    0.00    1.75    0.00    0.00    0.00   92.02
23:05:44     all   28.57    0.00   12.21    0.00    0.00    7.53    0.00    0.00    0.00   51.69
23:05:45     all   46.53    0.00   17.74    0.00    0.00    9.25    0.00    0.00    0.00   26.48
23:05:46     all   45.13    0.00   24.62    0.00    0.00   10.00    0.00    0.00    0.00   20.26
23:05:47     all   40.97    0.00   25.95    0.00    0.00   12.47    0.00    0.00    0.00   20.61
23:05:48     all   39.75    0.00   27.59    0.00    0.00   11.65    0.25    0.00    0.00   20.76
23:05:49     all   42.16    0.00   32.39    0.00    0.00   10.80    0.00    0.00    0.00   14.65
23:05:50     all   39.80    0.00   30.87    0.00    0.00   10.71    0.00    0.00    0.00   18.62
23:05:51     all   41.77    0.00   30.13    0.00    0.00   11.39    0.00    0.00    0.00   16.71
23:05:52     all   39.84    0.00   32.29    0.00    0.00    9.90    0.00    0.00    0.00   17.97
23:05:53     all   40.10    0.00   33.25    0.00    0.00   10.91    0.00    0.00    0.00   15.74
23:05:54     all   39.29    0.00   30.61    0.00    0.00   12.24    0.00    0.00    0.00   17.86
23:05:55     all   41.01    0.00   33.16    0.00    0.00   11.39    0.00    0.00    0.00   14.43
23:05:56     all   40.00    0.00   30.77    0.00    0.00   11.79    0.00    0.00    0.00   17.44
23:05:57     all   40.00    0.00   32.66    0.00    0.00   10.89    0.00    0.00    0.00   16.46
23:05:58     all   39.80    0.00   31.63    0.00    0.00   11.22    0.00    0.00    0.00   17.35
23:05:59     all   38.73    0.00   31.14    0.00    0.00   12.41    0.00    0.00    0.00   17.72
23:06:00     all   39.39    0.00   32.32    0.00    0.00   11.87    0.25    0.00    0.00   16.16
23:06:01     all   40.92    0.00   30.95    0.00    0.00   10.49    0.00    0.00    0.00   17.65
23:06:02     all   40.92    0.00   31.46    0.00    0.00   11.00    0.26    0.00    0.00   16.37
23:06:03     all   39.95    0.00   31.19    0.00    0.00   11.34    0.00    0.00    0.00   17.53
23:06:04     all   41.34    0.00   31.01    0.00    0.00   11.37    0.00    0.00    0.00   16.28
23:06:05     all   42.09    0.00   29.34    0.00    0.00   10.71    0.26    0.00    0.00   17.60
23:06:06     all   39.59    0.00   30.71    0.00    0.00   10.91    0.00    0.00    0.00   18.78
23:06:07     all   42.13    0.00   30.20    0.00    0.00   11.17    0.00    0.00    0.00   16.50
23:06:08     all   39.28    0.00   32.82    0.00    0.00   11.63    0.00    0.00    0.00   16.28
23:06:09     all   40.00    0.00   31.65    0.00    0.00   11.14    0.25    0.00    0.00   16.96
23:06:10     all   39.74    0.00   31.54    0.00    0.00   10.51    0.00    0.00    0.00   18.21
23:06:11     all   40.26    0.00   30.51    0.00    0.00   11.79    0.00    0.00    0.00   17.44
23:06:12     all   39.29    0.00   28.06    0.00    0.00   10.71    0.00    0.00    0.00   21.94
23:06:13     all    2.02    0.00    2.02    0.00    0.00    1.01    0.00    0.00    0.00   94.96
23:06:14     all   21.61    0.00   13.02    0.00    0.00    6.77    0.00    0.00    0.00   58.59
23:06:15     all   31.18    0.00   20.16    0.27    0.00    7.26    0.00    0.00    0.00   41.13
23:06:16     all   35.01    0.00   24.40    0.00    0.00    9.55    0.00    0.00    0.00   31.03
23:06:17     all   40.40    0.00   28.28    0.00    0.00   11.36    0.00    0.00    0.00   19.95
23:06:18     all   45.06    0.00   31.39    0.00    0.00   11.65    0.00    0.00    0.00   11.90
23:06:19     all   47.72    0.00   30.20    0.00    0.00   13.71    0.00    0.00    0.00    8.38
23:06:20     all   47.36    0.00   26.95    0.00    0.00   15.62    0.25    0.00    0.00    9.82
23:06:21     all   45.82    0.00   27.09    0.00    0.00   18.48    0.00    0.00    0.00    8.61
23:06:22     all   48.12    0.00   27.32    0.00    0.00   17.29    0.00    0.00    0.00    7.27
23:06:23     all   45.96    0.00   26.01    0.00    0.00   16.67    0.25    0.00    0.00   11.11
23:06:24     all   45.29    0.00   26.97    0.00    0.00   17.56    0.00    0.00    0.00   10.18
23:06:25     all   45.20    0.00   27.02    0.00    0.00   17.93    0.00    0.00    0.00    9.85
23:06:26     all   46.48    0.00   25.13    0.00    0.00   18.84    0.00    0.00    0.00    9.55
23:06:27     all   47.59    0.00   25.82    0.00    0.00   16.96    0.00    0.00    0.00    9.62
23:06:28     all   42.89    0.00   26.90    0.00    0.00   16.50    0.25    0.00    0.00   13.45
23:06:29     all   46.72    0.00   26.26    0.00    0.00   17.17    0.00    0.00    0.00    9.85
23:06:30     all   43.44    0.00   24.42    0.00    0.00   16.97    0.00    0.00    0.00   15.17
23:06:31     all   45.84    0.00   24.94    0.00    0.00   15.87    0.00    0.00    0.00   13.35
23:06:32     all   43.70    0.00   24.16    0.00    0.00   12.85    0.00    0.00    0.00   19.28
23:06:33     all   45.57    0.00   25.82    0.00    0.00   13.92    0.00    0.00    0.00   14.68
23:06:34     all   45.34    0.00   26.68    0.00    0.00   13.21    0.00    0.00    0.00   14.77
23:06:35     all   45.57    0.00   24.56    0.00    0.00   14.18    0.00    0.00    0.00   15.70
23:06:36     all   44.84    0.00   26.45    0.00    0.00   17.63    0.25    0.00    0.00   10.83
23:06:37     all   43.15    0.00   26.65    0.00    0.00   18.53    0.00    0.00    0.00   11.68
23:06:38     all   44.81    0.00   27.59    0.00    0.00   16.96    0.00    0.00    0.00   10.63
23:06:39     all   42.93    0.00   26.26    0.00    0.00   17.42    0.00    0.00    0.00   13.38
23:06:40     all   45.78    0.00   26.60    0.00    0.00   17.14    0.00    0.00    0.00   10.49
23:06:41     all   44.81    0.00   25.82    0.00    0.00   16.46    0.00    0.00    0.00   12.91
23:06:42     all   44.11    0.00   27.07    0.00    0.00   17.54    0.50    0.00    0.00   10.78
