Running 30s test @ http://10.116.0.2:8080/json
  4 threads and 256 connections
  Thread calibration: mean lat.: 1.324ms, rate sampling interval: 10ms
  Thread calibration: mean lat.: 1.376ms, rate sampling interval: 10ms
  Thread calibration: mean lat.: 1.304ms, rate sampling interval: 10ms
  Thread calibration: mean lat.: 1.443ms, rate sampling interval: 10ms
  Thread Stats   Avg      Stdev     Max   +/- Stdev
    Latency     1.35ms  601.65us  12.67ms   65.06%
    Req/Sec    10.54k     1.30k   14.22k    77.20%
  Latency Distribution (HdrHistogram - Recorded Latency)
 50.000%    1.28ms
 75.000%    1.77ms
 90.000%    2.17ms
 99.000%    2.83ms
 99.900%    3.88ms
 99.990%    5.89ms
 99.999%    8.15ms
100.000%   12.68ms

  Detailed Percentile spectrum:
       Value   Percentile   TotalCount 1/(1-Percentile)

       0.209     0.000000            1         1.00
       0.618     0.100000        78998         1.11
       0.793     0.200000       157754         1.25
       0.953     0.300000       236523         1.43
       1.111     0.400000       315102         1.67
       1.276     0.500000       393909         2.00
       1.362     0.550000       433031         2.22
       1.454     0.600000       472400         2.50
       1.553     0.650000       511980         2.86
       1.660     0.700000       551351         3.33
       1.773     0.750000       590638         4.00
       1.831     0.775000       610117         4.44
       1.892     0.800000       629777         5.00
       1.956     0.825000       649545         5.71
       2.022     0.850000       669208         6.67
       2.093     0.875000       689089         8.00
       2.131     0.887500       699032         8.89
       2.171     0.900000       708809        10.00
       2.215     0.912500       718527        11.43
       2.263     0.925000       728352        13.33
       2.317     0.937500       738061        16.00
       2.347     0.943750       742965        17.78
       2.381     0.950000       747934        20.00
       2.419     0.956250       752822        22.86
       2.461     0.962500       757800        26.67
       2.509     0.968750       762661        32.00
       2.537     0.971875       765090        35.56
       2.569     0.975000       767584        40.00
       2.603     0.978125       769980        45.71
       2.643     0.981250       772415        53.33
       2.695     0.984375       774965        64.00
       2.725     0.985938       776120        71.11
       2.759     0.987500       777342        80.00
       2.803     0.989062       778601        91.43
       2.855     0.990625       779789       106.67
       2.923     0.992188       781050       128.00
       2.961     0.992969       781641       142.22
       3.007     0.993750       782264       160.00
       3.059     0.994531       782873       182.86
       3.121     0.995313       783492       213.33
       3.193     0.996094       784097       256.00
       3.239     0.996484       784406       284.44
       3.287     0.996875       784707       320.00
       3.345     0.997266       785018       365.71
       3.409     0.997656       785329       426.67
       3.493     0.998047       785632       512.00
       3.537     0.998242       785784       568.89
       3.599     0.998437       785935       640.00
       3.671     0.998633       786089       731.43
       3.769     0.998828       786244       853.33
       3.903     0.999023       786401      1024.00
       3.973     0.999121       786473      1137.78
       4.081     0.999219       786551      1280.00
       4.171     0.999316       786628      1462.86
       4.295     0.999414       786704      1706.67
       4.439     0.999512       786780      2048.00
       4.527     0.999561       786821      2275.56
       4.651     0.999609       786857      2560.00
       4.751     0.999658       786895      2925.71
       4.919     0.999707       786934      3413.33
       5.071     0.999756       786972      4096.00
       5.163     0.999780       786993      4551.11
       5.247     0.999805       787011      5120.00
       5.395     0.999829       787031      5851.43
       5.563     0.999854       787049      6826.67
       5.687     0.999878       787068      8192.00
       5.799     0.999890       787078      9102.22
       5.919     0.999902       787088     10240.00
       6.087     0.999915       787097     11702.86
       6.231     0.999927       787107     13653.33
       6.487     0.999939       787116     16384.00
       6.631     0.999945       787121     18204.44
       6.871     0.999951       787126     20480.00
       7.011     0.999957       787131     23405.71
       7.183     0.999963       787136     27306.67
       7.259     0.999969       787140     32768.00
       7.315     0.999973       787143     36408.89
       7.355     0.999976       787145     40960.00
       7.503     0.999979       787148     46811.43
       7.547     0.999982       787150     54613.33
       7.687     0.999985       787152     65536.00
       8.095     0.999986       787154     72817.78
       8.123     0.999988       787155     81920.00
       8.151     0.999989       787156     93622.86
       8.407     0.999991       787157    109226.67
       8.431     0.999992       787158    131072.00
       9.775     0.999993       787159    145635.56
       9.855     0.999994       787160    163840.00
       9.855     0.999995       787160    187245.71
      10.207     0.999995       787161    218453.33
      10.207     0.999996       787161    262144.00
      10.223     0.999997       787162    291271.11
      10.223     0.999997       787162    327680.00
      10.223     0.999997       787162    374491.43
      12.367     0.999998       787163    436906.67
      12.367     0.999998       787163    524288.00
      12.367     0.999998       787163    582542.22
      12.367     0.999998       787163    655360.00
      12.367     0.999999       787163    748982.86
      12.679     0.999999       787164    873813.33
      12.679     1.000000       787164          inf
#[Mean    =        1.350, StdDeviation   =        0.602]
#[Max     =       12.672, Total count    =       787164]
#[Buckets =           27, SubBuckets     =         2048]
----------------------------------------------------------
  1185288 requests in 30.00s, 151.47MB read
Requests/sec:  39509.26
Transfer/sec:      5.05MB
