Running 30s test @ http://10.116.0.2:8080/json
  4 threads and 256 connections
  Thread calibration: mean lat.: 1.428ms, rate sampling interval: 10ms
  Thread calibration: mean lat.: 1.401ms, rate sampling interval: 10ms
  Thread calibration: mean lat.: 1.501ms, rate sampling interval: 10ms
  Thread calibration: mean lat.: 1.525ms, rate sampling interval: 10ms
  Thread Stats   Avg      Stdev     Max   +/- Stdev
    Latency     1.47ms  778.89us  26.38ms   75.81%
    Req/Sec    15.84k     1.46k   22.67k    69.88%
  Latency Distribution (HdrHistogram - Recorded Latency)
 50.000%    1.33ms
 75.000%    1.87ms
 90.000%    2.41ms
 99.000%    3.66ms
 99.900%    7.60ms
 99.990%   14.15ms
 99.999%   22.19ms
100.000%   26.40ms

  Detailed Percentile spectrum:
       Value   Percentile   TotalCount 1/(1-Percentile)

       0.221     0.000000            1         1.00
       0.675     0.100000       118204         1.11
       0.852     0.200000       236462         1.25
       1.004     0.300000       354226         1.43
       1.163     0.400000       472397         1.67
       1.334     0.500000       590841         2.00
       1.422     0.550000       649627         2.22
       1.516     0.600000       708985         2.50
       1.617     0.650000       767762         2.86
       1.733     0.700000       826951         3.33
       1.866     0.750000       885658         4.00
       1.940     0.775000       915285         4.44
       2.018     0.800000       944923         5.00
       2.101     0.825000       974560         5.71
       2.189     0.850000      1003653         6.67
       2.291     0.875000      1033394         8.00
       2.347     0.887500      1048067         8.89
       2.409     0.900000      1063068        10.00
       2.473     0.912500      1077436        11.43
       2.545     0.925000      1092223        13.33
       2.627     0.937500      1106955        16.00
       2.675     0.943750      1114487        17.78
       2.729     0.950000      1121866        20.00
       2.793     0.956250      1129170        22.86
       2.873     0.962500      1136587        26.67
       2.975     0.968750      1143918        32.00
       3.037     0.971875      1147602        35.56
       3.105     0.975000      1151242        40.00
       3.187     0.978125      1154989        45.71
       3.283     0.981250      1158679        53.33
       3.397     0.984375      1162354        64.00
       3.461     0.985938      1164153        71.11
       3.531     0.987500      1166004        80.00
       3.609     0.989062      1167853        91.43
       3.703     0.990625      1169705       106.67
       3.829     0.992188      1171532       128.00
       3.915     0.992969      1172448       142.22
       4.027     0.993750      1173368       160.00
       4.171     0.994531      1174300       182.86
       4.371     0.995313      1175215       213.33
       4.627     0.996094      1176142       256.00
       4.783     0.996484      1176596       284.44
       4.987     0.996875      1177059       320.00
       5.235     0.997266      1177526       365.71
       5.583     0.997656      1177983       426.67
       5.999     0.998047      1178444       512.00
       6.251     0.998242      1178672       568.89
       6.535     0.998437      1178904       640.00
       6.835     0.998633      1179134       731.43
       7.219     0.998828      1179364       853.33
       7.691     0.999023      1179595      1024.00
       7.971     0.999121      1179710      1137.78
       8.319     0.999219      1179830      1280.00
       8.759     0.999316      1179940      1462.86
       9.223     0.999414      1180056      1706.67
       9.783     0.999512      1180171      2048.00
      10.159     0.999561      1180231      2275.56
      10.487     0.999609      1180286      2560.00
      10.919     0.999658      1180344      2925.71
      11.303     0.999707      1180403      3413.33
      11.863     0.999756      1180459      4096.00
      12.127     0.999780      1180488      4551.11
      12.399     0.999805      1180518      5120.00
      12.767     0.999829      1180546      5851.43
      13.063     0.999854      1180575      6826.67
      13.519     0.999878      1180603      8192.00
      13.871     0.999890      1180618      9102.22
      14.191     0.999902      1180632     10240.00
      14.663     0.999915      1180647     11702.86
      15.055     0.999927      1180661     13653.33
      15.551     0.999939      1180675     16384.00
      15.983     0.999945      1180683     18204.44
      16.327     0.999951      1180690     20480.00
      16.847     0.999957      1180697     23405.71
      17.551     0.999963      1180704     27306.67
      18.319     0.999969      1180711     32768.00
      18.543     0.999973      1180715     36408.89
      18.799     0.999976      1180719     40960.00
      19.631     0.999979      1180722     46811.43
      20.607     0.999982      1180726     54613.33
      21.375     0.999985      1180729     65536.00
      21.583     0.999986      1180731     72817.78
      21.823     0.999988      1180733     81920.00
      22.191     0.999989      1180735     93622.86
      22.847     0.999991      1180737    109226.67
      23.087     0.999992      1180738    131072.00
      23.119     0.999993      1180739    145635.56
      23.311     0.999994      1180740    163840.00
      23.567     0.999995      1180741    187245.71
      23.599     0.999995      1180742    218453.33
      24.367     0.999996      1180743    262144.00
      24.367     0.999997      1180743    291271.11
      25.087     0.999997      1180744    327680.00
      25.087     0.999997      1180744    374491.43
      25.583     0.999998      1180745    436906.67
      25.583     0.999998      1180745    524288.00
      25.583     0.999998      1180745    582542.22
      25.871     0.999998      1180746    655360.00
      25.871     0.999999      1180746    748982.86
      25.871     0.999999      1180746    873813.33
      25.871     0.999999      1180746   1048576.00
      25.871     0.999999      1180746   1165084.44
      26.399     0.999999      1180747   1310720.00
      26.399     1.000000      1180747          inf
#[Mean    =        1.470, StdDeviation   =        0.779]
#[Max     =       26.384, Total count    =      1180747]
#[Buckets =           27, SubBuckets     =         2048]
----------------------------------------------------------
  1777846 requests in 30.00s, 227.20MB read
Requests/sec:  59262.39
Transfer/sec:      7.57MB
