Running 30s test @ http://10.116.0.2:8080/json
  4 threads and 256 connections
  Thread calibration: mean lat.: 336.859ms, rate sampling interval: 3153ms
  Thread calibration: mean lat.: 440.268ms, rate sampling interval: 3719ms
  Thread calibration: mean lat.: 462.162ms, rate sampling interval: 3940ms
  Thread calibration: mean lat.: 407.378ms, rate sampling interval: 3475ms
  Thread Stats   Avg      Stdev     Max   +/- Stdev
    Latency     1.59s     2.07s   10.32s    81.46%
    Req/Sec    23.38k   847.06    25.18k    55.00%
  Latency Distribution (HdrHistogram - Recorded Latency)
 50.000%  550.40ms
 75.000%    2.94s 
 90.000%    4.54s 
 99.000%    8.59s 
 99.900%   10.02s 
 99.990%   10.30s 
 99.999%   10.33s 
100.000%   10.33s 

  Detailed Percentile spectrum:
       Value   Percentile   TotalCount 1/(1-Percentile)

       0.215     0.000000            1         1.00
       1.166     0.100000       184138         1.11
       1.621     0.200000       368137         1.25
       2.285     0.300000       552513         1.43
      18.975     0.400000       736201         1.67
     550.399     0.500000       920334         2.00
     902.143     0.550000      1012347         2.22
    1268.735     0.600000      1104325         2.50
    1692.671     0.650000      1196445         2.86
    2215.935     0.700000      1288361         3.33
    2942.975     0.750000      1380599         4.00
    3282.943     0.775000      1426593         4.44
    3569.663     0.800000      1472691         5.00
    3733.503     0.825000      1518483         5.71
    3862.527     0.850000      1565239         6.67
    4077.567     0.875000      1610643         8.00
    4292.607     0.887500      1633512         8.89
    4538.367     0.900000      1656670        10.00
    4788.223     0.912500      1679658        11.43
    5013.503     0.925000      1702663        13.33
    5255.167     0.937500      1725578        16.00
    5378.047     0.943750      1737172        17.78
    5496.831     0.950000      1748466        20.00
    5615.615     0.956250      1760282        22.86
    6135.807     0.962500      1771541        26.67
    6598.655     0.968750      1782975        32.00
    6840.319     0.971875      1788765        35.56
    7135.231     0.975000      1794490        40.00
    7430.143     0.978125      1800320        45.71
    7725.055     0.981250      1805994        53.33
    7999.487     0.984375      1811784        64.00
    8142.847     0.985938      1814687        71.11
    8278.015     0.987500      1817532        80.00
    8470.527     0.989062      1820447        91.43
    8675.327     0.990625      1823277       106.67
    8871.935     0.992188      1826131       128.00
    8978.431     0.992969      1827559       142.22
    9101.311     0.993750      1829059       160.00
    9215.999     0.994531      1830453       182.86
    9363.455     0.995313      1831926       213.33
    9494.527     0.996094      1833330       256.00
    9560.063     0.996484      1834044       284.44
    9625.599     0.996875      1834766       320.00
    9691.135     0.997266      1835495       365.71
    9748.479     0.997656      1836215       426.67
    9822.207     0.998047      1836955       512.00
    9863.167     0.998242      1837323       568.89
    9895.935     0.998437      1837646       640.00
    9928.703     0.998633      1837976       731.43
    9977.855     0.998828      1838399       853.33
   10027.007     0.999023      1838716      1024.00
   10051.583     0.999121      1838891      1137.78
   10076.159     0.999219      1839068      1280.00
   10100.735     0.999316      1839279      1462.86
   10117.119     0.999414      1839413      1706.67
   10141.695     0.999512      1839600      2048.00
   10158.079     0.999561      1839718      2275.56
   10166.271     0.999609      1839823      2560.00
   10174.463     0.999658      1839942      2925.71
   10182.655     0.999707      1839980      3413.33
   10199.039     0.999756      1840054      4096.00
   10215.423     0.999780      1840096      4551.11
   10231.807     0.999805      1840140      5120.00
   10248.191     0.999829      1840185      5851.43
   10264.575     0.999854      1840228      6826.67
   10280.959     0.999878      1840271      8192.00
   10289.151     0.999890      1840291      9102.22
   10297.343     0.999902      1840329     10240.00
   10305.535     0.999915      1840433     11702.86
   10305.535     0.999927      1840433     13653.33
   10305.535     0.999939      1840433     16384.00
   10305.535     0.999945      1840433     18204.44
   10305.535     0.999951      1840433     20480.00
   10305.535     0.999957      1840433     23405.71
   10305.535     0.999963      1840433     27306.67
   10305.535     0.999969      1840433     32768.00
   10313.727     0.999973      1840449     36408.89
   10313.727     0.999976      1840449     40960.00
   10313.727     0.999979      1840449     46811.43
   10321.919     0.999982      1840465     54613.33
   10321.919     0.999985      1840465     65536.00
   10321.919     0.999986      1840465     72817.78
   10321.919     0.999988      1840465     81920.00
   10330.111     0.999989      1840487     93622.86
   10330.111     1.000000      1840487          inf
#[Mean    =     1588.597, StdDeviation   =     2074.465]
#[Max     =    10321.920, Total count    =      1840487]
#[Buckets =           27, SubBuckets     =         2048]
----------------------------------------------------------
  2740038 requests in 30.00s, 350.16MB read
Requests/sec:  91335.42
Transfer/sec:     11.67MB
