Running 30s test @ http://10.116.0.2:8080/block?ms=100
  4 threads and 8000 connections
  Thread calibration: mean lat.: 2152.097ms, rate sampling interval: 9576ms
  Thread calibration: mean lat.: 2252.328ms, rate sampling interval: 10166ms
  Thread calibration: mean lat.: 2408.447ms, rate sampling interval: 10485ms
  Thread calibration: mean lat.: 2144.329ms, rate sampling interval: 9412ms
  Thread Stats   Avg      Stdev     Max   +/- Stdev
    Latency     7.80s     1.53s   13.61s    64.74%
    Req/Sec    10.27k    44.00    10.32k    50.00%
  Latency Distribution (HdrHistogram - Recorded Latency)
 50.000%    7.75s 
 75.000%    8.94s 
 90.000%    9.87s 
 99.000%   11.17s 
 99.900%   11.90s 
 99.990%   12.52s 
 99.999%   13.35s 
100.000%   13.62s 

  Detailed Percentile spectrum:
       Value   Percentile   TotalCount 1/(1-Percentile)

    3063.807     0.000000            1         1.00
    5820.415     0.100000        41414         1.11
    6397.951     0.200000        82712         1.25
    6864.895     0.300000       123818         1.43
    7294.975     0.400000       164917         1.67
    7745.535     0.500000       206123         2.00
    7974.911     0.550000       226620         2.22
    8212.479     0.600000       247455         2.50
    8445.951     0.650000       267917         2.86
    8683.519     0.700000       288515         3.33
    8937.471     0.750000       309460         4.00
    9068.543     0.775000       319728         4.44
    9207.807     0.800000       330044         5.00
    9347.071     0.825000       339926         5.71
    9510.911     0.850000       350593         6.67
    9682.943     0.875000       360874         8.00
    9773.055     0.887500       365890         8.89
    9871.359     0.900000       370905        10.00
    9977.855     0.912500       375972        11.43
   10092.543     0.925000       381063        13.33
   10223.615     0.937500       386351        16.00
   10289.151     0.943750       388747        17.78
   10371.071     0.950000       391531        20.00
   10452.991     0.956250       394070        22.86
   10543.103     0.962500       396584        26.67
   10641.407     0.968750       399085        32.00
   10698.751     0.971875       400402        35.56
   10764.287     0.975000       401766        40.00
   10829.823     0.978125       403008        45.71
   10903.551     0.981250       404266        53.33
   10985.471     0.984375       405515        64.00
   11034.623     0.985938       406190        71.11
   11083.775     0.987500       406795        80.00
   11141.119     0.989062       407463        91.43
   11198.463     0.990625       408091       106.67
   11263.999     0.992188       408687       128.00
   11304.959     0.992969       409031       142.22
   11345.919     0.993750       409346       160.00
   11395.071     0.994531       409694       182.86
   11444.223     0.995313       410006       213.33
   11501.567     0.996094       410329       256.00
   11534.335     0.996484       410494       284.44
   11567.103     0.996875       410622       320.00
   11616.255     0.997266       410795       365.71
   11657.215     0.997656       410941       426.67
   11714.559     0.998047       411110       512.00
   11747.327     0.998242       411182       568.89
   11780.095     0.998437       411262       640.00
   11821.055     0.998633       411354       731.43
   11862.015     0.998828       411427       853.33
   11911.167     0.999023       411498      1024.00
   11943.935     0.999121       411539      1137.78
   11984.895     0.999219       411580      1280.00
   12034.047     0.999316       411625      1462.86
   12075.007     0.999414       411667      1706.67
   12124.159     0.999512       411704      2048.00
   12148.735     0.999561       411724      2275.56
   12181.503     0.999609       411744      2560.00
   12214.271     0.999658       411760      2925.71
   12247.039     0.999707       411784      3413.33
   12296.191     0.999756       411801      4096.00
   12328.959     0.999780       411816      4551.11
   12345.343     0.999805       411822      5120.00
   12378.111     0.999829       411830      5851.43
   12419.071     0.999854       411842      6826.67
   12468.223     0.999878       411850      8192.00
   12492.799     0.999890       411855      9102.22
   12525.567     0.999902       411862     10240.00
   12582.911     0.999915       411865     11702.86
   12673.023     0.999927       411870     13653.33
   12787.711     0.999939       411875     16384.00
   12853.247     0.999945       411878     18204.44
   12943.359     0.999951       411880     20480.00
   12984.319     0.999957       411883     23405.71
   13066.239     0.999963       411885     27306.67
   13156.351     0.999969       411888     32768.00
   13180.927     0.999973       411889     36408.89
   13197.311     0.999976       411890     40960.00
   13238.271     0.999979       411892     46811.43
   13303.807     0.999982       411895     54613.33
   13303.807     0.999985       411895     65536.00
   13303.807     0.999986       411895     72817.78
   13303.807     0.999988       411895     81920.00
   13352.959     0.999989       411896     93622.86
   13385.727     0.999991       411897    109226.67
   13385.727     0.999992       411897    131072.00
   13418.495     0.999993       411898    145635.56
   13418.495     0.999994       411898    163840.00
   13418.495     0.999995       411898    187245.71
   13549.567     0.999995       411899    218453.33
   13549.567     0.999996       411899    262144.00
   13549.567     0.999997       411899    291271.11
   13549.567     0.999997       411899    327680.00
   13549.567     0.999997       411899    374491.43
   13615.103     0.999998       411900    436906.67
   13615.103     1.000000       411900          inf
#[Mean    =     7798.897, StdDeviation   =     1531.819]
#[Max     =    13606.912, Total count    =       411900]
#[Buckets =           27, SubBuckets     =         2048]
----------------------------------------------------------
  1077561 requests in 30.00s, 124.34MB read
  Socket errors: connect 0, read 0, write 0, timeout 14
Requests/sec:  35916.97
Transfer/sec:      4.14MB
