Running 30s test @ http://10.116.0.2:8080/block?ms=100
  4 threads and 1000 connections
  Thread calibration: mean lat.: 413.935ms, rate sampling interval: 2174ms
  Thread calibration: mean lat.: 111.618ms, rate sampling interval: 262ms
  Thread calibration: mean lat.: 363.139ms, rate sampling interval: 2065ms
  Thread calibration: mean lat.: 111.606ms, rate sampling interval: 261ms
  Thread Stats   Avg      Stdev     Max   +/- Stdev
    Latency   110.56ms   39.86ms 640.00ms   96.71%
    Req/Sec     2.25k    42.95     2.43k    79.25%
  Latency Distribution (HdrHistogram - Recorded Latency)
 50.000%  101.89ms
 75.000%  104.25ms
 90.000%  116.42ms
 99.000%  344.58ms
 99.900%  520.45ms
 99.990%  625.66ms
 99.999%  637.44ms
100.000%  640.51ms

  Detailed Percentile spectrum:
       Value   Percentile   TotalCount 1/(1-Percentile)

     100.351     0.000000            6         1.00
     100.863     0.100000        19263         1.11
     101.119     0.200000        36912         1.25
     101.311     0.300000        51295         1.43
     101.567     0.400000        69949         1.67
     101.887     0.500000        86193         2.00
     102.079     0.550000        93120         2.22
     102.399     0.600000       101701         2.50
     102.847     0.650000       110443         2.86
     103.423     0.700000       118744         3.33
     104.255     0.750000       126929         4.00
     104.895     0.775000       131264         4.44
     105.791     0.800000       135427         5.00
     107.199     0.825000       139663         5.71
     109.375     0.850000       143796         6.67
     112.767     0.875000       148041         8.00
     114.623     0.887500       150112         8.89
     116.415     0.900000       152231        10.00
     118.207     0.912500       154352        11.43
     119.935     0.925000       156456        13.33
     121.599     0.937500       158596        16.00
     122.559     0.943750       159664        17.78
     123.903     0.950000       160684        20.00
     126.207     0.956250       161737        22.86
     129.919     0.962500       162796        26.67
     159.359     0.968750       163845        32.00
     188.927     0.971875       164372        35.56
     216.703     0.975000       164903        40.00
     241.023     0.978125       165429        45.71
     262.655     0.981250       165959        53.33
     286.719     0.984375       166487        64.00
     301.311     0.985938       166750        71.11
     316.671     0.987500       167014        80.00
     334.079     0.989062       167281        91.43
     353.023     0.990625       167543       106.67
     371.711     0.992188       167809       128.00
     378.879     0.992969       167940       142.22
     389.887     0.993750       168073       160.00
     401.407     0.994531       168205       182.86
     412.671     0.995313       168337       213.33
     426.751     0.996094       168469       256.00
     439.039     0.996484       168535       284.44
     450.559     0.996875       168600       320.00
     465.151     0.997266       168667       365.71
     477.183     0.997656       168732       426.67
     487.679     0.998047       168798       512.00
     493.567     0.998242       168831       568.89
     499.199     0.998437       168864       640.00
     507.135     0.998633       168897       731.43
     514.815     0.998828       168931       853.33
     523.263     0.999023       168963      1024.00
     525.823     0.999121       168981      1137.78
     529.919     0.999219       168998      1280.00
     542.719     0.999316       169013      1462.86
     551.935     0.999414       169029      1706.67
     564.735     0.999512       169046      2048.00
     572.415     0.999561       169054      2275.56
     579.583     0.999609       169063      2560.00
     587.775     0.999658       169071      2925.71
     595.455     0.999707       169080      3413.33
     604.159     0.999756       169088      4096.00
     605.695     0.999780       169091      4551.11
     609.791     0.999805       169095      5120.00
     614.911     0.999829       169100      5851.43
     617.983     0.999854       169104      6826.67
     622.079     0.999878       169108      8192.00
     625.151     0.999890       169110      9102.22
     625.663     0.999902       169112     10240.00
     627.711     0.999915       169114     11702.86
     628.223     0.999927       169116     13653.33
     631.295     0.999939       169118     16384.00
     632.319     0.999945       169119     18204.44
     635.903     0.999951       169122     20480.00
     635.903     0.999957       169122     23405.71
     635.903     0.999963       169122     27306.67
     636.415     0.999969       169124     32768.00
     636.415     0.999973       169124     36408.89
     636.415     0.999976       169124     40960.00
     637.439     0.999979       169127     46811.43
     637.439     0.999982       169127     54613.33
     637.439     0.999985       169127     65536.00
     637.439     0.999986       169127     72817.78
     637.439     0.999988       169127     81920.00
     637.439     0.999989       169127     93622.86
     637.439     0.999991       169127    109226.67
     637.439     0.999992       169127    131072.00
     637.439     0.999993       169127    145635.56
     637.439     0.999994       169127    163840.00
     640.511     0.999995       169128    187245.71
     640.511     1.000000       169128          inf
#[Mean    =      110.562, StdDeviation   =       39.855]
#[Max     =      640.000, Total count    =       169128]
#[Buckets =           27, SubBuckets     =         2048]
----------------------------------------------------------
  262070 requests in 30.00s, 30.03MB read
Requests/sec:   8735.66
Transfer/sec:      1.00MB
