Running 30s test @ http://10.116.0.2:8080/json
  4 threads and 256 connections
  Thread calibration: mean lat.: 806.765ms, rate sampling interval: 3094ms
  Thread calibration: mean lat.: 831.179ms, rate sampling interval: 3231ms
  Thread calibration: mean lat.: 928.460ms, rate sampling interval: 3235ms
  Thread calibration: mean lat.: 827.092ms, rate sampling interval: 3252ms
  Thread Stats   Avg      Stdev     Max   +/- Stdev
    Latency     3.94s     1.22s    6.98s    59.18%
    Req/Sec    11.85k   245.41    12.24k    62.50%
  Latency Distribution (HdrHistogram - Recorded Latency)
 50.000%    3.94s 
 75.000%    4.98s 
 90.000%    5.55s 
 99.000%    6.17s 
 99.900%    6.50s 
 99.990%    6.82s 
 99.999%    6.97s 
100.000%    6.98s 

  Detailed Percentile spectrum:
       Value   Percentile   TotalCount 1/(1-Percentile)

    1266.687     0.000000            1         1.00
    2242.559     0.100000        93352         1.11
    2680.831     0.200000       186721         1.25
    3123.199     0.300000       279933         1.43
    3545.087     0.400000       373202         1.67
    3938.303     0.500000       466472         2.00
    4159.487     0.550000       513297         2.22
    4386.815     0.600000       560413         2.50
    4599.807     0.650000       606606         2.86
    4796.415     0.700000       653515         3.33
    4976.639     0.750000       700289         4.00
    5066.751     0.775000       723398         4.44
    5156.863     0.800000       746874         5.00
    5251.071     0.825000       769519         5.71
    5349.375     0.850000       792814         6.67
    5451.775     0.875000       816874         8.00
    5500.927     0.887500       827938         8.89
    5554.175     0.900000       840214        10.00
    5607.423     0.912500       851421        11.43
    5668.863     0.925000       863241        13.33
    5734.399     0.937500       875022        16.00
    5771.263     0.943750       880714        17.78
    5808.127     0.950000       886360        20.00
    5849.087     0.956250       892371        22.86
    5890.047     0.962500       897738        26.67
    5939.199     0.968750       903728        32.00
    5963.775     0.971875       906596        35.56
    5992.447     0.975000       909593        40.00
    6021.119     0.978125       912303        45.71
    6053.887     0.981250       915395        53.33
    6086.655     0.984375       918093        64.00
    6111.231     0.985938       919655        71.11
    6131.711     0.987500       921119        80.00
    6152.191     0.989062       922422        91.43
    6176.767     0.990625       923918       106.67
    6205.439     0.992188       925437       128.00
    6221.823     0.992969       926204       142.22
    6238.207     0.993750       926803       160.00
    6262.783     0.994531       927571       182.86
    6291.455     0.995313       928312       213.33
    6328.319     0.996094       929035       256.00
    6344.703     0.996484       929391       284.44
    6361.087     0.996875       929703       320.00
    6381.567     0.997266       930093       365.71
    6406.143     0.997656       930468       426.67
    6430.719     0.998047       930857       512.00
    6438.911     0.998242       931003       568.89
    6451.199     0.998437       931177       640.00
    6463.487     0.998633       931338       731.43
    6479.871     0.998828       931533       853.33
    6500.351     0.999023       931717      1024.00
    6508.543     0.999121       931786      1137.78
    6520.831     0.999219       931892      1280.00
    6533.119     0.999316       931986      1462.86
    6545.407     0.999414       932068      1706.67
    6569.983     0.999512       932159      2048.00
    6586.367     0.999561       932199      2275.56
    6602.751     0.999609       932244      2560.00
    6623.231     0.999658       932288      2925.71
    6647.807     0.999707       932335      3413.33
    6688.767     0.999756       932379      4096.00
    6721.535     0.999780       932403      4551.11
    6742.015     0.999805       932424      5120.00
    6766.591     0.999829       932448      5851.43
    6782.975     0.999854       932468      6826.67
    6815.743     0.999878       932498      8192.00
    6819.839     0.999890       932513      9102.22
    6819.839     0.999902       932513     10240.00
    6828.031     0.999915       932525     11702.86
    6836.223     0.999927       932536     13653.33
    6885.375     0.999939       932552     16384.00
    6889.471     0.999945       932554     18204.44
    6901.759     0.999951       932562     20480.00
    6905.855     0.999957       932565     23405.71
    6918.143     0.999963       932570     27306.67
    6926.335     0.999969       932576     32768.00
    6934.527     0.999973       932579     36408.89
    6938.623     0.999976       932582     40960.00
    6946.815     0.999979       932586     46811.43
    6950.911     0.999982       932589     54613.33
    6955.007     0.999985       932591     65536.00
    6959.103     0.999986       932592     72817.78
    6963.199     0.999988       932594     81920.00
    6967.295     0.999989       932598     93622.86
    6967.295     0.999991       932598    109226.67
    6967.295     0.999992       932598    131072.00
    6967.295     0.999993       932598    145635.56
    6971.391     0.999994       932599    163840.00
    6975.487     0.999995       932603    187245.71
    6975.487     0.999995       932603    218453.33
    6975.487     0.999996       932603    262144.00
    6975.487     0.999997       932603    291271.11
    6975.487     0.999997       932603    327680.00
    6975.487     0.999997       932603    374491.43
    6975.487     0.999998       932603    436906.67
    6975.487     0.999998       932603    524288.00
    6975.487     0.999998       932603    582542.22
    6975.487     0.999998       932603    655360.00
    6975.487     0.999999       932603    748982.86
    6975.487     0.999999       932603    873813.33
    6979.583     0.999999       932604   1048576.00
    6979.583     1.000000       932604          inf
#[Mean    =     3935.597, StdDeviation   =     1218.484]
#[Max     =     6975.488, Total count    =       932604]
#[Buckets =           27, SubBuckets     =         2048]
----------------------------------------------------------
  1420357 requests in 30.00s, 180.41MB read
Requests/sec:  47346.07
Transfer/sec:      6.01MB
