Running 30s test @ http://10.116.0.2:8080/json
  4 threads and 256 connections
  Thread calibration: mean lat.: 2844.919ms, rate sampling interval: 10690ms
  Thread calibration: mean lat.: 2835.426ms, rate sampling interval: 10108ms
  Thread calibration: mean lat.: 2853.002ms, rate sampling interval: 10706ms
  Thread calibration: mean lat.: 2834.258ms, rate sampling interval: 10665ms
  Thread Stats   Avg      Stdev     Max   +/- Stdev
    Latency    11.78s     3.43s   18.17s    58.08%
    Req/Sec    11.83k    16.97    11.84k    75.00%
  Latency Distribution (HdrHistogram - Recorded Latency)
 50.000%   11.85s 
 75.000%   14.70s 
 90.000%   16.52s 
 99.000%   17.69s 
 99.900%   17.94s 
 99.990%   18.09s 
 99.999%   18.17s 
100.000%   18.19s 

  Detailed Percentile spectrum:
       Value   Percentile   TotalCount 1/(1-Percentile)

    5423.103     0.000000            1         1.00
    7016.447     0.100000        93530         1.11
    8191.999     0.200000       186967         1.25
    9437.183     0.300000       280808         1.43
   10641.407     0.400000       374123         1.67
   11845.631     0.500000       467485         2.00
   12435.455     0.550000       514057         2.22
   13008.895     0.600000       561120         2.50
   13557.759     0.650000       607766         2.86
   14123.007     0.700000       654596         3.33
   14696.447     0.750000       700982         4.00
   14999.551     0.775000       724830         4.44
   15294.463     0.800000       747999         5.00
   15597.567     0.825000       771555         5.71
   15908.863     0.850000       794756         6.67
   16220.159     0.875000       818265         8.00
   16375.807     0.887500       830152         8.89
   16523.263     0.900000       841256        10.00
   16678.911     0.912500       853344        11.43
   16826.367     0.925000       864732        13.33
   16990.207     0.937500       876681        16.00
   17072.127     0.943750       882732        17.78
   17154.047     0.950000       888844        20.00
   17235.967     0.956250       894935        22.86
   17301.503     0.962500       899882        26.67
   17383.423     0.968750       905900        32.00
   17432.575     0.971875       909413        35.56
   17465.343     0.975000       911699        40.00
   17514.495     0.978125       915014        45.71
   17547.263     0.981250       917147        53.33
   17596.415     0.984375       920215        64.00
   17629.183     0.985938       922153        71.11
   17645.567     0.987500       923099        80.00
   17678.335     0.989062       924886        91.43
   17711.103     0.990625       926582       106.67
   17727.487     0.992188       927359       128.00
   17743.871     0.992969       928118       142.22
   17760.255     0.993750       928835       160.00
   17776.639     0.994531       929529       182.86
   17809.407     0.995313       930751       213.33
   17825.791     0.996094       931293       256.00
   17842.175     0.996484       931788       284.44
   17842.175     0.996875       931788       320.00
   17858.559     0.997266       932213       365.71
   17874.943     0.997656       932613       426.67
   17891.327     0.998047       932960       512.00
   17907.711     0.998242       933268       568.89
   17907.711     0.998437       933268       640.00
   17924.095     0.998633       933511       731.43
   17940.479     0.998828       933719       853.33
   17956.863     0.999023       933889      1024.00
   17956.863     0.999121       933889      1137.78
   17973.247     0.999219       934051      1280.00
   17973.247     0.999316       934051      1462.86
   17989.631     0.999414       934182      1706.67
   18006.015     0.999512       934289      2048.00
   18006.015     0.999561       934289      2275.56
   18006.015     0.999609       934289      2560.00
   18022.399     0.999658       934371      2925.71
   18022.399     0.999707       934371      3413.33
   18038.783     0.999756       934432      4096.00
   18055.167     0.999780       934482      4551.11
   18055.167     0.999805       934482      5120.00
   18055.167     0.999829       934482      5851.43
   18071.551     0.999854       934527      6826.67
   18071.551     0.999878       934527      8192.00
   18087.935     0.999890       934564      9102.22
   18087.935     0.999902       934564     10240.00
   18087.935     0.999915       934564     11702.86
   18104.319     0.999927       934592     13653.33
   18104.319     0.999939       934592     16384.00
   18104.319     0.999945       934592     18204.44
   18120.703     0.999951       934607     20480.00
   18120.703     0.999957       934607     23405.71
   18120.703     0.999963       934607     27306.67
   18137.087     0.999969       934619     32768.00
   18137.087     0.999973       934619     36408.89
   18137.087     0.999976       934619     40960.00
   18153.471     0.999979       934628     46811.43
   18153.471     0.999982       934628     54613.33
   18153.471     0.999985       934628     65536.00
   18153.471     0.999986       934628     72817.78
   18169.855     0.999988       934635     81920.00
   18169.855     0.999989       934635     93622.86
   18169.855     0.999991       934635    109226.67
   18169.855     0.999992       934635    131072.00
   18169.855     0.999993       934635    145635.56
   18169.855     0.999994       934635    163840.00
   18186.239     0.999995       934640    187245.71
   18186.239     1.000000       934640          inf
#[Mean    =    11784.662, StdDeviation   =     3430.655]
#[Max     =    18169.856, Total count    =       934640]
#[Buckets =           27, SubBuckets     =         2048]
----------------------------------------------------------
  1425929 requests in 30.00s, 181.12MB read
Requests/sec:  47531.92
Transfer/sec:      6.04MB
