Running 30s test @ http://10.116.0.2:8080/json
  4 threads and 256 connections
  Thread calibration: mean lat.: 1.309ms, rate sampling interval: 10ms
  Thread calibration: mean lat.: 1.320ms, rate sampling interval: 10ms
  Thread calibration: mean lat.: 1.734ms, rate sampling interval: 10ms
  Thread calibration: mean lat.: 1.663ms, rate sampling interval: 10ms
  Thread Stats   Avg      Stdev     Max   +/- Stdev
    Latency     2.09ms   19.99ms   1.05s    99.89%
    Req/Sec     5.26k     1.52k   18.60k    79.12%
  Latency Distribution (HdrHistogram - Recorded Latency)
 50.000%    1.44ms
 75.000%    1.87ms
 90.000%    2.33ms
 99.000%    4.41ms
 99.900%   80.06ms
 99.990%  962.56ms
 99.999%    1.05s 
100.000%    1.05s 

  Detailed Percentile spectrum:
       Value   Percentile   TotalCount 1/(1-Percentile)

       0.254     0.000000            1         1.00
       0.707     0.100000        39421         1.11
       0.920     0.200000        78932         1.25
       1.104     0.300000       118194         1.43
       1.279     0.400000       157608         1.67
       1.440     0.500000       196880         2.00
       1.521     0.550000       216713         2.22
       1.602     0.600000       236211         2.50
       1.686     0.650000       255914         2.86
       1.772     0.700000       275554         3.33
       1.867     0.750000       295336         4.00
       1.918     0.775000       305070         4.44
       1.976     0.800000       315000         5.00
       2.040     0.825000       324865         5.71
       2.115     0.850000       334675         6.67
       2.207     0.875000       344446         8.00
       2.261     0.887500       349353         8.89
       2.325     0.900000       354325        10.00
       2.399     0.912500       359248        11.43
       2.485     0.925000       364195        13.33
       2.589     0.937500       369060        16.00
       2.653     0.943750       371521        17.78
       2.731     0.950000       374015        20.00
       2.817     0.956250       376437        22.86
       2.923     0.962500       378904        26.67
       3.053     0.968750       381353        32.00
       3.135     0.971875       382577        35.56
       3.237     0.975000       383798        40.00
       3.359     0.978125       385036        45.71
       3.525     0.981250       386258        53.33
       3.751     0.984375       387481        64.00
       3.901     0.985938       388100        71.11
       4.079     0.987500       388712        80.00
       4.267     0.989062       389327        91.43
       4.503     0.990625       389946       106.67
       4.795     0.992188       390567       128.00
       4.967     0.992969       390867       142.22
       5.171     0.993750       391171       160.00
       5.447     0.994531       391481       182.86
       5.779     0.995313       391786       213.33
       6.171     0.996094       392094       256.00
       6.459     0.996484       392247       284.44
       6.719     0.996875       392400       320.00
       6.983     0.997266       392556       365.71
       7.295     0.997656       392708       426.67
       7.723     0.998047       392862       512.00
       8.083     0.998242       392940       568.89
       8.759     0.998437       393015       640.00
       9.703     0.998633       393092       731.43
      10.735     0.998828       393170       853.33
     104.895     0.999023       393246      1024.00
     194.175     0.999121       393285      1137.78
     291.583     0.999219       393324      1280.00
     390.399     0.999316       393361      1462.86
     479.231     0.999414       393400      1706.67
     579.071     0.999512       393439      2048.00
     627.711     0.999561       393459      2275.56
     675.839     0.999609       393477      2560.00
     725.503     0.999658       393496      2925.71
     764.415     0.999707       393515      3413.33
     814.079     0.999756       393535      4096.00
     839.167     0.999780       393545      4551.11
     864.255     0.999805       393555      5120.00
     888.831     0.999829       393564      5851.43
     913.407     0.999854       393573      6826.67
     938.495     0.999878       393583      8192.00
     950.783     0.999890       393588      9102.22
     963.071     0.999902       393593     10240.00
     975.359     0.999915       393597     11702.86
     988.159     0.999927       393603     13653.33
    1000.447     0.999939       393608     16384.00
    1001.471     0.999945       393610     18204.44
    1012.735     0.999951       393611     20480.00
    1013.759     0.999957       393614     23405.71
    1025.023     0.999963       393616     27306.67
    1025.535     0.999969       393618     32768.00
    1026.559     0.999973       393620     36408.89
    1036.799     0.999976       393621     40960.00
    1037.311     0.999979       393623     46811.43
    1037.311     0.999982       393623     54613.33
    1037.823     0.999985       393624     65536.00
    1038.335     0.999986       393625     72817.78
    1048.063     0.999988       393626     81920.00
    1048.063     0.999989       393626     93622.86
    1048.575     0.999991       393628    109226.67
    1048.575     0.999992       393628    131072.00
    1048.575     0.999993       393628    145635.56
    1048.575     0.999994       393628    163840.00
    1048.575     0.999995       393628    187245.71
    1049.599     0.999995       393630    218453.33
    1049.599     1.000000       393630          inf
#[Mean    =        2.091, StdDeviation   =       19.995]
#[Max     =     1048.576, Total count    =       393630]
#[Buckets =           27, SubBuckets     =         2048]
----------------------------------------------------------
  588511 requests in 30.01s, 74.75MB read
Requests/sec:  19612.98
Transfer/sec:      2.49MB
