Linux 6.8.0-142-generic (cafeai-bench-loadgen) 	10/01/26 	_x86_64_	(4 CPU)

23:06:46     CPU    %usr   %nice    %sys %iowait    %irq   %soft  %steal  %guest  %gnice   %idle
23:06:47     all    0.25    0.00    1.27    0.00    0.00    0.25    0.00    0.00    0.00   98.23
23:06:48     all    0.78    0.00    2.58    0.00    0.00    1.55    0.00    0.00    0.00   95.09
23:06:49     all    1.03    0.00    3.62    0.00    0.00    2.58    0.00    0.00    0.00   92.76
23:06:50     all    1.55    0.00    3.88    0.00    0.00    2.58    0.00    0.00    0.00   91.99
23:06:51     all    1.29    0.00    4.65    0.00    0.00    3.36    0.00    0.00    0.00   90.70
23:06:52     all    1.56    0.00    4.16    0.00    0.00    3.90    0.00    0.00    0.00   90.39
23:06:53     all    1.33    0.00    4.51    0.00    0.00    3.45    0.00    0.00    0.00   90.72
23:06:54     all    2.37    0.00    6.32    0.26    0.00    3.95    0.00    0.00    0.00   87.11
23:06:55     all    2.37    0.00    6.07    0.00    0.00    3.43    0.00    0.00    0.00   88.13
23:06:56     all    2.44    0.00    7.32    0.00    0.00    3.79    0.00    0.00    0.00   86.45
23:06:57     all    4.21    0.00   10.67    0.00    0.00    6.46    0.00    0.00    0.00   78.65
23:06:58     all    4.86    0.00   14.57    0.00    0.00   10.00    0.29    0.00    0.00   70.29
23:06:59     all    5.68    0.00   13.07    0.00    0.00    9.38    0.00    0.00    0.00   71.88
23:07:00     all    3.61    0.00    7.22    0.00    0.00    4.38    0.00    0.00    0.00   84.79
23:07:01     all    3.65    0.00    5.99    0.00    0.00    4.43    0.00    0.00    0.00   85.94
23:07:02     all    3.38    0.00    6.49    0.00    0.00    4.42    0.00    0.00    0.00   85.71
23:07:03     all    2.90    0.00    6.60    0.00    0.00    3.69    0.00    0.00    0.00   86.81
23:07:04     all    2.84    0.00    7.24    0.00    0.00    4.39    0.00    0.00    0.00   85.53
23:07:05     all    3.39    0.00    6.51    0.00    0.00    4.17    0.00    0.00    0.00   85.94
23:07:06     all    3.42    0.00    6.84    0.00    0.00    2.89    0.00    0.00    0.00   86.84
23:07:07     all    3.37    0.00    5.96    0.00    0.00    4.92    0.00    0.00    0.00   85.75
23:07:08     all    3.40    0.00    6.81    0.00    0.00    3.66    0.00    0.00    0.00   86.13
23:07:09     all    4.09    0.00    6.65    0.00    0.00    4.86    0.00    0.00    0.00   84.40
23:07:10     all    3.84    0.00    6.65    0.00    0.00    4.60    0.26    0.00    0.00   84.65
23:07:11     all    3.89    0.00    6.48    0.00    0.00    4.40    0.00    0.00    0.00   85.23
23:07:12     all    3.08    0.00    7.71    0.00    0.00    4.37    0.00    0.00    0.00   84.83
23:07:13     all    3.12    0.00    7.03    0.00    0.00    4.17    0.00    0.00    0.00   85.68
23:07:14     all    3.38    0.00    6.23    0.00    0.00    4.42    0.52    0.00    0.00   85.45
23:07:15     all    3.62    0.00    6.46    0.00    0.00    4.65    0.00    0.00    0.00   85.27
23:07:16     all    3.39    0.00    6.51    0.00    0.00    3.91    0.00    0.00    0.00   86.20
23:07:17     all    1.01    0.00    1.77    0.00    0.00    0.76    0.00    0.00    0.00   96.46
23:07:18     all    1.02    0.00    2.30    0.00    0.00    2.81    0.00    0.00    0.00   93.86
23:07:19     all    1.05    0.00    2.11    0.00    0.00    1.05    0.00    0.00    0.00   95.79
23:07:20     all    1.33    0.00    2.65    0.00    0.00    1.06    0.00    0.00    0.00   94.96
23:07:21     all    1.55    0.00    3.10    0.00    0.00    2.84    0.00    0.00    0.00   92.51
23:07:22     all    1.55    0.00    3.10    0.26    0.00    2.84    0.00    0.00    0.00   92.25
23:07:23     all    7.44    0.00    4.62    0.00    0.00    2.56    0.00    0.00    0.00   85.38
23:07:24     all    5.77    0.00    3.94    0.00    0.00    1.84    0.00    0.00    0.00   88.45
23:07:25     all    1.80    0.00    2.84    0.00    0.00    2.84    0.00    0.00    0.00   92.53
23:07:26     all    1.29    0.00    3.61    0.00    0.00    2.84    0.00    0.00    0.00   92.27
23:07:27     all    1.55    0.00    2.84    0.00    0.00    2.58    0.00    0.00    0.00   93.02
23:07:28     all    1.57    0.00    2.88    0.00    0.00    2.88    0.00    0.00    0.00   92.67
23:07:29     all    2.04    0.00    4.07    0.25    0.00    3.56    0.00    0.00    0.00   90.08
23:07:30     all    1.29    0.00    2.58    0.00    0.00    2.84    0.26    0.00    0.00   93.02
23:07:31     all    1.55    0.00    2.33    0.00    0.00    3.37    0.00    0.00    0.00   92.75
23:07:32     all    1.80    0.00    2.83    0.00    0.00    2.83    0.00    0.00    0.00   92.54
23:07:33     all    2.07    0.00    2.33    0.00    0.00    2.84    0.00    0.00    0.00   92.76
23:07:34     all    1.29    0.00    2.84    0.00    0.00    3.10    0.00    0.00    0.00   92.76
23:07:35     all    1.79    0.00    3.59    0.00    0.00    2.31    0.00    0.00    0.00   92.31
23:07:36     all    2.05    0.00    3.07    0.00    0.00    2.56    0.26    0.00    0.00   92.07
23:07:37     all    1.55    0.00    2.58    0.00    0.00    3.09    0.00    0.00    0.00   92.78
23:07:38     all    1.54    0.00    2.83    0.00    0.00    3.08    0.00    0.00    0.00   92.54
23:07:39     all    1.82    0.00    3.12    0.00    0.00    2.60    0.00    0.00    0.00   92.47
23:07:40     all    1.78    0.00    3.82    0.00    0.00    3.82    0.00    0.00    0.00   90.59
23:07:41     all    2.81    0.00    3.06    0.00    0.00    3.06    0.00    0.00    0.00   91.07
23:07:42     all    1.80    0.00    3.08    0.00    0.00    2.83    0.00    0.00    0.00   92.29
23:07:43     all    2.30    0.00    2.81    0.00    0.00    3.06    0.00    0.00    0.00   91.84
23:07:44     all    1.53    0.00    3.32    0.00    0.00    3.32    0.00    0.00    0.00   91.82
23:07:45     all    1.78    0.00    2.79    0.00    0.00    4.06    0.00    0.00    0.00   91.37
23:07:46     all    1.56    0.00    2.60    0.00    0.00    2.60    0.00    0.00    0.00   93.25
23:07:47     all    2.32    0.00    3.35    0.00    0.00    0.77    0.00    0.00    0.00   93.56
23:07:48     all    3.46    0.00    5.85    0.00    0.00    2.66    0.00    0.00    0.00   88.03
23:07:49     all    5.00    0.00    6.05    0.00    0.00    2.63    0.00    0.00    0.00   86.32
23:07:50     all    5.25    0.00    6.04    0.00    0.00    3.15    0.00    0.00    0.00   85.56
23:07:51     all    3.99    0.00    5.32    0.00    0.00    3.19    0.00    0.00    0.00   87.50
23:07:52     all    3.78    0.00    4.59    0.27    0.00    2.97    0.00    0.00    0.00   88.38
23:07:53     all    4.16    0.00    5.97    0.00    0.00    4.16    0.00    0.00    0.00   85.71
23:07:54     all    4.55    0.00    4.81    0.00    0.00    2.94    0.00    0.00    0.00   87.70
23:07:55     all    5.56    0.00    4.76    0.00    0.00    2.65    0.00    0.00    0.00   87.04
23:07:56     all    3.74    0.00    5.61    0.00    0.00    3.48    0.00    0.00    0.00   87.17
23:07:57     all    4.01    0.00    5.35    0.00    0.00    3.74    0.00    0.00    0.00   86.90
23:07:58     all    4.51    0.00    5.31    0.00    0.00    3.18    0.00    0.00    0.00   87.00
23:07:59     all    3.98    0.00    5.04    0.00    0.00    4.24    0.00    0.00    0.00   86.74
23:08:00     all    4.74    0.00    5.53    0.00    0.00    3.16    0.00    0.00    0.00   86.58
23:08:01     all    4.27    0.00    5.87    0.00    0.00    2.93    0.00    0.00    0.00   86.93
23:08:02     all    4.50    0.00    5.56    0.00    0.00    3.17    0.53    0.00    0.00   86.24
23:08:03     all    4.75    0.00    6.07    0.00    0.00    3.17    0.00    0.00    0.00   86.02
23:08:04     all    4.79    0.00    4.79    0.00    0.00    3.46    0.00    0.00    0.00   86.97
23:08:05     all    5.73    0.00    5.21    0.00    0.00    3.12    0.00    0.00    0.00   85.94
23:08:06     all    4.00    0.00    5.87    0.00    0.00    3.20    0.00    0.00    0.00   86.93
23:08:07     all    4.50    0.00    5.03    0.00    0.00    3.70    0.00    0.00    0.00   86.77
23:08:08     all    4.05    0.00    4.59    0.00    0.00    2.97    0.00    0.00    0.00   88.38
23:08:09     all    4.01    0.00    5.35    0.00    0.00    2.94    0.00    0.00    0.00   87.70
23:08:10     all    5.03    0.00    5.29    0.00    0.00    3.44    0.26    0.00    0.00   85.98
23:08:11     all    4.03    0.00    5.11    0.00    0.00    2.69    0.00    0.00    0.00   88.17
23:08:12     all    4.23    0.00    5.56    0.00    0.00    3.44    0.00    0.00    0.00   86.77
23:08:13     all    5.24    0.00    4.71    0.00    0.00    4.19    0.00    0.00    0.00   85.86
23:08:14     all    4.50    0.00    5.29    0.00    0.00    3.17    0.00    0.00    0.00   87.04
23:08:15     all    4.79    0.00    5.59    0.00    0.00    2.93    0.00    0.00    0.00   86.70
23:08:16     all    4.46    0.00    5.51    0.00    0.00    4.46    0.00    0.00    0.00   85.56
23:08:17     all    6.68    0.00   10.43    0.00    0.00    6.68    0.00    0.00    0.00   76.20
23:08:18     all    9.97    0.00   12.74    0.00    0.00    6.65    0.00    0.00    0.00   70.64
23:08:19     all   10.38    0.00   12.57    0.00    0.00    8.74    0.00    0.00    0.00   68.31
23:08:20     all    9.72    0.00   11.94    0.00    0.00    7.78    0.00    0.00    0.00   70.56
23:08:21     all    9.76    0.00   13.55    0.00    0.00    8.67    0.00    0.00    0.00   68.02
23:08:22     all   10.78    0.00   12.40    0.00    0.00    8.89    0.27    0.00    0.00   67.65
23:08:23     all   12.66    0.00   13.98    0.00    0.00    8.18    0.00    0.00    0.00   65.17
23:08:24     all   11.36    0.00   13.30    0.00    0.00    8.59    0.00    0.00    0.00   66.76
23:08:25     all   26.36    0.00   18.34    0.00    0.00    4.30    0.00    0.00    0.00   51.00
23:08:26     all   17.45    0.00   15.24    0.00    0.00    8.03    0.00    0.00    0.00   59.28
23:08:27     all   12.73    0.00   13.26    0.00    0.00    9.81    0.00    0.00    0.00   64.19
23:08:28     all   11.44    0.00   13.03    0.00    0.00   10.37    0.00    0.00    0.00   65.16
23:08:29     all   11.50    0.00   13.37    0.00    0.00    9.09    0.00    0.00    0.00   66.04
23:08:30     all   11.83    0.00   12.90    0.27    0.00   10.48    0.00    0.00    0.00   64.52
23:08:31     all   12.16    0.00   12.70    0.00    0.00    9.46    0.00    0.00    0.00   65.68
23:08:32     all   12.63    0.00   12.90    0.00    0.00    9.95    0.27    0.00    0.00   64.25
23:08:33     all   12.57    0.00   12.30    0.00    0.00   10.96    0.00    0.00    0.00   64.17
23:08:34     all   11.83    0.00   12.63    0.00    0.00   11.02    0.00    0.00    0.00   64.52
23:08:35     all   12.13    0.00   13.75    0.00    0.00    9.16    0.00    0.00    0.00   64.96
23:08:36     all   11.29    0.00   15.49    0.00    0.00    8.14    0.00    0.00    0.00   65.09
23:08:37     all   11.70    0.00   14.10    0.00    0.00    8.24    0.27    0.00    0.00   65.69
23:08:38     all   12.34    0.00   14.44    0.00    0.00    7.09    0.00    0.00    0.00   66.14
23:08:39     all   12.24    0.00   15.36    0.00    0.00    9.64    0.00    0.00    0.00   62.76
23:08:40     all   12.83    0.00   14.66    0.00    0.00    8.38    0.00    0.00    0.00   64.14
23:08:41     all   13.28    0.00   14.06    0.00    0.00    8.33    0.00    0.00    0.00   64.32
23:08:42     all   12.95    0.00   15.54    0.00    0.00    8.29    0.00    0.00    0.00   63.21
23:08:43     all   12.27    0.00   14.10    0.00    0.00    9.40    0.00    0.00    0.00   64.23
23:08:44     all   11.70    0.00   14.10    0.00    0.00    8.78    0.00    0.00    0.00   65.43
23:08:45     all   11.92    0.00   15.28    0.00    0.00    8.81    0.00    0.00    0.00   63.99
23:08:46     all   11.97    0.00   13.83    0.00    0.00    9.04    0.00    0.00    0.00   65.16
23:08:47     all    8.49    0.00   11.67    0.00    0.00    6.37    0.00    0.00    0.00   73.47
23:08:48     all    7.32    0.00   16.53    0.00    0.00   10.57    0.00    0.00    0.00   65.58
23:08:49     all    7.16    0.00   16.80    0.00    0.00   11.85    0.00    0.00    0.00   64.19
23:08:50     all    6.11    0.00   17.50    0.00    0.00   11.11    0.00    0.00    0.00   65.28
23:08:51     all    6.08    0.00   16.02    0.00    0.00   11.33    0.00    0.00    0.00   66.57
23:08:52     all    7.59    0.00   17.89    0.00    0.00   10.57    0.00    0.00    0.00   63.96
23:08:53     all    7.34    0.00   17.12    0.00    0.00   12.23    0.00    0.00    0.00   63.32
23:08:54     all    7.65    0.00   18.31    0.00    0.00   11.48    0.00    0.00    0.00   62.57
23:08:55     all    7.36    0.00   17.17    0.00    0.00   11.17    0.00    0.00    0.00   64.31
23:08:56     all    7.28    0.00   17.52    0.00    0.00   11.59    0.00    0.00    0.00   63.61
23:08:57     all    7.28    0.00   18.21    0.00    0.00    8.96    0.00    0.00    0.00   65.55
23:08:58     all    6.58    0.00   16.99    0.00    0.00   10.96    0.00    0.00    0.00   65.48
23:08:59     all    6.79    0.00   18.75    0.00    0.00   10.33    0.00    0.00    0.00   64.13
23:09:00     all    7.10    0.00   17.21    0.00    0.00   11.20    0.00    0.00    0.00   64.48
23:09:01     all    6.25    0.00   16.58    0.00    0.00   12.23    0.27    0.00    0.00   64.67
23:09:02     all    6.89    0.00   16.80    0.00    0.00   10.74    0.00    0.00    0.00   65.56
23:09:03     all    6.50    0.00   17.34    0.00    0.00   10.84    0.00    0.00    0.00   65.31
23:09:04     all    7.51    0.00   17.16    0.00    0.00   10.46    0.00    0.00    0.00   64.88
23:09:05     all    7.55    0.00   17.79    0.00    0.00   11.05    0.00    0.00    0.00   63.61
23:09:06     all    6.99    0.00   17.47    0.00    0.00   10.75    0.00    0.00    0.00   64.78
23:09:07     all    5.98    0.00   17.39    0.00    0.00   10.05    0.00    0.00    0.00   66.58
23:09:08     all    5.90    0.00   18.23    0.00    0.00   10.99    0.00    0.00    0.00   64.88
23:09:09     all    6.78    0.00   16.26    0.00    0.00   11.65    0.00    0.00    0.00   65.31
23:09:10     all    7.77    0.00   17.96    0.00    0.00   11.26    0.00    0.00    0.00   63.00
23:09:11     all    6.74    0.00   19.41    0.00    0.00   11.32    0.00    0.00    0.00   62.53
23:09:12     all    7.26    0.00   18.55    0.00    0.00   11.02    0.00    0.00    0.00   63.17
23:09:13     all    6.79    0.00   17.93    0.00    0.00   10.87    0.00    0.00    0.00   64.40
23:09:14     all    7.24    0.00   19.57    0.00    0.00   11.26    0.00    0.00    0.00   61.93
23:09:15     all    6.49    0.00   17.57    0.00    0.00   11.08    0.00    0.00    0.00   64.86
23:09:16     all    6.89    0.00   18.18    0.00    0.00    9.64    0.55    0.00    0.00   64.74
23:09:17     all    7.30    0.00   15.41    0.00    0.00    8.92    0.00    0.00    0.00   68.38
23:09:18     all    7.30    0.00   18.65    0.00    0.00   11.08    0.00    0.00    0.00   62.97
23:09:19     all    7.28    0.00   20.22    0.00    0.00   11.32    0.00    0.00    0.00   61.19
23:09:20     all    7.30    0.00   16.76    0.00    0.00   12.16    0.00    0.00    0.00   63.78
23:09:21     all    7.05    0.00   18.16    0.00    0.00   11.65    0.00    0.00    0.00   63.14
23:09:22     all    5.96    0.00   18.43    0.00    0.00   11.92    0.00    0.00    0.00   63.69
23:09:23     all    6.45    0.00   16.94    0.00    0.00   11.29    0.00    0.00    0.00   65.32
23:09:24     all    6.63    0.00   16.57    0.00    0.00   10.50    0.00    0.00    0.00   66.30
23:09:25     all    6.35    0.00   16.30    0.00    0.00   11.60    0.00    0.00    0.00   65.75
23:09:26     all    6.93    0.00   17.73    0.00    0.00   10.80    0.00    0.00    0.00   64.54
23:09:27     all   13.67    0.00   20.38    0.00    0.00   12.06    0.00    0.00    0.00   53.89
23:09:28     all   15.82    0.00   21.18    0.00    0.00   10.99    0.00    0.00    0.00   52.01
23:09:29     all    5.29    0.00   16.14    0.00    0.00   11.90    0.00    0.00    0.00   66.67
23:09:30     all    5.91    0.00   17.20    0.00    0.00   12.37    0.00    0.00    0.00   64.52
23:09:31     all    6.69    0.00   16.16    0.00    0.00   11.14    0.00    0.00    0.00   66.02
23:09:32     all    6.13    0.00   17.27    0.28    0.00   11.42    0.00    0.00    0.00   64.90
23:09:33     all    6.72    0.00   15.97    0.00    0.00   12.32    0.00    0.00    0.00   64.99
23:09:34     all    6.16    0.00   16.25    0.00    0.00   10.64    0.00    0.00    0.00   66.95
23:09:35     all    6.11    0.00   16.94    0.00    0.00   11.67    0.00    0.00    0.00   65.28
23:09:36     all    6.04    0.00   15.93    0.00    0.00   12.91    0.00    0.00    0.00   65.11
23:09:37     all    5.62    0.00   15.73    0.00    0.00   10.96    0.00    0.00    0.00   67.70
23:09:38     all    5.88    0.00   15.69    0.00    0.00   11.48    0.00    0.00    0.00   66.95
23:09:39     all    5.80    0.00   17.40    0.00    0.00   11.60    0.00    0.00    0.00   65.19
23:09:40     all    6.80    0.00   15.01    0.00    0.00   10.48    0.00    0.00    0.00   67.71
23:09:41     all    6.52    0.00   15.58    0.00    0.00   11.05    0.00    0.00    0.00   66.86
23:09:42     all    5.11    0.00   15.06    0.00    0.00   10.80    0.28    0.00    0.00   68.75
23:09:43     all    5.46    0.00   14.66    0.00    0.00   10.63    0.00    0.00    0.00   69.25
23:09:44     all    5.88    0.00   14.57    0.00    0.00   10.92    0.00    0.00    0.00   68.63
23:09:45     all    5.43    0.00   10.87    0.00    0.00   11.68    0.00    0.00    0.00   72.01
23:09:46     all    5.51    0.00   12.95    0.00    0.00   11.02    0.00    0.00    0.00   70.52
23:09:47     all    5.35    0.00   14.08    0.00    0.00    6.20    0.00    0.00    0.00   74.37
23:09:48     all    5.81    0.00   14.24    0.00    0.00    7.85    0.00    0.00    0.00   72.09
23:09:49     all    6.12    0.00   13.99    0.00    0.00   10.79    0.00    0.00    0.00   69.10
23:09:50     all    6.63    0.00   14.70    0.00    0.00   10.37    0.00    0.00    0.00   68.30
23:09:51     all    6.18    0.00   14.89    0.00    0.00   10.39    0.00    0.00    0.00   68.54
23:09:52     all    7.26    0.00   19.35    0.00    0.00   10.75    0.00    0.00    0.00   62.63
23:09:53     all    6.54    0.00   16.35    0.00    0.00   10.63    0.00    0.00    0.00   66.49
23:09:54     all    6.67    0.00   18.61    0.00    0.00   11.11    0.00    0.00    0.00   63.61
23:09:55     all    6.59    0.00   17.86    0.00    0.00   11.81    0.00    0.00    0.00   63.74
23:09:56     all    6.82    0.00   16.19    0.00    0.00    9.66    0.00    0.00    0.00   67.33
23:09:57     all    6.53    0.00   17.05    0.00    0.00    9.94    0.00    0.00    0.00   66.48
23:09:58     all    5.81    0.00   15.12    0.00    0.00    9.59    0.00    0.00    0.00   69.48
23:09:59     all    6.16    0.00   16.25    0.00    0.00    9.80    0.00    0.00    0.00   67.79
23:10:00     all    5.17    0.00   16.09    0.00    0.00    9.48    0.00    0.00    0.00   69.25
23:10:01     all    6.61    0.00   16.09    0.00    0.00   10.63    0.00    0.00    0.00   66.67
23:10:02     all    7.52    0.00   20.06    0.00    0.00    8.08    0.28    0.00    0.00   64.07
23:10:03     all    7.63    0.00   20.79    0.00    0.00   11.84    0.79    0.00    0.00   58.95
23:10:04     all    7.82    0.00   19.68    0.00    0.00    9.43    0.00    0.00    0.00   63.07
23:10:05     all    6.87    0.00   17.58    0.00    0.00    9.62    0.00    0.00    0.00   65.93
23:10:06     all    7.14    0.00   18.13    0.00    0.00    9.07    0.00    0.00    0.00   65.66
23:10:07     all    6.28    0.00   18.03    0.00    0.00    9.56    0.00    0.00    0.00   66.12
23:10:08     all    7.08    0.00   18.80    0.00    0.00    9.26    0.00    0.00    0.00   64.85
23:10:09     all    6.74    0.00   19.68    0.00    0.00    9.16    0.00    0.00    0.00   64.42
23:10:10     all    7.22    0.00   20.59    0.00    0.00    8.56    0.00    0.00    0.00   63.64
23:10:11     all    7.83    0.00   21.15    0.00    0.00    9.92    0.26    0.00    0.00   60.84
23:10:12     all    8.12    0.00   20.68    0.00    0.00   10.21    0.00    0.00    0.00   60.99
23:10:13     all    7.69    0.00   19.89    0.00    0.00    9.55    0.00    0.00    0.00   62.86
23:10:14     all    7.65    0.00   20.58    0.00    0.00    9.50    0.00    0.00    0.00   62.27
23:10:15     all    6.06    0.00   18.18    0.00    0.00   12.37    0.00    0.00    0.00   63.38
23:10:16     all    7.75    0.00   19.90    0.00    0.00    9.04    0.00    0.00    0.00   63.31
23:10:17     all    7.92    0.00   17.15    0.00    0.00    6.86    0.00    0.00    0.00   68.07
23:10:18     all    7.87    0.00   20.47    0.00    0.00    8.66    0.00    0.00    0.00   62.99
23:10:19     all    7.59    0.00   19.63    0.00    0.00    9.42    0.00    0.00    0.00   63.35
23:10:20     all    7.59    0.00   20.16    0.00    0.00    9.95    0.00    0.00    0.00   62.30
23:10:21     all    7.94    0.00   21.16    0.00    0.00    7.41    0.00    0.00    0.00   63.49
23:10:22     all    8.73    0.00   22.49    0.00    0.00    7.94    0.00    0.00    0.00   60.85
23:10:23     all    7.73    0.00   22.68    0.00    0.00    9.79    0.00    0.00    0.00   59.79
23:10:24     all    7.89    0.00   21.05    0.00    0.00   10.00    0.00    0.00    0.00   61.05
23:10:25     all    7.71    0.00   20.82    0.26    0.00    9.77    0.00    0.00    0.00   61.44
23:10:26     all    7.75    0.00   21.45    0.00    0.00   10.34    0.00    0.00    0.00   60.47
23:10:27     all    8.46    0.00   20.77    0.00    0.00   12.05    0.00    0.00    0.00   58.72
23:10:28     all    7.83    0.00   21.21    0.00    0.00   11.36    0.00    0.00    0.00   59.60
23:10:29     all   12.15    0.00   20.25    0.00    0.00   11.14    0.00    0.00    0.00   56.46
23:10:30     all   18.53    0.00   22.59    0.00    0.00   11.93    0.00    0.00    0.00   46.95
23:10:31     all    8.35    0.00   18.73    0.00    0.00   11.90    0.00    0.00    0.00   61.01
23:10:32     all    7.95    0.00   19.23    0.00    0.00   11.54    0.00    0.00    0.00   61.28
23:10:33     all    8.16    0.00   18.37    0.00    0.00   12.50    0.00    0.00    0.00   60.97
23:10:34     all    7.24    0.00   18.86    0.00    0.00   11.63    0.00    0.00    0.00   62.27
23:10:35     all    7.61    0.00   20.30    0.00    0.00   11.68    0.00    0.00    0.00   60.41
23:10:36     all    7.67    0.00   19.44    0.00    0.00   12.28    0.26    0.00    0.00   60.36
23:10:37     all    7.36    0.00   21.07    0.00    0.00   11.17    0.00    0.00    0.00   60.41
23:10:38     all    8.18    0.00   20.46    0.00    0.00   11.51    0.00    0.00    0.00   59.85
23:10:39     all    8.18    0.00   20.46    0.00    0.00   12.02    0.00    0.00    0.00   59.34
23:10:40     all    8.25    0.00   19.85    0.26    0.00   11.60    0.00    0.00    0.00   60.05
23:10:41     all    7.58    0.00   18.18    0.00    0.00   13.38    0.00    0.00    0.00   60.86
23:10:42     all    6.20    0.00   18.11    0.00    0.00   14.64    0.00    0.00    0.00   61.04
23:10:43     all    6.73    0.00   17.46    0.00    0.00   14.71    0.00    0.00    0.00   61.10
23:10:44     all    7.25    0.00   19.25    0.00    0.00   12.50    0.00    0.00    0.00   61.00
23:10:45     all    7.61    0.00   20.30    0.00    0.00   11.42    0.00    0.00    0.00   60.66
23:10:46     all    8.18    0.00   18.67    0.00    0.00   12.28    0.00    0.00    0.00   60.87
23:10:47     all    2.76    0.00    7.52    0.00    0.00    4.01    0.00    0.00    0.00   85.71
23:10:48     all    1.53    0.00    2.04    0.00    0.00    1.78    0.00    0.00    0.00   94.66
23:10:49     all    1.52    0.00    3.28    0.00    0.00    3.79    0.00    0.00    0.00   91.41
23:10:50     all    1.78    0.00    3.81    0.00    0.00    2.79    0.00    0.00    0.00   91.62
23:10:51     all    2.52    0.00    3.53    0.00    0.00    3.02    0.00    0.00    0.00   90.93
23:10:52     all    1.78    0.00    3.30    0.00    0.00    3.55    0.00    0.00    0.00   91.37
23:10:53     all    2.28    0.00    3.55    0.00    0.00    2.79    0.00    0.00    0.00   91.37
23:10:54     all    2.03    0.00    3.80    0.00    0.00    2.53    0.00    0.00    0.00   91.65
23:10:55     all    2.29    0.00    3.82    0.00    0.00    2.80    0.00    0.00    0.00   91.09
23:10:56     all    2.28    0.00    3.55    0.00    0.00    3.30    0.00    0.00    0.00   90.86
23:10:57     all    2.31    0.00    2.31    0.00    0.00    2.83    0.00    0.00    0.00   92.54
23:10:58     all    2.54    0.00    3.30    0.00    0.00    2.79    0.00    0.00    0.00   91.37
23:10:59     all    2.54    0.00    3.82    0.00    0.00    3.56    0.00    0.00    0.00   90.08
23:11:00     all    1.53    0.00    3.32    0.00    0.00    2.55    0.00    0.00    0.00   92.60
23:11:01     all    2.28    0.00    3.54    0.00    0.00    3.29    0.00    0.00    0.00   90.89
23:11:02     all    2.06    0.00    3.08    0.00    0.00    2.31    0.00    0.00    0.00   92.54
23:11:03     all    2.05    0.00    3.58    0.00    0.00    2.56    0.00    0.00    0.00   91.82
23:11:04     all    2.51    0.00    3.52    0.00    0.00    3.27    0.00    0.00    0.00   90.70
23:11:05     all    2.04    0.00    3.06    0.00    0.00    3.32    0.00    0.00    0.00   91.58
23:11:06     all    2.04    0.00    3.32    0.00    0.00    2.55    0.00    0.00    0.00   92.09
23:11:07     all    2.27    0.00    3.03    0.00    0.00    3.54    0.25    0.00    0.00   90.91
23:11:08     all    2.03    0.00    3.55    0.00    0.00    3.30    0.00    0.00    0.00   91.12
23:11:09     all    1.76    0.00    3.78    0.00    0.00    3.53    0.00    0.00    0.00   90.93
23:11:10     all    1.78    0.00    5.09    0.00    0.00    3.82    0.00    0.00    0.00   89.31
23:11:11     all    2.50    0.00    3.75    0.00    0.00    3.25    0.00    0.00    0.00   90.50
23:11:12     all    2.02    0.00    3.54    0.00    0.00    3.54    0.00    0.00    0.00   90.91
23:11:13     all    2.54    0.00    3.31    0.00    0.00    2.54    0.00    0.00    0.00   91.60
23:11:14     all    1.79    0.00    3.57    0.00    0.00    2.81    0.00    0.00    0.00   91.84
23:11:15     all    2.77    0.00    3.53    0.00    0.00    3.02    0.00    0.00    0.00   90.68
23:11:16     all    2.02    0.00    3.79    0.00    0.00    3.28    0.00    0.00    0.00   90.91
23:11:17     all    1.26    0.00    2.02    0.00    0.00    1.51    0.00    0.00    0.00   95.21
23:11:18     all    3.03    0.00    2.02    0.00    0.00    1.77    0.00    0.00    0.00   93.18
23:11:19     all    5.06    0.00    5.82    0.00    0.00    5.57    0.00    0.00    0.00   83.54
23:11:20     all    2.54    0.00    6.87    0.00    0.00    6.36    0.00    0.00    0.00   84.22
23:11:21     all    3.54    0.00    7.83    0.00    0.00    6.82    0.00    0.00    0.00   81.82
23:11:22     all    3.29    0.00    7.85    0.00    0.00    6.08    0.00    0.00    0.00   82.78
23:11:23     all    4.34    0.00    6.89    0.00    0.00    6.12    0.00    0.00    0.00   82.65
23:11:24     all    3.86    0.00    6.43    0.00    0.00    6.17    0.00    0.00    0.00   83.55
23:11:25     all    3.84    0.00    7.42    0.00    0.00    5.63    0.00    0.00    0.00   83.12
23:11:26     all    4.70    0.00    5.74    0.00    0.00    5.74    0.00    0.00    0.00   83.81
23:11:27     all    4.31    0.00    7.11    0.00    0.00    6.60    0.00    0.00    0.00   81.98
23:11:28     all    3.56    0.00    6.87    0.00    0.00    6.36    0.25    0.00    0.00   82.95
23:11:29     all    3.29    0.00    7.85    0.00    0.00    7.34    0.25    0.00    0.00   81.27
23:11:30     all    4.42    0.00    7.27    0.00    0.00    4.68    0.00    0.00    0.00   83.64
23:11:31     all    9.57    0.00    8.06    0.25    0.00    5.79    0.00    0.00    0.00   76.32
23:11:32     all   10.08    0.00    9.04    0.00    0.00    5.94    0.00    0.00    0.00   74.94
23:11:33     all    4.07    0.00    7.12    0.00    0.00    6.36    0.25    0.00    0.00   82.19
23:11:34     all    4.08    0.00    6.38    0.00    0.00    7.40    0.00    0.00    0.00   82.14
23:11:35     all    4.33    0.00    7.38    0.00    0.00    6.62    0.00    0.00    0.00   81.68
23:11:36     all    3.58    0.00    7.16    0.00    0.00    6.39    0.00    0.00    0.00   82.86
23:11:37     all    4.87    0.00    6.92    0.00    0.00    5.64    0.00    0.00    0.00   82.56
23:11:38     all    4.85    0.00    6.12    0.00    0.00    7.14    0.00    0.00    0.00   81.89
23:11:39     all    4.07    0.00    7.12    0.00    0.00    5.60    0.00    0.00    0.00   83.21
23:11:40     all    3.31    0.00    8.65    0.00    0.00    7.12    0.00    0.00    0.00   80.92
23:11:41     all    3.33    0.00    8.72    0.00    0.00    8.21    0.00    0.00    0.00   79.74
23:11:42     all    3.55    0.00    8.12    0.00    0.00    6.60    0.00    0.00    0.00   81.73
23:11:43     all    4.34    0.00    6.63    0.00    0.00    6.38    0.00    0.00    0.00   82.65
23:11:44     all    3.57    0.00    7.14    0.00    0.00    6.38    0.00    0.00    0.00   82.91
23:11:45     all    4.11    0.00    6.94    0.00    0.00    5.66    0.00    0.00    0.00   83.29
23:11:46     all    3.90    0.00    6.49    0.00    0.00    5.97    0.00    0.00    0.00   83.64
23:11:47     all    2.50    0.00    5.00    0.00    0.00    3.50    0.00    0.00    0.00   89.00
23:11:48     all    5.01    0.00    2.51    0.00    0.00    2.01    0.00    0.00    0.00   90.48
23:11:49     all   14.83    0.00    5.12    0.00    0.00    5.12    0.00    0.00    0.00   74.94
23:11:50     all   17.14    0.00    8.18    0.00    0.00    7.16    0.00    0.00    0.00   67.52
23:11:51     all   11.11    0.00    9.34    0.00    0.00    7.58    0.00    0.00    0.00   71.97
23:11:52     all    3.31    0.00    7.89    0.25    0.00    6.87    0.00    0.00    0.00   81.68
23:11:53     all    2.53    0.00    8.08    0.00    0.00    6.31    0.00    0.00    0.00   83.08
23:11:54     all    3.05    0.00    7.89    0.00    0.00    6.87    0.00    0.00    0.00   82.19
23:11:55     all    4.80    0.00    9.60    0.00    0.00    7.83    0.00    0.00    0.00   77.78
23:11:56     all    2.78    0.00    9.09    0.00    0.00    7.58    0.00    0.00    0.00   80.56
23:11:57     all    4.01    0.00   10.03    0.00    0.00    7.02    0.50    0.00    0.00   78.45
23:11:58     all    3.53    0.00    9.07    0.00    0.00    8.06    0.00    0.00    0.00   79.35
23:11:59     all    2.54    0.00    6.11    0.00    0.00    6.62    0.00    0.00    0.00   84.73
23:12:00     all    3.78    0.00    9.57    0.00    0.00    8.56    0.00    0.00    0.00   78.09
23:12:01     all    3.80    0.00    8.86    0.00    0.00    7.09    0.00    0.00    0.00   80.25
23:12:02     all    3.30    0.00    9.39    0.25    0.00    6.60    0.00    0.00    0.00   80.46
23:12:03     all    4.76    0.00   10.28    0.00    0.00    8.02    0.00    0.00    0.00   76.94
23:12:04     all    2.29    0.00    8.14    0.00    0.00    6.11    0.00    0.00    0.00   83.46
23:12:05     all    2.77    0.00    9.07    0.00    0.00    6.55    0.00    0.00    0.00   81.61
23:12:06     all    4.30    0.00    9.11    0.00    0.00    7.85    0.00    0.00    0.00   78.73
23:12:07     all    3.39    0.00   10.70    0.00    0.00    6.27    0.00    0.00    0.00   79.63
23:12:08     all    3.80    0.00   10.13    0.00    0.00    7.59    0.00    0.00    0.00   78.48
23:12:09     all    3.30    0.00   10.15    0.00    0.00    7.87    0.00    0.00    0.00   78.68
23:12:10     all    4.50    0.00    9.50    0.00    0.00    9.00    0.00    0.00    0.00   77.00
23:12:11     all    2.84    0.00   11.08    0.00    0.00    9.28    0.00    0.00    0.00   76.80
23:12:12     all    3.29    0.00    8.10    0.00    0.00    6.58    0.00    0.00    0.00   82.03
23:12:13     all    4.04    0.00   10.35    0.00    0.00    9.09    0.00    0.00    0.00   76.52
23:12:14     all    4.04    0.00    8.59    0.00    0.00    8.33    0.00    0.00    0.00   79.04
23:12:15     all    2.51    0.00    8.52    0.00    0.00    6.52    0.00    0.00    0.00   82.46
23:12:16     all    3.58    0.00    9.72    0.00    0.00    7.67    0.00    0.00    0.00   79.03
23:12:17     all    2.53    0.00    6.84    0.00    0.00    4.81    0.00    0.00    0.00   85.82
23:12:18     all    6.27    0.00    1.75    0.00    0.00    1.25    0.00    0.00    0.00   90.73
23:12:19     all   24.68    0.00    5.14    0.00    0.00    4.37    0.00    0.00    0.00   65.81
23:12:20     all   31.65    0.00    8.35    0.00    0.00    6.84    0.00    0.00    0.00   53.16
23:12:21     all   40.60    0.00    9.52    0.00    0.00    8.27    0.00    0.00    0.00   41.60
23:12:22     all   31.67    0.00    7.73    0.00    0.00    8.23    0.00    0.00    0.00   52.37
23:12:23     all   27.59    0.00    9.87    0.00    0.00    8.10    0.00    0.00    0.00   54.43
23:12:24     all   19.34    0.00    8.14    0.00    0.00    6.62    0.00    0.00    0.00   65.90
23:12:25     all   14.14    0.00    6.82    0.00    0.00    6.31    0.00    0.00    0.00   72.73
23:12:26     all    9.67    0.00    7.12    0.00    0.00    6.62    0.00    0.00    0.00   76.59
23:12:27     all    4.82    0.00    7.61    0.00    0.00    7.11    0.00    0.00    0.00   80.46
23:12:28     all    3.28    0.00    7.07    0.00    0.00    5.81    0.00    0.00    0.00   83.84
23:12:29     all    1.26    0.00    4.52    0.00    0.00    4.27    0.00    0.00    0.00   89.95
23:12:30     all    2.80    0.00    7.63    0.00    0.00    6.36    0.00    0.00    0.00   83.21
23:12:31     all    3.00    0.00    8.25    0.00    0.00    6.25    0.00    0.00    0.00   82.50
23:12:32     all    3.04    0.00    6.84    0.00    0.00    5.06    0.00    0.00    0.00   85.06
23:12:33     all   15.33    0.00   12.31    0.00    0.00    8.54    0.50    0.00    0.00   63.32
23:12:34     all    3.79    0.00    9.60    0.00    0.00    6.57    0.00    0.00    0.00   80.05
23:12:35     all    2.78    0.00    8.33    0.00    0.00    5.81    0.00    0.00    0.00   83.08
23:12:36     all    2.02    0.00    4.53    0.00    0.00    4.03    0.00    0.00    0.00   89.42
23:12:37     all    4.58    0.00   10.69    0.00    0.00    7.89    0.00    0.00    0.00   76.84
23:12:38     all    3.03    0.00    6.82    0.00    0.00    5.30    0.00    0.00    0.00   84.85
23:12:39     all    2.28    0.00    5.58    0.00    0.00    4.31    0.00    0.00    0.00   87.82
23:12:40     all    3.80    0.00    8.35    0.00    0.00    7.09    0.00    0.00    0.00   80.76
23:12:41     all    2.03    0.00    5.57    0.00    0.00    4.81    0.00    0.00    0.00   87.59
23:12:42     all    2.02    0.00    7.83    0.00    0.00    6.31    0.00    0.00    0.00   83.84
23:12:43     all    3.32    0.00    7.91    0.00    0.00    6.38    0.00    0.00    0.00   82.40
23:12:44     all    3.52    0.00    8.54    0.00    0.00    6.03    0.00    0.00    0.00   81.91
23:12:45     all    2.78    0.00    8.61    0.00    0.00    6.33    0.00    0.00    0.00   82.28
23:12:46     all    2.50    0.00    6.00    0.00    0.00    4.75    0.00    0.00    0.00   86.75
