Linux 6.8.0-142-generic (cafeai-bench-server) 	10/01/26 	_x86_64_	(4 CPU)

23:06:45     CPU    %usr   %nice    %sys %iowait    %irq   %soft  %steal  %guest  %gnice   %idle
23:06:46     all   63.91    0.00    5.01    0.00    0.00    1.50    0.00    0.00    0.00   29.57
23:06:47     all   85.79    0.00    9.98    0.00    0.00    3.24    0.00    0.00    0.00    1.00
23:06:48     all   82.37    0.00   12.09    0.00    0.00    5.54    0.00    0.00    0.00    0.00
23:06:49     all   81.45    0.00   12.53    0.00    0.00    5.76    0.00    0.00    0.00    0.25
23:06:50     all   80.15    0.00   13.65    0.00    0.00    5.96    0.00    0.00    0.00    0.25
23:06:51     all   79.40    0.00   13.82    0.00    0.00    6.28    0.00    0.00    0.00    0.50
23:06:52     all   77.94    0.00   15.79    0.00    0.00    6.02    0.00    0.00    0.00    0.25
23:06:53     all   76.25    0.00   16.25    0.00    0.00    7.00    0.00    0.00    0.00    0.50
23:06:54     all   73.43    0.00   18.05    0.00    0.00    7.27    0.00    0.00    0.00    1.25
23:06:55     all   73.12    0.00   17.84    0.00    0.00    8.04    0.00    0.00    0.00    1.01
23:06:56     all   69.42    0.00   20.55    0.00    0.00    8.77    0.00    0.00    0.00    1.25
23:06:57     all   55.00    0.00   30.00    0.00    0.00   12.75    0.25    0.00    0.00    2.00
23:06:58     all   54.06    0.00   30.96    0.00    0.00   13.45    0.00    0.00    0.00    1.52
23:06:59     all   31.79    0.00   19.49    0.00    0.00    5.64    0.26    0.00    0.00   42.82
23:07:00     all   25.00    0.00   16.41    0.00    0.00    5.47    0.00    0.00    0.00   53.12
23:07:01     all   28.46    0.00   16.88    0.00    0.00    4.53    0.00    0.00    0.00   50.13
23:07:02     all   27.46    0.00   16.88    0.00    0.00    5.29    0.50    0.00    0.00   49.87
23:07:03     all   24.74    0.00   16.32    0.00    0.00    4.47    0.00    0.00    0.00   54.47
23:07:04     all   25.32    0.00   15.70    0.00    0.00    4.56    0.25    0.00    0.00   54.18
23:07:05     all   25.00    0.00   15.36    0.00    0.00    4.95    0.00    0.00    0.00   54.69
23:07:06     all   25.07    0.00   16.89    0.00    0.00    4.75    0.00    0.00    0.00   53.30
23:07:07     all   24.10    0.00   16.15    0.00    0.00    4.62    0.00    0.00    0.00   55.13
23:07:08     all   25.19    0.00   16.62    0.00    0.00    5.04    0.00    0.00    0.00   53.15
23:07:09     all   25.95    0.00   16.28    0.00    0.00    4.83    0.00    0.00    0.00   52.93
23:07:10     all   26.44    0.00   15.45    0.00    0.00    4.45    0.26    0.00    0.00   53.40
23:07:11     all   24.27    0.00   16.36    0.00    0.00    4.49    0.53    0.00    0.00   54.35
23:07:12     all   24.27    0.00   15.83    0.00    0.00    4.75    0.00    0.00    0.00   55.15
23:07:13     all   28.50    0.00   15.52    0.00    0.00    4.33    0.25    0.00    0.00   51.40
23:07:14     all   26.04    0.00   16.22    0.00    0.00    5.90    0.00    0.00    0.00   51.84
23:07:15     all   24.02    0.00   14.88    0.00    0.00    5.22    0.00    0.00    0.00   55.87
23:07:16     all   27.99    0.00    7.89    0.00    0.00    2.29    0.00    0.00    0.00   61.83
23:07:17     all   52.39    0.00   11.59    0.00    0.00    5.29    0.00    0.00    0.00   30.73
23:07:18     all   74.06    0.00   11.08    0.00    0.00    4.28    0.00    0.00    0.00   10.58
23:07:19     all   41.79    0.00   16.41    0.00    0.00    4.36    0.00    0.00    0.00   37.44
23:07:20     all   26.34    0.00   16.37    0.00    0.00    5.12    0.00    0.00    0.00   52.17
23:07:21     all   28.61    0.00   14.43    0.00    0.00    3.87    0.00    0.00    0.00   53.09
23:07:22     all   27.09    0.00   13.92    0.00    0.00    4.30    0.00    0.00    0.00   54.68
23:07:23     all   24.49    0.00   13.27    0.00    0.00    4.85    0.26    0.00    0.00   57.14
23:07:24     all   22.16    0.00   13.66    0.00    0.00    4.12    0.00    0.00    0.00   60.05
23:07:25     all   22.02    0.00   13.21    0.00    0.00    4.15    0.00    0.00    0.00   60.62
23:07:26     all   22.65    0.00   13.74    0.00    0.00    3.56    0.51    0.00    0.00   59.54
23:07:27     all   24.75    0.00   13.38    0.00    0.00    4.80    0.25    0.00    0.00   56.82
23:07:28     all   23.17    0.00   14.11    0.25    0.00    5.54    0.00    0.00    0.00   56.93
23:07:29     all   25.00    0.00   12.24    0.00    0.00    5.36    0.00    0.00    0.00   57.40
23:07:30     all   26.79    0.00   13.27    0.00    0.00    4.34    0.00    0.00    0.00   55.61
23:07:31     all   25.52    0.00   13.66    0.00    0.00    3.87    0.00    0.00    0.00   56.96
23:07:32     all   21.72    0.00   13.38    0.00    0.00    4.29    0.00    0.00    0.00   60.61
23:07:33     all   26.79    0.00   12.50    0.00    0.00    3.57    0.00    0.00    0.00   57.14
23:07:34     all   22.19    0.00   13.27    0.00    0.00    3.57    0.00    0.00    0.00   60.97
23:07:35     all   22.92    0.00   12.76    0.00    0.00    3.12    0.00    0.00    0.00   61.20
23:07:36     all   21.57    0.00   13.45    0.00    0.00    4.31    0.00    0.00    0.00   60.66
23:07:38     all   23.16    0.00   12.98    0.00    0.00    3.56    0.00    0.00    0.00   60.31
23:07:39     all   31.00    0.00   13.25    0.00    0.00    4.75    0.25    0.00    0.00   50.75
23:07:40     all   25.82    0.00   12.15    0.00    0.00    5.57    0.00    0.00    0.00   56.46
23:07:41     all   20.93    0.00   10.85    0.00    0.00    3.62    0.00    0.00    0.00   64.60
23:07:42     all   27.72    0.00   11.92    0.00    0.00    3.63    0.00    0.00    0.00   56.74
23:07:43     all   24.49    0.00   12.12    0.00    0.00    3.79    0.00    0.00    0.00   59.60
23:07:44     all   22.84    0.00   13.71    0.00    0.00    4.31    0.25    0.00    0.00   58.88
23:07:45     all   23.94    0.00   13.72    0.00    0.00    3.74    0.50    0.00    0.00   58.10
23:07:46     all   21.85    0.00   12.08    0.00    0.00    3.86    0.00    0.00    0.00   62.21
23:07:47     all   22.66    0.00   10.84    0.00    0.00    2.96    0.00    0.00    0.00   63.55
23:07:48     all   24.46    0.00   15.11    0.00    0.00    4.08    0.00    0.00    0.00   56.35
23:07:49     all   28.16    0.00   16.75    0.00    0.00    4.37    0.00    0.00    0.00   50.73
23:07:50     all   28.78    0.00   16.63    0.00    0.00    3.47    0.00    0.00    0.00   51.12
23:07:51     all   28.71    0.00   15.82    0.00    0.00    4.38    0.24    0.00    0.00   50.85
23:07:52     all   27.70    0.00   17.16    0.00    0.00    4.17    0.00    0.00    0.00   50.98
23:07:53     all   28.95    0.00   15.82    0.00    0.00    4.14    0.00    0.00    0.00   51.09
23:07:54     all   27.27    0.00   17.94    0.00    0.00    3.69    0.00    0.00    0.00   51.11
23:07:55     all   25.25    0.00   17.42    0.00    0.00    4.29    0.00    0.00    0.00   53.03
23:07:56     all   28.96    0.00   15.59    0.00    0.00    4.46    0.00    0.00    0.00   50.99
23:07:57     all   27.65    0.00   16.05    0.00    0.00    4.69    0.25    0.00    0.00   51.36
23:07:58     all   27.49    0.00   17.76    0.00    0.00    4.62    0.00    0.00    0.00   50.12
23:07:59     all   27.36    0.00   15.74    0.00    0.00    5.57    0.24    0.00    0.00   51.09
23:08:00     all   26.37    0.00   14.93    0.00    0.00    4.73    0.25    0.00    0.00   53.73
23:08:01     all   27.32    0.00   16.79    0.00    0.00    5.01    0.00    0.00    0.00   50.88
23:08:02     all   27.49    0.00   17.27    0.00    0.00    4.38    0.00    0.00    0.00   50.85
23:08:03     all   29.24    0.00   15.72    0.00    0.00    4.91    0.00    0.00    0.00   50.12
23:08:04     all   26.87    0.00   16.42    0.00    0.00    3.98    0.00    0.00    0.00   52.74
23:08:05     all   28.93    0.00   17.21    0.00    0.00    4.24    0.75    0.00    0.00   48.88
23:08:06     all   30.64    0.00   16.42    0.00    0.00    4.41    0.00    0.00    0.00   48.53
23:08:07     all   29.51    0.00   15.61    0.00    0.00    5.37    0.24    0.00    0.00   49.27
23:08:08     all   26.68    0.00   16.21    0.00    0.00    3.99    0.00    0.00    0.00   53.12
23:08:09     all   29.53    0.00   15.88    0.00    0.00    4.71    0.00    0.00    0.00   49.88
23:08:10     all   29.78    0.00   15.14    0.00    0.00    4.96    0.00    0.00    0.00   50.12
23:08:11     all   29.19    0.00   14.97    0.00    0.00    5.08    0.25    0.00    0.00   50.51
23:08:12     all   26.73    0.00   16.09    0.00    0.00    4.70    0.00    0.00    0.00   52.48
23:08:13     all   28.54    0.00   15.38    0.00    0.00    4.96    0.00    0.00    0.00   51.12
23:08:14     all   29.76    0.00   17.80    0.00    0.00    4.15    0.24    0.00    0.00   48.05
23:08:15     all   29.41    0.00   18.14    0.00    0.00    4.41    0.00    0.00    0.00   48.04
23:08:16     all   29.27    0.00   16.83    0.00    0.00    4.88    0.24    0.00    0.00   48.78
23:08:17     all   30.57    0.00   18.65    0.00    0.00    4.40    0.00    0.00    0.00   46.37
23:08:18     all   53.52    0.00   28.46    0.00    0.00    7.83    0.00    0.00    0.00   10.18
23:08:19     all   55.19    0.00   27.09    0.00    0.00    5.57    0.00    0.00    0.00   12.15
23:08:20     all   52.93    0.00   28.19    0.00    0.00    5.59    0.00    0.00    0.00   13.30
23:08:21     all   54.83    0.00   28.20    0.00    0.00    6.01    0.00    0.00    0.00   10.97
23:08:22     all   49.62    0.00   31.46    0.00    0.00    6.65    0.00    0.00    0.00   12.28
23:08:23     all   48.66    0.00   29.57    0.00    0.00    6.18    0.27    0.00    0.00   15.32
23:08:24     all   47.65    0.00   29.88    0.00    0.00    4.94    0.00    0.00    0.00   17.53
23:08:25     all   48.61    0.00   30.63    0.00    0.00    5.57    0.25    0.00    0.00   14.94
23:08:26     all   50.13    0.00   28.30    0.00    0.00    4.85    0.00    0.00    0.00   16.71
23:08:27     all   51.17    0.00   26.87    0.00    0.00    4.21    0.23    0.00    0.00   17.52
23:08:28     all   47.59    0.00   30.48    0.00    0.00    5.61    0.00    0.00    0.00   16.31
23:08:29     all   50.00    0.00   28.61    0.00    0.00    6.19    0.00    0.00    0.00   15.21
23:08:30     all   49.30    0.00   28.27    0.00    0.00    4.44    0.00    0.00    0.00   17.99
23:08:31     all   50.23    0.00   27.70    0.00    0.00    4.46    0.00    0.00    0.00   17.61
23:08:32     all   47.79    0.00   30.07    0.00    0.00    4.20    0.00    0.00    0.00   17.95
23:08:33     all   49.76    0.00   27.36    0.00    0.00    4.48    0.24    0.00    0.00   18.16
23:08:34     all   50.58    0.00   28.21    0.00    0.00    4.20    0.00    0.00    0.00   17.02
23:08:35     all   46.90    0.00   28.04    0.00    0.00    5.21    0.50    0.00    0.00   19.35
23:08:36     all   49.60    0.00   28.15    0.00    0.00    5.90    0.00    0.00    0.00   16.35
23:08:37     all   50.40    0.00   28.27    0.00    0.00    4.80    0.00    0.00    0.00   16.53
23:08:38     all   48.48    0.00   27.55    0.00    0.00    6.34    0.28    0.00    0.00   17.36
23:08:39     all   49.34    0.00   27.44    0.26    0.00    5.54    0.26    0.00    0.00   17.15
23:08:40     all   48.92    0.00   28.23    0.00    0.00    6.18    0.00    0.00    0.00   16.67
23:08:41     all   50.79    0.00   27.51    0.00    0.00    5.82    0.00    0.00    0.00   15.87
23:08:42     all   49.73    0.00   28.30    0.00    0.00    4.95    0.00    0.00    0.00   17.03
23:08:43     all   50.38    0.00   28.72    0.00    0.00    5.04    0.00    0.00    0.00   15.87
23:08:44     all   49.06    0.00   27.88    0.00    0.00    4.56    0.00    0.00    0.00   18.50
23:08:45     all   50.13    0.00   28.65    0.00    0.00    5.57    0.53    0.00    0.00   15.12
23:08:46     all   50.27    0.00   28.99    0.00    0.00    5.59    0.00    0.00    0.00   15.16
23:08:47     all   42.18    0.00   23.87    0.00    0.00    6.37    0.27    0.00    0.00   27.32
23:08:48     all   56.33    0.00   28.78    0.00    0.00    9.93    0.00    0.00    0.00    4.96
23:08:49     all   55.00    0.00   29.75    0.00    0.00   13.25    0.25    0.00    0.00    1.75
23:08:50     all   53.85    0.00   29.28    0.00    0.00   13.65    0.00    0.00    0.00    3.23
23:08:51     all   55.33    0.00   30.46    0.00    0.00   13.96    0.00    0.00    0.00    0.25
23:08:52     all   54.48    0.00   28.36    0.00    0.00   13.68    0.00    0.00    0.00    3.48
23:08:53     all   56.08    0.00   28.78    0.00    0.00   11.17    0.00    0.00    0.00    3.97
23:08:54     all   55.78    0.00   28.39    0.00    0.00   12.06    0.00    0.00    0.00    3.77
23:08:55     all   54.00    0.00   30.75    0.00    0.00   14.25    0.00    0.00    0.00    1.00
23:08:56     all   54.77    0.00   29.90    0.00    0.00   12.81    0.00    0.00    0.00    2.51
23:08:57     all   54.61    0.00   29.18    0.00    0.00   12.72    0.00    0.00    0.00    3.49
23:08:58     all   55.28    0.00   29.65    0.00    0.00   14.57    0.00    0.00    0.00    0.50
23:08:59     all   53.75    0.00   30.50    0.00    0.00   14.50    0.00    0.00    0.00    1.25
23:09:00     all   55.33    0.00   28.04    0.00    0.00   13.40    0.25    0.00    0.00    2.98
23:09:01     all   56.03    0.00   28.89    0.00    0.00   13.82    0.25    0.00    0.00    1.01
23:09:02     all   54.25    0.00   30.00    0.00    0.00   14.50    0.00    0.00    0.00    1.25
23:09:03     all   55.64    0.00   28.82    0.00    0.00   13.78    0.25    0.00    0.00    1.50
23:09:04     all   55.00    0.00   29.75    0.00    0.00   14.75    0.00    0.00    0.00    0.50
23:09:05     all   54.61    0.00   29.68    0.00    0.00   13.72    0.00    0.00    0.00    2.00
23:09:06     all   54.50    0.00   28.25    0.00    0.00   13.25    0.00    0.00    0.00    4.00
23:09:07     all   55.14    0.00   28.32    0.00    0.00   13.78    0.00    0.00    0.00    2.76
23:09:08     all   55.61    0.00   29.18    0.00    0.00   13.97    0.00    0.00    0.00    1.25
23:09:09     all   55.89    0.00   29.32    0.00    0.00   14.04    0.00    0.00    0.00    0.75
23:09:10     all   54.91    0.00   29.22    0.00    0.00   13.85    0.00    0.00    0.00    2.02
23:09:11     all   54.39    0.00   29.32    0.00    0.00   14.04    0.00    0.00    0.00    2.26
23:09:12     all   54.73    0.00   27.61    0.00    0.00   12.94    0.00    0.00    0.00    4.73
23:09:13     all   54.73    0.00   29.10    0.00    0.00   13.68    0.25    0.00    0.00    2.24
23:09:14     all   54.23    0.00   29.35    0.00    0.00   12.94    0.00    0.00    0.00    3.48
23:09:15     all   54.59    0.00   29.28    0.00    0.00   13.15    0.25    0.00    0.00    2.73
23:09:16     all   56.17    0.00   29.47    0.00    0.00   13.60    0.00    0.00    0.00    0.76
23:09:17     all   48.11    0.00   26.20    0.00    0.00   12.59    0.00    0.00    0.00   13.10
23:09:18     all   54.64    0.00   29.32    0.00    0.00   15.29    0.25    0.00    0.00    0.50
23:09:19     all   55.61    0.00   28.68    0.00    0.00   12.47    0.00    0.00    0.00    3.24
23:09:20     all   56.28    0.00   27.39    0.00    0.00   13.57    0.00    0.00    0.00    2.76
23:09:21     all   55.86    0.00   27.68    0.00    0.00   13.22    0.00    0.00    0.00    3.24
23:09:22     all   55.33    0.00   30.02    0.00    0.00   12.66    0.00    0.00    0.00    1.99
23:09:23     all   55.25    0.00   28.75    0.00    0.00   14.00    0.00    0.00    0.00    2.00
23:09:24     all   54.25    0.00   31.50    0.00    0.00   13.50    0.25    0.00    0.00    0.50
23:09:25     all   56.03    0.00   29.15    0.00    0.00   13.07    0.00    0.00    0.00    1.76
23:09:26     all   56.31    0.00   29.55    0.00    0.00   13.38    0.00    0.00    0.00    0.76
23:09:27     all   55.22    0.00   29.10    0.00    0.00   11.94    0.00    0.00    0.00    3.73
23:09:28     all   56.50    0.00   29.25    0.00    0.00   12.25    0.00    0.00    0.00    2.00
23:09:29     all   55.50    0.00   28.50    0.00    0.00   13.75    0.00    0.00    0.00    2.25
23:09:30     all   54.16    0.00   28.97    0.00    0.00   13.35    0.00    0.00    0.00    3.53
23:09:31     all   54.73    0.00   30.35    0.00    0.00   12.69    0.00    0.00    0.00    2.24
23:09:32     all   56.22    0.00   27.11    0.00    0.00   13.43    0.00    0.00    0.00    3.23
23:09:33     all   53.75    0.00   29.75    0.00    0.00   13.75    0.25    0.00    0.00    2.50
23:09:34     all   53.50    0.00   30.25    0.00    0.00   14.25    0.00    0.00    0.00    2.00
23:09:35     all   56.03    0.00   29.15    0.00    0.00   13.82    0.00    0.00    0.00    1.01
23:09:36     all   54.64    0.00   29.82    0.00    0.00   14.29    0.00    0.00    0.00    1.25
23:09:37     all   55.33    0.00   29.28    0.00    0.00   14.14    0.25    0.00    0.00    0.99
23:09:38     all   54.00    0.00   31.25    0.00    0.00   13.50    0.50    0.00    0.00    0.75
23:09:39     all   55.39    0.00   29.32    0.00    0.00   14.54    0.00    0.00    0.00    0.75
23:09:40     all   54.75    0.00   30.00    0.00    0.00   14.00    0.00    0.00    0.00    1.25
23:09:41     all   56.03    0.00   29.15    0.00    0.00   13.32    0.00    0.00    0.00    1.51
23:09:42     all   57.36    0.00   27.43    0.00    0.00   13.47    0.00    0.00    0.00    1.75
23:09:43     all   55.11    0.00   29.18    0.00    0.00   14.46    0.00    0.00    0.00    1.25
23:09:44     all   53.77    0.00   30.65    0.00    0.00   14.32    0.00    0.00    0.00    1.26
23:09:45     all   55.53    0.00   29.40    0.00    0.00   13.82    0.00    0.00    0.00    1.26
23:09:46     all   56.58    0.00   28.54    0.00    0.00   13.90    0.00    0.00    0.00    0.99
23:09:47     all   47.69    0.00   27.44    0.00    0.00   11.79    0.00    0.00    0.00   13.08
23:09:48     all   56.68    0.00   28.71    0.00    0.00   13.61    0.00    0.00    0.00    0.99
23:09:49     all   55.39    0.00   29.57    0.00    0.00   14.29    0.00    0.00    0.00    0.75
23:09:50     all   54.09    0.00   28.54    0.00    0.00   13.40    0.00    0.00    0.00    3.97
23:09:51     all   56.39    0.00   28.82    0.00    0.00   13.78    0.00    0.00    0.00    1.00
23:09:52     all   56.14    0.00   27.82    0.00    0.00   11.28    0.00    0.00    0.00    4.76
23:09:53     all   55.03    0.00   28.89    0.00    0.00   13.82    0.25    0.00    0.00    2.01
23:09:54     all   54.59    0.00   28.54    0.00    0.00   12.66    0.00    0.00    0.00    4.22
23:09:55     all   56.42    0.00   26.95    0.00    0.00   12.34    0.00    0.00    0.00    4.28
23:09:56     all   55.39    0.00   30.33    0.00    0.00   13.28    0.00    0.00    0.00    1.00
23:09:57     all   56.00    0.00   29.50    0.00    0.00   13.50    0.25    0.00    0.00    0.75
23:09:58     all   56.50    0.00   28.00    0.00    0.00   14.25    0.00    0.00    0.00    1.25
23:09:59     all   54.64    0.00   30.58    0.00    0.00   14.04    0.00    0.00    0.00    0.75
23:10:00     all   55.22    0.00   29.60    0.00    0.00   13.18    0.25    0.00    0.00    1.74
23:10:01     all   55.16    0.00   28.97    0.00    0.00   14.11    0.00    0.00    0.00    1.76
23:10:02     all   55.00    0.00   28.75    0.00    0.00   13.00    0.25    0.00    0.00    3.00
23:10:03     all   54.31    0.00   28.17    0.00    0.00   10.66    0.00    0.00    0.00    6.85
23:10:04     all   55.09    0.00   28.78    0.00    0.00   13.15    0.00    0.00    0.00    2.98
23:10:05     all   54.31    0.00   30.20    0.00    0.00   14.21    0.00    0.00    0.00    1.27
23:10:06     all   51.49    0.00   33.08    0.00    0.00   14.18    0.00    0.00    0.00    1.24
23:10:07     all   54.98    0.00   29.60    0.00    0.00   14.68    0.00    0.00    0.00    0.75
23:10:08     all   56.06    0.00   28.28    0.00    0.00   12.88    0.00    0.00    0.00    2.78
23:10:09     all   54.59    0.00   30.27    0.00    0.00   13.65    0.00    0.00    0.00    1.49
23:10:10     all   54.27    0.00   30.15    0.00    0.00   14.07    0.00    0.00    0.00    1.51
23:10:11     all   57.00    0.00   29.00    0.00    0.00   12.50    0.00    0.00    0.00    1.50
23:10:12     all   55.92    0.00   29.47    0.00    0.00   12.59    0.00    0.00    0.00    2.02
23:10:13     all   54.57    0.00   29.38    0.00    0.00   13.83    0.00    0.00    0.00    2.22
23:10:14     all   55.05    0.00   30.81    0.00    0.00   13.89    0.00    0.00    0.00    0.25
23:10:15     all   54.59    0.00   29.53    0.00    0.00   14.39    0.00    0.00    0.00    1.49
23:10:16     all   55.25    0.00   29.75    0.00    0.00   14.75    0.25    0.00    0.00    0.00
23:10:17     all   48.37    0.00   27.32    0.00    0.00   12.53    0.25    0.00    0.00   11.53
23:10:18     all   56.28    0.00   28.89    0.00    0.00   13.57    0.25    0.00    0.00    1.01
23:10:19     all   53.98    0.00   30.85    0.00    0.00   13.68    0.00    0.00    0.00    1.49
23:10:20     all   55.89    0.00   28.57    0.00    0.00   14.29    0.00    0.00    0.00    1.25
23:10:21     all   54.52    0.00   30.90    0.00    0.00   13.57    0.00    0.00    0.00    1.01
23:10:22     all   54.09    0.00   29.03    0.00    0.00   13.90    0.25    0.00    0.00    2.73
23:10:23     all   55.06    0.00   27.41    0.00    0.00   13.33    0.00    0.00    0.00    4.20
23:10:24     all   53.75    0.00   29.75    0.00    0.00   13.50    0.00    0.00    0.00    3.00
23:10:25     all   54.36    0.00   29.68    0.00    0.00   13.97    0.00    0.00    0.00    2.00
23:10:26     all   54.61    0.00   28.43    0.00    0.00   13.72    0.00    0.00    0.00    3.24
23:10:27     all   56.17    0.00   28.21    0.00    0.00   12.85    0.00    0.00    0.00    2.77
23:10:28     all   54.89    0.00   30.83    0.00    0.00   11.78    0.00    0.00    0.00    2.51
23:10:29     all   55.11    0.00   29.68    0.00    0.00   13.22    0.25    0.00    0.00    1.75
23:10:30     all   55.00    0.00   28.00    0.00    0.00   12.75    0.25    0.00    0.00    4.00
23:10:31     all   54.64    0.00   29.82    0.00    0.00   14.54    0.00    0.00    0.00    1.00
23:10:32     all   54.25    0.00   30.25    0.00    0.00   14.50    0.00    0.00    0.00    1.00
23:10:33     all   54.25    0.00   29.75    0.00    0.00   14.75    0.00    0.00    0.00    1.25
23:10:34     all   55.81    0.00   29.29    0.00    0.00   13.64    0.00    0.00    0.00    1.26
23:10:35     all   56.75    0.00   28.75    0.00    0.00   13.75    0.00    0.00    0.00    0.75
23:10:36     all   55.28    0.00   30.40    0.00    0.00   13.32    0.00    0.00    0.00    1.01
23:10:37     all   55.61    0.00   29.93    0.00    0.00   13.72    0.00    0.00    0.00    0.75
23:10:38     all   56.00    0.00   29.25    0.00    0.00   14.00    0.00    0.00    0.00    0.75
23:10:39     all   55.72    0.00   29.85    0.00    0.00   12.94    0.25    0.00    0.00    1.24
23:10:40     all   56.39    0.00   27.32    0.00    0.00   11.78    0.25    0.00    0.00    4.26
23:10:41     all   53.27    0.00   29.15    0.00    0.00   13.32    0.00    0.00    0.00    4.27
23:10:42     all   54.16    0.00   30.23    0.00    0.00   13.10    0.00    0.00    0.00    2.52
23:10:43     all   54.61    0.00   29.68    0.00    0.00   13.97    0.00    0.00    0.00    1.75
23:10:44     all   55.42    0.00   29.22    0.00    0.00   14.61    0.00    0.00    0.00    0.76
23:10:45     all   54.11    0.00   30.42    0.00    0.00   13.47    0.00    0.00    0.00    2.00
23:10:46     all   55.16    0.00   30.98    0.00    0.00   13.60    0.00    0.00    0.00    0.25
23:10:47     all   30.08    0.00   17.54    0.00    0.00    7.77    0.00    0.00    0.00   44.61
23:10:48     all   10.97    0.00    5.74    0.00    0.00    2.24    0.00    0.00    0.00   81.05
23:10:49     all   29.92    0.00   11.25    0.00    0.00    4.09    0.51    0.00    0.00   54.22
23:10:50     all   25.94    0.00   11.08    0.00    0.00    4.28    0.00    0.00    0.00   58.69
23:10:51     all   27.75    0.00   13.75    0.00    0.00    3.00    0.00    0.00    0.00   55.50
23:10:52     all   26.15    0.00   12.56    0.00    0.00    3.08    0.00    0.00    0.00   58.21
23:10:53     all   21.66    0.00   13.60    0.00    0.00    3.27    0.00    0.00    0.00   61.46
23:10:54     all   19.70    0.00   11.62    0.00    0.00    3.03    0.00    0.00    0.00   65.66
23:10:55     all   22.73    0.00   11.36    0.00    0.00    3.54    0.00    0.00    0.00   62.37
23:10:56     all   25.06    0.00   11.90    0.00    0.00    2.78    0.00    0.00    0.00   60.25
23:10:57     all   22.78    0.00   10.89    0.25    0.00    3.54    0.00    0.00    0.00   62.53
23:10:58     all   22.61    0.00   10.80    0.00    0.00    3.02    0.00    0.00    0.00   63.57
23:10:59     all   20.76    0.00   10.63    0.25    0.00    4.30    0.00    0.00    0.00   64.05
23:11:00     all   25.19    0.00    9.32    0.00    0.00    4.28    0.00    0.00    0.00   61.21
23:11:01     all   19.25    0.00    9.50    0.00    0.00    3.75    0.00    0.00    0.00   67.50
23:11:02     all   22.08    0.00   10.91    0.00    0.00    2.54    0.25    0.00    0.00   64.21
23:11:03     all   21.11    0.00   11.81    0.00    0.00    3.02    0.00    0.00    0.00   64.07
23:11:04     all   22.14    0.00   11.20    0.00    0.00    2.80    0.25    0.00    0.00   63.61
23:11:05     all   25.38    0.00   11.93    0.00    0.00    3.30    0.00    0.00    0.00   59.39
23:11:06     all   21.37    0.00   11.45    0.00    0.00    3.31    0.25    0.00    0.00   63.61
23:11:07     all   20.76    0.00   11.65    0.00    0.00    2.78    0.00    0.00    0.00   64.81
23:11:08     all   22.31    0.00   11.53    0.00    0.00    3.51    0.00    0.00    0.00   62.66
23:11:09     all   25.44    0.00   11.08    0.00    0.00    3.27    0.00    0.00    0.00   60.20
23:11:10     all   21.54    0.00   11.79    0.00    0.00    4.62    0.00    0.00    0.00   62.05
23:11:11     all   21.48    0.00    8.70    0.00    0.00    4.09    0.00    0.00    0.00   65.73
23:11:12     all   25.13    0.00   10.41    0.00    0.00    4.06    0.00    0.00    0.00   60.41
23:11:13     all   19.95    0.00   11.36    0.00    0.00    3.54    0.00    0.00    0.00   65.15
23:11:14     all   19.39    0.00   11.22    0.00    0.00    3.57    0.00    0.00    0.00   65.82
23:11:15     all   22.17    0.00   11.08    0.00    0.00    3.53    0.00    0.00    0.00   63.22
23:11:16     all   23.29    0.00   10.38    0.00    0.00    3.04    0.00    0.00    0.00   63.29
23:11:17     all   15.99    0.00    7.36    0.00    0.00    2.28    0.00    0.00    0.00   74.37
23:11:18     all    5.79    0.00    3.27    0.00    0.00    1.76    0.00    0.00    0.00   89.17
23:11:19     all   42.20    0.00   12.28    0.00    0.00    7.42    0.26    0.00    0.00   37.85
23:11:20     all   53.65    0.00   21.41    0.00    0.00    7.81    0.00    0.00    0.00   17.13
23:11:21     all   39.85    0.00   21.55    0.00    0.00    7.27    0.00    0.00    0.00   31.33
23:11:22     all   43.99    0.00   22.76    0.00    0.00    6.39    0.26    0.00    0.00   26.60
23:11:23     all   38.89    0.00   22.98    0.00    0.00    6.06    0.00    0.00    0.00   32.07
23:11:24     all   47.80    0.00   22.48    0.00    0.00    6.20    0.00    0.00    0.00   23.51
23:11:25     all   41.73    0.00   23.16    0.00    0.00    5.34    0.00    0.00    0.00   29.77
23:11:26     all   44.64    0.00   22.70    0.00    0.00    5.10    0.00    0.00    0.00   27.55
23:11:27     all   40.05    0.00   22.22    0.00    0.00    5.94    0.00    0.00    0.00   31.78
23:11:28     all   50.00    0.00   21.11    0.00    0.00    5.78    0.25    0.00    0.00   22.86
23:11:29     all   39.33    0.00   21.34    0.00    0.00    7.46    0.26    0.00    0.00   31.62
23:11:30     all   34.63    0.00   18.86    0.00    0.00    8.27    0.00    0.00    0.00   38.24
23:11:31     all   43.59    0.00   18.97    0.00    0.00    7.95    0.00    0.00    0.00   29.49
23:11:32     all   38.27    0.00   19.64    0.00    0.00    7.40    0.00    0.00    0.00   34.69
23:11:33     all   47.18    0.00   21.28    0.00    0.00    6.67    0.00    0.00    0.00   24.87
23:11:34     all   41.09    0.00   23.51    0.00    0.00    5.43    0.26    0.00    0.00   29.72
23:11:35     all   40.20    0.00   22.65    0.00    0.00    6.11    0.00    0.00    0.00   31.04
23:11:36     all   42.13    0.00   21.83    0.00    0.00    6.09    0.00    0.00    0.00   29.95
23:11:37     all   38.60    0.00   22.54    0.00    0.00    5.96    0.00    0.00    0.00   32.90
23:11:38     all   40.10    0.00   22.62    0.00    0.00    6.43    0.26    0.00    0.00   30.59
23:11:39     all   44.70    0.00   21.45    0.00    0.00    5.94    0.00    0.00    0.00   27.91
23:11:40     all   43.83    0.00   19.90    0.00    0.00    7.81    0.00    0.00    0.00   28.46
23:11:41     all   43.04    0.00   19.49    0.00    0.00   10.63    0.00    0.00    0.00   26.84
23:11:42     all   41.79    0.00   18.72    0.00    0.00    8.72    0.00    0.00    0.00   30.77
23:11:43     all   40.83    0.00   21.45    0.00    0.00    7.49    0.00    0.00    0.00   30.23
23:11:44     all   39.13    0.00   20.97    0.00    0.00    6.65    0.00    0.00    0.00   33.25
23:11:45     all   48.85    0.00   21.23    0.00    0.00    5.88    0.00    0.00    0.00   24.04
23:11:46     all   40.36    0.00   22.37    0.00    0.00    5.40    0.00    0.00    0.00   31.88
23:11:47     all   31.46    0.00   15.86    0.00    0.00    4.35    0.26    0.00    0.00   48.08
23:11:48     all    4.51    0.00    2.76    0.00    0.00    1.25    0.00    0.00    0.00   91.48
23:11:49     all   30.39    0.00   13.51    0.00    0.00    5.45    0.00    0.00    0.00   50.65
23:11:50     all   48.99    0.00   17.42    0.00    0.00    7.07    0.25    0.00    0.00   26.26
23:11:51     all   59.29    0.00   19.59    0.00    0.00    6.36    0.00    0.00    0.00   14.76
23:11:52     all   67.00    0.00   22.25    0.00    0.00    9.25    0.00    0.00    0.00    1.50
23:11:53     all   65.74    0.00   24.18    0.00    0.00    9.57    0.00    0.00    0.00    0.50
23:11:54     all   63.09    0.00   25.69    0.00    0.00   10.22    0.00    0.00    0.00    1.00
23:11:55     all   65.92    0.00   21.64    0.00    0.00   10.70    0.25    0.00    0.00    1.49
23:11:56     all   65.34    0.00   22.19    0.00    0.00   11.97    0.00    0.00    0.00    0.50
23:11:57     all   65.99    0.00   21.16    0.00    0.00   11.34    0.00    0.00    0.00    1.51
23:11:58     all   67.17    0.00   20.30    0.00    0.00   11.03    0.00    0.00    0.00    1.50
23:11:59     all   69.67    0.00   17.79    0.00    0.00    9.52    0.00    0.00    0.00    3.01
23:12:00     all   63.66    0.00   22.81    0.00    0.00   12.03    0.00    0.00    0.00    1.50
23:12:01     all   68.92    0.00   19.80    0.00    0.00   11.28    0.00    0.00    0.00    0.00
23:12:02     all   67.58    0.00   19.70    0.00    0.00   11.47    0.00    0.00    0.00    1.25
23:12:03     all   66.75    0.00   19.65    0.00    0.00   13.10    0.00    0.00    0.00    0.50
23:12:04     all   69.65    0.00   18.16    0.00    0.00   10.70    0.00    0.00    0.00    1.49
23:12:05     all   71.68    0.00   16.29    0.00    0.00   10.53    0.00    0.00    0.00    1.50
23:12:06     all   67.25    0.00   20.75    0.00    0.00   11.75    0.00    0.00    0.00    0.25
23:12:07     all   67.17    0.00   19.55    0.00    0.00   12.53    0.00    0.00    0.00    0.75
23:12:08     all   65.58    0.00   21.36    0.00    0.00   12.31    0.00    0.00    0.00    0.75
23:12:09     all   68.58    0.00   19.45    0.00    0.00   10.97    0.25    0.00    0.00    0.75
23:12:10     all   65.50    0.00   22.00    0.00    0.00   12.00    0.25    0.00    0.00    0.25
23:12:11     all   64.50    0.00   21.50    0.00    0.00   13.25    0.00    0.00    0.00    0.75
23:12:12     all   70.00    0.00   19.00    0.00    0.00    9.25    0.00    0.00    0.00    1.75
23:12:13     all   67.50    0.00   20.50    0.00    0.00   10.50    0.00    0.00    0.00    1.50
23:12:14     all   68.84    0.00   19.85    0.00    0.00   11.31    0.00    0.00    0.00    0.00
23:12:15     all   72.04    0.00   16.62    0.00    0.00    8.56    0.00    0.00    0.00    2.77
23:12:16     all   67.50    0.00   21.00    0.00    0.00   10.00    0.00    0.00    0.00    1.50
23:12:17     all   69.10    0.00   16.58    0.00    0.00    8.79    0.00    0.00    0.00    5.53
23:12:18     all    5.79    0.00    2.52    0.00    0.00    1.51    0.00    0.00    0.00   90.18
23:12:19     all   29.82    0.00   13.62    0.00    0.00    5.66    0.26    0.00    0.00   50.64
23:12:20     all   48.56    0.00   18.02    0.00    0.00    7.83    0.00    0.00    0.00   25.59
23:12:21     all   61.44    0.00   24.88    0.00    0.00    8.21    0.00    0.00    0.00    5.47
23:12:22     all   69.77    0.00   20.91    0.00    0.00    9.07    0.00    0.00    0.00    0.25
23:12:23     all   69.15    0.00   20.65    0.00    0.00    9.45    0.00    0.00    0.00    0.75
23:12:24     all   74.25    0.00   17.25    0.00    0.00    8.00    0.00    0.00    0.00    0.50
23:12:25     all   74.94    0.00   15.79    0.00    0.00    6.02    0.00    0.00    0.00    3.26
23:12:26     all   75.75    0.00   16.75    0.00    0.00    6.25    0.00    0.00    0.00    1.25
23:12:27     all   74.13    0.00   16.67    0.00    0.00    5.97    0.25    0.00    0.00    2.99
23:12:28     all   73.80    0.00   17.88    0.00    0.00    7.30    0.00    0.00    0.00    1.01
23:12:29     all   79.60    0.00   11.34    0.00    0.00    2.77    0.00    0.00    0.00    6.30
23:12:30     all   71.50    0.00   19.00    0.00    0.00    8.00    0.00    0.00    0.00    1.50
23:12:31     all   75.00    0.00   16.25    0.00    0.00    6.50    0.00    0.00    0.00    2.25
23:12:32     all   78.14    0.00   13.32    0.00    0.00    5.28    0.00    0.00    0.00    3.27
23:12:33     all   67.59    0.00   22.36    0.00    0.00   10.05    0.00    0.00    0.00    0.00
23:12:34     all   72.18    0.00   18.30    0.00    0.00    7.77    0.00    0.00    0.00    1.75
23:12:35     all   72.93    0.00   17.29    0.00    0.00    9.02    0.00    0.00    0.00    0.75
23:12:36     all   76.81    0.00   13.47    0.00    0.00    5.74    0.00    0.00    0.00    3.99
23:12:37     all   71.57    0.00   18.20    0.00    0.00    8.48    0.00    0.00    0.00    1.75
23:12:38     all   73.12    0.00   17.34    0.00    0.00    7.79    0.00    0.00    0.00    1.76
23:12:39     all   77.50    0.00   13.50    0.00    0.00    5.00    0.00    0.00    0.00    4.00
23:12:40     all   72.00    0.00   18.00    0.00    0.00    8.50    0.00    0.00    0.00    1.50
23:12:41     all   73.87    0.00   15.58    0.00    0.00    7.54    0.00    0.00    0.00    3.02
23:12:42     all   73.48    0.00   13.89    0.00    0.00    6.06    0.00    0.00    0.00    6.57
23:12:43     all   69.83    0.00   19.45    0.00    0.00    9.48    0.25    0.00    0.00    1.00
23:12:44     all   74.12    0.00   15.58    0.00    0.00    8.79    0.00    0.00    0.00    1.51
23:12:45     all   70.93    0.00   18.80    0.00    0.00    9.77    0.25    0.00    0.00    0.25
23:12:46     all   78.34    0.00   11.59    0.00    0.00    6.80    0.00    0.00    0.00    3.27
23:12:47     all   66.25    0.00   21.00    0.00    0.00   11.25    0.00    0.00    0.00    1.50
