Running 30s test @ http://10.116.0.2:8080/block?ms=100
  4 threads and 2000 connections
  Thread calibration: mean lat.: 164.195ms, rate sampling interval: 496ms
  Thread calibration: mean lat.: 158.924ms, rate sampling interval: 467ms
  Thread calibration: mean lat.: 164.154ms, rate sampling interval: 483ms
  Thread calibration: mean lat.: 146.164ms, rate sampling interval: 427ms
  Thread Stats   Avg      Stdev     Max   +/- Stdev
    Latency   285.45ms  337.26ms   1.39s    81.60%
    Req/Sec     4.51k   283.55     5.02k    77.03%
  Latency Distribution (HdrHistogram - Recorded Latency)
 50.000%  113.54ms
 75.000%  172.54ms
 90.000%  899.58ms
 99.000%    1.29s 
 99.900%    1.35s 
 99.990%    1.37s 
 99.999%    1.39s 
100.000%    1.40s 

  Detailed Percentile spectrum:
       Value   Percentile   TotalCount 1/(1-Percentile)

     100.351     0.000000            2         1.00
     101.183     0.100000        32500         1.11
     101.695     0.200000        66010         1.25
     102.463     0.300000        95131         1.43
     105.279     0.400000       126231         1.67
     113.535     0.500000       157409         2.00
     118.719     0.550000       173107         2.22
     124.671     0.600000       188887         2.50
     131.199     0.650000       204586         2.86
     141.567     0.700000       220310         3.33
     172.543     0.750000       236004         4.00
     316.415     0.775000       243870         4.44
     559.103     0.800000       251750         5.00
     656.895     0.825000       259638         5.71
     736.255     0.850000       267477         6.67
     820.735     0.875000       275360         8.00
     855.039     0.887500       279285         8.89
     899.583     0.900000       283206        10.00
     943.103     0.912500       287142        11.43
     993.279     0.925000       291067        13.33
    1042.943     0.937500       295027        16.00
    1067.007     0.943750       297017        17.78
    1089.535     0.950000       298972        20.00
    1119.231     0.956250       300958        22.86
    1153.023     0.962500       302873        26.67
    1185.791     0.968750       304854        32.00
    1200.127     0.971875       305831        35.56
    1218.559     0.975000       306843        40.00
    1231.871     0.978125       307808        45.71
    1246.207     0.981250       308825        53.33
    1259.519     0.984375       309758        64.00
    1268.735     0.985938       310307        71.11
    1276.927     0.987500       310741        80.00
    1287.167     0.989062       311251        91.43
    1296.383     0.990625       311733       106.67
    1305.599     0.992188       312237       128.00
    1309.695     0.992969       312470       142.22
    1313.791     0.993750       312732       160.00
    1317.887     0.994531       312986       182.86
    1321.983     0.995313       313285       213.33
    1325.055     0.996094       313469       256.00
    1327.103     0.996484       313572       284.44
    1329.151     0.996875       313703       320.00
    1331.199     0.997266       313833       365.71
    1334.271     0.997656       313935       426.67
    1338.367     0.998047       314060       512.00
    1340.415     0.998242       314125       568.89
    1343.487     0.998437       314196       640.00
    1346.559     0.998633       314259       731.43
    1348.607     0.998828       314312       853.33
    1351.679     0.999023       314379      1024.00
    1352.703     0.999121       314416      1137.78
    1353.727     0.999219       314449      1280.00
    1354.751     0.999316       314467      1462.86
    1355.775     0.999414       314483      1706.67
    1358.847     0.999512       314518      2048.00
    1359.871     0.999561       314535      2275.56
    1360.895     0.999609       314557      2560.00
    1361.919     0.999658       314571      2925.71
    1362.943     0.999707       314577      3413.33
    1366.015     0.999756       314596      4096.00
    1367.039     0.999780       314602      4551.11
    1368.063     0.999805       314616      5120.00
    1368.063     0.999829       314616      5851.43
    1369.087     0.999854       314624      6826.67
    1370.111     0.999878       314632      8192.00
    1371.135     0.999890       314634      9102.22
    1375.231     0.999902       314639     10240.00
    1376.255     0.999915       314643     11702.86
    1377.279     0.999927       314647     13653.33
    1378.303     0.999939       314651     16384.00
    1378.303     0.999945       314651     18204.44
    1379.327     0.999951       314652     20480.00
    1385.471     0.999957       314657     23405.71
    1385.471     0.999963       314657     27306.67
    1386.495     0.999969       314660     32768.00
    1386.495     0.999973       314660     36408.89
    1386.495     0.999976       314660     40960.00
    1387.519     0.999979       314665     46811.43
    1387.519     0.999982       314665     54613.33
    1387.519     0.999985       314665     65536.00
    1387.519     0.999986       314665     72817.78
    1387.519     0.999988       314665     81920.00
    1387.519     0.999989       314665     93622.86
    1387.519     0.999991       314665    109226.67
    1387.519     0.999992       314665    131072.00
    1387.519     0.999993       314665    145635.56
    1388.543     0.999994       314666    163840.00
    1388.543     0.999995       314666    187245.71
    1388.543     0.999995       314666    218453.33
    1388.543     0.999996       314666    262144.00
    1388.543     0.999997       314666    291271.11
    1395.711     0.999997       314667    327680.00
    1395.711     1.000000       314667          inf
#[Mean    =      285.449, StdDeviation   =      337.265]
#[Max     =     1394.688, Total count    =       314667]
#[Buckets =           27, SubBuckets     =         2048]
----------------------------------------------------------
  510849 requests in 30.00s, 58.53MB read
Requests/sec:  17028.18
Transfer/sec:      1.95MB
