Running 30s test @ http://10.116.0.2:8080/json
  4 threads and 64 connections
  Thread calibration: mean lat.: 2632.763ms, rate sampling interval: 6533ms
  Thread calibration: mean lat.: 2653.550ms, rate sampling interval: 6541ms
  Thread calibration: mean lat.: 2661.687ms, rate sampling interval: 6561ms
  Thread calibration: mean lat.: 2658.494ms, rate sampling interval: 6582ms
  Thread Stats   Avg      Stdev     Max   +/- Stdev
    Latency   419.99ms  856.88ms   3.34s    84.22%
    Req/Sec     5.78k     1.10k    7.35k    66.67%
  Latency Distribution (HdrHistogram - Recorded Latency)
 50.000%    1.50ms
 75.000%   24.70ms
 90.000%    2.01s 
 99.000%    3.09s 
 99.900%    3.29s 
 99.990%    3.32s 
 99.999%    3.34s 
100.000%    3.34s 

  Detailed Percentile spectrum:
       Value   Percentile   TotalCount 1/(1-Percentile)

       0.240     0.000000            1         1.00
       0.703     0.100000        46039         1.11
       0.900     0.200000        92138         1.25
       1.082     0.300000       138035         1.43
       1.276     0.400000       183943         1.67
       1.504     0.500000       229920         2.00
       1.631     0.550000       253004         2.22
       1.765     0.600000       276059         2.50
       1.912     0.650000       299025         2.86
       2.103     0.700000       321943         3.33
      24.735     0.750000       344874         4.00
     397.311     0.775000       356373         4.44
     734.207     0.800000       367875         5.00
    1058.815     0.825000       379375         5.71
    1377.279     0.850000       390863         6.67
    1694.719     0.875000       402366         8.00
    1851.391     0.887500       408115         8.89
    2010.111     0.900000       413851        10.00
    2166.783     0.912500       419604        11.43
    2320.383     0.925000       425392        13.33
    2471.935     0.937500       431126        16.00
    2547.711     0.943750       433972        17.78
    2625.535     0.950000       436885        20.00
    2699.263     0.956250       439760        22.86
    2770.943     0.962500       442656        26.67
    2840.575     0.968750       445482        32.00
    2873.343     0.971875       446912        35.56
    2910.207     0.975000       448407        40.00
    2947.071     0.978125       449784        45.71
    2983.935     0.981250       451292        53.33
    3018.751     0.984375       452690        64.00
    3035.135     0.985938       453425        71.11
    3055.615     0.987500       454147        80.00
    3074.047     0.989062       454806        91.43
    3098.623     0.990625       455577       106.67
    3125.247     0.992188       456245       128.00
    3139.583     0.992969       456609       142.22
    3153.919     0.993750       456964       160.00
    3168.255     0.994531       457355       182.86
    3182.591     0.995313       457688       213.33
    3203.071     0.996094       458077       256.00
    3211.263     0.996484       458240       284.44
    3221.503     0.996875       458429       320.00
    3229.695     0.997266       458583       365.71
    3241.983     0.997656       458775       426.67
    3252.223     0.998047       458942       512.00
    3258.367     0.998242       459050       568.89
    3262.463     0.998437       459129       640.00
    3268.607     0.998633       459218       731.43
    3278.847     0.998828       459308       853.33
    3289.087     0.999023       459405      1024.00
    3291.135     0.999121       459433      1137.78
    3295.231     0.999219       459473      1280.00
    3299.327     0.999316       459523      1462.86
    3303.423     0.999414       459603      1706.67
    3305.471     0.999512       459639      2048.00
    3305.471     0.999561       459639      2275.56
    3307.519     0.999609       459673      2560.00
    3309.567     0.999658       459700      2925.71
    3309.567     0.999707       459700      3413.33
    3311.615     0.999756       459726      4096.00
    3313.663     0.999780       459761      4551.11
    3313.663     0.999805       459761      5120.00
    3313.663     0.999829       459761      5851.43
    3315.711     0.999854       459781      6826.67
    3315.711     0.999878       459781      8192.00
    3315.711     0.999890       459781      9102.22
    3317.759     0.999902       459788     10240.00
    3319.807     0.999915       459793     11702.86
    3321.855     0.999927       459801     13653.33
    3323.903     0.999939       459805     16384.00
    3325.951     0.999945       459807     18204.44
    3327.999     0.999951       459811     20480.00
    3330.047     0.999957       459814     23405.71
    3332.095     0.999963       459818     27306.67
    3332.095     0.999969       459818     32768.00
    3334.143     0.999973       459820     36408.89
    3334.143     0.999976       459820     40960.00
    3336.191     0.999979       459823     46811.43
    3336.191     0.999982       459823     54613.33
    3338.239     0.999985       459825     65536.00
    3338.239     0.999986       459825     72817.78
    3340.287     0.999988       459829     81920.00
    3340.287     0.999989       459829     93622.86
    3340.287     0.999991       459829    109226.67
    3340.287     0.999992       459829    131072.00
    3340.287     0.999993       459829    145635.56
    3340.287     0.999994       459829    163840.00
    3340.287     0.999995       459829    187245.71
    3340.287     0.999995       459829    218453.33
    3342.335     0.999996       459831    262144.00
    3342.335     1.000000       459831          inf
#[Mean    =      419.986, StdDeviation   =      856.883]
#[Max     =     3340.288, Total count    =       459831]
#[Buckets =           27, SubBuckets     =         2048]
----------------------------------------------------------
  599237 requests in 30.00s, 76.11MB read
Requests/sec:  19974.28
Transfer/sec:      2.54MB
