Running 30s test @ http://10.116.0.2:8080/json
  4 threads and 256 connections
  Thread calibration: mean lat.: 2.700ms, rate sampling interval: 10ms
  Thread calibration: mean lat.: 2.726ms, rate sampling interval: 10ms
  Thread calibration: mean lat.: 2.713ms, rate sampling interval: 10ms
  Thread calibration: mean lat.: 2.713ms, rate sampling interval: 10ms
  Thread Stats   Avg      Stdev     Max   +/- Stdev
    Latency     1.78ms    1.29ms  31.60ms   93.42%
    Req/Sec    10.55k     0.94k   15.22k    70.80%
  Latency Distribution (HdrHistogram - Recorded Latency)
 50.000%    1.56ms
 75.000%    2.07ms
 90.000%    2.70ms
 99.000%    6.02ms
 99.900%   19.93ms
 99.990%   28.08ms
 99.999%   30.25ms
100.000%   31.61ms

  Detailed Percentile spectrum:
       Value   Percentile   TotalCount 1/(1-Percentile)

       0.297     0.000000            2         1.00
       0.875     0.100000        78721         1.11
       1.075     0.200000       157451         1.25
       1.247     0.300000       236301         1.43
       1.405     0.400000       315160         1.67
       1.562     0.500000       393688         2.00
       1.645     0.550000       433352         2.22
       1.732     0.600000       472328         2.50
       1.829     0.650000       511673         2.86
       1.939     0.700000       551143         3.33
       2.067     0.750000       590540         4.00
       2.137     0.775000       610058         4.44
       2.217     0.800000       629876         5.00
       2.309     0.825000       649565         5.71
       2.413     0.850000       669116         6.67
       2.541     0.875000       688991         8.00
       2.613     0.887500       698622         8.89
       2.701     0.900000       708630        10.00
       2.801     0.912500       718377        11.43
       2.923     0.925000       728255        13.33
       3.067     0.937500       738087        16.00
       3.149     0.943750       742916        17.78
       3.247     0.950000       747871        20.00
       3.377     0.956250       752764        22.86
       3.557     0.962500       757673        26.67
       3.803     0.968750       762594        32.00
       3.959     0.971875       765028        35.56
       4.139     0.975000       767505        40.00
       4.351     0.978125       769964        45.71
       4.603     0.981250       772417        53.33
       4.963     0.984375       774878        64.00
       5.195     0.985938       776104        71.11
       5.475     0.987500       777324        80.00
       5.795     0.989062       778565        91.43
       6.171     0.990625       779790       106.67
       6.607     0.992188       781018       128.00
       6.875     0.992969       781633       142.22
       7.207     0.993750       782248       160.00
       7.635     0.994531       782861       182.86
       8.255     0.995313       783478       213.33
       8.975     0.996094       784091       256.00
       9.431     0.996484       784403       284.44
       9.999     0.996875       784705       320.00
      10.935     0.997266       785015       365.71
      12.383     0.997656       785319       426.67
      13.919     0.998047       785627       512.00
      14.839     0.998242       785781       568.89
      15.871     0.998437       785934       640.00
      16.975     0.998633       786089       731.43
      18.319     0.998828       786242       853.33
      20.063     0.999023       786395      1024.00
      20.927     0.999121       786472      1137.78
      21.775     0.999219       786549      1280.00
      22.719     0.999316       786629      1462.86
      23.551     0.999414       786702      1706.67
      24.383     0.999512       786779      2048.00
      24.783     0.999561       786819      2275.56
      25.151     0.999609       786856      2560.00
      25.599     0.999658       786895      2925.71
      26.047     0.999707       786934      3413.33
      26.575     0.999756       786971      4096.00
      26.767     0.999780       786991      4551.11
      26.991     0.999805       787011      5120.00
      27.279     0.999829       787030      5851.43
      27.519     0.999854       787049      6826.67
      27.759     0.999878       787067      8192.00
      27.903     0.999890       787077      9102.22
      28.159     0.999902       787087     10240.00
      28.543     0.999915       787097     11702.86
      28.863     0.999927       787106     13653.33
      29.039     0.999939       787115     16384.00
      29.135     0.999945       787120     18204.44
      29.311     0.999951       787126     20480.00
      29.535     0.999957       787130     23405.71
      29.583     0.999963       787135     27306.67
      29.727     0.999969       787140     32768.00
      29.791     0.999973       787142     36408.89
      29.855     0.999976       787144     40960.00
      29.919     0.999979       787147     46811.43
      30.063     0.999982       787149     54613.33
      30.159     0.999985       787151     65536.00
      30.223     0.999986       787154     72817.78
      30.223     0.999988       787154     81920.00
      30.255     0.999989       787155     93622.86
      30.367     0.999991       787156    109226.67
      30.495     0.999992       787157    131072.00
      30.687     0.999993       787158    145635.56
      30.831     0.999994       787159    163840.00
      30.831     0.999995       787159    187245.71
      30.863     0.999995       787160    218453.33
      30.863     0.999996       787160    262144.00
      31.231     0.999997       787161    291271.11
      31.231     0.999997       787161    327680.00
      31.231     0.999997       787161    374491.43
      31.343     0.999998       787162    436906.67
      31.343     0.999998       787162    524288.00
      31.343     0.999998       787162    582542.22
      31.343     0.999998       787162    655360.00
      31.343     0.999999       787162    748982.86
      31.615     0.999999       787163    873813.33
      31.615     1.000000       787163          inf
#[Mean    =        1.779, StdDeviation   =        1.291]
#[Max     =       31.600, Total count    =       787163]
#[Buckets =           27, SubBuckets     =         2048]
----------------------------------------------------------
  1193715 requests in 30.00s, 151.62MB read
Requests/sec:  39790.55
Transfer/sec:      5.05MB
