Running 30s test @ http://10.116.0.2:8080/block?ms=100
  4 threads and 8000 connections
  Thread calibration: mean lat.: 3866.762ms, rate sampling interval: 18284ms
  Thread calibration: mean lat.: 3883.451ms, rate sampling interval: 18120ms
  Thread calibration: mean lat.: 3851.051ms, rate sampling interval: 18104ms
  Thread calibration: mean lat.: 3868.298ms, rate sampling interval: 17989ms
  Thread Stats   Avg      Stdev     Max   +/- Stdev
    Latency    14.18s     2.74s   22.50s    66.74%
    Req/Sec       -nan      -nan   0.00      0.00%
  Latency Distribution (HdrHistogram - Recorded Latency)
 50.000%   14.14s 
 75.000%   16.16s 
 90.000%   17.76s 
 99.000%   20.40s 
 99.900%   21.40s 
 99.990%   21.92s 
 99.999%   22.36s 
100.000%   22.51s 

  Detailed Percentile spectrum:
       Value   Percentile   TotalCount 1/(1-Percentile)

    4853.759     0.000000            1         1.00
   10649.599     0.100000        16446         1.11
   11763.711     0.200000        32986         1.25
   12623.871     0.300000        49309         1.43
   13377.535     0.400000        65864         1.67
   14139.391     0.500000        82180         2.00
   14548.991     0.550000        90506         2.22
   14942.207     0.600000        98664         2.50
   15351.807     0.650000       106962         2.86
   15753.215     0.700000       115100         3.33
   16162.815     0.750000       123350         4.00
   16375.807     0.775000       127506         4.44
   16596.991     0.800000       131543         5.00
   16842.751     0.825000       135745         5.71
   17104.895     0.850000       139810         6.67
   17416.191     0.875000       143962         8.00
   17580.031     0.887500       146044         8.89
   17760.255     0.900000       148034        10.00
   17956.863     0.912500       150127        11.43
   18169.855     0.925000       152128        13.33
   18431.999     0.937500       154144        16.00
   18595.839     0.943750       155211        17.78
   18759.679     0.950000       156213        20.00
   18923.519     0.956250       157181        22.86
   19120.127     0.962500       158235        26.67
   19333.119     0.968750       159256        32.00
   19464.191     0.971875       159750        35.56
   19611.647     0.975000       160276        40.00
   19759.103     0.978125       160785        45.71
   19906.559     0.981250       161313        53.33
   20054.015     0.984375       161802        64.00
   20152.319     0.985938       162083        71.11
   20250.623     0.987500       162342        80.00
   20348.927     0.989062       162600        91.43
   20447.231     0.990625       162834       106.67
   20561.919     0.992188       163111       128.00
   20611.071     0.992969       163224       142.22
   20676.607     0.993750       163350       160.00
   20758.527     0.994531       163497       182.86
   20824.063     0.995313       163613       213.33
   20905.983     0.996094       163718       256.00
   20955.135     0.996484       163796       284.44
   21004.287     0.996875       163854       320.00
   21069.823     0.997266       163926       365.71
   21135.359     0.997656       163989       426.67
   21184.511     0.998047       164040       512.00
   21233.663     0.998242       164076       568.89
   21266.431     0.998437       164107       640.00
   21299.199     0.998633       164135       731.43
   21348.351     0.998828       164171       853.33
   21397.503     0.999023       164198      1024.00
   21446.655     0.999121       164225      1137.78
   21463.039     0.999219       164232      1280.00
   21512.191     0.999316       164251      1462.86
   21561.343     0.999414       164266      1706.67
   21610.495     0.999512       164279      2048.00
   21643.263     0.999561       164288      2275.56
   21692.415     0.999609       164295      2560.00
   21725.183     0.999658       164306      2925.71
   21741.567     0.999707       164313      3413.33
   21790.719     0.999756       164321      4096.00
   21807.103     0.999780       164324      4551.11
   21823.487     0.999805       164329      5120.00
   21839.871     0.999829       164330      5851.43
   21872.639     0.999854       164336      6826.67
   21905.407     0.999878       164340      8192.00
   21905.407     0.999890       164340      9102.22
   21921.791     0.999902       164342     10240.00
   21954.559     0.999915       164344     11702.86
   21970.943     0.999927       164346     13653.33
   21987.327     0.999939       164348     16384.00
   22003.711     0.999945       164349     18204.44
   22020.095     0.999951       164351     20480.00
   22020.095     0.999957       164351     23405.71
   22085.631     0.999963       164352     27306.67
   22233.087     0.999969       164353     32768.00
   22249.471     0.999973       164354     36408.89
   22249.471     0.999976       164354     40960.00
   22331.391     0.999979       164355     46811.43
   22331.391     0.999982       164355     54613.33
   22364.159     0.999985       164357     65536.00
   22364.159     0.999986       164357     72817.78
   22364.159     0.999988       164357     81920.00
   22364.159     0.999989       164357     93622.86
   22364.159     0.999991       164357    109226.67
   22364.159     0.999992       164357    131072.00
   22364.159     0.999993       164357    145635.56
   22364.159     0.999994       164357    163840.00
   22511.615     0.999995       164358    187245.71
   22511.615     1.000000       164358          inf
#[Mean    =    14182.277, StdDeviation   =     2744.972]
#[Max     =    22495.232, Total count    =       164358]
#[Buckets =           27, SubBuckets     =         2048]
----------------------------------------------------------
  489918 requests in 30.00s, 56.07MB read
  Socket errors: connect 0, read 0, write 0, timeout 14650
Requests/sec:  16329.65
Transfer/sec:      1.87MB
