1790896006 176224
1790896007 197348
1790896008 238076
1790896009 249516
1790896010 251184
1790896011 262708
1790896012 269128
1790896013 269856
1790896014 270392
1790896015 271208
1790896016 271744
1790896017 273512
1790896018 273640
1790896019 273728
1790896020 273764
1790896021 273808
1790896022 273852
1790896023 273880
1790896024 273888
1790896026 273920
1790896027 273924
1790896028 273944
1790896029 273952
1790896030 273960
1790896031 273976
1790896032 273980
1790896033 273992
1790896034 274000
1790896035 274008
1790896036 274260
1790896037 320116
1790896038 422264
1790896039 560544
1790896040 694296
1790896041 694300
1790896042 701464
1790896043 719996
1790896044 720700
1790896045 720700
1790896046 721784
1790896047 721804
1790896048 733064
1790896050 761764
1790896051 761900
1790896052 762552
1790896053 763356
1790896054 763464
1790896055 763500
1790896056 763548
1790896057 763588
1790896058 764184
1790896059 764464
1790896060 764500
1790896061 764528
1790896062 764540
1790896063 764600
1790896064 764624
1790896065 764688
1790896066 764708
1790896067 764712
1790896068 764712
1790896069 764712
1790896070 764732
1790896071 764756
1790896072 764800
1790896073 764828
1790896074 764828
1790896076 577256
1790896077 577300
1790896078 577304
1790896079 577304
1790896080 577304
1790896081 410356
1790896082 410360
1790896083 382152
1790896084 350848
1790896085 350848
1790896086 347712
1790896087 343572
1790896088 340444
1790896089 340472
1790896090 340476
1790896091 340480
1790896092 337364
1790896093 333188
1790896094 330072
1790896095 330072
1790896096 330076
1790896098 326968
1790896099 330064
1790896100 340484
1790896101 376416
1790896102 409188
1790896103 409188
1790896104 409192
1790896105 409196
1790896106 409196
1790896107 409204
1790896108 409204
1790896109 409204
1790896110 409208
1790896111 409216
1790896112 409216
1790896113 409220
1790896115 409224
1790896116 409228
1790896117 409228
1790896118 409228
1790896119 409236
1790896120 409248
1790896121 409248
1790896122 409248
1790896123 409248
1790896124 409252
1790896125 409252
1790896126 409256
1790896127 409264
1790896128 409264
1790896130 409264
1790896131 409264
1790896132 409268
1790896133 409268
1790896134 409272
1790896135 409272
1790896136 409272
1790896137 409276
1790896138 409276
1790896139 409276
1790896140 409280
1790896141 409280
1790896142 409284
1790896144 409288
1790896145 409292
1790896146 409296
1790896147 409296
1790896148 409296
1790896149 409300
1790896150 409300
1790896151 409308
1790896152 409308
1790896153 409332
1790896154 409332
1790896155 409332
1790896156 409332
1790896157 409332
1790896159 409332
1790896160 409336
1790896161 409340
1790896162 409344
1790896163 409344
1790896164 409348
1790896165 409348
1790896166 409348
1790896167 409352
1790896168 409352
1790896169 409352
1790896170 409360
1790896171 409364
1790896172 409372
1790896174 409372
1790896175 409372
1790896176 409376
1790896177 409384
1790896178 409384
1790896179 409384
1790896180 409388
1790896181 409388
1790896182 409392
1790896183 409392
1790896184 409392
1790896185 409396
1790896186 409400
1790896187 409400
1790896188 409408
1790896190 409408
1790896191 409408
1790896192 409408
1790896193 409408
1790896194 409408
1790896195 409412
1790896196 409416
1790896197 409416
1790896198 409416
1790896199 409420
1790896200 409420
1790896201 409420
1790896202 409420
1790896203 409420
1790896204 409424
1790896205 409432
1790896207 409436
1790896208 409436
1790896209 409436
1790896210 409444
1790896211 409448
1790896212 409448
1790896213 409448
1790896214 409448
1790896215 409484
1790896216 409492
1790896217 409492
1790896218 409492
1790896219 409492
1790896220 409492
1790896221 409492
1790896223 409496
1790896224 409496
1790896225 409500
1790896226 409500
1790896227 409504
1790896228 409508
1790896229 409508
1790896230 409508
1790896231 409508
1790896232 409516
1790896233 409516
1790896234 409520
1790896235 409520
1790896236 409520
1790896238 409520
1790896239 409520
1790896240 409528
1790896241 409532
1790896242 409536
1790896243 409536
1790896244 409536
1790896245 409540
1790896246 409544
1790896247 409544
1790896248 521904
1790896249 565268
1790896250 725944
1790896251 734676
1790896252 836024
1790896253 836372
1790896254 852644
1790896255 880840
1790896256 880904
1790896257 881268
1790896259 881372
1790896260 883828
1790896261 883828
1790896262 884152
1790896263 884424
1790896264 884516
1790896265 884616
1790896266 884620
1790896267 884640
1790896268 884672
1790896269 884680
1790896270 884700
1790896271 884708
1790896272 884724
1790896273 884740
1790896274 884756
1790896275 884760
1790896276 884804
1790896277 884804
1790896278 884872
1790896279 1007248
1790896280 1155420
1790896281 1235064
1790896282 1235112
1790896284 1241724
1790896285 1289624
1790896286 1289632
1790896287 1289956
1790896288 1290108
1790896289 1290116
1790896290 1290180
1790896291 1290304
1790896292 1297432
1790896293 1297656
1790896294 1297668
1790896295 1297716
1790896296 1297972
1790896297 1298000
1790896298 1298012
1790896299 1298028
1790896300 1298028
1790896301 1298040
1790896303 1298040
1790896304 1298064
1790896305 1298100
1790896306 1298100
1790896307 1298104
1790896308 1298104
1790896309 1298160
1790896310 1298176
1790896311 1385616
1790896312 1539428
1790896313 1833776
1790896314 2113180
1790896315 2180828
1790896316 2211572
1790896317 2237416
1790896318 2275424
1790896319 2275528
1790896320 2277556
1790896322 2277608
1790896323 2277912
1790896324 2278116
1790896325 2278260
1790896326 2278336
1790896327 2278468
1790896328 2278488
1790896329 2278552
1790896330 2278584
1790896331 2278596
1790896332 2278620
1790896333 2278644
1790896334 2278684
1790896335 2278692
1790896336 2278736
1790896338 2278744
1790896339 2278748
1790896340 2278748
1790896341 2278752
1790896342 2278764
1790896343 2278868
1790896344 2278944
1790896345 2282292
1790896346 2209660
1790896347 2239404
1790896348 2285656
1790896349 2288212
1790896350 2288224
1790896351 2292676
1790896352 2292680
1790896354 2292688
1790896355 2292696
1790896356 2292904
1790896357 2292908
1790896358 2292924
1790896359 2293040
1790896360 2293052
1790896361 2293052
1790896362 2293056
1790896363 2293120
1790896364 2293132
1790896365 2293384
1790896366 2293384
