Running 30s test @ http://10.116.0.2:8080/block?ms=100
  4 threads and 4000 connections
  Thread calibration: mean lat.: 2258.782ms, rate sampling interval: 9060ms
  Thread calibration: mean lat.: 2279.940ms, rate sampling interval: 9150ms
  Thread calibration: mean lat.: 2270.506ms, rate sampling interval: 9068ms
  Thread calibration: mean lat.: 2294.956ms, rate sampling interval: 9166ms
  Thread Stats   Avg      Stdev     Max   +/- Stdev
    Latency     8.37s     1.93s   14.00s    60.97%
    Req/Sec     5.17k    22.16     5.19k    50.00%
  Latency Distribution (HdrHistogram - Recorded Latency)
 50.000%    8.40s 
 75.000%    9.91s 
 90.000%   10.95s 
 99.000%   12.21s 
 99.900%   12.98s 
 99.990%   13.57s 
 99.999%   13.89s 
100.000%   14.01s 

  Detailed Percentile spectrum:
       Value   Percentile   TotalCount 1/(1-Percentile)

    3823.615     0.000000            1         1.00
    5705.727     0.100000        30731         1.11
    6426.623     0.200000        61559         1.25
    7147.519     0.300000        92184         1.43
    7798.783     0.400000       123041         1.67
    8404.991     0.500000       153843         2.00
    8699.903     0.550000       169260         2.22
    8994.815     0.600000       184539         2.50
    9297.919     0.650000       199907         2.86
    9601.023     0.700000       214967         3.33
    9912.319     0.750000       230333         4.00
   10076.159     0.775000       238260         4.44
   10231.807     0.800000       245802         5.00
   10403.839     0.825000       253717         5.71
   10575.871     0.850000       261346         6.67
   10756.095     0.875000       268990         8.00
   10854.399     0.887500       272865         8.89
   10952.703     0.900000       276536        10.00
   11059.199     0.912500       280360        11.43
   11173.887     0.925000       284206        13.33
   11296.767     0.937500       287949        16.00
   11362.303     0.943750       289858        17.78
   11436.031     0.950000       291803        20.00
   11517.951     0.956250       293824        22.86
   11599.871     0.962500       295637        26.67
   11698.175     0.968750       297569        32.00
   11755.519     0.971875       298559        35.56
   11812.863     0.975000       299459        40.00
   11878.399     0.978125       300421        45.71
   11952.127     0.981250       301387        53.33
   12034.047     0.984375       302325        64.00
   12083.199     0.985938       302848        71.11
   12132.351     0.987500       303312        80.00
   12181.503     0.989062       303780        91.43
   12238.847     0.990625       304217       106.67
   12312.575     0.992188       304725       128.00
   12345.343     0.992969       304930       142.22
   12394.495     0.993750       305212       160.00
   12435.455     0.994531       305417       182.86
   12492.799     0.995313       305668       213.33
   12550.143     0.996094       305901       256.00
   12591.103     0.996484       306033       284.44
   12623.871     0.996875       306144       320.00
   12664.831     0.997266       306260       365.71
   12713.983     0.997656       306378       426.67
   12771.327     0.998047       306490       512.00
   12804.095     0.998242       306551       568.89
   12845.055     0.998437       306611       640.00
   12886.015     0.998633       306679       731.43
   12926.975     0.998828       306738       853.33
   12984.319     0.999023       306796      1024.00
   13000.703     0.999121       306819      1137.78
   13049.855     0.999219       306852      1280.00
   13082.623     0.999316       306885      1462.86
   13115.391     0.999414       306913      1706.67
   13172.735     0.999512       306941      2048.00
   13197.311     0.999561       306953      2275.56
   13230.079     0.999609       306968      2560.00
   13279.231     0.999658       306987      2925.71
   13311.999     0.999707       306998      3413.33
   13369.343     0.999756       307013      4096.00
   13385.727     0.999780       307021      4551.11
   13410.303     0.999805       307029      5120.00
   13443.071     0.999829       307036      5851.43
   13475.839     0.999854       307044      6826.67
   13524.991     0.999878       307050      8192.00
   13557.759     0.999890       307054      9102.22
   13574.143     0.999902       307059     10240.00
   13582.335     0.999915       307061     11702.86
   13647.871     0.999927       307066     13653.33
   13688.831     0.999939       307070     16384.00
   13697.023     0.999945       307071     18204.44
   13713.407     0.999951       307073     20480.00
   13729.791     0.999957       307074     23405.71
   13746.175     0.999963       307076     27306.67
   13762.559     0.999969       307078     32768.00
   13778.943     0.999973       307079     36408.89
   13787.135     0.999976       307080     40960.00
   13803.519     0.999979       307081     46811.43
   13819.903     0.999982       307082     54613.33
   13893.631     0.999985       307084     65536.00
   13893.631     0.999986       307084     72817.78
   13893.631     0.999988       307084     81920.00
   13893.631     0.999989       307084     93622.86
   13926.399     0.999991       307085    109226.67
   13926.399     0.999992       307085    131072.00
   13926.399     0.999993       307085    145635.56
   14000.127     0.999994       307086    163840.00
   14000.127     0.999995       307086    187245.71
   14000.127     0.999995       307086    218453.33
   14000.127     0.999996       307086    262144.00
   14000.127     0.999997       307086    291271.11
   14008.319     0.999997       307087    327680.00
   14008.319     1.000000       307087          inf
#[Mean    =     8368.954, StdDeviation   =     1932.450]
#[Max     =    14000.128, Total count    =       307087]
#[Buckets =           27, SubBuckets     =         2048]
----------------------------------------------------------
  570691 requests in 30.00s, 65.38MB read
Requests/sec:  19022.72
Transfer/sec:      2.18MB
