Running 30s test @ http://10.116.0.2:8080/json
  4 threads and 256 connections
  Thread calibration: mean lat.: 62.336ms, rate sampling interval: 428ms
  Thread calibration: mean lat.: 77.708ms, rate sampling interval: 507ms
  Thread calibration: mean lat.: 99.328ms, rate sampling interval: 583ms
  Thread calibration: mean lat.: 200.719ms, rate sampling interval: 1439ms
  Thread Stats   Avg      Stdev     Max   +/- Stdev
    Latency    85.75ms  190.46ms   1.84s    89.63%
    Req/Sec    25.01k     1.55k   30.42k    71.32%
  Latency Distribution (HdrHistogram - Recorded Latency)
 50.000%    1.56ms
 75.000%   84.86ms
 90.000%  284.93ms
 99.000%  958.46ms
 99.900%    1.51s 
 99.990%    1.77s 
 99.999%    1.83s 
100.000%    1.84s 

  Detailed Percentile spectrum:
       Value   Percentile   TotalCount 1/(1-Percentile)

       0.187     0.000000            1         1.00
       0.674     0.100000       197796         1.11
       0.927     0.200000       394999         1.25
       1.162     0.300000       591599         1.43
       1.349     0.400000       789487         1.67
       1.558     0.500000       985780         2.00
       1.703     0.550000      1084408         2.22
       1.938     0.600000      1183085         2.50
       2.669     0.650000      1281494         2.86
      16.463     0.700000      1380073         3.33
      84.863     0.750000      1478699         4.00
     119.615     0.775000      1527936         4.44
     143.359     0.800000      1577327         5.00
     173.823     0.825000      1626491         5.71
     208.895     0.850000      1675842         6.67
     248.063     0.875000      1725062         8.00
     263.167     0.887500      1749789         8.89
     284.927     0.900000      1774355        10.00
     309.759     0.912500      1799097        11.43
     350.719     0.925000      1823758        13.33
     402.687     0.937500      1848374        16.00
     434.687     0.943750      1860607        17.78
     468.735     0.950000      1872923        20.00
     504.575     0.956250      1885313        22.86
     545.791     0.962500      1897703        26.67
     589.823     0.968750      1909934        32.00
     614.399     0.971875      1916113        35.56
     646.655     0.975000      1922312        40.00
     691.199     0.978125      1928383        45.71
     746.495     0.981250      1934577        53.33
     813.567     0.984375      1940729        64.00
     852.991     0.985938      1943806        71.11
     891.391     0.987500      1946894        80.00
     932.351     0.989062      1949973        91.43
     977.919     0.990625      1953031       106.67
    1031.167     0.992188      1956102       128.00
    1056.767     0.992969      1957672       142.22
    1083.391     0.993750      1959187       160.00
    1111.039     0.994531      1960718       182.86
    1140.735     0.995313      1962262       213.33
    1183.743     0.996094      1963808       256.00
    1214.463     0.996484      1964584       284.44
    1253.375     0.996875      1965338       320.00
    1300.479     0.997266      1966120       365.71
    1344.511     0.997656      1966880       426.67
    1382.399     0.998047      1967661       512.00
    1404.927     0.998242      1968033       568.89
    1431.551     0.998437      1968417       640.00
    1458.175     0.998633      1968805       731.43
    1485.823     0.998828      1969188       853.33
    1511.423     0.999023      1969576      1024.00
    1526.783     0.999121      1969778      1137.78
    1543.167     0.999219      1969960      1280.00
    1561.599     0.999316      1970155      1462.86
    1584.127     0.999414      1970344      1706.67
    1610.751     0.999512      1970540      2048.00
    1624.063     0.999561      1970632      2275.56
    1642.495     0.999609      1970728      2560.00
    1658.879     0.999658      1970826      2925.71
    1672.191     0.999707      1970924      3413.33
    1690.623     0.999756      1971017      4096.00
    1701.887     0.999780      1971070      4551.11
    1709.055     0.999805      1971112      5120.00
    1716.223     0.999829      1971164      5851.43
    1722.367     0.999854      1971210      6826.67
    1745.919     0.999878      1971258      8192.00
    1757.183     0.999890      1971281      9102.22
    1770.495     0.999902      1971306     10240.00
    1776.639     0.999915      1971334     11702.86
    1783.807     0.999927      1971354     13653.33
    1793.023     0.999939      1971378     16384.00
    1798.143     0.999945      1971389     18204.44
    1802.239     0.999951      1971403     20480.00
    1808.383     0.999957      1971413     23405.71
    1815.551     0.999963      1971426     27306.67
    1820.671     0.999969      1971439     32768.00
    1822.719     0.999973      1971445     36408.89
    1824.767     0.999976      1971451     40960.00
    1826.815     0.999979      1971455     46811.43
    1828.863     0.999982      1971461     54613.33
    1831.935     0.999985      1971470     65536.00
    1831.935     0.999986      1971470     72817.78
    1833.983     0.999988      1971478     81920.00
    1833.983     0.999989      1971478     93622.86
    1835.007     0.999991      1971479    109226.67
    1836.031     0.999992      1971482    131072.00
    1837.055     0.999993      1971485    145635.56
    1837.055     0.999994      1971485    163840.00
    1838.079     0.999995      1971491    187245.71
    1838.079     0.999995      1971491    218453.33
    1838.079     0.999996      1971491    262144.00
    1838.079     0.999997      1971491    291271.11
    1838.079     0.999997      1971491    327680.00
    1839.103     0.999997      1971494    374491.43
    1839.103     0.999998      1971494    436906.67
    1839.103     0.999998      1971494    524288.00
    1839.103     0.999998      1971494    582542.22
    1839.103     0.999998      1971494    655360.00
    1840.127     0.999999      1971495    748982.86
    1840.127     0.999999      1971495    873813.33
    1841.151     0.999999      1971497   1048576.00
    1841.151     1.000000      1971497          inf
#[Mean    =       85.750, StdDeviation   =      190.456]
#[Max     =     1840.128, Total count    =      1971497]
#[Buckets =           27, SubBuckets     =         2048]
----------------------------------------------------------
  2914742 requests in 30.00s, 272.41MB read
Requests/sec:  97158.10
Transfer/sec:      9.08MB
