Running 30s test @ http://10.116.0.2:8080/json
  4 threads and 256 connections
  Thread calibration: mean lat.: 1.357ms, rate sampling interval: 10ms
  Thread calibration: mean lat.: 1.356ms, rate sampling interval: 10ms
  Thread calibration: mean lat.: 1.543ms, rate sampling interval: 10ms
  Thread calibration: mean lat.: 1.346ms, rate sampling interval: 10ms
  Thread Stats   Avg      Stdev     Max   +/- Stdev
    Latency     1.42ms    1.16ms 206.98ms   95.56%
    Req/Sec    15.83k     1.31k   34.44k    76.79%
  Latency Distribution (HdrHistogram - Recorded Latency)
 50.000%    1.32ms
 75.000%    1.81ms
 90.000%    2.25ms
 99.000%    3.26ms
 99.900%   11.40ms
 99.990%   22.96ms
 99.999%  162.30ms
100.000%  207.10ms

  Detailed Percentile spectrum:
       Value   Percentile   TotalCount 1/(1-Percentile)

       0.215     0.000000            1         1.00
       0.642     0.100000       118231         1.11
       0.829     0.200000       236310         1.25
       0.991     0.300000       354240         1.43
       1.149     0.400000       472727         1.67
       1.315     0.500000       590483         2.00
       1.402     0.550000       649471         2.22
       1.491     0.600000       708479         2.50
       1.585     0.650000       767635         2.86
       1.689     0.700000       826584         3.33
       1.810     0.750000       885817         4.00
       1.876     0.775000       915306         4.44
       1.943     0.800000       944761         5.00
       2.011     0.825000       974241         5.71
       2.081     0.850000      1003864         6.67
       2.157     0.875000      1033406         8.00
       2.201     0.887500      1048392         8.89
       2.251     0.900000      1063180        10.00
       2.307     0.912500      1077541        11.43
       2.373     0.925000      1092447        13.33
       2.447     0.937500      1107056        16.00
       2.489     0.943750      1114373        17.78
       2.537     0.950000      1121851        20.00
       2.591     0.956250      1129263        22.86
       2.653     0.962500      1136584        26.67
       2.727     0.968750      1143908        32.00
       2.773     0.971875      1147728        35.56
       2.823     0.975000      1151349        40.00
       2.883     0.978125      1155038        45.71
       2.955     0.981250      1158699        53.33
       3.039     0.984375      1162364        64.00
       3.091     0.985938      1164266        71.11
       3.147     0.987500      1166087        80.00
       3.213     0.989062      1167889        91.43
       3.303     0.990625      1169724       106.67
       3.419     0.992188      1171592       128.00
       3.477     0.992969      1172508       142.22
       3.539     0.993750      1173417       160.00
       3.611     0.994531      1174338       182.86
       3.701     0.995313      1175263       213.33
       3.849     0.996094      1176180       256.00
       3.975     0.996484      1176640       284.44
       4.143     0.996875      1177104       320.00
       4.435     0.997266      1177563       365.71
       4.851     0.997656      1178025       426.67
       5.603     0.998047      1178485       512.00
       6.243     0.998242      1178715       568.89
       7.123     0.998437      1178946       640.00
       8.223     0.998633      1179176       731.43
       9.839     0.998828      1179407       853.33
      11.615     0.999023      1179638      1024.00
      12.719     0.999121      1179755      1137.78
      13.671     0.999219      1179868      1280.00
      14.487     0.999316      1179983      1462.86
      15.439     0.999414      1180099      1706.67
      16.463     0.999512      1180215      2048.00
      17.119     0.999561      1180274      2275.56
      17.599     0.999609      1180329      2560.00
      18.143     0.999658      1180391      2925.71
      18.719     0.999707      1180447      3413.33
      19.391     0.999756      1180502      4096.00
      19.823     0.999780      1180531      4551.11
      20.271     0.999805      1180561      5120.00
      20.767     0.999829      1180591      5851.43
      21.215     0.999854      1180618      6826.67
      21.839     0.999878      1180646      8192.00
      22.511     0.999890      1180662      9102.22
      23.087     0.999902      1180675     10240.00
      23.727     0.999915      1180691     11702.86
      24.559     0.999927      1180704     13653.33
      25.295     0.999939      1180718     16384.00
      25.727     0.999945      1180727     18204.44
      26.559     0.999951      1180733     20480.00
      27.615     0.999957      1180740     23405.71
      44.415     0.999963      1180747     27306.67
      71.103     0.999969      1180754     32768.00
      86.335     0.999973      1180758     36408.89
     101.631     0.999976      1180762     40960.00
     112.255     0.999979      1180765     46811.43
     127.743     0.999982      1180769     54613.33
     139.391     0.999985      1180772     65536.00
     147.071     0.999986      1180774     72817.78
     155.007     0.999988      1180776     81920.00
     162.303     0.999989      1180778     93622.86
     169.215     0.999991      1180780    109226.67
     171.903     0.999992      1180781    131072.00
     175.615     0.999993      1180782    145635.56
     179.711     0.999994      1180783    163840.00
     183.807     0.999995      1180784    187245.71
     187.775     0.999995      1180785    218453.33
     191.871     0.999996      1180786    262144.00
     191.871     0.999997      1180786    291271.11
     195.839     0.999997      1180787    327680.00
     195.839     0.999997      1180787    374491.43
     199.679     0.999998      1180788    436906.67
     199.679     0.999998      1180788    524288.00
     199.679     0.999998      1180788    582542.22
     203.519     0.999998      1180789    655360.00
     203.519     0.999999      1180789    748982.86
     203.519     0.999999      1180789    873813.33
     203.519     0.999999      1180789   1048576.00
     203.519     0.999999      1180789   1165084.44
     207.103     0.999999      1180790   1310720.00
     207.103     1.000000      1180790          inf
#[Mean    =        1.424, StdDeviation   =        1.161]
#[Max     =      206.976, Total count    =      1180790]
#[Buckets =           27, SubBuckets     =         2048]
----------------------------------------------------------
  1777894 requests in 30.00s, 166.16MB read
Requests/sec:  59261.51
Transfer/sec:      5.54MB
