Running 30s test @ http://10.116.0.2:8080/block?ms=100
  4 threads and 4000 connections
  Thread calibration: mean lat.: 142.314ms, rate sampling interval: 508ms
  Thread calibration: mean lat.: 137.455ms, rate sampling interval: 435ms
  Thread calibration: mean lat.: 139.727ms, rate sampling interval: 476ms
  Thread calibration: mean lat.: 141.666ms, rate sampling interval: 504ms
  Thread Stats   Avg      Stdev     Max   +/- Stdev
    Latency   102.19ms    3.75ms 343.30ms   94.86%
    Req/Sec     9.01k   132.27     9.24k    60.98%
  Latency Distribution (HdrHistogram - Recorded Latency)
 50.000%  101.50ms
 75.000%  102.21ms
 90.000%  104.19ms
 99.000%  113.28ms
 99.900%  136.70ms
 99.990%  245.38ms
 99.999%  300.80ms
100.000%  343.55ms

  Detailed Percentile spectrum:
       Value   Percentile   TotalCount 1/(1-Percentile)

     100.223     0.000000            1         1.00
     100.735     0.100000        60805         1.11
     100.927     0.200000       112563         1.25
     101.119     0.300000       169437         1.43
     101.311     0.400000       227069         1.67
     101.503     0.500000       281195         2.00
     101.567     0.550000       297702         2.22
     101.695     0.600000       327946         2.50
     101.823     0.650000       353845         2.86
     102.015     0.700000       386027         3.33
     102.207     0.750000       410808         4.00
     102.335     0.775000       423243         4.44
     102.463     0.800000       433305         5.00
     102.719     0.825000       447465         5.71
     103.039     0.850000       459351         6.67
     103.551     0.875000       473534         8.00
     103.807     0.887500       479269         8.89
     104.191     0.900000       486904        10.00
     104.511     0.912500       492620        11.43
     104.959     0.925000       499525        13.33
     105.471     0.937500       506381        16.00
     105.791     0.943750       510058        17.78
     106.111     0.950000       513167        20.00
     106.495     0.956250       516384        22.86
     107.007     0.962500       519787        26.67
     107.647     0.968750       523043        32.00
     108.095     0.971875       524708        35.56
     108.607     0.975000       526285        40.00
     109.311     0.978125       528114        45.71
     110.015     0.981250       529649        53.33
     110.975     0.984375       531407        64.00
     111.487     0.985938       532191        71.11
     112.127     0.987500       533064        80.00
     112.767     0.989062       533848        91.43
     113.535     0.990625       534690       106.67
     114.431     0.992188       535545       128.00
     114.879     0.992969       535952       142.22
     115.455     0.993750       536376       160.00
     116.095     0.994531       536833       182.86
     116.863     0.995313       537238       213.33
     117.695     0.996094       537659       256.00
     118.271     0.996484       537857       284.44
     119.039     0.996875       538061       320.00
     120.063     0.997266       538274       365.71
     121.727     0.997656       538482       426.67
     123.967     0.998047       538699       512.00
     125.503     0.998242       538801       568.89
     127.295     0.998437       538904       640.00
     129.535     0.998633       539009       731.43
     132.735     0.998828       539115       853.33
     137.215     0.999023       539222      1024.00
     138.879     0.999121       539275      1137.78
     142.975     0.999219       539326      1280.00
     152.319     0.999316       539378      1462.86
     165.759     0.999414       539430      1706.67
     178.431     0.999512       539483      2048.00
     184.191     0.999561       539509      2275.56
     191.487     0.999609       539537      2560.00
     198.143     0.999658       539563      2925.71
     206.719     0.999707       539590      3413.33
     213.375     0.999756       539615      4096.00
     219.007     0.999780       539628      4551.11
     223.487     0.999805       539641      5120.00
     229.631     0.999829       539654      5851.43
     233.983     0.999854       539667      6826.67
     239.999     0.999878       539681      8192.00
     243.071     0.999890       539687      9102.22
     248.575     0.999902       539694     10240.00
     251.519     0.999915       539700     11702.86
     256.255     0.999927       539707     13653.33
     262.399     0.999939       539714     16384.00
     265.983     0.999945       539717     18204.44
     267.775     0.999951       539720     20480.00
     269.567     0.999957       539723     23405.71
     276.479     0.999963       539727     27306.67
     279.551     0.999969       539730     32768.00
     281.343     0.999973       539732     36408.89
     282.367     0.999976       539733     40960.00
     287.231     0.999979       539735     46811.43
     289.535     0.999982       539737     54613.33
     290.047     0.999985       539738     65536.00
     292.095     0.999986       539739     72817.78
     298.751     0.999988       539740     81920.00
     300.799     0.999989       539741     93622.86
     302.847     0.999991       539742    109226.67
     302.847     0.999992       539742    131072.00
     311.551     0.999993       539743    145635.56
     311.551     0.999994       539743    163840.00
     321.791     0.999995       539744    187245.71
     321.791     0.999995       539744    218453.33
     321.791     0.999996       539744    262144.00
     332.799     0.999997       539745    291271.11
     332.799     0.999997       539745    327680.00
     332.799     0.999997       539745    374491.43
     332.799     0.999998       539745    436906.67
     332.799     0.999998       539745    524288.00
     343.551     0.999998       539746    582542.22
     343.551     1.000000       539746          inf
#[Mean    =      102.186, StdDeviation   =        3.747]
#[Max     =      343.296, Total count    =       539746]
#[Buckets =           27, SubBuckets     =         2048]
----------------------------------------------------------
  984466 requests in 30.00s, 79.80MB read
Requests/sec:  32814.84
Transfer/sec:      2.66MB
