Running 30s test @ http://10.116.0.2:8080/json
  4 threads and 64 connections
  Thread calibration: mean lat.: 14.173ms, rate sampling interval: 10ms
  Thread calibration: mean lat.: 1.277ms, rate sampling interval: 10ms
  Thread calibration: mean lat.: 17.065ms, rate sampling interval: 10ms
  Thread calibration: mean lat.: 13.104ms, rate sampling interval: 10ms
  Thread Stats   Avg      Stdev     Max   +/- Stdev
    Latency     1.05ms  512.88us  13.02ms   71.43%
    Req/Sec     5.25k   399.99    11.89k    78.17%
  Latency Distribution (HdrHistogram - Recorded Latency)
 50.000%    1.03ms
 75.000%    1.37ms
 90.000%    1.63ms
 99.000%    2.00ms
 99.900%    5.76ms
 99.990%   11.21ms
 99.999%   12.81ms
100.000%   13.02ms

  Detailed Percentile spectrum:
       Value   Percentile   TotalCount 1/(1-Percentile)

       0.187     0.000000            1         1.00
       0.464     0.100000        39985         1.11
       0.609     0.200000        79849         1.25
       0.757     0.300000       119581         1.43
       0.898     0.400000       159442         1.67
       1.028     0.500000       199330         2.00
       1.091     0.550000       219284         2.22
       1.154     0.600000       239330         2.50
       1.218     0.650000       259130         2.86
       1.287     0.700000       278880         3.33
       1.365     0.750000       298919         4.00
       1.406     0.775000       308764         4.44
       1.451     0.800000       318767         5.00
       1.496     0.825000       328755         5.71
       1.541     0.850000       338840         6.67
       1.585     0.875000       348705         8.00
       1.606     0.887500       353624         8.89
       1.628     0.900000       358556        10.00
       1.652     0.912500       363653        11.43
       1.678     0.925000       368679        13.33
       1.706     0.937500       373541        16.00
       1.722     0.943750       376064        17.78
       1.739     0.950000       378495        20.00
       1.759     0.956250       381042        22.86
       1.781     0.962500       383457        26.67
       1.807     0.968750       385969        32.00
       1.822     0.971875       387193        35.56
       1.839     0.975000       388448        40.00
       1.859     0.978125       389685        45.71
       1.884     0.981250       390964        53.33
       1.911     0.984375       392163        64.00
       1.930     0.985938       392791        71.11
       1.951     0.987500       393426        80.00
       1.977     0.989062       394037        91.43
       2.014     0.990625       394657       106.67
       2.065     0.992188       395273       128.00
       2.103     0.992969       395589       142.22
       2.155     0.993750       395903       160.00
       2.229     0.994531       396210       182.86
       2.349     0.995313       396517       213.33
       2.625     0.996094       396828       256.00
       2.851     0.996484       396984       284.44
       3.103     0.996875       397140       320.00
       3.407     0.997266       397294       365.71
       3.733     0.997656       397451       426.67
       4.111     0.998047       397606       512.00
       4.327     0.998242       397683       568.89
       4.587     0.998437       397761       640.00
       4.859     0.998633       397839       731.43
       5.251     0.998828       397918       853.33
       5.831     0.999023       397994      1024.00
       6.243     0.999121       398033      1137.78
       6.607     0.999219       398072      1280.00
       7.163     0.999316       398111      1462.86
       7.631     0.999414       398150      1706.67
       8.231     0.999512       398189      2048.00
       8.559     0.999561       398208      2275.56
       8.759     0.999609       398230      2560.00
       9.159     0.999658       398248      2925.71
       9.455     0.999707       398267      3413.33
       9.743     0.999756       398286      4096.00
       9.959     0.999780       398297      4551.11
      10.247     0.999805       398307      5120.00
      10.447     0.999829       398315      5851.43
      10.623     0.999854       398325      6826.67
      10.967     0.999878       398335      8192.00
      11.151     0.999890       398342      9102.22
      11.215     0.999902       398345     10240.00
      11.335     0.999915       398349     11702.86
      11.519     0.999927       398354     13653.33
      11.735     0.999939       398359     16384.00
      11.783     0.999945       398363     18204.44
      11.807     0.999951       398364     20480.00
      11.903     0.999957       398366     23405.71
      11.999     0.999963       398369     27306.67
      12.167     0.999969       398371     32768.00
      12.207     0.999973       398373     36408.89
      12.271     0.999976       398375     40960.00
      12.271     0.999979       398375     46811.43
      12.487     0.999982       398376     54613.33
      12.703     0.999985       398377     65536.00
      12.719     0.999986       398378     72817.78
      12.807     0.999988       398379     81920.00
      12.807     0.999989       398379     93622.86
      12.855     0.999991       398380    109226.67
      12.855     0.999992       398380    131072.00
      12.879     0.999993       398381    145635.56
      12.879     0.999994       398381    163840.00
      12.879     0.999995       398381    187245.71
      12.927     0.999995       398382    218453.33
      12.927     0.999996       398382    262144.00
      12.927     0.999997       398382    291271.11
      12.927     0.999997       398382    327680.00
      12.927     0.999997       398382    374491.43
      13.023     0.999998       398383    436906.67
      13.023     1.000000       398383          inf
#[Mean    =        1.050, StdDeviation   =        0.513]
#[Max     =       13.016, Total count    =       398383]
#[Buckets =           27, SubBuckets     =         2048]
----------------------------------------------------------
  594421 requests in 30.00s, 55.55MB read
Requests/sec:  19813.93
Transfer/sec:      1.85MB
