Running 30s test @ http://10.116.0.2:8080/json
  4 threads and 256 connections
  Thread calibration: mean lat.: 229.755ms, rate sampling interval: 1876ms
  Thread calibration: mean lat.: 246.856ms, rate sampling interval: 2041ms
  Thread calibration: mean lat.: 493.173ms, rate sampling interval: 3092ms
  Thread calibration: mean lat.: 146.210ms, rate sampling interval: 1173ms
  Thread Stats   Avg      Stdev     Max   +/- Stdev
    Latency     1.04s     1.93s   11.62s    87.20%
    Req/Sec    28.92k     3.15k   34.04k    75.61%
  Latency Distribution (HdrHistogram - Recorded Latency)
 50.000%   15.44ms
 75.000%    1.04s 
 90.000%    4.10s 
 99.000%    7.65s 
 99.900%   10.87s 
 99.990%   11.55s 
 99.999%   11.62s 
100.000%   11.63s 

  Detailed Percentile spectrum:
       Value   Percentile   TotalCount 1/(1-Percentile)

       0.210     0.000000            1         1.00
       0.793     0.100000       222885         1.11
       1.032     0.200000       445256         1.25
       1.260     0.300000       667298         1.43
       1.620     0.400000       888737         1.67
      15.439     0.500000      1110761         2.00
     180.735     0.550000      1221841         2.22
     367.103     0.600000      1332937         2.50
     538.623     0.650000      1444290         2.86
     760.319     0.700000      1555220         3.33
    1039.359     0.750000      1666143         4.00
    1223.679     0.775000      1721689         4.44
    1397.759     0.800000      1777451         5.00
    1619.967     0.825000      1832869         5.71
    2170.879     0.850000      1888287         6.67
    3196.927     0.875000      1944004         8.00
    3723.263     0.887500      1971603         8.89
    4104.191     0.900000      1999443        10.00
    4657.151     0.912500      2027234        11.43
    5222.399     0.925000      2055077        13.33
    5611.519     0.937500      2082948        16.00
    5775.359     0.943750      2096803        17.78
    5988.351     0.950000      2110591        20.00
    6254.591     0.956250      2124368        22.86
    6443.007     0.962500      2138349        26.67
    6590.463     0.968750      2152417        32.00
    6672.383     0.971875      2159127        35.56
    6787.071     0.975000      2166024        40.00
    6938.623     0.978125      2173127        45.71
    7086.079     0.981250      2180123        53.33
    7237.631     0.984375      2186853        64.00
    7307.263     0.985938      2190297        71.11
    7430.143     0.987500      2193798        80.00
    7520.255     0.989062      2197260        91.43
    7782.399     0.990625      2200713       106.67
    7995.391     0.992188      2204214       128.00
    8138.751     0.992969      2205941       142.22
    8396.799     0.993750      2207742       160.00
    8757.247     0.994531      2209400       182.86
    9060.351     0.995313      2211109       213.33
    9478.143     0.996094      2212844       256.00
    9641.983     0.996484      2213768       284.44
    9879.551     0.996875      2214576       320.00
   10076.159     0.997266      2215446       365.71
   10239.999     0.997656      2216333       426.67
   10395.647     0.998047      2217195       512.00
   10477.567     0.998242      2217657       568.89
   10526.719     0.998437      2218044       640.00
   10600.447     0.998633      2218497       731.43
   10715.135     0.998828      2218932       853.33
   10895.359     0.999023      2219351      1024.00
   10985.471     0.999121      2219573      1137.78
   11067.391     0.999219      2219797      1280.00
   11141.119     0.999316      2220003      1462.86
   11190.271     0.999414      2220228      1706.67
   11263.999     0.999512      2220434      2048.00
   11304.959     0.999561      2220555      2275.56
   11345.919     0.999609      2220663      2560.00
   11370.495     0.999658      2220795      2925.71
   11386.879     0.999707      2220868      3413.33
   11419.647     0.999756      2220973      4096.00
   11444.223     0.999780      2221033      4551.11
   11468.799     0.999805      2221081      5120.00
   11493.375     0.999829      2221153      5851.43
   11517.951     0.999854      2221197      6826.67
   11542.527     0.999878      2221251      8192.00
   11550.719     0.999890      2221312      9102.22
   11550.719     0.999902      2221312     10240.00
   11558.911     0.999915      2221336     11702.86
   11567.103     0.999927      2221364     13653.33
   11575.295     0.999939      2221410     16384.00
   11575.295     0.999945      2221410     18204.44
   11575.295     0.999951      2221410     20480.00
   11583.487     0.999957      2221437     23405.71
   11583.487     0.999963      2221437     27306.67
   11591.679     0.999969      2221458     32768.00
   11591.679     0.999973      2221458     36408.89
   11599.871     0.999976      2221471     40960.00
   11599.871     0.999979      2221471     46811.43
   11608.063     0.999982      2221479     54613.33
   11616.255     0.999985      2221492     65536.00
   11616.255     0.999986      2221492     72817.78
   11616.255     0.999988      2221492     81920.00
   11616.255     0.999989      2221492     93622.86
   11624.447     0.999991      2221504    109226.67
   11624.447     0.999992      2221504    131072.00
   11624.447     0.999993      2221504    145635.56
   11624.447     0.999994      2221504    163840.00
   11624.447     0.999995      2221504    187245.71
   11624.447     0.999995      2221504    218453.33
   11632.639     0.999996      2221513    262144.00
   11632.639     1.000000      2221513          inf
#[Mean    =     1036.482, StdDeviation   =     1928.134]
#[Max     =    11624.448, Total count    =      2221513]
#[Buckets =           27, SubBuckets     =         2048]
----------------------------------------------------------
  3333450 requests in 30.00s, 311.54MB read
Requests/sec: 111115.97
Transfer/sec:     10.38MB
