Linux 6.8.0-142-generic (cafeai-bench-server) 	10/01/26 	_x86_64_	(4 CPU)

22:54:36     CPU    %usr   %nice    %sys %iowait    %irq   %soft  %steal  %guest  %gnice   %idle
22:54:37     all   60.90    0.00    7.02    0.00    0.00    2.01    0.25    0.00    0.00   29.82
22:54:38     all   76.35    0.00   12.85    0.00    0.00    4.37    0.00    0.00    0.00    6.43
22:54:39     all   41.51    0.00    8.36    0.00    0.00    3.92    0.00    0.00    0.00   46.21
22:54:40     all   17.07    0.00    7.73    0.27    0.00    2.93    0.00    0.00    0.00   72.00
22:54:41     all    6.51    0.00    8.33    0.00    0.00    3.39    0.26    0.00    0.00   81.51
22:54:42     all    7.16    0.00    8.18    0.00    0.00    4.09    0.51    0.00    0.00   80.05
22:54:43     all   11.11    0.00    9.30    0.00    0.00    3.62    0.00    0.00    0.00   75.97
22:54:44     all    6.01    0.00    8.09    0.00    0.00    3.13    0.00    0.00    0.00   82.77
22:54:45     all    5.28    0.00    7.92    0.00    0.00    3.17    0.00    0.00    0.00   83.64
22:54:46     all    6.19    0.00    8.51    0.00    0.00    3.61    0.26    0.00    0.00   81.44
22:54:47     all    5.76    0.00    7.07    0.00    0.00    4.19    0.00    0.00    0.00   82.98
22:54:48     all    5.93    0.00    7.73    0.00    0.00    3.87    0.26    0.00    0.00   82.22
22:54:49     all    5.97    0.00    8.31    0.00    0.00    3.64    0.26    0.00    0.00   81.82
22:54:50     all    6.43    0.00    7.71    0.00    0.00    4.37    0.00    0.00    0.00   81.49
22:54:51     all    6.68    0.00    7.97    0.00    0.00    3.34    0.26    0.00    0.00   81.75
22:54:52     all    6.51    0.00    7.03    0.00    0.00    3.65    0.00    0.00    0.00   82.81
22:54:53     all    5.68    0.00    8.27    0.00    0.00    3.88    0.26    0.00    0.00   81.91
22:54:54     all    5.50    0.00    7.59    0.00    0.00    4.19    0.00    0.00    0.00   82.72
22:54:55     all    5.45    0.00    8.31    0.00    0.00    3.64    0.26    0.00    0.00   82.34
22:54:56     all    6.39    0.00    7.93    0.00    0.00    4.35    0.26    0.00    0.00   81.07
22:54:57     all    5.71    0.00    7.53    0.00    0.00    3.90    0.00    0.00    0.00   82.86
22:54:58     all    5.47    0.00    8.33    0.00    0.00    3.65    0.26    0.00    0.00   82.29
22:54:59     all    5.77    0.00    7.09    0.00    0.00    4.46    0.00    0.00    0.00   82.68
22:55:00     all    5.50    0.00    7.33    0.00    0.00    3.66    0.26    0.00    0.00   83.25
22:55:01     all    5.45    0.00    7.79    0.00    0.00    3.90    0.52    0.00    0.00   82.34
22:55:02     all    6.44    0.00    7.73    0.00    0.00    3.87    0.52    0.00    0.00   81.44
22:55:03     all    6.36    0.00    8.40    0.00    0.00    4.58    0.00    0.00    0.00   80.66
22:55:04     all    5.19    0.00    7.53    0.00    0.00    4.16    1.04    0.00    0.00   82.08
22:55:05     all    5.50    0.00    7.33    0.00    0.00    3.40    0.26    0.00    0.00   83.51
22:55:06     all    6.06    0.00    8.59    0.00    0.00    4.29    0.00    0.00    0.00   81.06
22:55:07     all    4.29    0.00    2.78    0.00    0.00    1.26    0.00    0.00    0.00   91.67
22:55:08     all   42.68    0.00    5.56    0.00    0.00    3.54    0.00    0.00    0.00   48.23
22:55:09     all   25.88    0.00    6.28    0.00    0.00    4.02    0.25    0.00    0.00   63.57
22:55:10     all    9.44    0.00    6.89    0.00    0.00    2.81    0.00    0.00    0.00   80.87
22:55:11     all    9.27    0.00    8.27    0.00    0.00    2.51    0.25    0.00    0.00   79.70
22:55:12     all    9.32    0.00    7.81    0.00    0.00    2.52    0.00    0.00    0.00   80.35
22:55:13     all    9.44    0.00    7.65    0.00    0.00    2.81    0.00    0.00    0.00   80.10
22:55:14     all    9.82    0.00    7.56    0.00    0.00    3.02    0.00    0.00    0.00   79.60
22:55:15     all    9.25    0.00    8.50    0.00    0.00    2.50    0.25    0.00    0.00   79.50
22:55:16     all    9.82    0.00    7.05    0.00    0.00    2.77    0.00    0.00    0.00   80.35
22:55:17     all    9.09    0.00    7.58    0.00    0.00    2.53    0.25    0.00    0.00   80.56
22:55:18     all    8.65    0.00    7.38    0.00    0.00    2.54    0.00    0.00    0.00   81.42
22:55:19     all    9.85    0.00    8.62    0.25    0.00    3.45    0.00    0.00    0.00   77.83
22:55:20     all    9.82    0.00    7.05    0.00    0.00    2.27    0.00    0.00    0.00   80.86
22:55:21     all    8.65    0.00    7.38    0.00    0.00    2.80    0.00    0.00    0.00   81.17
22:55:22     all    9.57    0.00    7.30    0.00    0.00    2.77    0.00    0.00    0.00   80.35
22:55:23     all    9.27    0.00    7.27    0.00    0.00    3.26    0.25    0.00    0.00   79.95
22:55:24     all    8.61    0.00    7.85    0.00    0.00    2.78    0.00    0.00    0.00   80.76
22:55:25     all    9.55    0.00    7.54    0.00    0.00    2.76    0.00    0.00    0.00   80.15
22:55:26     all    9.34    0.00    7.58    0.00    0.00    2.78    0.00    0.00    0.00   80.30
22:55:27     all   10.10    0.00    7.83    0.00    0.00    2.53    0.00    0.00    0.00   79.55
22:55:28     all    9.30    0.00    8.04    0.00    0.00    2.76    0.00    0.00    0.00   79.90
22:55:29     all   10.05    0.00    7.79    0.00    0.00    2.76    0.00    0.00    0.00   79.40
22:55:30     all    9.57    0.00    7.05    0.00    0.00    3.02    0.00    0.00    0.00   80.35
22:55:31     all    9.60    0.00    7.83    0.00    0.00    3.03    0.00    0.00    0.00   79.55
22:55:32     all    9.02    0.00    8.27    0.25    0.00    2.76    0.25    0.00    0.00   79.45
22:55:33     all    9.62    0.00    7.34    0.00    0.00    3.04    0.00    0.00    0.00   80.00
22:55:34     all    9.11    0.00    8.35    0.00    0.00    2.28    0.00    0.00    0.00   80.25
22:55:35     all    8.59    0.00    7.32    0.00    0.00    2.78    0.25    0.00    0.00   81.06
22:55:36     all    9.07    0.00    6.80    0.00    0.00    3.02    0.00    0.00    0.00   81.11
22:55:37     all   11.45    0.00    6.87    0.00    0.00    3.56    0.00    0.00    0.00   78.12
22:55:38     all    5.67    0.00    6.44    0.00    0.00    5.15    0.00    0.00    0.00   82.73
22:55:39     all    5.84    0.00    9.14    0.00    0.00    4.82    0.00    0.00    0.00   80.20
22:55:40     all    6.87    0.00    7.38    0.00    0.00    5.09    0.51    0.00    0.00   80.15
22:55:41     all    6.58    0.00    9.11    0.00    0.00    4.05    0.25    0.00    0.00   80.00
22:55:42     all    5.58    0.00    8.63    0.00    0.00    5.58    0.00    0.00    0.00   80.20
22:55:43     all    6.09    0.00    8.63    0.00    0.00    5.08    0.25    0.00    0.00   79.95
22:55:44     all    6.08    0.00    8.35    0.00    0.00    5.32    0.00    0.00    0.00   80.25
22:55:45     all    6.80    0.00    8.31    0.00    0.00    5.54    0.00    0.00    0.00   79.35
22:55:46     all    6.30    0.00    8.06    0.00    0.00    5.79    0.00    0.00    0.00   79.85
22:55:47     all    6.28    0.00    8.79    0.00    0.00    5.28    0.25    0.00    0.00   79.40
22:55:48     all    6.19    0.00    7.22    0.00    0.00    5.15    0.00    0.00    0.00   81.44
22:55:49     all    6.55    0.00    8.31    0.00    0.00    5.04    0.50    0.00    0.00   79.60
22:55:50     all    5.94    0.00    7.24    0.00    0.00    5.17    0.00    0.00    0.00   81.65
22:55:51     all    5.84    0.00    8.38    0.00    0.00    5.33    0.00    0.00    0.00   80.46
22:55:52     all    6.33    0.00    7.85    0.00    0.00    5.57    0.25    0.00    0.00   80.00
22:55:53     all    6.09    0.00    8.88    0.00    0.00    4.57    0.00    0.00    0.00   80.46
22:55:54     all    6.03    0.00    8.79    0.00    0.00    6.03    0.00    0.00    0.00   79.15
22:55:55     all    6.80    0.00    7.81    0.00    0.00    5.54    0.00    0.00    0.00   79.85
22:55:56     all    6.14    0.00    7.93    0.00    0.00    5.12    0.00    0.00    0.00   80.82
22:55:57     all    5.57    0.00    8.61    0.00    0.00    5.57    0.51    0.00    0.00   79.75
22:55:58     all    5.44    0.00    7.77    0.00    0.00    5.18    0.00    0.00    0.00   81.61
22:55:59     all    6.06    0.00    8.08    0.00    0.00    5.56    0.25    0.00    0.00   80.05
22:56:00     all    6.60    0.00    8.38    0.00    0.00    5.33    0.00    0.00    0.00   79.70
22:56:01     all    6.65    0.00    8.18    0.00    0.00    5.12    0.00    0.00    0.00   80.05
22:56:02     all    6.06    0.00    8.59    0.00    0.00    6.06    0.00    0.00    0.00   79.29
22:56:03     all    6.38    0.00    7.91    0.00    0.00    4.85    0.26    0.00    0.00   80.61
22:56:04     all    5.91    0.00    8.48    0.00    0.00    4.63    0.00    0.00    0.00   80.98
22:56:05     all    6.08    0.00    8.35    0.00    0.00    5.06    0.25    0.00    0.00   80.25
22:56:06     all    6.55    0.00    7.56    0.00    0.00    5.79    0.00    0.00    0.00   80.10
22:56:07     all    8.23    0.00    8.98    0.00    0.00    4.24    0.25    0.00    0.00   78.30
22:56:08     all   12.17    0.00   15.04    0.00    0.00    6.21    0.00    0.00    0.00   66.59
22:56:09     all   12.71    0.00   16.31    0.00    0.00    6.71    0.24    0.00    0.00   64.03
22:56:10     all   12.62    0.00   16.09    0.00    0.00    6.44    0.00    0.00    0.00   64.85
22:56:11     all   12.37    0.00   15.66    0.00    0.00    7.32    0.25    0.00    0.00   64.39
22:56:12     all   12.74    0.00   17.31    0.00    0.00    7.21    0.24    0.00    0.00   62.50
22:56:13     all   13.84    0.00   17.66    0.00    0.00    7.16    0.00    0.00    0.00   61.34
22:56:14     all   11.41    0.00   16.63    0.00    0.00    6.95    0.25    0.00    0.00   64.76
22:56:15     all   12.77    0.00   17.83    0.00    0.00    7.23    0.24    0.00    0.00   61.93
22:56:16     all   12.03    0.00   16.04    0.00    0.00    7.02    0.00    0.00    0.00   64.91
22:56:17     all   11.48    0.00   15.56    0.00    0.00    6.89    0.00    0.00    0.00   66.07
22:56:18     all   11.25    0.00   14.83    0.00    0.00    6.91    0.26    0.00    0.00   66.75
22:56:19     all   11.60    0.00   13.92    0.00    0.00    7.47    0.52    0.00    0.00   66.49
22:56:20     all   11.14    0.00   14.94    0.25    0.00    7.59    0.25    0.00    0.00   65.82
22:56:21     all   11.68    0.00   15.74    0.00    0.00    6.85    0.00    0.00    0.00   65.74
22:56:22     all   11.86    0.00   14.95    0.00    0.00    6.44    0.00    0.00    0.00   66.75
22:56:23     all   10.69    0.00   15.78    0.00    0.00    7.12    0.00    0.00    0.00   66.41
22:56:24     all   10.91    0.00   14.03    0.00    0.00    6.75    0.26    0.00    0.00   68.05
22:56:25     all   11.42    0.00   14.21    0.00    0.00    6.85    0.76    0.00    0.00   66.75
22:56:26     all   11.93    0.00   15.48    0.00    0.00    6.60    0.00    0.00    0.00   65.99
22:56:27     all   10.77    0.00   15.90    0.00    0.00    6.67    0.00    0.00    0.00   66.67
22:56:28     all   10.97    0.00   15.56    0.00    0.00    7.40    0.00    0.00    0.00   66.07
22:56:29     all   11.81    0.00   15.33    0.00    0.00    7.04    0.00    0.00    0.00   65.83
22:56:30     all   11.84    0.00   14.86    0.00    0.00    7.05    0.50    0.00    0.00   65.74
22:56:31     all   10.65    0.00   15.32    0.00    0.00    6.49    0.26    0.00    0.00   67.27
22:56:32     all   10.78    0.00   16.79    0.00    0.00    6.52    0.00    0.00    0.00   65.91
22:56:33     all   11.63    0.00   13.18    0.00    0.00    6.72    0.00    0.00    0.00   68.48
22:56:34     all   12.09    0.00   14.86    0.00    0.00    7.05    0.00    0.00    0.00   65.99
22:56:35     all   12.28    0.00   15.04    0.00    0.00    6.77    0.25    0.00    0.00   65.66
22:56:36     all   11.40    0.00   14.51    0.00    0.00    5.96    0.52    0.00    0.00   67.62
22:56:37     all   10.91    0.00   12.44    0.00    0.00    6.60    0.00    0.00    0.00   70.05
22:56:38     all   14.74    0.00   19.90    0.00    0.00    7.86    0.25    0.00    0.00   57.25
22:56:39     all   18.24    0.00   24.71    0.00    0.00    9.70    0.00    0.00    0.00   47.34
22:56:40     all   15.71    0.00   22.19    0.00    0.00    9.98    0.25    0.00    0.00   51.87
22:56:41     all   12.43    0.00   17.34    0.29    0.00   10.12    0.29    0.00    0.00   59.54
22:56:42     all   15.41    0.00   18.65    0.00    0.00   10.81    0.27    0.00    0.00   54.86
22:56:43     all   13.54    0.00   16.71    0.00    0.00   10.95    0.29    0.00    0.00   58.50
22:56:44     all   17.68    0.00   22.52    0.00    0.00   10.90    0.00    0.00    0.00   48.91
22:56:45     all   16.45    0.00   20.05    0.00    0.00   11.05    0.00    0.00    0.00   52.44
22:56:46     all   17.18    0.00   22.91    0.00    0.00   11.69    0.24    0.00    0.00   47.97
22:56:47     all   17.49    0.00   23.40    0.00    0.00   10.17    0.24    0.00    0.00   48.70
22:56:48     all   17.00    0.00   24.94    0.00    0.00   12.58    0.22    0.00    0.00   45.25
22:56:49     all   13.83    0.00   18.44    0.00    0.00   10.09    0.29    0.00    0.00   57.35
22:56:50     all   14.44    0.00   20.05    0.00    0.00   10.43    0.27    0.00    0.00   54.81
22:56:51     all   16.90    0.00   23.71    0.00    0.00   11.97    0.00    0.00    0.00   47.42
22:56:52     all   16.59    0.00   21.71    0.00    0.00   11.22    0.24    0.00    0.00   50.24
22:56:53     all   17.88    0.00   21.88    0.00    0.00   12.00    0.24    0.00    0.00   48.00
22:56:54     all   14.04    0.00   18.26    0.00    0.00   11.24    0.00    0.00    0.00   56.46
22:56:55     all   13.88    0.00   18.41    0.00    0.00    9.92    0.28    0.00    0.00   57.51
22:56:56     all   12.61    0.00   17.89    0.00    0.00   10.85    0.00    0.00    0.00   58.65
22:56:57     all   16.46    0.00   21.79    0.00    0.00   11.62    0.48    0.00    0.00   49.64
22:56:58     all   15.93    0.00   21.32    0.00    0.00   13.24    0.25    0.00    0.00   49.26
22:56:59     all   15.70    0.00   20.76    0.00    0.00   12.41    0.00    0.00    0.00   51.14
22:57:00     all   12.54    0.00   17.78    0.00    0.00   11.37    0.29    0.00    0.00   58.02
22:57:01     all   16.83    0.00   21.63    0.00    0.00   12.26    0.24    0.00    0.00   49.04
22:57:02     all   16.63    0.00   21.34    0.00    0.00   12.16    0.25    0.00    0.00   49.63
22:57:03     all   14.36    0.00   20.72    0.00    0.00   10.22    0.00    0.00    0.00   54.70
22:57:04     all   17.46    0.00   21.45    0.00    0.00   11.47    0.00    0.00    0.00   49.63
22:57:05     all   18.34    0.00   26.20    0.00    0.00   10.92    0.00    0.00    0.00   44.54
22:57:06     all   18.04    0.00   22.37    0.00    0.00   12.33    0.68    0.00    0.00   46.58
22:57:07     all   13.42    0.00   17.47    0.51    0.00    8.86    0.00    0.00    0.00   59.75
22:57:08     all   15.29    0.00   17.52    0.00    0.00   10.51    0.32    0.00    0.00   56.37
22:57:09     all   17.97    0.00   22.88    0.00    0.00   11.76    0.00    0.00    0.00   47.39
22:57:10     all   17.95    0.00   23.40    0.00    0.00   10.26    0.32    0.00    0.00   48.08
22:57:11     all   18.77    0.00   22.65    0.00    0.00   11.65    0.00    0.00    0.00   46.93
22:57:12     all   19.16    0.00   24.68    0.00    0.00   10.39    0.32    0.00    0.00   45.45
22:57:13     all   17.61    0.00   24.58    0.00    0.00   11.30    0.00    0.00    0.00   46.51
22:57:14     all   17.55    0.00   26.49    0.00    0.00    9.60    0.00    0.00    0.00   46.36
22:57:15     all   18.01    0.00   26.05    0.00    0.00    9.65    0.00    0.00    0.00   46.30
22:57:16     all   17.05    0.00   24.26    0.00    0.00   10.16    0.66    0.00    0.00   47.87
22:57:17     all   17.04    0.00   24.12    0.00    0.00   11.90    0.32    0.00    0.00   46.62
22:57:18     all   17.22    0.00   24.17    0.00    0.00   10.26    0.33    0.00    0.00   48.01
22:57:19     all   18.57    0.00   24.76    0.00    0.00   11.07    0.00    0.00    0.00   45.60
22:57:20     all   18.03    0.00   24.59    0.00    0.00   10.16    0.33    0.00    0.00   46.89
22:57:21     all   18.54    0.00   25.17    0.00    0.00    9.93    0.00    0.00    0.00   46.36
22:57:22     all   18.42    0.00   25.99    0.00    0.00    9.21    0.00    0.00    0.00   46.38
22:57:23     all   20.00    0.00   23.93    0.00    0.00    9.18    0.33    0.00    0.00   46.56
22:57:24     all   16.18    0.00   26.54    0.00    0.00   10.36    0.00    0.00    0.00   46.93
22:57:25     all   17.05    0.00   24.92    0.00    0.00    9.84    0.00    0.00    0.00   48.20
22:57:26     all   17.05    0.00   24.26    0.00    0.00   10.82    0.33    0.00    0.00   47.54
22:57:27     all   16.50    0.00   26.21    0.00    0.00   11.00    0.00    0.00    0.00   46.28
22:57:28     all   17.43    0.00   25.66    0.00    0.00    9.54    0.33    0.00    0.00   47.04
22:57:29     all   18.27    0.00   25.00    0.00    0.00   10.58    0.32    0.00    0.00   45.83
22:57:30     all   19.50    0.00   26.10    0.00    0.00   10.38    0.31    0.00    0.00   43.71
22:57:31     all   18.30    0.00   23.86    0.00    0.00   11.44    0.33    0.00    0.00   46.08
22:57:32     all   16.33    0.00   24.33    0.00    0.00   11.67    0.00    0.00    0.00   47.67
22:57:33     all   18.87    0.00   23.18    0.00    0.00    8.94    0.33    0.00    0.00   48.68
22:57:34     all   15.81    0.00   25.77    0.00    0.00    9.62    0.00    0.00    0.00   48.80
22:57:35     all   17.33    0.00   25.33    0.00    0.00    9.67    0.00    0.00    0.00   47.67
22:57:36     all   18.18    0.00   24.03    0.00    0.00   11.04    0.32    0.00    0.00   46.43
22:57:37     all   10.66    0.00   15.27    0.00    0.00    6.63    0.00    0.00    0.00   67.44
22:57:38     all   17.16    0.00   20.15    0.00    0.00    8.71    0.25    0.00    0.00   53.73
22:57:39     all   21.71    0.00   28.62    0.00    0.00   15.79    0.33    0.00    0.00   33.55
22:57:40     all   22.30    0.00   30.49    0.00    0.00   16.07    0.00    0.00    0.00   31.15
22:57:41     all   22.00    0.00   30.33    0.00    0.00   16.00    0.33    0.00    0.00   31.33
22:57:42     all   22.40    0.00   30.19    0.00    0.00   17.53    0.00    0.00    0.00   29.87
22:57:43     all   26.74    0.00   36.34    0.00    0.00   18.31    0.29    0.00    0.00   18.31
22:57:44     all   25.36    0.00   37.18    0.00    0.00   18.16    0.29    0.00    0.00   19.02
22:57:45     all   24.13    0.00   32.70    0.00    0.00   15.87    0.00    0.00    0.00   27.30
22:57:46     all   22.90    0.00   31.29    0.00    0.00   18.39    0.00    0.00    0.00   27.42
22:57:47     all   27.91    0.00   35.47    0.00    0.00   19.48    0.00    0.00    0.00   17.15
22:57:48     all   25.21    0.00   35.41    0.00    0.00   20.40    0.00    0.00    0.00   18.98
22:57:49     all   24.55    0.00   32.42    0.00    0.00   16.97    0.61    0.00    0.00   25.45
22:57:50     all   24.37    0.00   32.28    0.00    0.00   18.04    0.32    0.00    0.00   25.00
22:57:51     all   26.19    0.00   34.23    0.00    0.00   17.86    0.00    0.00    0.00   21.73
22:57:52     all   26.85    0.00   32.41    0.00    0.00   16.67    0.00    0.00    0.00   24.07
22:57:53     all   25.30    0.00   32.62    0.00    0.00   17.99    0.61    0.00    0.00   23.48
22:57:54     all   25.31    0.00   32.10    0.00    0.00   18.21    0.00    0.00    0.00   24.38
22:57:55     all   24.85    0.00   33.83    0.00    0.00   18.86    0.00    0.00    0.00   22.46
22:57:56     all   26.49    0.00   34.82    0.00    0.00   17.56    0.30    0.00    0.00   20.83
22:57:57     all   23.94    0.00   33.33    0.00    0.00   18.79    0.00    0.00    0.00   23.94
22:57:58     all   25.00    0.00   34.04    0.00    0.00   17.17    0.00    0.00    0.00   23.80
22:57:59     all   26.79    0.00   33.33    0.00    0.00   17.26    0.30    0.00    0.00   22.32
22:58:00     all   23.51    0.00   31.97    0.00    0.00   16.61    0.00    0.00    0.00   27.90
22:58:01     all   22.83    0.00   32.48    0.00    0.00   16.72    0.32    0.00    0.00   27.65
22:58:02     all   26.16    0.00   34.59    0.00    0.00   19.19    0.00    0.00    0.00   20.06
22:58:03     all   20.91    0.00   30.66    0.00    0.00   14.98    0.35    0.00    0.00   33.10
22:58:04     all   22.41    0.00   30.00    0.00    0.00   14.83    0.00    0.00    0.00   32.76
22:58:05     all   27.89    0.00   37.75    0.00    0.00   18.03    0.56    0.00    0.00   15.77
22:58:06     all   25.65    0.00   34.58    0.00    0.00   18.73    0.29    0.00    0.00   20.75
22:58:07     all   20.86    0.00   26.00    0.00    0.00   13.71    0.00    0.00    0.00   39.43
22:58:08     all   21.69    0.00   28.14    0.00    0.00   12.54    0.34    0.00    0.00   37.29
22:58:09     all   27.39    0.00   34.08    0.00    0.00   16.88    0.00    0.00    0.00   21.66
22:58:10     all   26.56    0.00   32.79    0.00    0.00   14.75    0.33    0.00    0.00   25.57
22:58:11     all   26.75    0.00   35.67    0.00    0.00   16.24    0.00    0.00    0.00   21.34
22:58:12     all   29.85    0.00   37.31    0.00    0.00   16.42    0.00    0.00    0.00   16.42
22:58:13     all   27.27    0.00   36.36    0.00    0.00   19.70    0.00    0.00    0.00   16.67
22:58:14     all   26.71    0.00   35.71    0.00    0.00   19.88    0.31    0.00    0.00   17.39
22:58:15     all   27.58    0.00   36.36    0.00    0.00   18.79    0.30    0.00    0.00   16.97
22:58:16     all   27.70    0.00   38.48    0.00    0.00   22.45    0.29    0.00    0.00   11.08
22:58:17     all   29.94    0.00   40.11    0.00    0.00   20.34    0.28    0.00    0.00    9.32
22:58:18     all   29.51    0.00   38.11    0.00    0.00   23.50    0.00    0.00    0.00    8.88
22:58:19     all   27.87    0.00   39.94    0.00    0.00   22.70    0.00    0.00    0.00    9.48
22:58:20     all   28.57    0.00   40.00    0.00    0.00   21.71    0.00    0.00    0.00    9.71
22:58:21     all   31.73    0.00   39.38    0.00    0.00   19.55    0.00    0.00    0.00    9.35
22:58:22     all   27.63    0.00   37.54    0.00    0.00   20.42    0.30    0.00    0.00   14.11
22:58:23     all   29.71    0.00   40.86    0.00    0.00   19.14    0.00    0.00    0.00   10.29
22:58:24     all   26.09    0.00   36.34    0.00    0.00   18.63    0.00    0.00    0.00   18.94
22:58:25     all   29.05    0.00   39.66    0.00    0.00   21.51    0.56    0.00    0.00    9.22
22:58:26     all   27.51    0.00   37.87    0.00    0.00   19.23    0.00    0.00    0.00   15.38
22:58:27     all   27.16    0.00   36.42    0.00    0.00   18.21    0.00    0.00    0.00   18.21
22:58:28     all   27.13    0.00   36.28    0.00    0.00   18.60    0.30    0.00    0.00   17.68
22:58:29     all   29.75    0.00   38.24    0.00    0.00   20.96    0.28    0.00    0.00   10.76
22:58:30     all   29.78    0.00   41.80    0.00    0.00   21.31    0.27    0.00    0.00    6.83
22:58:31     all   30.60    0.00   38.80    0.00    0.00   22.13    0.00    0.00    0.00    8.47
22:58:32     all   28.70    0.00   38.07    0.00    0.00   18.13    0.00    0.00    0.00   15.11
22:58:33     all   26.13    0.00   35.48    0.00    0.00   18.39    0.00    0.00    0.00   20.00
22:58:34     all   24.92    0.00   36.89    0.00    0.00   17.80    0.32    0.00    0.00   20.06
22:58:35     all   30.14    0.00   39.42    0.00    0.00   20.29    0.00    0.00    0.00   10.14
22:58:36     all   31.05    0.00   40.17    0.28    0.00   19.37    0.00    0.00    0.00    9.12
22:58:37     all   17.25    0.00   22.91    0.00    0.00   10.78    0.00    0.00    0.00   49.06
22:58:38     all    7.77    0.00    2.76    0.00    0.00    1.75    0.00    0.00    0.00   87.72
22:58:39     all   24.11    0.00    5.58    0.00    0.00    3.30    0.00    0.00    0.00   67.01
22:58:40     all   12.12    0.00    7.07    0.00    0.00    2.53    0.00    0.00    0.00   78.28
22:58:41     all   11.39    0.00    7.85    0.00    0.00    2.78    0.00    0.00    0.00   77.97
22:58:42     all   11.72    0.00    7.48    0.00    0.00    2.49    0.00    0.00    0.00   78.30
22:58:43     all   11.39    0.00    7.59    0.00    0.00    2.78    0.25    0.00    0.00   77.97
22:58:44     all   11.68    0.00    7.61    0.00    0.00    2.54    0.00    0.00    0.00   78.17
22:58:45     all   11.59    0.00    7.56    0.00    0.00    3.27    0.00    0.00    0.00   77.58
22:58:46     all   10.83    0.00    8.06    0.00    0.00    3.02    0.25    0.00    0.00   77.83
22:58:47     all   11.34    0.00    8.06    0.00    0.00    2.52    0.00    0.00    0.00   78.09
22:58:48     all   10.97    0.00    8.42    0.00    0.00    2.81    0.51    0.00    0.00   77.30
22:58:49     all   11.17    0.00    7.36    0.00    0.00    2.79    0.00    0.00    0.00   78.68
22:58:50     all   11.53    0.00    7.27    0.00    0.00    3.26    0.00    0.00    0.00   77.94
22:58:51     all   11.11    0.00    7.58    0.00    0.00    3.03    0.00    0.00    0.00   78.28
22:58:52     all   12.34    0.00    7.30    0.00    0.00    2.77    0.00    0.00    0.00   77.58
22:58:53     all   11.11    0.00    7.07    0.00    0.00    3.03    0.25    0.00    0.00   78.54
22:58:54     all   11.62    0.00    7.58    0.00    0.00    3.03    0.00    0.00    0.00   77.78
22:58:55     all   10.69    0.00    6.87    0.00    0.00    2.80    0.00    0.00    0.00   79.64
22:58:56     all   11.87    0.00    7.07    0.00    0.00    2.78    0.00    0.00    0.00   78.28
22:58:57     all   11.72    0.00    7.98    0.00    0.00    2.99    0.00    0.00    0.00   77.31
22:58:58     all   10.69    0.00    6.87    0.00    0.00    2.54    0.00    0.00    0.00   79.90
22:58:59     all   11.25    0.00    7.50    0.00    0.00    3.50    0.00    0.00    0.00   77.75
22:59:00     all   11.76    0.00    6.65    0.00    0.00    2.56    0.00    0.00    0.00   79.03
22:59:01     all   12.34    0.00    8.06    0.00    0.00    2.77    0.00    0.00    0.00   76.83
22:59:02     all   11.88    0.00    7.92    0.00    0.00    2.97    0.50    0.00    0.00   76.73
22:59:03     all   12.09    0.00    7.30    0.00    0.00    2.52    0.00    0.00    0.00   78.09
22:59:04     all   11.68    0.00    6.35    0.00    0.00    2.79    0.00    0.00    0.00   79.19
22:59:05     all   10.75    0.00    8.00    0.00    0.00    2.75    0.00    0.00    0.00   78.50
22:59:06     all   11.20    0.00    7.89    0.00    0.00    2.54    0.00    0.00    0.00   78.37
22:59:07     all    9.50    0.00    5.50    0.00    0.00    2.25    0.00    0.00    0.00   82.75
22:59:08     all    5.51    0.00    2.76    0.00    0.00    1.75    0.00    0.00    0.00   89.97
22:59:09     all   23.62    0.00   11.31    0.00    0.00    6.78    0.25    0.00    0.00   58.04
22:59:10     all   22.36    0.00   14.32    0.00    0.00    7.04    0.00    0.00    0.00   56.28
22:59:11     all   19.75    0.00   15.19    0.00    0.00    5.82    0.00    0.00    0.00   59.24
22:59:12     all   21.55    0.00   15.79    0.00    0.00    5.51    0.25    0.00    0.00   56.89
22:59:13     all   18.80    0.00   15.29    0.00    0.00    6.02    0.00    0.00    0.00   59.90
22:59:14     all   19.90    0.00   14.86    0.00    0.00    5.54    0.00    0.00    0.00   59.70
22:59:15     all   20.84    0.00   16.13    0.00    0.00    5.46    0.25    0.00    0.00   57.32
22:59:16     all   20.15    0.00   15.11    0.00    0.00    5.54    0.25    0.00    0.00   58.94
22:59:17     all   19.55    0.00   14.54    0.25    0.00    5.51    0.00    0.00    0.00   60.15
22:59:18     all   18.64    0.00   16.12    0.00    0.00    5.54    0.00    0.00    0.00   59.70
22:59:19     all   17.66    0.00   14.93    0.25    0.00    6.47    0.00    0.00    0.00   60.70
22:59:20     all   19.55    0.00   16.04    0.00    0.00    4.76    0.00    0.00    0.00   59.65
22:59:21     all   19.19    0.00   14.65    0.00    0.00    5.05    0.00    0.00    0.00   61.11
22:59:22     all   19.85    0.00   15.08    0.00    0.00    5.28    0.25    0.00    0.00   59.55
22:59:23     all   18.58    0.00   15.27    0.00    0.00    5.85    0.00    0.00    0.00   60.31
22:59:24     all   20.20    0.00   15.40    0.00    0.00    5.56    0.25    0.00    0.00   58.59
22:59:25     all   19.75    0.00   15.25    0.00    0.00    5.75    0.00    0.00    0.00   59.25
22:59:26     all   19.59    0.00   13.23    0.00    0.00    5.09    0.25    0.00    0.00   61.83
22:59:27     all   19.70    0.00   15.15    0.00    0.00    5.81    0.00    0.00    0.00   59.34
22:59:28     all   19.50    0.00   15.25    0.00    0.00    5.50    0.25    0.00    0.00   59.50
22:59:29     all   19.24    0.00   16.20    0.00    0.00    5.06    0.00    0.00    0.00   59.49
22:59:30     all   19.49    0.00   15.70    0.00    0.00    5.06    0.00    0.00    0.00   59.75
22:59:31     all   19.10    0.00   15.58    0.00    0.00    5.53    0.00    0.00    0.00   59.80
22:59:32     all   18.53    0.00   14.97    0.00    0.00    5.33    0.00    0.00    0.00   61.17
22:59:33     all   18.48    0.00   15.44    0.00    0.00    6.08    0.00    0.00    0.00   60.00
22:59:34     all   19.65    0.00   15.11    0.00    0.00    5.54    0.00    0.00    0.00   59.70
22:59:35     all   19.75    0.00   14.94    0.00    0.00    5.06    0.25    0.00    0.00   60.00
22:59:36     all   20.15    0.00   15.67    0.00    0.00    5.22    0.25    0.00    0.00   58.71
22:59:37     all   19.35    0.00   13.07    0.00    0.00    4.77    0.00    0.00    0.00   62.81
22:59:38     all    8.06    0.00    1.51    0.00    0.00    1.51    0.00    0.00    0.00   88.92
22:59:39     all   30.30    0.00   11.11    0.00    0.00    6.57    0.00    0.00    0.00   52.02
22:59:40     all   30.61    0.00   15.05    0.00    0.00    7.40    0.26    0.00    0.00   46.68
22:59:41     all   31.30    0.00   16.54    0.00    0.00    6.87    0.00    0.00    0.00   45.29
22:59:42     all   27.65    0.00   14.21    0.00    0.00    8.79    0.00    0.00    0.00   49.35
22:59:43     all   32.38    0.00   20.73    0.00    0.00   12.18    0.26    0.00    0.00   34.46
22:59:44     all   32.98    0.00   26.44    0.00    0.00    9.95    0.00    0.00    0.00   30.63
22:59:45     all   36.48    0.00   30.71    0.00    0.00    9.71    0.00    0.00    0.00   23.10
22:59:46     all   38.76    0.00   29.97    0.00    0.00    9.04    0.00    0.00    0.00   22.22
22:59:47     all   38.96    0.00   30.91    0.00    0.00    9.35    0.00    0.00    0.00   20.78
22:59:48     all   37.37    0.00   30.67    0.00    0.00    9.02    0.00    0.00    0.00   22.94
22:59:49     all   36.76    0.00   28.53    0.00    0.00    8.74    0.00    0.00    0.00   25.96
22:59:50     all   36.13    0.00   28.75    0.00    0.00    9.67    0.25    0.00    0.00   25.19
22:59:51     all   38.08    0.00   27.72    0.00    0.00    8.81    0.00    0.00    0.00   25.39
22:59:52     all   34.69    0.00   29.08    0.00    0.00    9.69    0.26    0.00    0.00   26.28
22:59:53     all   36.92    0.00   31.03    0.00    0.00    8.97    0.00    0.00    0.00   23.08
22:59:54     all   37.72    0.00   27.59    0.00    0.00    9.37    0.00    0.00    0.00   25.32
22:59:55     all   35.62    0.00   28.24    0.00    0.00    8.91    0.00    0.00    0.00   27.23
22:59:56     all   35.10    0.00   28.79    0.00    0.00    9.09    0.25    0.00    0.00   26.77
22:59:57     all   33.75    0.00   28.46    0.00    0.00   10.83    0.00    0.00    0.00   26.95
22:59:58     all   33.77    0.00   26.75    0.00    0.00    8.83    0.26    0.00    0.00   30.39
22:59:59     all   32.58    0.00   28.28    0.00    0.00    9.60    0.00    0.00    0.00   29.55
23:00:00     all   35.75    0.00   26.94    0.00    0.00    8.81    0.00    0.00    0.00   28.50
23:00:01     all   34.96    0.00   27.76    0.00    0.00    9.51    0.00    0.00    0.00   27.76
23:00:02     all   34.61    0.00   27.99    0.00    0.00    8.91    0.51    0.00    0.00   27.99
23:00:03     all   34.19    0.00   28.28    0.00    0.00    9.00    0.00    0.00    0.00   28.53
23:00:04     all   37.47    0.00   28.61    0.00    0.00    8.61    0.00    0.00    0.00   25.32
23:00:05     all   38.66    0.00   28.09    0.00    0.00    8.25    0.00    0.00    0.00   25.00
23:00:06     all   34.76    0.00   28.72    0.00    0.00    9.57    0.25    0.00    0.00   26.70
23:00:07     all   34.02    0.00   23.53    0.00    0.00    8.95    0.00    0.00    0.00   33.50
23:00:08     all    3.74    0.00    1.75    0.00    0.00    1.00    0.00    0.00    0.00   93.52
23:00:09     all   19.69    0.00   10.49    0.00    0.00    6.14    0.51    0.00    0.00   63.17
23:00:10     all   25.65    0.00   14.77    0.26    0.00    8.81    0.00    0.00    0.00   50.52
23:00:11     all   29.47    0.00   18.95    0.00    0.00    8.68    0.00    0.00    0.00   42.89
23:00:12     all   32.10    0.00   21.22    0.00    0.00   10.34    0.00    0.00    0.00   36.34
23:00:13     all   36.88    0.00   27.01    0.00    0.00   11.17    0.26    0.00    0.00   24.68
23:00:14     all   35.43    0.00   30.71    0.00    0.00   11.02    0.00    0.00    0.00   22.83
23:00:15     all   40.10    0.00   30.08    0.00    0.00   13.62    0.00    0.00    0.00   16.20
23:00:16     all   38.32    0.00   33.50    0.00    0.00   15.99    0.00    0.00    0.00   12.18
23:00:17     all   38.35    0.00   33.58    0.00    0.00   19.55    0.00    0.00    0.00    8.52
23:00:18     all   33.84    0.00   32.83    0.00    0.00   19.95    0.00    0.00    0.00   13.38
23:00:19     all   33.50    0.00   35.01    0.00    0.00   18.39    0.00    0.00    0.00   13.10
23:00:20     all   32.16    0.00   33.42    0.00    0.00   19.60    0.00    0.00    0.00   14.82
23:00:21     all   32.67    0.00   35.66    0.00    0.00   18.95    0.50    0.00    0.00   12.22
23:00:22     all   32.33    0.00   34.84    0.00    0.00   19.30    0.25    0.00    0.00   13.28
23:00:23     all   38.13    0.00   34.34    0.00    0.00   18.69    0.00    0.00    0.00    8.84
23:00:24     all   34.67    0.00   36.18    0.00    0.00   20.10    0.00    0.00    0.00    9.05
23:00:25     all   37.94    0.00   38.94    0.00    0.00   17.59    0.00    0.00    0.00    5.53
23:00:26     all   37.60    0.00   37.60    0.00    0.00   17.90    0.00    0.00    0.00    6.91
23:00:27     all   36.99    0.00   36.22    0.00    0.00   18.11    0.00    0.00    0.00    8.67
23:00:28     all   37.40    0.00   38.42    0.00    0.00   17.81    0.00    0.00    0.00    6.36
23:00:29     all   34.26    0.00   35.28    0.00    0.00   19.04    0.00    0.00    0.00   11.42
23:00:30     all   32.99    0.00   35.79    0.00    0.00   19.80    0.25    0.00    0.00   11.17
23:00:31     all   33.33    0.00   35.84    0.00    0.00   20.05    0.00    0.00    0.00   10.78
23:00:32     all   34.85    0.00   38.13    0.00    0.00   18.94    0.00    0.00    0.00    8.08
23:00:33     all   33.25    0.00   35.50    0.00    0.00   19.00    0.00    0.00    0.00   12.25
23:00:34     all   31.99    0.00   35.77    0.00    0.00   20.15    0.00    0.00    0.00   12.09
23:00:35     all   33.00    0.00   36.23    0.00    0.00   19.35    0.00    0.00    0.00   11.41
23:00:36     all   33.59    0.00   33.08    0.00    0.00   21.46    0.00    0.00    0.00   11.87
23:00:37     all   34.16    0.00   34.16    0.00    0.00   19.45    0.25    0.00    0.00   11.97
