Linux 6.8.0-142-generic (cafeai-bench-loadgen) 	10/01/26 	_x86_64_	(4 CPU)

22:54:36     CPU    %usr   %nice    %sys %iowait    %irq   %soft  %steal  %guest  %gnice   %idle
22:54:37     all    1.80    0.00    5.15    0.00    0.00    2.58    0.00    0.00    0.00   90.46
22:54:38     all    3.65    0.00    7.03    0.00    0.00    4.43    0.00    0.00    0.00   84.90
22:54:39     all    4.27    0.00    7.29    0.25    0.00    4.77    0.00    0.00    0.00   83.42
22:54:40     all    3.79    0.00    7.32    0.00    0.00    4.04    0.25    0.00    0.00   84.60
22:54:41     all    3.77    0.00    7.04    0.25    0.00    4.02    0.00    0.00    0.00   84.92
22:54:42     all    3.52    0.00    7.04    0.00    0.00    4.27    0.25    0.00    0.00   84.92
22:54:43     all    2.82    0.00    6.41    0.00    0.00    4.10    0.00    0.00    0.00   86.67
22:54:44     all    3.08    0.00    6.15    0.00    0.00    3.59    0.00    0.00    0.00   87.18
22:54:45     all    3.11    0.00    5.70    0.00    0.00    3.37    0.00    0.00    0.00   87.82
22:54:46     all    3.59    0.00    6.15    0.00    0.00    3.59    0.00    0.00    0.00   86.67
22:54:47     all    3.34    0.00    5.91    0.00    0.00    3.86    0.00    0.00    0.00   86.89
22:54:48     all    3.08    0.00    6.17    0.00    0.00    3.60    0.00    0.00    0.00   87.15
22:54:49     all    2.58    0.00    6.20    0.00    0.00    3.36    0.00    0.00    0.00   87.86
22:54:50     all    3.35    0.00    6.19    0.00    0.00    3.35    0.00    0.00    0.00   87.11
22:54:51     all    2.59    0.00    5.96    0.00    0.00    3.63    0.00    0.00    0.00   87.82
22:54:52     all    3.58    0.00    5.88    0.00    0.00    3.84    0.00    0.00    0.00   86.70
22:54:53     all    3.34    0.00    5.66    0.00    0.00    3.60    0.00    0.00    0.00   87.40
22:54:54     all    3.08    0.00    6.67    0.00    0.00    3.59    0.26    0.00    0.00   86.41
22:54:55     all    3.09    0.00    6.44    0.00    0.00    3.35    0.00    0.00    0.00   87.11
22:54:56     all    3.64    0.00    5.71    0.00    0.00    2.86    0.00    0.00    0.00   87.79
22:54:57     all    3.32    0.00    6.38    0.00    0.00    3.83    0.00    0.00    0.00   86.48
22:54:58     all    4.09    0.00    6.65    0.00    0.00    3.84    0.00    0.00    0.00   85.42
22:54:59     all   16.41    0.00    9.23    0.00    0.00    3.59    0.26    0.00    0.00   70.51
22:55:00     all    3.81    0.00    7.11    0.00    0.00    3.55    0.00    0.00    0.00   85.53
22:55:01     all    4.07    0.00    6.11    0.00    0.00    4.07    0.00    0.00    0.00   85.75
22:55:02     all    3.87    0.00    5.93    0.00    0.00    3.61    0.00    0.00    0.00   86.60
22:55:03     all    3.76    0.00    7.02    0.00    0.00    4.01    0.25    0.00    0.00   84.96
22:55:04     all    2.85    0.00    5.96    0.00    0.00    4.15    0.52    0.00    0.00   86.53
22:55:05     all    3.60    0.00    6.17    0.00    0.00    3.08    0.00    0.00    0.00   87.15
22:55:06     all    3.35    0.00    6.19    0.00    0.00    3.35    0.26    0.00    0.00   86.86
22:55:07     all    0.25    0.00    1.00    0.00    0.00    0.00    0.00    0.00    0.00   98.75
22:55:08     all    1.77    0.00    3.80    0.00    0.00    3.29    0.00    0.00    0.00   91.14
22:55:09     all    2.29    0.00    3.05    0.25    0.00    2.80    0.00    0.00    0.00   91.60
22:55:10     all    2.53    0.00    3.79    0.00    0.00    2.53    0.00    0.00    0.00   91.16
22:55:11     all    2.06    0.00    2.84    0.00    0.00    1.80    0.00    0.00    0.00   93.30
22:55:12     all    2.54    0.00    3.05    0.00    0.00    2.80    0.00    0.00    0.00   91.60
22:55:13     all    2.54    0.00    3.05    0.00    0.00    2.80    0.00    0.00    0.00   91.60
22:55:14     all    2.78    0.00    3.29    0.00    0.00    3.04    0.00    0.00    0.00   90.89
22:55:15     all    2.54    0.00    2.79    0.00    0.00    3.05    0.00    0.00    0.00   91.62
22:55:16     all    2.03    0.00    3.55    0.00    0.00    2.79    0.00    0.00    0.00   91.62
22:55:17     all    2.26    0.00    3.26    0.00    0.00    3.76    0.00    0.00    0.00   90.73
22:55:18     all    2.56    0.00    2.56    0.00    0.00    2.82    0.00    0.00    0.00   92.05
22:55:19     all    2.54    0.00    3.55    0.00    0.00    2.28    0.00    0.00    0.00   91.62
22:55:20     all    2.51    0.00    3.51    0.00    0.00    3.01    0.25    0.00    0.00   90.73
22:55:21     all    2.28    0.00    3.55    0.00    0.00    2.54    0.00    0.00    0.00   91.62
22:55:22     all    2.04    0.00    3.56    0.00    0.00    2.54    0.00    0.00    0.00   91.86
22:55:23     all    2.26    0.00    4.02    0.00    0.00    3.02    0.00    0.00    0.00   90.70
22:55:24     all    2.28    0.00    3.55    0.00    0.00    2.79    0.00    0.00    0.00   91.37
22:55:25     all    2.76    0.00    3.27    0.00    0.00    3.27    0.00    0.00    0.00   90.70
22:55:26     all    2.78    0.00    3.04    0.00    0.00    2.78    0.00    0.00    0.00   91.39
22:55:27     all    2.27    0.00    4.03    0.00    0.00    2.77    0.00    0.00    0.00   90.93
22:55:28     all    2.53    0.00    3.28    0.00    0.00    3.03    0.00    0.00    0.00   91.16
22:55:29     all    1.79    0.00    3.32    0.00    0.00    2.81    0.00    0.00    0.00   92.09
22:55:30     all    2.28    0.00    3.80    0.00    0.00    2.78    0.00    0.00    0.00   91.14
22:55:31     all    2.54    0.00    3.30    0.00    0.00    2.79    0.00    0.00    0.00   91.37
22:55:32     all    2.29    0.00    2.80    0.00    0.00    2.80    0.00    0.00    0.00   92.11
22:55:33     all    2.78    0.00    3.54    0.00    0.00    2.78    0.00    0.00    0.00   90.91
22:55:34     all    2.76    0.00    3.52    0.00    0.00    3.02    0.00    0.00    0.00   90.70
22:55:35     all    2.02    0.00    3.54    0.00    0.00    3.28    0.00    0.00    0.00   91.16
22:55:36     all    2.53    0.00    3.04    0.00    0.00    3.04    0.00    0.00    0.00   91.39
22:55:37     all    3.85    0.00    4.62    0.00    0.00    2.05    0.00    0.00    0.00   89.49
22:55:38     all    5.34    0.00    7.12    0.00    0.00    3.05    0.00    0.00    0.00   84.48
22:55:39     all    5.84    0.00    7.11    0.00    0.00    2.54    0.00    0.00    0.00   84.52
22:55:40     all    5.56    0.00    8.08    0.00    0.00    2.78    0.00    0.00    0.00   83.59
22:55:41     all    5.36    0.00    7.14    0.00    0.00    2.55    0.00    0.00    0.00   84.95
22:55:42     all    5.57    0.00    7.59    0.00    0.00    3.04    0.00    0.00    0.00   83.80
22:55:43     all    4.79    0.00    7.56    0.00    0.00    3.27    0.25    0.00    0.00   84.13
22:55:44     all    5.85    0.00    7.38    0.00    0.00    2.04    0.00    0.00    0.00   84.73
22:55:45     all    4.85    0.00    7.40    0.00    0.00    3.57    0.00    0.00    0.00   84.18
22:55:46     all    5.49    0.00    8.23    0.00    0.00    2.99    0.00    0.00    0.00   83.29
22:55:47     all    5.44    0.00    6.74    0.00    0.00    2.59    0.00    0.00    0.00   85.23
22:55:48     all    6.09    0.00    6.35    0.00    0.00    3.30    0.00    0.00    0.00   84.26
22:55:49     all    5.36    0.00    6.89    0.00    0.00    3.06    0.00    0.00    0.00   84.69
22:55:50     all    5.38    0.00    7.44    0.00    0.00    2.56    0.26    0.00    0.00   84.36
22:55:51     all    6.05    0.00    7.30    0.00    0.00    3.27    0.00    0.00    0.00   83.38
22:55:52     all    5.10    0.00    7.14    0.00    0.00    3.32    0.00    0.00    0.00   84.44
22:55:53     all    5.08    0.00    7.36    0.00    0.00    3.05    0.00    0.00    0.00   84.52
22:55:54     all    5.32    0.00    8.35    0.00    0.00    2.78    0.25    0.00    0.00   83.29
22:55:55     all    5.58    0.00    8.12    0.00    0.00    2.79    0.00    0.00    0.00   83.50
22:55:56     all    5.32    0.00    7.34    0.00    0.00    3.54    0.00    0.00    0.00   83.80
22:55:57     all    5.10    0.00    7.40    0.00    0.00    3.32    0.00    0.00    0.00   84.18
22:55:58     all    6.02    0.00    8.02    0.00    0.00    3.26    0.25    0.00    0.00   82.46
22:55:59     all    5.57    0.00    7.09    0.00    0.00    3.54    0.00    0.00    0.00   83.80
22:56:00     all    6.65    0.00    8.70    0.26    0.00    3.07    0.26    0.00    0.00   81.07
22:56:01     all   17.05    0.00   10.18    0.00    0.00    3.56    0.00    0.00    0.00   69.21
22:56:02     all    6.30    0.00    7.05    0.00    0.00    3.27    0.00    0.00    0.00   83.38
22:56:03     all    5.57    0.00    7.85    0.00    0.00    2.53    0.00    0.00    0.00   84.05
22:56:04     all    4.91    0.00    7.24    0.00    0.00    3.10    0.00    0.00    0.00   84.75
22:56:05     all    5.90    0.00    6.67    0.00    0.00    2.56    0.00    0.00    0.00   84.87
22:56:06     all    5.85    0.00    7.12    0.00    0.00    2.54    0.25    0.00    0.00   84.22
22:56:07     all    5.69    0.00    7.59    0.00    0.00    1.63    0.00    0.00    0.00   85.09
22:56:08     all    8.87    0.00   13.17    0.00    0.00    4.57    0.00    0.00    0.00   73.39
22:56:09     all    8.13    0.00   12.74    0.00    0.00    5.42    0.00    0.00    0.00   73.71
22:56:10     all    9.68    0.00   11.56    0.00    0.00    5.91    0.00    0.00    0.00   72.85
22:56:11     all    9.57    0.00   11.70    0.00    0.00    6.12    0.00    0.00    0.00   72.61
22:56:12     all    8.47    0.00   11.48    0.00    0.00    6.56    0.00    0.00    0.00   73.50
22:56:13     all    8.24    0.00   11.54    0.00    0.00    5.77    0.27    0.00    0.00   74.18
22:56:14     all    9.70    0.00   10.78    0.00    0.00    5.93    0.00    0.00    0.00   73.58
22:56:15     all    8.67    0.00   11.38    0.00    0.00    6.78    0.00    0.00    0.00   73.17
22:56:16     all   10.62    0.00   12.18    0.00    0.00    6.74    0.26    0.00    0.00   70.21
22:56:17     all   10.18    0.00   11.75    0.00    0.00    6.79    0.00    0.00    0.00   71.28
22:56:18     all   10.05    0.00   12.37    0.00    0.00    6.96    0.00    0.00    0.00   70.62
22:56:19     all    9.95    0.00   12.83    0.00    0.00    5.76    0.00    0.00    0.00   71.47
22:56:20     all    9.57    0.00   11.70    0.00    0.00    5.85    0.00    0.00    0.00   72.87
22:56:21     all    9.23    0.00   12.14    0.00    0.00    6.60    0.00    0.00    0.00   72.03
22:56:22     all   10.31    0.00   12.63    0.00    0.00    6.70    0.00    0.00    0.00   70.36
22:56:23     all    9.38    0.00   11.72    0.00    0.00    7.29    0.00    0.00    0.00   71.61
22:56:24     all   10.13    0.00   11.69    0.00    0.00    7.01    0.00    0.00    0.00   71.17
22:56:25     all   10.13    0.00   11.95    0.00    0.00    6.49    0.00    0.00    0.00   71.43
22:56:26     all    9.42    0.00   12.30    0.00    0.00    6.54    0.00    0.00    0.00   71.73
22:56:27     all    9.97    0.00   12.34    0.00    0.00    6.04    0.26    0.00    0.00   71.39
22:56:28     all    8.92    0.00   12.34    0.00    0.00    6.82    0.00    0.00    0.00   71.92
22:56:29     all    9.14    0.00   12.01    0.00    0.00    6.79    0.00    0.00    0.00   72.06
22:56:30     all    9.84    0.00   13.47    0.26    0.00    5.96    0.00    0.00    0.00   70.47
22:56:31     all    9.40    0.00   13.05    0.00    0.00    6.79    0.00    0.00    0.00   70.76
22:56:32     all   10.26    0.00   11.84    0.00    0.00    6.05    0.26    0.00    0.00   71.58
22:56:33     all    9.97    0.00   13.04    0.00    0.00    6.91    0.00    0.00    0.00   70.08
22:56:34     all    9.47    0.00   12.11    0.00    0.00    6.32    0.00    0.00    0.00   72.11
22:56:35     all    8.90    0.00   12.83    0.00    0.00    6.81    0.00    0.00    0.00   71.47
22:56:36     all    9.35    0.00   12.47    0.00    0.00    6.75    0.00    0.00    0.00   71.43
22:56:37     all    9.12    0.00   14.21    0.00    0.00    1.88    0.00    0.00    0.00   74.80
22:56:38     all   12.05    0.00   16.44    0.00    0.00    9.04    0.00    0.00    0.00   62.47
22:56:39     all   12.83    0.00   14.71    0.00    0.00   12.03    0.00    0.00    0.00   60.43
22:56:40     all   15.34    0.00   19.05    0.00    0.00    8.99    0.00    0.00    0.00   56.61
22:56:41     all   14.59    0.00   20.95    0.00    0.00    8.22    0.27    0.00    0.00   55.97
22:56:42     all   13.51    0.00   20.81    0.00    0.00    8.11    0.00    0.00    0.00   57.57
22:56:43     all   14.56    0.00   19.68    0.00    0.00    8.36    0.00    0.00    0.00   57.41
22:56:44     all   13.55    0.00   17.62    0.00    0.00    9.76    0.00    0.00    0.00   59.08
22:56:45     all   13.33    0.00   18.93    0.00    0.00    9.33    0.00    0.00    0.00   58.40
22:56:46     all   12.74    0.00   17.34    0.00    0.00   10.03    0.00    0.00    0.00   59.89
22:56:47     all   13.39    0.00   17.76    0.00    0.00    8.74    0.00    0.00    0.00   60.11
22:56:48     all   12.37    0.00   18.28    0.00    0.00    9.95    0.00    0.00    0.00   59.41
22:56:49     all   14.32    0.00   20.27    0.00    0.00    8.65    0.00    0.00    0.00   56.76
22:56:50     all   14.52    0.00   19.35    0.00    0.00    8.60    0.27    0.00    0.00   57.26
22:56:51     all   12.09    0.00   15.93    0.00    0.00   10.99    0.00    0.00    0.00   60.99
22:56:52     all   13.82    0.00   18.97    0.00    0.00    8.13    0.00    0.00    0.00   59.08
22:56:53     all   12.84    0.00   18.03    0.00    0.00    9.56    0.00    0.00    0.00   59.56
22:56:54     all   12.97    0.00   20.54    0.00    0.00    8.92    0.27    0.00    0.00   57.30
22:56:55     all   15.82    0.00   20.38    0.00    0.00    8.58    0.00    0.00    0.00   55.23
22:56:56     all   12.40    0.00   20.75    0.00    0.00    9.43    0.00    0.00    0.00   57.41
22:56:57     all   13.86    0.00   18.48    0.00    0.00    8.97    0.00    0.00    0.00   58.70
22:56:58     all   12.40    0.00   18.33    0.00    0.00    9.97    0.81    0.00    0.00   58.49
22:56:59     all   13.90    0.00   21.39    0.00    0.00    7.75    0.00    0.00    0.00   56.95
22:57:00     all   14.52    0.00   20.43    0.00    0.00    8.87    0.00    0.00    0.00   56.18
22:57:01     all   12.53    0.00   17.98    0.00    0.00    8.99    0.27    0.00    0.00   60.22
22:57:02     all   14.17    0.00   18.45    0.00    0.00    9.36    0.00    0.00    0.00   58.02
22:57:03     all   28.99    0.00   22.07    0.00    0.00    9.57    0.00    0.00    0.00   39.36
22:57:04     all   12.26    0.00   17.98    0.00    0.00   10.08    0.00    0.00    0.00   59.67
22:57:05     all   12.20    0.00   15.72    0.00    0.00   10.84    0.00    0.00    0.00   61.25
22:57:06     all   12.60    0.00   18.08    0.00    0.00    9.32    0.27    0.00    0.00   59.73
22:57:07     all   10.55    0.00   15.30    0.00    0.00    6.07    0.00    0.00    0.00   68.07
22:57:08     all   17.68    0.00   20.00    0.00    0.00   11.30    0.00    0.00    0.00   51.01
22:57:09     all   18.37    0.00   21.87    0.00    0.00   13.12    0.00    0.00    0.00   46.65
22:57:10     all   18.97    0.00   21.26    0.00    0.00   14.37    0.00    0.00    0.00   45.40
22:57:11     all   20.06    0.00   22.06    0.00    0.00   12.89    0.00    0.00    0.00   44.99
22:57:12     all   18.82    0.00   22.06    0.00    0.00   12.94    0.29    0.00    0.00   45.88
22:57:13     all   19.58    0.00   19.88    0.00    0.00   13.95    0.00    0.00    0.00   46.59
22:57:14     all   19.41    0.00   20.29    0.00    0.00   14.12    0.00    0.00    0.00   46.18
22:57:15     all   19.54    0.00   20.40    0.00    0.00   14.08    0.29    0.00    0.00   45.69
22:57:16     all   20.46    0.00   21.90    0.00    0.00   12.68    0.00    0.00    0.00   44.96
22:57:17     all   19.13    0.00   22.03    0.00    0.00   12.46    0.00    0.00    0.00   46.38
22:57:18     all   18.77    0.00   21.99    0.00    0.00   13.49    0.00    0.00    0.00   45.75
22:57:19     all   18.55    0.00   22.03    0.00    0.00   13.04    0.00    0.00    0.00   46.38
22:57:20     all   21.22    0.00   19.48    0.00    0.00   13.37    0.00    0.00    0.00   45.93
22:57:21     all   20.06    0.00   20.66    0.00    0.00   13.77    0.00    0.00    0.00   45.51
22:57:22     all   21.05    0.00   20.18    0.00    0.00   13.45    0.00    0.00    0.00   45.32
22:57:23     all   19.65    0.00   20.82    0.00    0.00   13.49    0.00    0.00    0.00   46.04
22:57:24     all   18.79    0.00   20.61    0.00    0.00   14.55    0.00    0.00    0.00   46.06
22:57:25     all   20.59    0.00   20.29    0.00    0.00   14.12    0.00    0.00    0.00   45.00
22:57:26     all   20.66    0.00   20.96    0.00    0.00   12.87    0.00    0.00    0.00   45.51
22:57:27     all   19.76    0.00   21.26    0.00    0.00   12.87    0.00    0.00    0.00   46.11
22:57:28     all   20.06    0.00   20.06    0.00    0.00   14.29    0.00    0.00    0.00   45.59
22:57:29     all   19.76    0.00   20.36    0.00    0.00   14.29    0.00    0.00    0.00   45.59
22:57:30     all   18.45    0.00   22.02    0.00    0.00   13.99    0.00    0.00    0.00   45.54
22:57:31     all   19.22    0.00   19.52    0.30    0.00   14.71    0.00    0.00    0.00   46.25
22:57:32     all   20.17    0.00   21.04    0.00    0.00   13.26    0.00    0.00    0.00   45.53
22:57:33     all   19.24    0.00   20.12    0.00    0.00   13.99    0.29    0.00    0.00   46.36
22:57:34     all   18.99    0.00   20.47    0.00    0.00   13.06    0.00    0.00    0.00   47.48
22:57:35     all   19.30    0.00   20.47    0.00    0.00   14.33    0.00    0.00    0.00   45.91
22:57:36     all   18.21    0.00   21.68    0.00    0.00   13.87    0.00    0.00    0.00   46.24
22:57:37     all    6.37    0.00    8.75    0.00    0.00    3.45    0.00    0.00    0.00   81.43
22:57:38     all   14.44    0.00   21.11    0.00    0.00   12.22    0.00    0.00    0.00   52.22
22:57:39     all   18.23    0.00   28.49    0.00    0.00   17.66    0.00    0.00    0.00   35.61
22:57:40     all   18.23    0.00   27.92    0.00    0.00   17.95    0.00    0.00    0.00   35.90
22:57:41     all   18.84    0.00   27.25    0.00    0.00   17.68    0.00    0.00    0.00   36.23
22:57:42     all   19.60    0.00   27.84    0.00    0.00   17.90    0.00    0.00    0.00   34.66
22:57:43     all   18.31    0.00   32.39    0.00    0.00   19.15    0.00    0.00    0.00   30.14
22:57:44     all   18.84    0.00   28.99    0.00    0.00   18.55    0.00    0.00    0.00   33.62
22:57:45     all   19.30    0.00   26.32    0.00    0.00   17.25    0.00    0.00    0.00   37.13
22:57:46     all   19.26    0.00   31.73    0.00    0.00   18.98    0.00    0.00    0.00   30.03
22:57:47     all   19.50    0.00   31.48    0.00    0.00   19.50    0.00    0.00    0.00   29.53
22:57:48     all   18.05    0.00   30.09    0.00    0.00   18.62    0.00    0.00    0.00   33.24
22:57:49     all   18.73    0.00   27.95    0.00    0.00   17.58    0.00    0.00    0.00   35.73
22:57:50     all   20.86    0.00   30.86    0.00    0.00   18.57    0.00    0.00    0.00   29.71
22:57:51     all   19.31    0.00   29.39    0.00    0.00   18.73    0.00    0.00    0.00   32.56
22:57:52     all   19.21    0.00   28.81    0.00    0.00   17.80    0.00    0.00    0.00   34.18
22:57:53     all   18.98    0.00   29.18    0.00    0.00   17.56    0.00    0.00    0.00   34.28
22:57:54     all   19.09    0.00   28.21    0.00    0.00   17.38    0.28    0.00    0.00   35.04
22:57:55     all   18.50    0.00   29.77    0.00    0.00   18.21    0.00    0.00    0.00   33.53
22:57:56     all   19.09    0.00   31.62    0.00    0.00   18.23    0.00    0.00    0.00   31.05
22:57:57     all   18.16    0.00   29.11    0.00    0.00   18.44    0.00    0.00    0.00   34.29
22:57:58     all   19.77    0.00   32.20    0.00    0.00   18.08    0.00    0.00    0.00   29.94
22:57:59     all   18.44    0.00   29.68    0.00    0.00   18.44    0.00    0.00    0.00   33.43
22:58:00     all   18.55    0.00   27.25    0.00    0.00   18.26    0.00    0.00    0.00   35.94
22:58:01     all   18.29    0.00   31.14    0.00    0.00   19.43    0.00    0.00    0.00   31.14
22:58:02     all   19.83    0.00   28.16    0.00    0.00   17.82    0.00    0.00    0.00   34.20
22:58:03     all   18.34    0.00   28.37    0.00    0.00   18.62    0.00    0.00    0.00   34.67
22:58:04     all   21.65    0.00   28.21    0.00    0.00   17.66    0.00    0.00    0.00   32.48
22:58:05     all   34.78    0.00   35.33    0.00    0.00   17.12    0.00    0.00    0.00   12.77
22:58:06     all   18.34    0.00   32.09    0.00    0.00   18.91    0.00    0.00    0.00   30.66
22:58:07     all   15.92    0.00   20.67    0.00    0.00   10.61    0.00    0.00    0.00   52.79
22:58:08     all   19.31    0.00   27.38    0.00    0.00   17.29    0.00    0.00    0.00   36.02
22:58:09     all   20.90    0.00   32.20    0.00    0.00   20.34    0.00    0.00    0.00   26.55
22:58:10     all   20.81    0.00   30.64    0.00    0.00   20.81    0.00    0.00    0.00   27.75
22:58:11     all   21.33    0.00   34.07    0.00    0.00   21.33    0.00    0.00    0.00   23.27
22:58:12     all   21.35    0.00   32.30    0.00    0.00   20.51    0.00    0.00    0.00   25.84
22:58:13     all   19.94    0.00   31.50    0.00    0.00   18.50    0.00    0.00    0.00   30.06
22:58:14     all   19.25    0.00   32.47    0.00    0.00   18.39    0.00    0.00    0.00   29.89
22:58:15     all   19.55    0.00   32.29    0.00    0.00   19.26    0.28    0.00    0.00   28.61
22:58:16     all   21.79    0.00   35.75    0.00    0.00   20.95    0.00    0.00    0.00   21.51
22:58:17     all   22.22    0.00   34.42    0.00    0.00   21.95    0.00    0.00    0.00   21.41
22:58:18     all   21.43    0.00   35.71    0.00    0.00   22.29    0.00    0.00    0.00   20.57
22:58:19     all   21.58    0.00   35.79    0.00    0.00   21.58    0.00    0.00    0.00   21.04
22:58:20     all   21.31    0.00   34.66    0.00    0.00   21.59    0.00    0.00    0.00   22.44
22:58:21     all   19.83    0.00   35.81    0.00    0.00   21.49    0.28    0.00    0.00   22.59
22:58:22     all   19.30    0.00   35.09    0.00    0.00   21.35    0.00    0.00    0.00   24.27
22:58:23     all   20.62    0.00   33.62    0.00    0.00   20.34    0.00    0.00    0.00   25.42
22:58:24     all   19.77    0.00   33.81    0.00    0.00   19.48    0.00    0.00    0.00   26.93
22:58:25     all   21.45    0.00   35.93    0.00    0.00   21.45    0.00    0.00    0.00   21.17
22:58:26     all   20.17    0.00   32.67    0.00    0.00   18.75    0.00    0.00    0.00   28.41
22:58:27     all   20.92    0.00   30.95    0.00    0.00   19.20    0.00    0.00    0.00   28.94
22:58:28     all   20.23    0.00   32.08    0.00    0.00   18.79    0.00    0.00    0.00   28.90
22:58:29     all   20.67    0.00   37.15    0.00    0.00   20.67    0.00    0.00    0.00   21.51
22:58:30     all   19.40    0.00   39.07    0.00    0.00   20.77    0.00    0.00    0.00   20.77
22:58:31     all   20.72    0.00   36.46    0.00    0.00   20.72    0.00    0.00    0.00   22.10
22:58:32     all   22.41    0.00   30.46    0.00    0.00   20.11    0.00    0.00    0.00   27.01
22:58:33     all   21.26    0.00   31.61    0.00    0.00   19.83    0.00    0.00    0.00   27.30
22:58:34     all   19.59    0.00   32.16    0.00    0.00   21.35    0.00    0.00    0.00   26.90
22:58:35     all   20.17    0.00   38.35    0.00    0.00   21.02    0.00    0.00    0.00   20.45
22:58:36     all   22.37    0.00   36.39    0.00    0.00   21.29    0.00    0.00    0.00   19.95
22:58:37     all    7.18    0.00   11.79    0.00    0.00    6.15    0.00    0.00    0.00   74.87
22:58:38     all    1.27    0.00    2.03    0.00    0.00    2.28    0.00    0.00    0.00   94.42
22:58:39     all    2.26    0.00    3.77    0.00    0.00    3.02    0.00    0.00    0.00   90.95
22:58:40     all    2.02    0.00    4.04    0.00    0.00    2.78    0.00    0.00    0.00   91.16
22:58:41     all    2.03    0.00    3.04    0.00    0.00    3.54    0.00    0.00    0.00   91.39
22:58:42     all    2.76    0.00    3.76    0.00    0.00    2.76    0.00    0.00    0.00   90.73
22:58:43     all    2.05    0.00    2.56    0.00    0.00    2.82    0.00    0.00    0.00   92.56
22:58:44     all    2.53    0.00    3.54    0.00    0.00    2.78    0.00    0.00    0.00   91.16
22:58:45     all    2.29    0.00    2.80    0.00    0.00    2.54    0.25    0.00    0.00   92.11
22:58:46     all    2.52    0.00    3.78    0.00    0.00    3.02    0.00    0.00    0.00   90.68
22:58:47     all    2.78    0.00    3.03    0.00    0.00    3.03    0.00    0.00    0.00   91.16
22:58:48     all    2.28    0.00    3.80    0.00    0.00    2.28    0.00    0.00    0.00   91.65
22:58:49     all    2.04    0.00    3.05    0.00    0.00    3.05    0.00    0.00    0.00   91.86
22:58:50     all    2.52    0.00    3.53    0.00    0.00    3.02    0.00    0.00    0.00   90.93
22:58:51     all    2.04    0.00    2.81    0.00    0.00    2.81    0.00    0.00    0.00   92.35
22:58:52     all    2.25    0.00    3.75    0.00    0.00    3.50    0.00    0.00    0.00   90.50
22:58:53     all    1.79    0.00    3.32    0.00    0.00    2.56    0.00    0.00    0.00   92.33
22:58:54     all    2.56    0.00    3.07    0.00    0.00    2.30    0.00    0.00    0.00   92.07
22:58:55     all    1.79    0.00    3.33    0.00    0.00    2.31    0.00    0.00    0.00   92.56
22:58:56     all    2.54    0.00    3.05    0.00    0.00    2.79    0.00    0.00    0.00   91.62
22:58:57     all    2.28    0.00    3.81    0.00    0.00    2.03    0.00    0.00    0.00   91.88
22:58:58     all    3.03    0.00    3.03    0.00    0.00    2.78    0.25    0.00    0.00   90.91
22:58:59     all    1.79    0.00    3.32    0.00    0.00    2.81    0.00    0.00    0.00   92.09
22:59:00     all    2.03    0.00    3.55    0.00    0.00    3.05    0.00    0.00    0.00   91.37
22:59:01     all    2.03    0.00    3.30    0.25    0.00    2.79    0.00    0.00    0.00   91.62
22:59:02     all    2.27    0.00    3.79    0.00    0.00    3.03    0.00    0.00    0.00   90.91
22:59:03     all    2.53    0.00    3.28    0.00    0.00    2.53    0.00    0.00    0.00   91.67
22:59:04     all    2.28    0.00    3.04    0.00    0.00    3.04    0.00    0.00    0.00   91.65
22:59:05     all    2.03    0.00    3.30    0.00    0.00    2.79    0.00    0.00    0.00   91.88
22:59:06     all    3.29    0.00    3.04    0.00    0.00    2.78    0.00    0.00    0.00   90.89
22:59:07     all   10.30    0.00    5.28    0.00    0.00    1.01    0.25    0.00    0.00   83.17
22:59:08     all    2.53    0.00    2.53    0.00    0.00    2.53    0.00    0.00    0.00   92.41
22:59:09     all    6.17    0.00    5.40    0.00    0.00    5.91    0.00    0.00    0.00   82.52
22:59:10     all    4.85    0.00    6.89    0.00    0.00    6.12    0.26    0.00    0.00   81.89
22:59:11     all    5.64    0.00    5.90    0.00    0.00    6.15    0.00    0.00    0.00   82.31
22:59:12     all    3.88    0.00    6.72    0.26    0.00    6.20    0.00    0.00    0.00   82.95
22:59:13     all    5.04    0.00    6.55    0.00    0.00    6.80    0.00    0.00    0.00   81.61
22:59:14     all    5.60    0.00    6.36    0.00    0.00    5.85    0.00    0.00    0.00   82.19
22:59:15     all    5.60    0.00    6.11    0.00    0.00    6.11    0.00    0.00    0.00   82.19
22:59:16     all    5.81    0.00    6.31    0.00    0.00    6.31    0.25    0.00    0.00   81.31
22:59:17     all    5.14    0.00    6.94    0.00    0.00    5.40    0.00    0.00    0.00   82.52
22:59:18     all    5.09    0.00    7.12    0.00    0.00    6.36    0.00    0.00    0.00   81.42
22:59:19     all    6.09    0.00    6.09    0.00    0.00    5.84    0.25    0.00    0.00   81.73
22:59:20     all    4.85    0.00    7.40    0.00    0.00    6.12    0.00    0.00    0.00   81.63
22:59:21     all    5.14    0.00    6.94    0.00    0.00    5.66    0.00    0.00    0.00   82.26
22:59:22     all    5.03    0.00    7.29    0.00    0.00    6.53    0.00    0.00    0.00   81.16
22:59:23     all    5.10    0.00    6.38    0.00    0.00    6.38    0.00    0.00    0.00   82.14
22:59:24     all    4.87    0.00    7.18    0.00    0.00    5.64    0.00    0.00    0.00   82.31
22:59:25     all    5.85    0.00    6.62    0.00    0.00    5.85    0.00    0.00    0.00   81.68
22:59:26     all    5.37    0.00    6.14    0.00    0.00    6.14    0.00    0.00    0.00   82.35
22:59:27     all    5.82    0.00    6.58    0.00    0.00    5.82    0.00    0.00    0.00   81.77
22:59:28     all    4.88    0.00    5.91    0.00    0.00    6.43    0.00    0.00    0.00   82.78
22:59:29     all    4.86    0.00    6.65    0.00    0.00    5.88    0.00    0.00    0.00   82.61
22:59:30     all    5.36    0.00    5.87    0.00    0.00    6.63    0.00    0.00    0.00   82.14
22:59:31     all    5.09    0.00    7.12    0.00    0.00    6.11    0.00    0.00    0.00   81.68
22:59:32     all    5.64    0.00    6.67    0.00    0.00    5.13    0.00    0.00    0.00   82.56
22:59:33     all    5.33    0.00    6.35    0.00    0.00    6.09    0.25    0.00    0.00   81.98
22:59:34     all    4.60    0.00    6.65    0.00    0.00    5.88    0.00    0.00    0.00   82.86
22:59:35     all    5.34    0.00    6.62    0.00    0.00    5.85    0.00    0.00    0.00   82.19
22:59:36     all    5.12    0.00    6.65    0.00    0.00    5.88    0.00    0.00    0.00   82.35
22:59:37     all    2.54    0.00    3.81    0.00    0.00    3.55    0.00    0.00    0.00   90.10
22:59:38     all    6.06    0.00    2.53    0.00    0.00    1.26    0.00    0.00    0.00   90.15
22:59:39     all   15.29    0.00    6.27    0.00    0.00    5.51    0.00    0.00    0.00   72.93
22:59:40     all   16.84    0.00    7.77    0.00    0.00    6.99    0.00    0.00    0.00   68.39
22:59:41     all   13.18    0.00    9.82    0.00    0.00   10.08    0.00    0.00    0.00   66.93
22:59:42     all    6.08    0.00   12.17    0.00    0.00    9.79    0.00    0.00    0.00   71.96
22:59:43     all    6.72    0.00   13.18    0.00    0.00   11.89    0.00    0.00    0.00   68.22
22:59:44     all    8.87    0.00   13.17    0.00    0.00   11.29    0.00    0.00    0.00   66.67
22:59:45     all   11.32    0.00   11.32    0.00    0.00   11.59    0.00    0.00    0.00   65.77
22:59:46     all    9.73    0.00   13.24    0.00    0.00   10.81    0.00    0.00    0.00   66.22
22:59:47     all   10.48    0.00   12.37    0.00    0.00   11.56    0.00    0.00    0.00   65.59
22:59:48     all   12.10    0.00   11.02    0.00    0.00   11.29    0.00    0.00    0.00   65.59
22:59:49     all   11.84    0.00   12.11    0.00    0.00   10.53    0.00    0.00    0.00   65.53
22:59:50     all   11.87    0.00   13.19    0.00    0.00   10.29    0.00    0.00    0.00   64.64
22:59:51     all   12.07    0.00   12.34    0.00    0.00   10.76    0.00    0.00    0.00   64.83
22:59:52     all   11.62    0.00   11.08    0.00    0.00   10.81    0.00    0.00    0.00   66.49
22:59:53     all   11.29    0.00   12.37    0.00    0.00   11.56    0.00    0.00    0.00   64.78
22:59:54     all   11.14    0.00   11.67    0.00    0.00   11.41    0.53    0.00    0.00   65.25
22:59:55     all   11.23    0.00   11.76    0.00    0.00   11.23    0.00    0.00    0.00   65.78
22:59:56     all   11.70    0.00   12.50    0.00    0.00   10.64    0.00    0.00    0.00   65.16
22:59:57     all   11.73    0.00   12.53    0.00    0.00   10.93    0.00    0.00    0.00   64.80
22:59:58     all   12.27    0.00   14.10    0.00    0.00   10.18    0.00    0.00    0.00   63.45
22:59:59     all   12.17    0.00   12.43    0.00    0.00   10.85    0.00    0.00    0.00   64.55
23:00:00     all   11.26    0.00   11.80    0.00    0.00   11.26    0.00    0.00    0.00   65.68
23:00:01     all   12.00    0.00   12.27    0.00    0.00    9.87    0.00    0.00    0.00   65.87
23:00:02     all   12.13    0.00   12.67    0.00    0.00   10.78    0.00    0.00    0.00   64.42
23:00:03     all   11.94    0.00   11.94    0.00    0.00   10.34    1.59    0.00    0.00   64.19
23:00:04     all   11.47    0.00   12.00    0.00    0.00   10.93    0.00    0.00    0.00   65.60
23:00:05     all   11.44    0.00   12.23    0.00    0.00   11.70    0.00    0.00    0.00   64.63
23:00:06     all   10.90    0.00   12.23    0.00    0.00   11.17    0.80    0.00    0.00   64.89
23:00:07     all    7.18    0.00    8.72    0.00    0.00    5.90    0.00    0.00    0.00   78.21
23:00:08     all    7.34    0.00    2.03    0.00    0.00    1.77    0.00    0.00    0.00   88.86
23:00:09     all   37.34    0.00    9.27    0.00    0.00    6.02    0.00    0.00    0.00   47.37
23:00:10     all   31.20    0.00    6.91    0.00    0.00    6.65    0.00    0.00    0.00   55.24
23:00:11     all   31.54    0.00   10.00    0.00    0.00    8.21    0.00    0.00    0.00   50.26
23:00:12     all   31.96    0.00   12.63    0.00    0.00   10.82    0.00    0.00    0.00   44.59
23:00:13     all   33.16    0.00   13.62    0.00    0.00   12.34    0.26    0.00    0.00   40.62
23:00:14     all   34.02    0.00   15.98    0.00    0.00   14.95    0.00    0.00    0.00   35.05
23:00:15     all   28.01    0.00   19.37    0.00    0.00   16.75    0.00    0.00    0.00   35.86
23:00:16     all   22.14    0.00   20.87    0.00    0.00   17.05    0.00    0.00    0.00   39.95
23:00:17     all   12.99    0.00   22.34    0.00    0.00   16.10    0.00    0.00    0.00   48.57
23:00:18     all   12.47    0.00   22.34    0.00    0.00   18.96    0.00    0.00    0.00   46.23
23:00:19     all   13.25    0.00   23.12    0.00    0.00   19.22    0.00    0.00    0.00   44.42
23:00:20     all   12.18    0.00   23.58    0.00    0.00   20.21    0.00    0.00    0.00   44.04
23:00:21     all    9.85    0.00   24.49    0.00    0.00   20.96    0.00    0.00    0.00   44.70
23:00:22     all   12.18    0.00   24.62    0.00    0.00   19.29    0.00    0.00    0.00   43.91
23:00:23     all   10.28    0.00   22.88    0.00    0.00   18.51    0.00    0.00    0.00   48.33
23:00:24     all   12.86    0.00   22.83    0.00    0.00   19.69    0.00    0.00    0.00   44.62
23:00:25     all   14.70    0.00   23.36    0.00    0.00   19.69    0.00    0.00    0.00   42.26
23:00:26     all   15.58    0.00   24.94    0.00    0.00   18.96    0.00    0.00    0.00   40.52
23:00:27     all   15.53    0.00   23.68    0.00    0.00   20.79    0.00    0.00    0.00   40.00
23:00:28     all   15.45    0.00   24.35    0.00    0.00   20.16    0.26    0.00    0.00   39.79
23:00:29     all   10.62    0.00   24.35    0.00    0.00   18.65    0.00    0.00    0.00   46.37
23:00:30     all   10.74    0.00   25.32    0.00    0.00   18.93    0.00    0.00    0.00   45.01
23:00:31     all   10.51    0.00   24.62    0.00    0.00   20.77    0.00    0.00    0.00   44.10
23:00:32     all   10.71    0.00   25.51    0.00    0.00   19.13    0.26    0.00    0.00   44.39
23:00:33     all   10.41    0.00   25.38    0.00    0.00   18.53    0.00    0.00    0.00   45.69
23:00:34     all    9.72    0.00   25.83    0.00    0.00   18.67    0.00    0.00    0.00   45.78
23:00:35     all    9.82    0.00   24.94    0.00    0.00   19.14    0.25    0.00    0.00   45.84
23:00:36     all    8.61    0.00   24.81    0.00    0.00   19.24    0.00    0.00    0.00   47.34
