Running 30s test @ http://10.116.0.2:8080/json
  4 threads and 256 connections
  Thread calibration: mean lat.: 1.085ms, rate sampling interval: 10ms
  Thread calibration: mean lat.: 1.258ms, rate sampling interval: 10ms
  Thread calibration: mean lat.: 1.062ms, rate sampling interval: 10ms
  Thread calibration: mean lat.: 1.073ms, rate sampling interval: 10ms
  Thread Stats   Avg      Stdev     Max   +/- Stdev
    Latency     1.13ms  493.72us   7.86ms   64.05%
    Req/Sec     5.26k     1.06k    7.11k    80.35%
  Latency Distribution (HdrHistogram - Recorded Latency)
 50.000%    1.10ms
 75.000%    1.50ms
 90.000%    1.79ms
 99.000%    2.30ms
 99.900%    2.99ms
 99.990%    4.32ms
 99.999%    5.56ms
100.000%    7.86ms

  Detailed Percentile spectrum:
       Value   Percentile   TotalCount 1/(1-Percentile)

       0.191     0.000000            1         1.00
       0.502     0.100000        39377         1.11
       0.661     0.200000        78759         1.25
       0.809     0.300000       118172         1.43
       0.952     0.400000       157508         1.67
       1.097     0.500000       196984         2.00
       1.173     0.550000       216718         2.22
       1.249     0.600000       236330         2.50
       1.327     0.650000       256020         2.86
       1.411     0.700000       275597         3.33
       1.496     0.750000       295245         4.00
       1.539     0.775000       305130         4.44
       1.583     0.800000       315099         5.00
       1.627     0.825000       324868         5.71
       1.673     0.850000       334741         6.67
       1.724     0.875000       344436         8.00
       1.753     0.887500       349396         8.89
       1.786     0.900000       354344        10.00
       1.823     0.912500       359285        11.43
       1.864     0.925000       364135        13.33
       1.913     0.937500       369081        16.00
       1.941     0.943750       371482        17.78
       1.971     0.950000       373985        20.00
       2.004     0.956250       376453        22.86
       2.040     0.962500       378881        26.67
       2.083     0.968750       381415        32.00
       2.105     0.971875       382593        35.56
       2.129     0.975000       383823        40.00
       2.155     0.978125       385024        45.71
       2.187     0.981250       386302        53.33
       2.221     0.984375       387528        64.00
       2.239     0.985938       388135        71.11
       2.259     0.987500       388733        80.00
       2.281     0.989062       389318        91.43
       2.311     0.990625       389959       106.67
       2.345     0.992188       390568       128.00
       2.365     0.992969       390869       142.22
       2.385     0.993750       391164       160.00
       2.409     0.994531       391477       182.86
       2.439     0.995313       391794       213.33
       2.475     0.996094       392087       256.00
       2.499     0.996484       392246       284.44
       2.525     0.996875       392395       320.00
       2.561     0.997266       392549       365.71
       2.603     0.997656       392700       426.67
       2.659     0.998047       392851       512.00
       2.701     0.998242       392929       568.89
       2.745     0.998437       393005       640.00
       2.805     0.998633       393081       731.43
       2.901     0.998828       393158       853.33
       3.003     0.999023       393236      1024.00
       3.077     0.999121       393274      1137.78
       3.151     0.999219       393313      1280.00
       3.233     0.999316       393353      1462.86
       3.313     0.999414       393389      1706.67
       3.461     0.999512       393430      2048.00
       3.529     0.999561       393447      2275.56
       3.597     0.999609       393466      2560.00
       3.677     0.999658       393486      2925.71
       3.769     0.999707       393504      3413.33
       3.893     0.999756       393523      4096.00
       3.941     0.999780       393534      4551.11
       3.987     0.999805       393543      5120.00
       4.037     0.999829       393552      5851.43
       4.087     0.999854       393562      6826.67
       4.211     0.999878       393571      8192.00
       4.295     0.999890       393576      9102.22
       4.335     0.999902       393581     10240.00
       4.387     0.999915       393586     11702.86
       4.439     0.999927       393591     13653.33
       4.615     0.999939       393595     16384.00
       4.711     0.999945       393598     18204.44
       4.727     0.999951       393600     20480.00
       4.803     0.999957       393603     23405.71
       4.851     0.999963       393605     27306.67
       4.879     0.999969       393607     32768.00
       4.983     0.999973       393609     36408.89
       5.023     0.999976       393610     40960.00
       5.107     0.999979       393611     46811.43
       5.187     0.999982       393612     54613.33
       5.271     0.999985       393613     65536.00
       5.427     0.999986       393614     72817.78
       5.559     0.999988       393615     81920.00
       5.559     0.999989       393615     93622.86
       5.839     0.999991       393616    109226.67
       5.839     0.999992       393616    131072.00
       7.119     0.999993       393617    145635.56
       7.119     0.999994       393617    163840.00
       7.119     0.999995       393617    187245.71
       7.247     0.999995       393618    218453.33
       7.247     0.999996       393618    262144.00
       7.247     0.999997       393618    291271.11
       7.247     0.999997       393618    327680.00
       7.247     0.999997       393618    374491.43
       7.863     0.999998       393619    436906.67
       7.863     1.000000       393619          inf
#[Mean    =        1.133, StdDeviation   =        0.494]
#[Max     =        7.860, Total count    =       393619]
#[Buckets =           27, SubBuckets     =         2048]
----------------------------------------------------------
  592732 requests in 30.01s, 55.40MB read
Requests/sec:  19753.27
Transfer/sec:      1.85MB
