Running 30s test @ http://10.116.0.2:8080/block?ms=100
  4 threads and 8000 connections
  Thread calibration: mean lat.: 248.234ms, rate sampling interval: 1666ms
  Thread calibration: mean lat.: 538.342ms, rate sampling interval: 3151ms
  Thread calibration: mean lat.: 847.026ms, rate sampling interval: 3776ms
  Thread calibration: mean lat.: 760.687ms, rate sampling interval: 2846ms
  Thread Stats   Avg      Stdev     Max   +/- Stdev
    Latency     1.85s   860.71ms   5.11s    74.08%
    Req/Sec    16.08k     2.02k   18.57k    53.85%
  Latency Distribution (HdrHistogram - Recorded Latency)
 50.000%    1.92s 
 75.000%    2.25s 
 90.000%    2.75s 
 99.000%    4.11s 
 99.900%    4.48s 
 99.990%    4.78s 
 99.999%    4.97s 
100.000%    5.12s 

  Detailed Percentile spectrum:
       Value   Percentile   TotalCount 1/(1-Percentile)

     100.287     0.000000           38         1.00
     328.447     0.100000        65272         1.11
    1363.967     0.200000       130554         1.25
    1672.191     0.300000       195860         1.43
    1809.407     0.400000       261150         1.67
    1915.903     0.500000       326748         2.00
    1976.319     0.550000       358967         2.22
    2040.831     0.600000       391731         2.50
    2107.391     0.650000       425092         2.86
    2174.975     0.700000       457197         3.33
    2250.751     0.750000       489572         4.00
    2295.807     0.775000       506530         4.44
    2344.959     0.800000       522414         5.00
    2404.351     0.825000       538749         5.71
    2478.079     0.850000       554936         6.67
    2570.239     0.875000       571323         8.00
    2639.871     0.887500       579280         8.89
    2748.415     0.900000       587403        10.00
    2871.295     0.912500       595593        11.43
    3014.655     0.925000       603729        13.33
    3168.255     0.937500       611952        16.00
    3264.511     0.943750       616000        17.78
    3381.247     0.950000       620103        20.00
    3481.599     0.956250       624149        22.86
    3588.095     0.962500       628227        26.67
    3727.359     0.968750       632308        32.00
    3786.751     0.971875       634368        35.56
    3839.999     0.975000       636414        40.00
    3885.055     0.978125       638421        45.71
    3936.255     0.981250       640491        53.33
    3989.503     0.984375       642477        64.00
    4020.223     0.985938       643500        71.11
    4055.039     0.987500       644515        80.00
    4095.999     0.989062       645595        91.43
    4124.671     0.990625       646549       106.67
    4163.583     0.992188       647609       128.00
    4184.063     0.992969       648096       142.22
    4210.687     0.993750       648668       160.00
    4231.167     0.994531       649151       182.86
    4255.743     0.995313       649691       213.33
    4276.223     0.996094       650138       256.00
    4288.511     0.996484       650439       284.44
    4300.799     0.996875       650710       320.00
    4313.087     0.997266       650925       365.71
    4329.471     0.997656       651138       426.67
    4354.047     0.998047       651420       512.00
    4366.335     0.998242       651520       568.89
    4399.103     0.998437       651663       640.00
    4423.679     0.998633       651791       731.43
    4448.255     0.998828       651905       853.33
    4476.927     0.999023       652032      1024.00
    4493.311     0.999121       652098      1137.78
    4513.791     0.999219       652163      1280.00
    4534.271     0.999316       652231      1462.86
    4554.751     0.999414       652287      1706.67
    4575.231     0.999512       652357      2048.00
    4587.519     0.999561       652387      2275.56
    4607.999     0.999609       652423      2560.00
    4624.383     0.999658       652444      2925.71
    4648.959     0.999707       652479      3413.33
    4669.439     0.999756       652513      4096.00
    4689.919     0.999780       652524      4551.11
    4730.879     0.999805       652543      5120.00
    4743.167     0.999829       652556      5851.43
    4767.743     0.999854       652579      6826.67
    4775.935     0.999878       652588      8192.00
    4784.127     0.999890       652603      9102.22
    4788.223     0.999902       652607     10240.00
    4792.319     0.999915       652612     11702.86
    4800.511     0.999927       652621     13653.33
    4808.703     0.999939       652628     16384.00
    4829.183     0.999945       652633     18204.44
    4837.375     0.999951       652636     20480.00
    4853.759     0.999957       652640     23405.71
    4866.047     0.999963       652648     27306.67
    4866.047     0.999969       652648     32768.00
    4874.239     0.999973       652653     36408.89
    4874.239     0.999976       652653     40960.00
    4878.335     0.999979       652654     46811.43
    4902.911     0.999982       652656     54613.33
    4923.391     0.999985       652659     65536.00
    4923.391     0.999986       652659     72817.78
    4968.447     0.999988       652660     81920.00
    4976.639     0.999989       652661     93622.86
    4980.735     0.999991       652662    109226.67
    5054.463     0.999992       652663    131072.00
    5054.463     0.999993       652663    145635.56
    5066.751     0.999994       652664    163840.00
    5066.751     0.999995       652664    187245.71
    5107.711     0.999995       652666    218453.33
    5107.711     0.999996       652666    262144.00
    5107.711     0.999997       652666    291271.11
    5107.711     0.999997       652666    327680.00
    5107.711     0.999997       652666    374491.43
    5107.711     0.999998       652666    436906.67
    5107.711     0.999998       652666    524288.00
    5107.711     0.999998       652666    582542.22
    5115.903     0.999998       652667    655360.00
    5115.903     1.000000       652667          inf
#[Mean    =     1849.304, StdDeviation   =      860.706]
#[Max     =     5111.808, Total count    =       652667]
#[Buckets =           27, SubBuckets     =         2048]
----------------------------------------------------------
  1634776 requests in 30.00s, 132.52MB read
Requests/sec:  54486.20
Transfer/sec:      4.42MB
