Running 30s test @ http://10.116.0.2:8080/block?ms=100
  4 threads and 1000 connections
  Thread calibration: mean lat.: 103.384ms, rate sampling interval: 209ms
  Thread calibration: mean lat.: 103.619ms, rate sampling interval: 208ms
  Thread calibration: mean lat.: 104.122ms, rate sampling interval: 208ms
  Thread calibration: mean lat.: 103.978ms, rate sampling interval: 208ms
  Thread Stats   Avg      Stdev     Max   +/- Stdev
    Latency   101.94ms    1.07ms 113.02ms   70.53%
    Req/Sec     2.25k   219.73     2.39k    81.62%
  Latency Distribution (HdrHistogram - Recorded Latency)
 50.000%  101.69ms
 75.000%  102.53ms
 90.000%  103.49ms
 99.000%  105.15ms
 99.900%  107.14ms
 99.990%  111.87ms
 99.999%  112.83ms
100.000%  113.09ms

  Detailed Percentile spectrum:
       Value   Percentile   TotalCount 1/(1-Percentile)

     100.287     0.000000          114         1.00
     100.863     0.100000        19446         1.11
     101.119     0.200000        37731         1.25
     101.311     0.300000        53533         1.43
     101.503     0.400000        69485         1.67
     101.695     0.500000        84810         2.00
     101.823     0.550000        93766         2.22
     101.951     0.600000       101639         2.50
     102.143     0.650000       112097         2.86
     102.271     0.700000       118011         3.33
     102.527     0.750000       127862         4.00
     102.655     0.775000       131851         4.44
     102.783     0.800000       135520         5.00
     102.911     0.825000       139060         5.71
     103.103     0.850000       143965         6.67
     103.295     0.875000       148207         8.00
     103.359     0.887500       149552         8.89
     103.487     0.900000       152113        10.00
     103.615     0.912500       154314        11.43
     103.743     0.925000       156392        13.33
     103.871     0.937500       158157        16.00
     103.935     0.943750       159006        17.78
     104.063     0.950000       160493        20.00
     104.127     0.956250       161210        22.86
     104.255     0.962500       162423        26.67
     104.383     0.968750       163499        32.00
     104.447     0.971875       163961        35.56
     104.511     0.975000       164391        40.00
     104.575     0.978125       164765        45.71
     104.703     0.981250       165359        53.33
     104.831     0.984375       165874        64.00
     104.895     0.985938       166089        71.11
     105.023     0.987500       166457        80.00
     105.087     0.989062       166624        91.43
     105.215     0.990625       166901       106.67
     105.343     0.992188       167111       128.00
     105.471     0.992969       167291       142.22
     105.535     0.993750       167375       160.00
     105.663     0.994531       167521       182.86
     105.791     0.995313       167639       213.33
     105.983     0.996094       167795       256.00
     106.047     0.996484       167837       284.44
     106.175     0.996875       167911       320.00
     106.303     0.997266       167972       365.71
     106.431     0.997656       168034       426.67
     106.623     0.998047       168119       512.00
     106.687     0.998242       168135       568.89
     106.815     0.998437       168178       640.00
     106.943     0.998633       168207       731.43
     107.071     0.998828       168238       853.33
     107.199     0.999023       168274      1024.00
     107.263     0.999121       168288      1137.78
     107.327     0.999219       168295      1280.00
     107.455     0.999316       168314      1462.86
     107.583     0.999414       168331      1706.67
     107.775     0.999512       168345      2048.00
     107.903     0.999561       168351      2275.56
     108.095     0.999609       168359      2560.00
     109.119     0.999658       168367      2925.71
     109.951     0.999707       168376      3413.33
     110.399     0.999756       168383      4096.00
     110.591     0.999780       168387      4551.11
     110.783     0.999805       168392      5120.00
     110.975     0.999829       168396      5851.43
     111.295     0.999854       168400      6826.67
     111.679     0.999878       168404      8192.00
     111.807     0.999890       168406      9102.22
     111.935     0.999902       168409     10240.00
     112.127     0.999915       168411     11702.86
     112.191     0.999927       168413     13653.33
     112.255     0.999939       168414     16384.00
     112.383     0.999945       168416     18204.44
     112.383     0.999951       168416     20480.00
     112.575     0.999957       168417     23405.71
     112.639     0.999963       168418     27306.67
     112.703     0.999969       168420     32768.00
     112.703     0.999973       168420     36408.89
     112.703     0.999976       168420     40960.00
     112.767     0.999979       168421     46811.43
     112.767     0.999982       168421     54613.33
     112.831     0.999985       168422     65536.00
     112.831     0.999986       168422     72817.78
     112.831     0.999988       168422     81920.00
     112.895     0.999989       168423     93622.86
     112.895     0.999991       168423    109226.67
     112.895     0.999992       168423    131072.00
     112.895     0.999993       168423    145635.56
     112.895     0.999994       168423    163840.00
     113.087     0.999995       168424    187245.71
     113.087     1.000000       168424          inf
#[Mean    =      101.943, StdDeviation   =        1.070]
#[Max     =      113.024, Total count    =       168424]
#[Buckets =           27, SubBuckets     =         2048]
----------------------------------------------------------
  260181 requests in 30.00s, 21.09MB read
Requests/sec:   8672.41
Transfer/sec:    719.88KB
