1790895276 83176
1790895277 114616
1790895278 177728
1790895279 181340
1790895280 195380
1790895281 197012
1790895282 197116
1790895283 197152
1790895284 197300
1790895285 197312
1790895286 197316
1790895287 197324
1790895288 197332
1790895289 197332
1790895290 197332
1790895291 197352
1790895292 197516
1790895293 197516
1790895294 197516
1790895295 197516
1790895297 197516
1790895298 197544
1790895299 201320
1790895300 201320
1790895301 201492
1790895302 201524
1790895303 201524
1790895304 201544
1790895305 201552
1790895306 201552
1790895307 202404
1790895308 203644
1790895309 209544
1790895310 209544
1790895311 217788
1790895312 217788
1790895313 217816
1790895314 217828
1790895315 217836
1790895316 217836
1790895317 217836
1790895318 217840
1790895319 217840
1790895320 217840
1790895321 217848
1790895322 217848
1790895323 217848
1790895324 217848
1790895325 217848
1790895326 217852
1790895328 217852
1790895329 217852
1790895330 217852
1790895331 217852
1790895332 217860
1790895333 217860
1790895334 217860
1790895335 217860
1790895336 217860
1790895337 218240
1790895338 218240
1790895339 218240
1790895340 218240
1790895341 218240
1790895342 218240
1790895343 218240
1790895344 218244
1790895345 218244
1790895346 218248
1790895347 218248
1790895348 218248
1790895349 218248
1790895350 218248
1790895351 218248
1790895352 218248
1790895353 218248
1790895354 218248
1790895355 218248
1790895356 218248
1790895358 218248
1790895359 218248
1790895360 218552
1790895361 220716
1790895362 220716
1790895363 220716
1790895364 220716
1790895365 220716
1790895366 220716
1790895367 220788
1790895368 220792
1790895369 220792
1790895370 220792
1790895371 220792
1790895372 220796
1790895373 220800
1790895374 220800
1790895375 220804
1790895376 220804
1790895377 220804
1790895378 222384
1790895379 222940
1790895380 222940
1790895381 222940
1790895382 222940
1790895383 222940
1790895385 222940
1790895386 222940
1790895387 222940
1790895388 222940
1790895389 222940
1790895390 222940
1790895391 222940
1790895392 222944
1790895393 222944
1790895394 222944
1790895395 222944
1790895396 222944
1790895397 222960
1790895398 222968
1790895399 222972
1790895400 222972
1790895401 222976
1790895402 222976
1790895403 222984
1790895404 223864
1790895405 225152
1790895406 225152
1790895407 225152
1790895408 225152
1790895409 225152
1790895411 225152
1790895412 225152
1790895413 225152
1790895414 225152
1790895415 225152
1790895416 225152
1790895417 225152
1790895418 225152
1790895419 225152
1790895420 225152
1790895421 225152
1790895422 225152
1790895423 225152
1790895424 225152
1790895425 225152
1790895426 225152
1790895427 225172
1790895428 225176
1790895429 225180
1790895430 225184
1790895431 225188
1790895433 226776
1790895434 227316
1790895435 227316
1790895436 227316
1790895437 227316
1790895438 227316
1790895439 227316
1790895440 227316
1790895441 227316
1790895442 227316
1790895443 227316
1790895444 227316
1790895445 227316
1790895446 227320
1790895447 227320
1790895448 227324
1790895449 227324
1790895450 227324
1790895451 227324
1790895453 227324
1790895454 227324
1790895455 227324
1790895456 227324
1790895457 227328
1790895458 227340
1790895459 227340
1790895460 227348
1790895461 227348
1790895462 229468
1790895463 229468
1790895464 229468
1790895465 229468
1790895466 229468
1790895467 229476
1790895469 229476
1790895470 229476
1790895471 229476
1790895472 229476
1790895473 229476
1790895474 229476
1790895475 229476
1790895476 229476
1790895477 229476
1790895479 229480
1790895480 229480
1790895481 229484
1790895482 229484
1790895483 229484
1790895484 229484
1790895485 229488
1790895486 229488
1790895487 229544
1790895488 229708
1790895490 229708
1790895491 229720
1790895492 231852
1790895493 231852
1790895494 231852
1790895495 231852
1790895496 231852
1790895497 231852
1790895498 231856
1790895499 231856
1790895501 231856
1790895502 231856
1790895503 231856
1790895504 231856
1790895505 231856
1790895506 231856
1790895507 231856
1790895508 231856
1790895510 231856
1790895511 231856
1790895512 231856
1790895513 231856
1790895514 231856
1790895515 231856
1790895516 231860
1790895517 231860
1790895518 232080
1790895519 232180
1790895520 232208
1790895521 240392
1790895522 240412
1790895523 240440
1790895524 240472
1790895525 240484
1790895526 240504
1790895527 240532
1790895529 240556
1790895530 240580
1790895531 240608
1790895532 240632
1790895533 240656
1790895534 240676
1790895535 240704
1790895536 240724
1790895537 240740
1790895538 240764
1790895539 240788
1790895540 240808
1790895541 240836
1790895542 240852
1790895543 240876
1790895544 240896
1790895545 240924
1790895546 240948
1790895547 241004
1790895548 241044
1790895549 245800
1790895550 247832
1790895551 250048
1790895552 250064
1790895553 250064
1790895554 250116
1790895555 250120
1790895556 250120
1790895557 250120
1790895559 250120
1790895560 250120
1790895561 250124
1790895562 250124
1790895563 250124
1790895564 250124
1790895565 250128
1790895566 250128
1790895567 250128
1790895568 250128
1790895569 250128
1790895570 250128
1790895571 250128
1790895572 250128
1790895573 250128
1790895574 250128
1790895575 250128
1790895576 250128
1790895577 250156
1790895578 251904
1790895579 252428
1790895580 253220
1790895581 263444
1790895582 342220
1790895584 344712
1790895585 414540
1790895586 438732
1790895587 438732
1790895588 439600
1790895589 439632
1790895590 439632
1790895591 350348
1790895592 350356
1790895593 350356
1790895594 333700
1790895595 333700
1790895596 333700
1790895597 319124
1790895598 319124
1790895599 308704
1790895600 308704
1790895601 308712
1790895603 305588
1790895604 305588
1790895605 302456
1790895606 302456
1790895607 302472
1790895608 302464
1790895609 302464
1790895610 302472
1790895611 304768
1790895612 305488
1790895613 306652
1790895614 343592
1790895615 344772
1790895616 350412
1790895617 428668
1790895618 428672
1790895619 428692
1790895620 428692
1790895622 428728
1790895623 428736
1790895624 428740
1790895625 489284
1790895626 489284
1790895627 489288
1790895628 489296
1790895629 489296
1790895630 489300
1790895631 489300
1790895632 489300
1790895633 489300
1790895635 489300
1790895636 489300
1790895637 489300
1790895638 0
