Running 30s test @ http://10.116.0.2:8080/json
  4 threads and 256 connections
  Thread calibration: mean lat.: 1.243ms, rate sampling interval: 10ms
  Thread calibration: mean lat.: 1.247ms, rate sampling interval: 10ms
  Thread calibration: mean lat.: 1.242ms, rate sampling interval: 10ms
  Thread calibration: mean lat.: 1.447ms, rate sampling interval: 10ms
  Thread Stats   Avg      Stdev     Max   +/- Stdev
    Latency     1.28ms  573.51us  17.82ms   64.51%
    Req/Sec    10.51k     1.28k   14.22k    78.64%
  Latency Distribution (HdrHistogram - Recorded Latency)
 50.000%    1.21ms
 75.000%    1.69ms
 90.000%    2.07ms
 99.000%    2.64ms
 99.900%    3.43ms
 99.990%    5.29ms
 99.999%   14.17ms
100.000%   17.84ms

  Detailed Percentile spectrum:
       Value   Percentile   TotalCount 1/(1-Percentile)

       0.208     0.000000            2         1.00
       0.579     0.100000        78912         1.11
       0.744     0.200000       157559         1.25
       0.898     0.300000       236355         1.43
       1.051     0.400000       314887         1.67
       1.210     0.500000       393904         2.00
       1.295     0.550000       433253         2.22
       1.384     0.600000       472432         2.50
       1.480     0.650000       511798         2.86
       1.583     0.700000       551391         3.33
       1.691     0.750000       590407         4.00
       1.747     0.775000       610106         4.44
       1.805     0.800000       629865         5.00
       1.866     0.825000       649712         5.71
       1.929     0.850000       669318         6.67
       1.997     0.875000       688949         8.00
       2.034     0.887500       698841         8.89
       2.073     0.900000       708521        10.00
       2.115     0.912500       718423        11.43
       2.161     0.925000       728254        13.33
       2.213     0.937500       738013        16.00
       2.243     0.943750       743044        17.78
       2.275     0.950000       747883        20.00
       2.309     0.956250       752765        22.86
       2.349     0.962500       757729        26.67
       2.393     0.968750       762595        32.00
       2.419     0.971875       765127        35.56
       2.447     0.975000       767578        40.00
       2.477     0.978125       770018        45.71
       2.511     0.981250       772490        53.33
       2.551     0.984375       774910        64.00
       2.573     0.985938       776144        71.11
       2.597     0.987500       777420        80.00
       2.623     0.989062       778611        91.43
       2.655     0.990625       779840       106.67
       2.689     0.992188       781057       128.00
       2.711     0.992969       781657       142.22
       2.735     0.993750       782282       160.00
       2.763     0.994531       782892       182.86
       2.797     0.995313       783501       213.33
       2.837     0.996094       784116       256.00
       2.861     0.996484       784425       284.44
       2.893     0.996875       784739       320.00
       2.931     0.997266       785039       365.71
       2.975     0.997656       785347       426.67
       3.047     0.998047       785650       512.00
       3.093     0.998242       785807       568.89
       3.151     0.998437       785956       640.00
       3.221     0.998633       786109       731.43
       3.319     0.998828       786264       853.33
       3.443     0.999023       786418      1024.00
       3.523     0.999121       786496      1137.78
       3.601     0.999219       786572      1280.00
       3.699     0.999316       786648      1462.86
       3.839     0.999414       786724      1706.67
       3.957     0.999512       786801      2048.00
       4.035     0.999561       786841      2275.56
       4.107     0.999609       786878      2560.00
       4.207     0.999658       786917      2925.71
       4.303     0.999707       786955      3413.33
       4.431     0.999756       786995      4096.00
       4.519     0.999780       787014      4551.11
       4.635     0.999805       787032      5120.00
       4.747     0.999829       787051      5851.43
       4.987     0.999854       787070      6826.67
       5.111     0.999878       787089      8192.00
       5.219     0.999890       787099      9102.22
       5.343     0.999902       787109     10240.00
       5.459     0.999915       787118     11702.86
       5.623     0.999927       787128     13653.33
       5.839     0.999939       787138     16384.00
       6.027     0.999945       787142     18204.44
       6.223     0.999951       787147     20480.00
       6.503     0.999957       787153     23405.71
       6.591     0.999963       787157     27306.67
       6.843     0.999969       787161     32768.00
       8.107     0.999973       787164     36408.89
       8.967     0.999976       787166     40960.00
      10.047     0.999979       787169     46811.43
      10.975     0.999982       787171     54613.33
      12.183     0.999985       787173     65536.00
      13.111     0.999986       787175     72817.78
      13.991     0.999988       787176     81920.00
      14.167     0.999989       787177     93622.86
      14.415     0.999991       787178    109226.67
      14.503     0.999992       787179    131072.00
      15.319     0.999993       787180    145635.56
      15.551     0.999994       787181    163840.00
      15.551     0.999995       787181    187245.71
      16.239     0.999995       787182    218453.33
      16.239     0.999996       787182    262144.00
      16.719     0.999997       787183    291271.11
      16.719     0.999997       787183    327680.00
      16.719     0.999997       787183    374491.43
      17.439     0.999998       787184    436906.67
      17.439     0.999998       787184    524288.00
      17.439     0.999998       787184    582542.22
      17.439     0.999998       787184    655360.00
      17.439     0.999999       787184    748982.86
      17.839     0.999999       787185    873813.33
      17.839     1.000000       787185          inf
#[Mean    =        1.281, StdDeviation   =        0.574]
#[Max     =       17.824, Total count    =       787185]
#[Buckets =           27, SubBuckets     =         2048]
----------------------------------------------------------
  1185295 requests in 30.00s, 110.78MB read
Requests/sec:  39509.04
Transfer/sec:      3.69MB
