Running 30s test @ http://10.116.0.2:8080/json
  4 threads and 256 connections
  Thread calibration: mean lat.: 1.958ms, rate sampling interval: 10ms
  Thread calibration: mean lat.: 1.912ms, rate sampling interval: 10ms
  Thread calibration: mean lat.: 1.939ms, rate sampling interval: 10ms
  Thread calibration: mean lat.: 2.330ms, rate sampling interval: 10ms
  Thread Stats   Avg      Stdev     Max   +/- Stdev
    Latency     1.92ms    1.64ms  30.16ms   92.82%
    Req/Sec    21.10k     1.93k   28.00k    73.02%
  Latency Distribution (HdrHistogram - Recorded Latency)
 50.000%    1.54ms
 75.000%    2.13ms
 90.000%    3.09ms
 99.000%    9.36ms
 99.900%   18.48ms
 99.990%   25.90ms
 99.999%   28.11ms
100.000%   30.17ms

  Detailed Percentile spectrum:
       Value   Percentile   TotalCount 1/(1-Percentile)

       0.231     0.000000            2         1.00
       0.832     0.100000       157614         1.11
       1.036     0.200000       315703         1.25
       1.203     0.300000       472584         1.43
       1.371     0.400000       630620         1.67
       1.545     0.500000       787501         2.00
       1.637     0.550000       866415         2.22
       1.734     0.600000       944848         2.50
       1.845     0.650000      1023971         2.86
       1.978     0.700000      1102565         3.33
       2.127     0.750000      1181145         4.00
       2.213     0.775000      1220867         4.44
       2.315     0.800000      1260126         5.00
       2.443     0.825000      1299204         5.71
       2.605     0.850000      1338657         6.67
       2.809     0.875000      1377943         8.00
       2.937     0.887500      1397513         8.89
       3.087     0.900000      1417220        10.00
       3.259     0.912500      1436954        11.43
       3.489     0.925000      1456557        13.33
       3.817     0.937500      1476242        16.00
       4.029     0.943750      1486036        17.78
       4.279     0.950000      1495979        20.00
       4.583     0.956250      1505734        22.86
       4.967     0.962500      1515567        26.67
       5.459     0.968750      1525382        32.00
       5.763     0.971875      1530342        35.56
       6.119     0.975000      1535255        40.00
       6.555     0.978125      1540149        45.71
       7.067     0.981250      1545055        53.33
       7.663     0.984375      1549975        64.00
       8.035     0.985938      1552455        71.11
       8.487     0.987500      1554898        80.00
       9.015     0.989062      1557362        91.43
       9.615     0.990625      1559831       106.67
      10.319     0.992188      1562277       128.00
      10.679     0.992969      1563510       142.22
      11.095     0.993750      1564736       160.00
      11.559     0.994531      1565981       182.86
      12.055     0.995313      1567197       213.33
      12.663     0.996094      1568434       256.00
      13.055     0.996484      1569042       284.44
      13.479     0.996875      1569658       320.00
      14.071     0.997266      1570276       365.71
      14.759     0.997656      1570888       426.67
      15.791     0.998047      1571498       512.00
      16.359     0.998242      1571806       568.89
      16.943     0.998437      1572115       640.00
      17.519     0.998633      1572429       731.43
      17.999     0.998828      1572734       853.33
      18.575     0.999023      1573039      1024.00
      18.879     0.999121      1573198      1137.78
      19.215     0.999219      1573343      1280.00
      19.647     0.999316      1573496      1462.86
      20.175     0.999414      1573650      1706.67
      20.799     0.999512      1573805      2048.00
      21.263     0.999561      1573881      2275.56
      21.615     0.999609      1573957      2560.00
      22.319     0.999658      1574034      2925.71
      23.119     0.999707      1574111      3413.33
      24.031     0.999756      1574188      4096.00
      24.447     0.999780      1574227      4551.11
      24.799     0.999805      1574266      5120.00
      25.135     0.999829      1574304      5851.43
      25.375     0.999854      1574343      6826.67
      25.615     0.999878      1574381      8192.00
      25.759     0.999890      1574400      9102.22
      25.935     0.999902      1574420     10240.00
      26.095     0.999915      1574438     11702.86
      26.303     0.999927      1574457     13653.33
      26.495     0.999939      1574478     16384.00
      26.575     0.999945      1574486     18204.44
      26.751     0.999951      1574498     20480.00
      26.943     0.999957      1574505     23405.71
      27.055     0.999963      1574515     27306.67
      27.343     0.999969      1574524     32768.00
      27.503     0.999973      1574529     36408.89
      27.599     0.999976      1574535     40960.00
      27.663     0.999979      1574539     46811.43
      27.871     0.999982      1574545     54613.33
      27.935     0.999985      1574549     65536.00
      27.951     0.999986      1574551     72817.78
      28.031     0.999988      1574553     81920.00
      28.111     0.999989      1574556     93622.86
      28.143     0.999991      1574558    109226.67
      28.319     0.999992      1574561    131072.00
      28.367     0.999993      1574562    145635.56
      28.671     0.999994      1574563    163840.00
      28.783     0.999995      1574564    187245.71
      28.815     0.999995      1574565    218453.33
      28.911     0.999996      1574566    262144.00
      28.975     0.999997      1574567    291271.11
      29.103     0.999997      1574568    327680.00
      29.103     0.999997      1574568    374491.43
      29.167     0.999998      1574569    436906.67
      29.167     0.999998      1574569    524288.00
      29.311     0.999998      1574570    582542.22
      29.311     0.999998      1574570    655360.00
      29.311     0.999999      1574570    748982.86
      29.567     0.999999      1574571    873813.33
      29.567     0.999999      1574571   1048576.00
      29.567     0.999999      1574571   1165084.44
      29.567     0.999999      1574571   1310720.00
      29.567     0.999999      1574571   1497965.71
      30.175     0.999999      1574572   1747626.67
      30.175     1.000000      1574572          inf
#[Mean    =        1.920, StdDeviation   =        1.642]
#[Max     =       30.160, Total count    =      1574572]
#[Buckets =           27, SubBuckets     =         2048]
----------------------------------------------------------
  2370434 requests in 30.00s, 391.09MB read
Requests/sec:  79015.42
Transfer/sec:     13.04MB
