Running 30s test @ http://10.116.0.2:8080/json
  4 threads and 256 connections
  Thread calibration: mean lat.: 1.168ms, rate sampling interval: 10ms
  Thread calibration: mean lat.: 1.149ms, rate sampling interval: 10ms
  Thread calibration: mean lat.: 1.352ms, rate sampling interval: 10ms
  Thread calibration: mean lat.: 1.156ms, rate sampling interval: 10ms
  Thread Stats   Avg      Stdev     Max   +/- Stdev
    Latency     1.21ms  513.51us   6.24ms   64.46%
    Req/Sec     5.26k     1.10k    7.11k    80.94%
  Latency Distribution (HdrHistogram - Recorded Latency)
 50.000%    1.17ms
 75.000%    1.59ms
 90.000%    1.89ms
 99.000%    2.43ms
 99.900%    3.41ms
 99.990%    4.50ms
 99.999%    5.82ms
100.000%    6.24ms

  Detailed Percentile spectrum:
       Value   Percentile   TotalCount 1/(1-Percentile)

       0.214     0.000000            1         1.00
       0.562     0.100000        39475         1.11
       0.729     0.200000        78959         1.25
       0.877     0.300000       118179         1.43
       1.021     0.400000       157583         1.67
       1.169     0.500000       196807         2.00
       1.247     0.550000       216621         2.22
       1.326     0.600000       236390         2.50
       1.407     0.650000       255836         2.86
       1.496     0.700000       275672         3.33
       1.586     0.750000       295255         4.00
       1.633     0.775000       305143         4.44
       1.679     0.800000       314898         5.00
       1.727     0.825000       324766         5.71
       1.777     0.850000       334721         6.67
       1.831     0.875000       344500         8.00
       1.862     0.887500       349452         8.89
       1.895     0.900000       354269        10.00
       1.933     0.912500       359191        11.43
       1.976     0.925000       364146        13.33
       2.025     0.937500       369024        16.00
       2.053     0.943750       371453        17.78
       2.085     0.950000       373973        20.00
       2.121     0.956250       376460        22.86
       2.159     0.962500       378920        26.67
       2.201     0.968750       381303        32.00
       2.227     0.971875       382609        35.56
       2.253     0.975000       383799        40.00
       2.281     0.978125       385015        45.71
       2.313     0.981250       386250        53.33
       2.347     0.984375       387468        64.00
       2.365     0.985938       388059        71.11
       2.389     0.987500       388734        80.00
       2.413     0.989062       389331        91.43
       2.439     0.990625       389932       106.67
       2.473     0.992188       390523       128.00
       2.493     0.992969       390836       142.22
       2.517     0.993750       391139       160.00
       2.545     0.994531       391454       182.86
       2.581     0.995313       391757       213.33
       2.619     0.996094       392061       256.00
       2.643     0.996484       392216       284.44
       2.675     0.996875       392366       320.00
       2.715     0.997266       392515       365.71
       2.777     0.997656       392671       426.67
       2.865     0.998047       392825       512.00
       2.939     0.998242       392900       568.89
       3.035     0.998437       392978       640.00
       3.167     0.998633       393054       731.43
       3.291     0.998828       393131       853.33
       3.433     0.999023       393208      1024.00
       3.515     0.999121       393246      1137.78
       3.619     0.999219       393284      1280.00
       3.683     0.999316       393323      1462.86
       3.761     0.999414       393361      1706.67
       3.843     0.999512       393399      2048.00
       3.887     0.999561       393419      2275.56
       3.937     0.999609       393438      2560.00
       3.991     0.999658       393457      2925.71
       4.069     0.999707       393476      3413.33
       4.147     0.999756       393496      4096.00
       4.191     0.999780       393506      4551.11
       4.227     0.999805       393517      5120.00
       4.283     0.999829       393524      5851.43
       4.319     0.999854       393534      6826.67
       4.423     0.999878       393543      8192.00
       4.479     0.999890       393548      9102.22
       4.511     0.999902       393553     10240.00
       4.591     0.999915       393558     11702.86
       4.643     0.999927       393563     13653.33
       4.715     0.999939       393568     16384.00
       4.751     0.999945       393570     18204.44
       4.763     0.999951       393572     20480.00
       4.859     0.999957       393575     23405.71
       4.899     0.999963       393577     27306.67
       4.923     0.999969       393579     32768.00
       4.947     0.999973       393581     36408.89
       4.955     0.999976       393582     40960.00
       5.011     0.999979       393583     46811.43
       5.311     0.999982       393584     54613.33
       5.491     0.999985       393586     65536.00
       5.491     0.999986       393586     72817.78
       5.819     0.999988       393587     81920.00
       5.819     0.999989       393587     93622.86
       6.111     0.999991       393588    109226.67
       6.111     0.999992       393588    131072.00
       6.179     0.999993       393589    145635.56
       6.179     0.999994       393589    163840.00
       6.179     0.999995       393589    187245.71
       6.203     0.999995       393590    218453.33
       6.203     0.999996       393590    262144.00
       6.203     0.999997       393590    291271.11
       6.203     0.999997       393590    327680.00
       6.203     0.999997       393590    374491.43
       6.239     0.999998       393591    436906.67
       6.239     1.000000       393591          inf
#[Mean    =        1.213, StdDeviation   =        0.514]
#[Max     =        6.236, Total count    =       393591]
#[Buckets =           27, SubBuckets     =         2048]
----------------------------------------------------------
  592722 requests in 30.00s, 97.79MB read
Requests/sec:  19757.10
Transfer/sec:      3.26MB
