Running 30s test @ http://10.116.0.2:8080/json
  4 threads and 64 connections
  Thread calibration: mean lat.: 87.296ms, rate sampling interval: 588ms
  Thread calibration: mean lat.: 148.125ms, rate sampling interval: 1088ms
  Thread calibration: mean lat.: 88.795ms, rate sampling interval: 596ms
  Thread calibration: mean lat.: 31.913ms, rate sampling interval: 228ms
  Thread Stats   Avg      Stdev     Max   +/- Stdev
    Latency     1.11ms  459.27us   5.33ms   61.30%
    Req/Sec     5.01k     8.97     5.03k    78.95%
  Latency Distribution (HdrHistogram - Recorded Latency)
 50.000%    1.09ms
 75.000%    1.47ms
 90.000%    1.73ms
 99.000%    2.07ms
 99.900%    2.87ms
 99.990%    3.89ms
 99.999%    4.64ms
100.000%    5.34ms

  Detailed Percentile spectrum:
       Value   Percentile   TotalCount 1/(1-Percentile)

       0.219     0.000000            2         1.00
       0.512     0.100000        40059         1.11
       0.656     0.200000        79914         1.25
       0.797     0.300000       119746         1.43
       0.940     0.400000       159379         1.67
       1.088     0.500000       199478         2.00
       1.162     0.550000       219329         2.22
       1.237     0.600000       239152         2.50
       1.315     0.650000       259099         2.86
       1.393     0.700000       278958         3.33
       1.472     0.750000       298783         4.00
       1.514     0.775000       308941         4.44
       1.555     0.800000       318872         5.00
       1.598     0.825000       328894         5.71
       1.640     0.850000       338722         6.67
       1.684     0.875000       348733         8.00
       1.707     0.887500       353687         8.89
       1.731     0.900000       358725        10.00
       1.756     0.912500       363710        11.43
       1.782     0.925000       368535        13.33
       1.813     0.937500       373636        16.00
       1.829     0.943750       376017        17.78
       1.848     0.950000       378589        20.00
       1.866     0.956250       380998        22.86
       1.890     0.962500       383524        26.67
       1.916     0.968750       385975        32.00
       1.931     0.971875       387255        35.56
       1.947     0.975000       388471        40.00
       1.964     0.978125       389675        45.71
       1.985     0.981250       390910        53.33
       2.012     0.984375       392189        64.00
       2.026     0.985938       392799        71.11
       2.042     0.987500       393403        80.00
       2.059     0.989062       394019        91.43
       2.083     0.990625       394671       106.67
       2.109     0.992188       395268       128.00
       2.125     0.992969       395596       142.22
       2.143     0.993750       395888       160.00
       2.167     0.994531       396204       182.86
       2.193     0.995313       396514       213.33
       2.225     0.996094       396822       256.00
       2.247     0.996484       396978       284.44
       2.275     0.996875       397138       320.00
       2.309     0.997266       397291       365.71
       2.351     0.997656       397444       426.67
       2.419     0.998047       397596       512.00
       2.473     0.998242       397673       568.89
       2.543     0.998437       397753       640.00
       2.633     0.998633       397829       731.43
       2.749     0.998828       397907       853.33
       2.885     0.999023       397985      1024.00
       2.931     0.999121       398023      1137.78
       3.013     0.999219       398062      1280.00
       3.083     0.999316       398101      1462.86
       3.185     0.999414       398140      1706.67
       3.265     0.999512       398180      2048.00
       3.323     0.999561       398198      2275.56
       3.399     0.999609       398218      2560.00
       3.467     0.999658       398238      2925.71
       3.519     0.999707       398258      3413.33
       3.575     0.999756       398276      4096.00
       3.609     0.999780       398286      4551.11
       3.679     0.999805       398296      5120.00
       3.729     0.999829       398305      5851.43
       3.789     0.999854       398315      6826.67
       3.847     0.999878       398325      8192.00
       3.875     0.999890       398330      9102.22
       3.905     0.999902       398335     10240.00
       3.951     0.999915       398339     11702.86
       3.993     0.999927       398344     13653.33
       4.049     0.999939       398349     16384.00
       4.139     0.999945       398352     18204.44
       4.151     0.999951       398354     20480.00
       4.171     0.999957       398356     23405.71
       4.279     0.999963       398359     27306.67
       4.291     0.999969       398361     32768.00
       4.331     0.999973       398363     36408.89
       4.351     0.999976       398364     40960.00
       4.411     0.999979       398365     46811.43
       4.415     0.999982       398366     54613.33
       4.543     0.999985       398367     65536.00
       4.567     0.999986       398368     72817.78
       4.643     0.999988       398369     81920.00
       4.643     0.999989       398369     93622.86
       4.651     0.999991       398370    109226.67
       4.651     0.999992       398370    131072.00
       4.659     0.999993       398371    145635.56
       4.659     0.999994       398371    163840.00
       4.659     0.999995       398371    187245.71
       5.083     0.999995       398372    218453.33
       5.083     0.999996       398372    262144.00
       5.083     0.999997       398372    291271.11
       5.083     0.999997       398372    327680.00
       5.083     0.999997       398372    374491.43
       5.335     0.999998       398373    436906.67
       5.335     1.000000       398373          inf
#[Mean    =        1.110, StdDeviation   =        0.459]
#[Max     =        5.332, Total count    =       398373]
#[Buckets =           27, SubBuckets     =         2048]
----------------------------------------------------------
  599242 requests in 30.00s, 98.87MB read
Requests/sec:  19974.37
Transfer/sec:      3.30MB
