Running 30s test @ http://10.116.0.2:8080/block?ms=100
  4 threads and 2000 connections
  Thread calibration: mean lat.: 102.975ms, rate sampling interval: 211ms
  Thread calibration: mean lat.: 103.063ms, rate sampling interval: 211ms
  Thread calibration: mean lat.: 102.827ms, rate sampling interval: 211ms
  Thread calibration: mean lat.: 102.914ms, rate sampling interval: 211ms
  Thread Stats   Avg      Stdev     Max   +/- Stdev
    Latency   102.75ms    2.77ms 314.62ms   89.92%
    Req/Sec     4.51k   179.72     4.73k    78.35%
  Latency Distribution (HdrHistogram - Recorded Latency)
 50.000%  101.82ms
 75.000%  103.49ms
 90.000%  105.60ms
 99.000%  113.34ms
 99.900%  119.17ms
 99.990%  122.82ms
 99.999%  282.88ms
100.000%  314.88ms

  Detailed Percentile spectrum:
       Value   Percentile   TotalCount 1/(1-Percentile)

     100.287     0.000000            1         1.00
     100.799     0.100000        32463         1.11
     101.055     0.200000        64585         1.25
     101.311     0.300000        99579         1.43
     101.567     0.400000       133750         1.67
     101.823     0.500000       158740         2.00
     102.015     0.550000       173228         2.22
     102.335     0.600000       191242         2.50
     102.655     0.650000       205597         2.86
     103.039     0.700000       221056         3.33
     103.487     0.750000       237460         4.00
     103.679     0.775000       244097         4.44
     103.935     0.800000       252294         5.00
     104.255     0.825000       261289         5.71
     104.575     0.850000       268824         6.67
     104.959     0.875000       275727         8.00
     105.279     0.887500       280103         8.89
     105.599     0.900000       283740        10.00
     105.983     0.912500       287451        11.43
     106.495     0.925000       291621        13.33
     107.071     0.937500       295250        16.00
     107.455     0.943750       297158        17.78
     107.967     0.950000       299145        20.00
     108.607     0.956250       301196        22.86
     109.247     0.962500       302999        26.67
     109.951     0.968750       305139        32.00
     110.271     0.971875       306084        35.56
     110.591     0.975000       307095        40.00
     110.911     0.978125       308022        45.71
     111.295     0.981250       309040        53.33
     111.743     0.984375       309946        64.00
     112.063     0.985938       310419        71.11
     112.447     0.987500       310879        80.00
     113.023     0.989062       311391        91.43
     113.663     0.990625       311864       106.67
     114.431     0.992188       312350       128.00
     114.815     0.992969       312617       142.22
     115.199     0.993750       312856       160.00
     115.647     0.994531       313082       182.86
     116.159     0.995313       313326       213.33
     116.799     0.996094       313568       256.00
     117.183     0.996484       313687       284.44
     117.503     0.996875       313823       320.00
     117.823     0.997266       313965       365.71
     118.079     0.997656       314069       426.67
     118.335     0.998047       314188       512.00
     118.463     0.998242       314240       568.89
     118.655     0.998437       314315       640.00
     118.847     0.998633       314386       731.43
     118.975     0.998828       314432       853.33
     119.167     0.999023       314485      1024.00
     119.295     0.999121       314522      1137.78
     119.487     0.999219       314550      1280.00
     119.679     0.999316       314584      1462.86
     119.871     0.999414       314614      1706.67
     120.127     0.999512       314648      2048.00
     120.255     0.999561       314657      2275.56
     120.447     0.999609       314673      2560.00
     120.575     0.999658       314687      2925.71
     120.895     0.999707       314700      3413.33
     121.407     0.999756       314716      4096.00
     121.599     0.999780       314723      4551.11
     122.047     0.999805       314731      5120.00
     122.175     0.999829       314739      5851.43
     122.495     0.999854       314749      6826.67
     122.623     0.999878       314754      8192.00
     122.687     0.999890       314758      9102.22
     122.815     0.999902       314763     10240.00
     123.007     0.999915       314767     11702.86
     123.135     0.999927       314769     13653.33
     123.263     0.999939       314773     16384.00
     137.727     0.999945       314775     18204.44
     157.311     0.999951       314777     20480.00
     175.871     0.999957       314779     23405.71
     197.247     0.999963       314781     27306.67
     218.751     0.999969       314783     32768.00
     229.503     0.999973       314784     36408.89
     240.127     0.999976       314785     40960.00
     250.879     0.999979       314786     46811.43
     261.503     0.999982       314787     54613.33
     272.127     0.999985       314788     65536.00
     272.127     0.999986       314788     72817.78
     282.879     0.999988       314789     81920.00
     282.879     0.999989       314789     93622.86
     293.375     0.999991       314790    109226.67
     293.375     0.999992       314790    131072.00
     293.375     0.999993       314790    145635.56
     304.127     0.999994       314791    163840.00
     304.127     0.999995       314791    187245.71
     304.127     0.999995       314791    218453.33
     304.127     0.999996       314791    262144.00
     304.127     0.999997       314791    291271.11
     314.879     0.999997       314792    327680.00
     314.879     1.000000       314792          inf
#[Mean    =      102.745, StdDeviation   =        2.773]
#[Max     =      314.624, Total count    =       314792]
#[Buckets =           27, SubBuckets     =         2048]
----------------------------------------------------------
  512841 requests in 30.00s, 78.25MB read
Requests/sec:  17094.38
Transfer/sec:      2.61MB
