Running 30s test @ http://10.116.0.2:8080/json
  4 threads and 256 connections
  Thread calibration: mean lat.: 1.351ms, rate sampling interval: 10ms
  Thread calibration: mean lat.: 1.391ms, rate sampling interval: 10ms
  Thread calibration: mean lat.: 1.435ms, rate sampling interval: 10ms
  Thread calibration: mean lat.: 1.339ms, rate sampling interval: 10ms
  Thread Stats   Avg      Stdev     Max   +/- Stdev
    Latency     1.37ms  603.16us   8.75ms   66.46%
    Req/Sec    10.53k     1.28k   16.00k    76.00%
  Latency Distribution (HdrHistogram - Recorded Latency)
 50.000%    1.30ms
 75.000%    1.78ms
 90.000%    2.18ms
 99.000%    2.94ms
 99.900%    4.30ms
 99.990%    6.02ms
 99.999%    8.08ms
100.000%    8.76ms

  Detailed Percentile spectrum:
       Value   Percentile   TotalCount 1/(1-Percentile)

       0.221     0.000000            1         1.00
       0.651     0.100000        79056         1.11
       0.826     0.200000       157502         1.25
       0.985     0.300000       236216         1.43
       1.140     0.400000       314990         1.67
       1.297     0.500000       393705         2.00
       1.379     0.550000       433024         2.22
       1.468     0.600000       472658         2.50
       1.563     0.650000       511692         2.86
       1.668     0.700000       551101         3.33
       1.780     0.750000       590543         4.00
       1.839     0.775000       610369         4.44
       1.899     0.800000       629748         5.00
       1.963     0.825000       649539         5.71
       2.030     0.850000       669295         6.67
       2.103     0.875000       689026         8.00
       2.141     0.887500       698674         8.89
       2.183     0.900000       708617        10.00
       2.229     0.912500       718394        11.43
       2.281     0.925000       728330        13.33
       2.339     0.937500       737976        16.00
       2.373     0.943750       742982        17.78
       2.411     0.950000       747998        20.00
       2.451     0.956250       752852        22.86
       2.499     0.962500       757825        26.67
       2.553     0.968750       762568        32.00
       2.587     0.971875       765136        35.56
       2.625     0.975000       767606        40.00
       2.667     0.978125       770035        45.71
       2.715     0.981250       772425        53.33
       2.777     0.984375       774892        64.00
       2.813     0.985938       776114        71.11
       2.855     0.987500       777361        80.00
       2.905     0.989062       778608        91.43
       2.959     0.990625       779788       106.67
       3.031     0.992188       781021       128.00
       3.075     0.992969       781630       142.22
       3.125     0.993750       782246       160.00
       3.187     0.994531       782872       182.86
       3.267     0.995313       783477       213.33
       3.363     0.996094       784095       256.00
       3.423     0.996484       784399       284.44
       3.499     0.996875       784705       320.00
       3.585     0.997266       785010       365.71
       3.689     0.997656       785319       426.67
       3.811     0.998047       785625       512.00
       3.887     0.998242       785784       568.89
       3.969     0.998437       785938       640.00
       4.061     0.998633       786087       731.43
       4.171     0.998828       786240       853.33
       4.315     0.999023       786396      1024.00
       4.383     0.999121       786473      1137.78
       4.475     0.999219       786551      1280.00
       4.567     0.999316       786625      1462.86
       4.667     0.999414       786701      1706.67
       4.823     0.999512       786779      2048.00
       4.907     0.999561       786819      2275.56
       4.987     0.999609       786857      2560.00
       5.091     0.999658       786894      2925.71
       5.207     0.999707       786933      3413.33
       5.311     0.999756       786970      4096.00
       5.403     0.999780       786990      4551.11
       5.459     0.999805       787009      5120.00
       5.559     0.999829       787028      5851.43
       5.687     0.999854       787047      6826.67
       5.787     0.999878       787066      8192.00
       5.903     0.999890       787076      9102.22
       6.039     0.999902       787087     10240.00
       6.215     0.999915       787095     11702.86
       6.511     0.999927       787105     13653.33
       6.603     0.999939       787114     16384.00
       6.695     0.999945       787119     18204.44
       6.827     0.999951       787124     20480.00
       6.991     0.999957       787129     23405.71
       7.175     0.999963       787134     27306.67
       7.531     0.999969       787139     32768.00
       7.603     0.999973       787141     36408.89
       7.743     0.999976       787143     40960.00
       7.843     0.999979       787146     46811.43
       7.959     0.999982       787148     54613.33
       7.975     0.999985       787150     65536.00
       8.079     0.999986       787152     72817.78
       8.083     0.999988       787154     81920.00
       8.083     0.999989       787154     93622.86
       8.207     0.999991       787155    109226.67
       8.295     0.999992       787156    131072.00
       8.303     0.999993       787157    145635.56
       8.447     0.999994       787158    163840.00
       8.447     0.999995       787158    187245.71
       8.559     0.999995       787159    218453.33
       8.559     0.999996       787159    262144.00
       8.679     0.999997       787160    291271.11
       8.679     0.999997       787160    327680.00
       8.679     0.999997       787160    374491.43
       8.727     0.999998       787161    436906.67
       8.727     0.999998       787161    524288.00
       8.727     0.999998       787161    582542.22
       8.727     0.999998       787161    655360.00
       8.727     0.999999       787161    748982.86
       8.759     0.999999       787162    873813.33
       8.759     1.000000       787162          inf
#[Mean    =        1.375, StdDeviation   =        0.603]
#[Max     =        8.752, Total count    =       787162]
#[Buckets =           27, SubBuckets     =         2048]
----------------------------------------------------------
  1185300 requests in 30.00s, 195.56MB read
Requests/sec:  39508.88
Transfer/sec:      6.52MB
