Running 30s test @ http://10.116.0.2:8080/block?ms=100
  4 threads and 1000 connections
  Thread calibration: mean lat.: 104.905ms, rate sampling interval: 216ms
  Thread calibration: mean lat.: 105.493ms, rate sampling interval: 218ms
  Thread calibration: mean lat.: 104.995ms, rate sampling interval: 217ms
  Thread calibration: mean lat.: 105.736ms, rate sampling interval: 221ms
  Thread Stats   Avg      Stdev     Max   +/- Stdev
    Latency   103.04ms    1.94ms 117.06ms   75.50%
    Req/Sec     2.25k   104.69     2.84k    88.86%
  Latency Distribution (HdrHistogram - Recorded Latency)
 50.000%  102.65ms
 75.000%  103.87ms
 90.000%  105.54ms
 99.000%  109.63ms
 99.900%  112.77ms
 99.990%  114.75ms
 99.999%  115.71ms
100.000%  117.12ms

  Detailed Percentile spectrum:
       Value   Percentile   TotalCount 1/(1-Percentile)

     100.351     0.000000           16         1.00
     101.055     0.100000        17061         1.11
     101.439     0.200000        34093         1.25
     101.823     0.300000        50567         1.43
     102.271     0.400000        68836         1.67
     102.655     0.500000        84304         2.00
     102.911     0.550000        94521         2.22
     103.103     0.600000       101926         2.50
     103.359     0.650000       111348         2.86
     103.615     0.700000       119653         3.33
     103.871     0.750000       126610         4.00
     104.063     0.775000       131151         4.44
     104.255     0.800000       135198         5.00
     104.511     0.825000       139890         5.71
     104.767     0.850000       143598         6.67
     105.087     0.875000       147563         8.00
     105.279     0.887500       149485         8.89
     105.535     0.900000       151692        10.00
     105.855     0.912500       154080        11.43
     106.175     0.925000       156042        13.33
     106.559     0.937500       158059        16.00
     106.751     0.943750       158946        17.78
     107.071     0.950000       160196        20.00
     107.327     0.956250       161147        22.86
     107.647     0.962500       162262        26.67
     107.967     0.968750       163311        32.00
     108.159     0.971875       163808        35.56
     108.351     0.975000       164327        40.00
     108.543     0.978125       164762        45.71
     108.799     0.981250       165339        53.33
     109.055     0.984375       165805        64.00
     109.247     0.985938       166127        71.11
     109.375     0.987500       166333        80.00
     109.567     0.989062       166643        91.43
     109.759     0.990625       166866       106.67
     110.015     0.992188       167149       128.00
     110.143     0.992969       167292       142.22
     110.271     0.993750       167421       160.00
     110.399     0.994531       167523       182.86
     110.591     0.995313       167646       213.33
     110.783     0.996094       167764       256.00
     110.911     0.996484       167821       284.44
     111.103     0.996875       167902       320.00
     111.231     0.997266       167955       365.71
     111.551     0.997656       168033       426.67
     111.871     0.998047       168091       512.00
     111.999     0.998242       168124       568.89
     112.191     0.998437       168155       640.00
     112.447     0.998633       168193       731.43
     112.575     0.998828       168220       853.33
     112.767     0.999023       168251      1024.00
     112.895     0.999121       168266      1137.78
     113.023     0.999219       168283      1280.00
     113.151     0.999316       168300      1462.86
     113.279     0.999414       168312      1706.67
     113.471     0.999512       168328      2048.00
     113.599     0.999561       168338      2275.56
     113.791     0.999609       168345      2560.00
     113.919     0.999658       168353      2925.71
     114.047     0.999707       168361      3413.33
     114.303     0.999756       168374      4096.00
     114.303     0.999780       168374      4551.11
     114.431     0.999805       168380      5120.00
     114.495     0.999829       168386      5851.43
     114.495     0.999854       168386      6826.67
     114.687     0.999878       168390      8192.00
     114.751     0.999890       168394      9102.22
     114.751     0.999902       168394     10240.00
     114.815     0.999915       168396     11702.86
     114.879     0.999927       168399     13653.33
     114.943     0.999939       168400     16384.00
     115.007     0.999945       168402     18204.44
     115.007     0.999951       168402     20480.00
     115.071     0.999957       168404     23405.71
     115.071     0.999963       168404     27306.67
     115.199     0.999969       168405     32768.00
     115.263     0.999973       168406     36408.89
     115.263     0.999976       168406     40960.00
     115.391     0.999979       168407     46811.43
     115.391     0.999982       168407     54613.33
     115.711     0.999985       168408     65536.00
     115.711     0.999986       168408     72817.78
     115.711     0.999988       168408     81920.00
     116.991     0.999989       168409     93622.86
     116.991     0.999991       168409    109226.67
     116.991     0.999992       168409    131072.00
     116.991     0.999993       168409    145635.56
     116.991     0.999994       168409    163840.00
     117.119     0.999995       168410    187245.71
     117.119     1.000000       168410          inf
#[Mean    =      103.038, StdDeviation   =        1.937]
#[Max     =      117.056, Total count    =       168410]
#[Buckets =           27, SubBuckets     =         2048]
----------------------------------------------------------
  260168 requests in 30.00s, 39.70MB read
Requests/sec:   8671.98
Transfer/sec:      1.32MB
