Running 30s test @ http://10.116.0.2:8080/block?ms=100
  4 threads and 2000 connections
  Thread calibration: mean lat.: 103.750ms, rate sampling interval: 218ms
  Thread calibration: mean lat.: 103.693ms, rate sampling interval: 215ms
  Thread calibration: mean lat.: 103.417ms, rate sampling interval: 213ms
  Thread calibration: mean lat.: 103.789ms, rate sampling interval: 216ms
  Thread Stats   Avg      Stdev     Max   +/- Stdev
    Latency   102.77ms    2.56ms 124.61ms   89.83%
    Req/Sec     4.51k   132.55     4.82k    81.42%
  Latency Distribution (HdrHistogram - Recorded Latency)
 50.000%  101.89ms
 75.000%  103.55ms
 90.000%  105.41ms
 99.000%  114.11ms
 99.900%  118.21ms
 99.990%  120.89ms
 99.999%  123.14ms
100.000%  124.67ms

  Detailed Percentile spectrum:
       Value   Percentile   TotalCount 1/(1-Percentile)

     100.287     0.000000            3         1.00
     100.863     0.100000        38196         1.11
     101.119     0.200000        70304         1.25
     101.311     0.300000        96277         1.43
     101.567     0.400000       128496         1.67
     101.887     0.500000       158050         2.00
     102.143     0.550000       174782         2.22
     102.463     0.600000       190788         2.50
     102.783     0.650000       204854         2.86
     103.167     0.700000       221038         3.33
     103.551     0.750000       236438         4.00
     103.807     0.775000       246036         4.44
     103.999     0.800000       252608         5.00
     104.255     0.825000       260412         5.71
     104.575     0.850000       268744         6.67
     104.895     0.875000       275474         8.00
     105.151     0.887500       279969         8.89
     105.407     0.900000       283618        10.00
     105.727     0.912500       287555        11.43
     106.111     0.925000       291232        13.33
     106.687     0.937500       295148        16.00
     107.071     0.943750       297135        17.78
     107.583     0.950000       299240        20.00
     108.159     0.956250       301075        22.86
     108.991     0.962500       303109        26.67
     109.887     0.968750       304998        32.00
     110.335     0.971875       305931        35.56
     110.847     0.975000       306947        40.00
     111.423     0.978125       307915        45.71
     112.127     0.981250       308932        53.33
     112.767     0.984375       309893        64.00
     113.151     0.985938       310421        71.11
     113.535     0.987500       310853        80.00
     113.919     0.989062       311437        91.43
     114.239     0.990625       311869       106.67
     114.623     0.992188       312338       128.00
     114.879     0.992969       312598       142.22
     115.135     0.993750       312855       160.00
     115.391     0.994531       313082       182.86
     115.711     0.995313       313344       213.33
     116.031     0.996094       313569       256.00
     116.223     0.996484       313683       284.44
     116.479     0.996875       313822       320.00
     116.735     0.997266       313954       365.71
     116.927     0.997656       314055       426.67
     117.247     0.998047       314173       512.00
     117.439     0.998242       314242       568.89
     117.631     0.998437       314312       640.00
     117.823     0.998633       314357       731.43
     118.015     0.998828       314423       853.33
     118.271     0.999023       314486      1024.00
     118.399     0.999121       314519      1137.78
     118.527     0.999219       314548      1280.00
     118.655     0.999316       314570      1462.86
     118.911     0.999414       314600      1706.67
     119.167     0.999512       314632      2048.00
     119.295     0.999561       314649      2275.56
     119.487     0.999609       314667      2560.00
     119.615     0.999658       314678      2925.71
     119.807     0.999707       314698      3413.33
     119.999     0.999756       314710      4096.00
     120.063     0.999780       314715      4551.11
     120.255     0.999805       314727      5120.00
     120.383     0.999829       314733      5851.43
     120.639     0.999854       314741      6826.67
     120.831     0.999878       314750      8192.00
     120.831     0.999890       314750      9102.22
     120.895     0.999902       314755     10240.00
     121.023     0.999915       314759     11702.86
     121.151     0.999927       314762     13653.33
     121.343     0.999939       314766     16384.00
     121.471     0.999945       314767     18204.44
     121.727     0.999951       314769     20480.00
     121.983     0.999957       314772     23405.71
     122.047     0.999963       314773     27306.67
     122.303     0.999969       314775     32768.00
     122.623     0.999973       314776     36408.89
     122.687     0.999976       314777     40960.00
     122.943     0.999979       314780     46811.43
     122.943     0.999982       314780     54613.33
     122.943     0.999985       314780     65536.00
     122.943     0.999986       314780     72817.78
     123.135     0.999988       314781     81920.00
     123.135     0.999989       314781     93622.86
     123.775     0.999991       314782    109226.67
     123.775     0.999992       314782    131072.00
     123.775     0.999993       314782    145635.56
     124.159     0.999994       314783    163840.00
     124.159     0.999995       314783    187245.71
     124.159     0.999995       314783    218453.33
     124.159     0.999996       314783    262144.00
     124.159     0.999997       314783    291271.11
     124.671     0.999997       314784    327680.00
     124.671     1.000000       314784          inf
#[Mean    =      102.772, StdDeviation   =        2.565]
#[Max     =      124.608, Total count    =       314784]
#[Buckets =           27, SubBuckets     =         2048]
----------------------------------------------------------
  512832 requests in 30.00s, 78.25MB read
Requests/sec:  17094.25
Transfer/sec:      2.61MB
