1790897550 91596
1790897551 117268
1790897552 212992
1790897553 231368
1790897554 237660
1790897555 238632
1790897556 239296
1790897557 239292
1790897558 239300
1790897559 239304
1790897560 239336
1790897561 239340
1790897562 239352
1790897563 239396
1790897564 239416
1790897565 239432
1790897566 239436
1790897567 239440
1790897568 239468
1790897569 239468
1790897570 239472
1790897572 239472
1790897573 239476
1790897574 239476
1790897575 239484
1790897576 239484
1790897577 239484
1790897578 239500
1790897579 239500
1790897580 239520
1790897581 239544
1790897582 270084
1790897583 296520
1790897584 296684
1790897585 296796
1790897586 296964
1790897587 297100
1790897588 297228
1790897589 297340
1790897590 297460
1790897591 297580
1790897592 297676
1790897593 297788
1790897594 297900
1790897595 298004
1790897596 298116
1790897597 298228
1790897599 300536
1790897600 300552
1790897601 300572
1790897602 300580
1790897603 300580
1790897604 300636
1790897605 300636
1790897606 301508
1790897607 301512
1790897608 301520
1790897609 301528
1790897610 301532
1790897611 301620
1790897612 301636
1790897613 283004
1790897614 283104
1790897615 283584
1790897616 283596
1790897617 283596
1790897618 283596
1790897619 283596
1790897620 283596
1790897621 283596
1790897622 283596
1790897623 283596
1790897625 283596
1790897626 283596
1790897627 283596
1790897628 283596
1790897629 283596
1790897630 283596
1790897631 283600
1790897632 283600
1790897633 283600
1790897634 283600
1790897635 283600
1790897636 283600
1790897637 283600
1790897638 283600
1790897639 283600
1790897640 283600
1790897641 283616
1790897642 283620
1790897643 283624
1790897644 283636
1790897645 283744
1790897646 283744
1790897647 283744
1790897648 283744
1790897649 283744
1790897651 283744
1790897652 283744
1790897653 283744
1790897654 283744
1790897655 283744
1790897656 283744
1790897657 283744
1790897658 283748
1790897659 283752
1790897660 283752
1790897661 283756
1790897662 283768
1790897663 283768
1790897664 283768
1790897665 283768
1790897666 283768
1790897667 283768
1790897668 283816
1790897669 283820
1790897670 283820
1790897672 284036
1790897673 284056
1790897674 284056
1790897675 284060
1790897676 284060
1790897677 284060
1790897678 284064
1790897679 284064
1790897680 284064
1790897681 284064
1790897682 284064
1790897683 284064
1790897684 284064
1790897685 284064
1790897686 284064
1790897687 284068
1790897689 284072
1790897690 306640
1790897691 306644
1790897692 306648
1790897693 306652
1790897694 306652
1790897695 306652
1790897696 306652
1790897697 306656
1790897698 306656
1790897699 306656
1790897700 306656
1790897701 306668
1790897702 334396
1790897703 334400
1790897705 334400
1790897706 334400
1790897707 334400
1790897708 334400
1790897709 334404
1790897710 334404
1790897711 334404
1790897712 334404
1790897713 334408
1790897714 334408
1790897715 334408
1790897717 334412
1790897718 334412
1790897719 334412
1790897720 334412
1790897721 334416
1790897722 334416
1790897723 334416
1790897724 334416
1790897725 334416
1790897726 334420
1790897727 334420
1790897729 334420
1790897730 334420
1790897731 334444
1790897732 334452
1790897733 367312
1790897734 367320
1790897735 367324
1790897736 367324
1790897738 367324
1790897739 367324
1790897740 367324
1790897741 367324
1790897742 367324
1790897743 367328
1790897744 367328
1790897745 367328
1790897746 367328
1790897748 367328
1790897749 367328
1790897750 367328
1790897751 367332
1790897752 367332
1790897753 367332
1790897754 367332
1790897755 367332
1790897756 367332
1790897758 367332
1790897759 367336
1790897760 367340
1790897761 367340
1790897762 367352
1790897763 367356
1790897764 367360
1790897765 367360
1790897766 367360
1790897767 367360
1790897768 367360
1790897770 367360
1790897771 367360
1790897772 367360
1790897773 367360
1790897774 367360
1790897775 367360
1790897776 367360
1790897777 367364
1790897778 367368
1790897779 367372
1790897781 367372
1790897782 367372
1790897783 367376
1790897784 367376
1790897785 367376
1790897786 367376
1790897787 367376
1790897788 367380
1790897789 367380
1790897790 367384
1790897791 367384
1790897792 367384
1790897793 378932
1790897795 378968
1790897796 378968
1790897797 378968
1790897798 378968
1790897799 378976
1790897800 378984
1790897801 378992
1790897802 378996
1790897803 379000
1790897804 379004
1790897805 380372
1790897806 371140
1790897807 371148
1790897808 371152
1790897809 371152
1790897810 371156
1790897811 371156
1790897812 371156
1790897813 371156
1790897814 371156
1790897815 371164
1790897816 371164
1790897817 371164
1790897818 371164
1790897819 371164
1790897820 371164
1790897821 371164
1790897822 383680
1790897824 384016
1790897825 385820
1790897826 385832
1790897827 385832
1790897828 385836
1790897829 385836
1790897830 385852
1790897831 386740
1790897832 386744
1790897833 386744
1790897834 386756
1790897835 386756
1790897836 386760
1790897837 386760
1790897838 386768
1790897839 386768
1790897840 386768
1790897841 386772
1790897842 386776
1790897843 386776
1790897845 386776
1790897846 386776
1790897847 386776
1790897848 386784
1790897849 386784
1790897850 386784
1790897851 386792
1790897852 386796
1790897853 407620
1790897854 408568
1790897855 464292
1790897856 505788
1790897857 749960
1790897858 781708
1790897859 829964
1790897860 836168
1790897861 836988
1790897863 842252
1790897864 842264
1790897865 842264
1790897866 842272
1790897867 842272
1790897868 842332
1790897869 842332
1790897870 842344
1790897871 842420
1790897872 842420
1790897873 842420
1790897874 835276
1790897875 835276
1790897876 835276
1790897877 835276
1790897879 835276
1790897880 821832
1790897881 821860
1790897882 821860
1790897883 821860
1790897884 821920
1790897885 821976
1790897886 822032
1790897887 822192
1790897888 822468
1790897889 822760
1790897890 822996
1790897891 823172
1790897892 831024
1790897894 895556
1790897895 1003060
1790897896 1003060
1790897897 1003064
1790897898 1003064
1790897899 1003068
1790897900 1005428
1790897901 1005428
1790897902 1005432
1790897903 1005432
1790897904 1005440
1790897906 1005440
1790897907 1005440
1790897908 1005440
1790897909 1005596
1790897910 1005596
1790897911 1005640
