Running 30s test @ http://10.116.0.2:8080/json
  4 threads and 256 connections
  Thread calibration: mean lat.: 1101.246ms, rate sampling interval: 8536ms
  Thread calibration: mean lat.: 1122.785ms, rate sampling interval: 8691ms
  Thread calibration: mean lat.: 838.079ms, rate sampling interval: 8445ms
  Thread calibration: mean lat.: 1004.763ms, rate sampling interval: 8765ms
  Thread Stats   Avg      Stdev     Max   +/- Stdev
    Latency     4.65s     3.44s   13.74s    57.83%
    Req/Sec    22.10k   721.99    22.93k    50.00%
  Latency Distribution (HdrHistogram - Recorded Latency)
 50.000%    4.55s 
 75.000%    7.97s 
 90.000%    8.44s 
 99.000%   13.05s 
 99.900%   13.57s 
 99.990%   13.68s 
 99.999%   13.73s 
100.000%   13.75s 

  Detailed Percentile spectrum:
       Value   Percentile   TotalCount 1/(1-Percentile)

       0.336     0.000000            1         1.00
       8.171     0.100000       173684         1.11
     183.167     0.200000       347371         1.25
    2922.495     0.300000       521200         1.43
    4202.495     0.400000       697296         1.67
    4546.559     0.500000       869049         2.00
    5185.535     0.550000       955566         2.22
    5881.855     0.600000      1043503         2.50
    6033.407     0.650000      1129957         2.86
    6684.671     0.700000      1215973         3.33
    7966.719     0.750000      1306572         4.00
    7995.391     0.775000      1347550         4.44
    8040.447     0.800000      1389534         5.00
    8069.119     0.825000      1433725         5.71
    8093.695     0.850000      1481928         6.67
    8118.271     0.875000      1520240         8.00
    8323.071     0.887500      1541417         8.89
    8437.759     0.900000      1563399        10.00
    8527.871     0.912500      1585224        11.43
    8593.407     0.925000      1606835        13.33
    8683.519     0.937500      1630201        16.00
    8724.479     0.943750      1640860        17.78
    8765.439     0.950000      1650187        20.00
    9551.871     0.956250      1660802        22.86
   10919.935     0.962500      1671680        26.67
   12287.999     0.968750      1682474        32.00
   12623.871     0.971875      1688033        35.56
   12705.791     0.975000      1693932        40.00
   12771.327     0.978125      1699055        45.71
   12845.055     0.981250      1704325        53.33
   12918.783     0.984375      1709786        64.00
   12959.743     0.985938      1712939        71.11
   12992.511     0.987500      1715458        80.00
   13025.279     0.989062      1717956        91.43
   13066.239     0.990625      1720850       106.67
   13099.007     0.992188      1723219       128.00
   13123.583     0.992969      1724744       142.22
   13148.159     0.993750      1725977       160.00
   13189.119     0.994531      1727371       182.86
   13246.463     0.995313      1728767       213.33
   13311.999     0.996094      1730051       256.00
   13352.959     0.996484      1730768       284.44
   13385.727     0.996875      1731448       320.00
   13418.495     0.997266      1732106       365.71
   13451.263     0.997656      1732706       426.67
   13484.031     0.998047      1733370       512.00
   13500.415     0.998242      1733701       568.89
   13516.799     0.998437      1734037       640.00
   13541.375     0.998633      1734527       731.43
   13557.759     0.998828      1734859       853.33
   13574.143     0.999023      1735201      1024.00
   13582.335     0.999121      1735354      1137.78
   13590.527     0.999219      1735491      1280.00
   13598.719     0.999316      1735630      1462.86
   13606.911     0.999414      1735738      1706.67
   13623.295     0.999512      1735939      2048.00
   13631.487     0.999561      1736001      2275.56
   13639.679     0.999609      1736106      2560.00
   13647.871     0.999658      1736227      2925.71
   13656.063     0.999707      1736351      3413.33
   13656.063     0.999756      1736351      4096.00
   13664.255     0.999780      1736454      4551.11
   13664.255     0.999805      1736454      5120.00
   13664.255     0.999829      1736454      5851.43
   13672.447     0.999854      1736570      6826.67
   13672.447     0.999878      1736570      8192.00
   13672.447     0.999890      1736570      9102.22
   13680.639     0.999902      1736636     10240.00
   13680.639     0.999915      1736636     11702.86
   13680.639     0.999927      1736636     13653.33
   13688.831     0.999939      1736670     16384.00
   13688.831     0.999945      1736670     18204.44
   13688.831     0.999951      1736670     20480.00
   13697.023     0.999957      1736700     23405.71
   13697.023     0.999963      1736700     27306.67
   13697.023     0.999969      1736700     32768.00
   13697.023     0.999973      1736700     36408.89
   13713.407     0.999976      1736706     40960.00
   13721.599     0.999979      1736716     46811.43
   13721.599     0.999982      1736716     54613.33
   13729.791     0.999985      1736729     65536.00
   13729.791     0.999986      1736729     72817.78
   13729.791     0.999988      1736729     81920.00
   13729.791     0.999989      1736729     93622.86
   13737.983     0.999991      1736735    109226.67
   13737.983     0.999992      1736735    131072.00
   13737.983     0.999993      1736735    145635.56
   13737.983     0.999994      1736735    163840.00
   13746.175     0.999995      1736745    187245.71
   13746.175     1.000000      1736745          inf
#[Mean    =     4649.414, StdDeviation   =     3442.316]
#[Max     =    13737.984, Total count    =      1736745]
#[Buckets =           27, SubBuckets     =         2048]
----------------------------------------------------------
  2633827 requests in 30.00s, 434.54MB read
Requests/sec:  87795.68
Transfer/sec:     14.49MB
