Running 30s test @ http://10.116.0.2:8080/block?ms=100
  4 threads and 8000 connections
  Thread calibration: mean lat.: 2128.632ms, rate sampling interval: 9158ms
  Thread calibration: mean lat.: 2137.084ms, rate sampling interval: 9191ms
  Thread calibration: mean lat.: 2132.145ms, rate sampling interval: 9199ms
  Thread calibration: mean lat.: 2151.345ms, rate sampling interval: 9240ms
  Thread Stats   Avg      Stdev     Max   +/- Stdev
    Latency     7.29s     1.22s    9.53s    59.60%
    Req/Sec    10.81k    17.89    10.84k    50.00%
  Latency Distribution (HdrHistogram - Recorded Latency)
 50.000%    7.32s 
 75.000%    8.32s 
 90.000%    8.95s 
 99.000%    9.41s 
 99.900%    9.50s 
 99.990%    9.52s 
 99.999%    9.53s 
100.000%    9.54s 

  Detailed Percentile spectrum:
       Value   Percentile   TotalCount 1/(1-Percentile)

    4255.743     0.000000            1         1.00
    5681.151     0.100000        43605         1.11
    6057.983     0.200000        86950         1.25
    6455.295     0.300000       130190         1.43
    6881.279     0.400000       173813         1.67
    7323.647     0.500000       217160         2.00
    7540.735     0.550000       238678         2.22
    7720.959     0.600000       260308         2.50
    7933.951     0.650000       282204         2.86
    8105.983     0.700000       303722         3.33
    8318.975     0.750000       325653         4.00
    8413.183     0.775000       336537         4.44
    8511.487     0.800000       347161         5.00
    8609.791     0.825000       357970         5.71
    8740.863     0.850000       369380         6.67
    8847.359     0.875000       379983         8.00
    8896.511     0.887500       385037         8.89
    8945.663     0.900000       390388        10.00
    9003.007     0.912500       396259        11.43
    9060.351     0.925000       401580        13.33
    9142.271     0.937500       406792        16.00
    9183.231     0.943750       409627        17.78
    9215.999     0.950000       412429        20.00
    9248.767     0.956250       415006        22.86
    9281.535     0.962500       418184        26.67
    9306.111     0.968750       420393        32.00
    9322.495     0.971875       421961        35.56
    9338.879     0.975000       423698        40.00
    9347.071     0.978125       424489        45.71
    9363.455     0.981250       425788        53.33
    9388.031     0.984375       427349        64.00
    9396.223     0.985938       428023        71.11
    9404.415     0.987500       428751        80.00
    9412.607     0.989062       429486        91.43
    9420.799     0.990625       430179       106.67
    9428.991     0.992188       430890       128.00
    9428.991     0.992969       430890       142.22
    9437.183     0.993750       431394       160.00
    9437.183     0.994531       431394       182.86
    9445.375     0.995313       431783       213.33
    9453.567     0.996094       432119       256.00
    9461.759     0.996484       432342       284.44
    9469.951     0.996875       432525       320.00
    9478.143     0.997266       432729       365.71
    9486.335     0.997656       432931       426.67
    9486.335     0.998047       432931       512.00
    9494.527     0.998242       433171       568.89
    9494.527     0.998437       433171       640.00
    9494.527     0.998633       433171       731.43
    9502.719     0.998828       433453       853.33
    9502.719     0.999023       433453      1024.00
    9502.719     0.999121       433453      1137.78
    9502.719     0.999219       433453      1280.00
    9510.911     0.999316       433678      1462.86
    9510.911     0.999414       433678      1706.67
    9510.911     0.999512       433678      2048.00
    9510.911     0.999561       433678      2275.56
    9510.911     0.999609       433678      2560.00
    9510.911     0.999658       433678      2925.71
    9510.911     0.999707       433678      3413.33
    9510.911     0.999756       433678      4096.00
    9510.911     0.999780       433678      4551.11
    9510.911     0.999805       433678      5120.00
    9519.103     0.999829       433743      5851.43
    9519.103     0.999854       433743      6826.67
    9519.103     0.999878       433743      8192.00
    9519.103     0.999890       433743      9102.22
    9519.103     0.999902       433743     10240.00
    9519.103     0.999915       433743     11702.86
    9519.103     0.999927       433743     13653.33
    9519.103     0.999939       433743     16384.00
    9519.103     0.999945       433743     18204.44
    9519.103     0.999951       433743     20480.00
    9519.103     0.999957       433743     23405.71
    9519.103     0.999963       433743     27306.67
    9527.295     0.999969       433757     32768.00
    9527.295     0.999973       433757     36408.89
    9527.295     0.999976       433757     40960.00
    9527.295     0.999979       433757     46811.43
    9527.295     0.999982       433757     54613.33
    9527.295     0.999985       433757     65536.00
    9527.295     0.999986       433757     72817.78
    9527.295     0.999988       433757     81920.00
    9527.295     0.999989       433757     93622.86
    9527.295     0.999991       433757    109226.67
    9527.295     0.999992       433757    131072.00
    9527.295     0.999993       433757    145635.56
    9527.295     0.999994       433757    163840.00
    9527.295     0.999995       433757    187245.71
    9527.295     0.999995       433757    218453.33
    9527.295     0.999996       433757    262144.00
    9527.295     0.999997       433757    291271.11
    9527.295     0.999997       433757    327680.00
    9527.295     0.999997       433757    374491.43
    9535.487     0.999998       433758    436906.67
    9535.487     1.000000       433758          inf
#[Mean    =     7289.653, StdDeviation   =     1218.919]
#[Max     =     9527.296, Total count    =       433758]
#[Buckets =           27, SubBuckets     =         2048]
----------------------------------------------------------
  1132886 requests in 30.00s, 172.86MB read
Requests/sec:  37762.35
Transfer/sec:      5.76MB
