Running 30s test @ http://10.116.0.2:8080/json
  4 threads and 256 connections
  Thread calibration: mean lat.: 1.714ms, rate sampling interval: 10ms
  Thread calibration: mean lat.: 1.440ms, rate sampling interval: 10ms
  Thread calibration: mean lat.: 1.501ms, rate sampling interval: 10ms
  Thread calibration: mean lat.: 1.487ms, rate sampling interval: 10ms
  Thread Stats   Avg      Stdev     Max   +/- Stdev
    Latency     1.54ms  703.85us  13.30ms   69.92%
    Req/Sec    15.82k     1.49k   25.67k    73.80%
  Latency Distribution (HdrHistogram - Recorded Latency)
 50.000%    1.45ms
 75.000%    1.97ms
 90.000%    2.44ms
 99.000%    3.50ms
 99.900%    5.76ms
 99.990%    9.65ms
 99.999%   12.22ms
100.000%   13.30ms

  Detailed Percentile spectrum:
       Value   Percentile   TotalCount 1/(1-Percentile)

       0.218     0.000000            1         1.00
       0.733     0.100000       118230         1.11
       0.930     0.200000       236243         1.25
       1.105     0.300000       354726         1.43
       1.277     0.400000       472571         1.67
       1.452     0.500000       590647         2.00
       1.543     0.550000       649633         2.22
       1.638     0.600000       708578         2.50
       1.739     0.650000       767721         2.86
       1.848     0.700000       826621         3.33
       1.968     0.750000       885621         4.00
       2.033     0.775000       915132         4.44
       2.101     0.800000       944774         5.00
       2.173     0.825000       974585         5.71
       2.251     0.850000      1004124         6.67
       2.339     0.875000      1033538         8.00
       2.387     0.887500      1048078         8.89
       2.439     0.900000      1062822        10.00
       2.497     0.912500      1077869        11.43
       2.561     0.925000      1092574        13.33
       2.635     0.937500      1107265        16.00
       2.677     0.943750      1114684        17.78
       2.723     0.950000      1121912        20.00
       2.777     0.956250      1129161        22.86
       2.841     0.962500      1136522        26.67
       2.921     0.968750      1143943        32.00
       2.969     0.971875      1147614        35.56
       3.025     0.975000      1151352        40.00
       3.085     0.978125      1155016        45.71
       3.153     0.981250      1158708        53.33
       3.239     0.984375      1162350        64.00
       3.297     0.985938      1164223        71.11
       3.363     0.987500      1166042        80.00
       3.443     0.989062      1167869        91.43
       3.537     0.990625      1169732       106.67
       3.655     0.992188      1171579       128.00
       3.727     0.992969      1172490       142.22
       3.815     0.993750      1173401       160.00
       3.919     0.994531      1174316       182.86
       4.053     0.995313      1175244       213.33
       4.223     0.996094      1176179       256.00
       4.327     0.996484      1176640       284.44
       4.443     0.996875      1177098       320.00
       4.587     0.997266      1177552       365.71
       4.751     0.997656      1178020       426.67
       4.951     0.998047      1178473       512.00
       5.071     0.998242      1178705       568.89
       5.219     0.998437      1178935       640.00
       5.387     0.998633      1179167       731.43
       5.575     0.998828      1179395       853.33
       5.783     0.999023      1179623      1024.00
       5.907     0.999121      1179739      1137.78
       6.043     0.999219      1179852      1280.00
       6.195     0.999316      1179967      1462.86
       6.399     0.999414      1180082      1706.67
       6.623     0.999512      1180197      2048.00
       6.767     0.999561      1180257      2275.56
       6.903     0.999609      1180312      2560.00
       7.071     0.999658      1180370      2925.71
       7.247     0.999707      1180428      3413.33
       7.543     0.999756      1180485      4096.00
       7.731     0.999780      1180514      4551.11
       7.963     0.999805      1180543      5120.00
       8.199     0.999829      1180572      5851.43
       8.799     0.999854      1180601      6826.67
       9.327     0.999878      1180629      8192.00
       9.543     0.999890      1180645      9102.22
       9.663     0.999902      1180659     10240.00
       9.903     0.999915      1180673     11702.86
      10.119     0.999927      1180687     13653.33
      10.535     0.999939      1180701     16384.00
      10.703     0.999945      1180709     18204.44
      10.911     0.999951      1180716     20480.00
      11.143     0.999957      1180723     23405.71
      11.423     0.999963      1180730     27306.67
      11.711     0.999969      1180737     32768.00
      11.751     0.999973      1180741     36408.89
      11.847     0.999976      1180745     40960.00
      11.927     0.999979      1180749     46811.43
      11.991     0.999982      1180752     54613.33
      12.087     0.999985      1180755     65536.00
      12.167     0.999986      1180757     72817.78
      12.199     0.999988      1180759     81920.00
      12.215     0.999989      1180761     93622.86
      12.239     0.999991      1180763    109226.67
      12.295     0.999992      1180764    131072.00
      12.359     0.999993      1180765    145635.56
      12.471     0.999994      1180766    163840.00
      12.495     0.999995      1180767    187245.71
      12.583     0.999995      1180768    218453.33
      12.711     0.999996      1180769    262144.00
      12.711     0.999997      1180769    291271.11
      12.831     0.999997      1180770    327680.00
      12.831     0.999997      1180770    374491.43
      12.975     0.999998      1180771    436906.67
      12.975     0.999998      1180771    524288.00
      12.975     0.999998      1180771    582542.22
      13.151     0.999998      1180772    655360.00
      13.151     0.999999      1180772    748982.86
      13.151     0.999999      1180772    873813.33
      13.151     0.999999      1180772   1048576.00
      13.151     0.999999      1180772   1165084.44
      13.303     0.999999      1180773   1310720.00
      13.303     1.000000      1180773          inf
#[Mean    =        1.543, StdDeviation   =        0.704]
#[Max     =       13.296, Total count    =      1180773]
#[Buckets =           27, SubBuckets     =         2048]
----------------------------------------------------------
  1777871 requests in 30.00s, 293.32MB read
Requests/sec:  59262.81
Transfer/sec:      9.78MB
