Running 30s test @ http://10.116.0.2:8080/block?ms=100
  4 threads and 4000 connections
  Thread calibration: mean lat.: 183.377ms, rate sampling interval: 483ms
  Thread calibration: mean lat.: 168.995ms, rate sampling interval: 463ms
  Thread calibration: mean lat.: 181.480ms, rate sampling interval: 464ms
  Thread calibration: mean lat.: 180.721ms, rate sampling interval: 463ms
  Thread Stats   Avg      Stdev     Max   +/- Stdev
    Latency   122.86ms   23.17ms 232.45ms   84.42%
    Req/Sec     9.00k   404.75     9.86k    69.29%
  Latency Distribution (HdrHistogram - Recorded Latency)
 50.000%  115.01ms
 75.000%  133.89ms
 90.000%  157.18ms
 99.000%  196.61ms
 99.900%  219.77ms
 99.990%  229.63ms
 99.999%  231.93ms
100.000%  232.57ms

  Detailed Percentile spectrum:
       Value   Percentile   TotalCount 1/(1-Percentile)

     100.351     0.000000            7         1.00
     101.759     0.100000        55715         1.11
     103.359     0.200000       108867         1.25
     105.855     0.300000       162640         1.43
     109.439     0.400000       215921         1.67
     115.007     0.500000       269464         2.00
     118.527     0.550000       296441         2.22
     121.919     0.600000       323300         2.50
     125.439     0.650000       350244         2.86
     129.343     0.700000       377415         3.33
     133.887     0.750000       404359         4.00
     136.703     0.775000       417639         4.44
     139.775     0.800000       431187         5.00
     143.103     0.825000       444607         5.71
     147.071     0.850000       458151         6.67
     151.807     0.875000       471625         8.00
     154.239     0.887500       478219         8.89
     157.183     0.900000       485141        10.00
     160.255     0.912500       491679        11.43
     163.967     0.925000       498458        13.33
     167.807     0.937500       505286        16.00
     169.727     0.943750       508551        17.78
     172.031     0.950000       511970        20.00
     174.463     0.956250       515234        22.86
     177.151     0.962500       518739        26.67
     179.839     0.968750       521957        32.00
     181.759     0.971875       523674        35.56
     183.551     0.975000       525342        40.00
     185.599     0.978125       527033        45.71
     188.287     0.981250       528751        53.33
     190.719     0.984375       530402        64.00
     192.127     0.985938       531256        71.11
     193.535     0.987500       532096        80.00
     195.199     0.989062       532926        91.43
     197.631     0.990625       533782       106.67
     199.935     0.992188       534603       128.00
     201.343     0.992969       535025       142.22
     202.879     0.993750       535452       160.00
     204.415     0.994531       535858       182.86
     205.823     0.995313       536290       213.33
     207.487     0.996094       536714       256.00
     208.511     0.996484       536897       284.44
     209.663     0.996875       537114       320.00
     211.455     0.997266       537325       365.71
     213.119     0.997656       537528       426.67
     214.911     0.998047       537748       512.00
     215.679     0.998242       537849       568.89
     216.575     0.998437       537958       640.00
     217.599     0.998633       538056       731.43
     218.879     0.998828       538170       853.33
     219.775     0.999023       538264      1024.00
     220.287     0.999121       538322      1137.78
     220.927     0.999219       538376      1280.00
     221.951     0.999316       538426      1462.86
     222.847     0.999414       538483      1706.67
     223.871     0.999512       538530      2048.00
     224.383     0.999561       538556      2275.56
     225.023     0.999609       538583      2560.00
     225.535     0.999658       538610      2925.71
     226.047     0.999707       538633      3413.33
     226.559     0.999756       538660      4096.00
     227.199     0.999780       538676      4551.11
     227.583     0.999805       538685      5120.00
     228.223     0.999829       538703      5851.43
     228.607     0.999854       538712      6826.67
     228.991     0.999878       538728      8192.00
     229.375     0.999890       538732      9102.22
     229.759     0.999902       538740     10240.00
     230.143     0.999915       538747     11702.86
     230.399     0.999927       538753     13653.33
     230.783     0.999939       538760     16384.00
     230.911     0.999945       538762     18204.44
     231.039     0.999951       538766     20480.00
     231.167     0.999957       538767     23405.71
     231.423     0.999963       538773     27306.67
     231.551     0.999969       538775     32768.00
     231.679     0.999973       538780     36408.89
     231.679     0.999976       538780     40960.00
     231.679     0.999979       538780     46811.43
     231.807     0.999982       538783     54613.33
     231.807     0.999985       538783     65536.00
     231.807     0.999986       538783     72817.78
     231.935     0.999988       538785     81920.00
     231.935     0.999989       538785     93622.86
     232.063     0.999991       538787    109226.67
     232.063     0.999992       538787    131072.00
     232.063     0.999993       538787    145635.56
     232.063     0.999994       538787    163840.00
     232.191     0.999995       538788    187245.71
     232.191     0.999995       538788    218453.33
     232.191     0.999996       538788    262144.00
     232.575     0.999997       538790    291271.11
     232.575     1.000000       538790          inf
#[Mean    =      122.861, StdDeviation   =       23.166]
#[Max     =      232.448, Total count    =       538790]
#[Buckets =           27, SubBuckets     =         2048]
----------------------------------------------------------
  982612 requests in 30.00s, 149.93MB read
Requests/sec:  32753.02
Transfer/sec:      5.00MB
