Running 30s test @ http://10.116.0.2:8080/json
  4 threads and 256 connections
  Thread calibration: mean lat.: 1.165ms, rate sampling interval: 10ms
  Thread calibration: mean lat.: 1.162ms, rate sampling interval: 10ms
  Thread calibration: mean lat.: 1.166ms, rate sampling interval: 10ms
  Thread calibration: mean lat.: 1.361ms, rate sampling interval: 10ms
  Thread Stats   Avg      Stdev     Max   +/- Stdev
    Latency     1.21ms  522.24us  10.26ms   65.40%
    Req/Sec     5.26k     1.10k    9.40k    81.33%
  Latency Distribution (HdrHistogram - Recorded Latency)
 50.000%    1.17ms
 75.000%    1.59ms
 90.000%    1.89ms
 99.000%    2.42ms
 99.900%    3.61ms
 99.990%    7.37ms
 99.999%    9.60ms
100.000%   10.26ms

  Detailed Percentile spectrum:
       Value   Percentile   TotalCount 1/(1-Percentile)

       0.204     0.000000            1         1.00
       0.559     0.100000        39419         1.11
       0.725     0.200000        78963         1.25
       0.874     0.300000       118217         1.43
       1.016     0.400000       157505         1.67
       1.167     0.500000       197025         2.00
       1.244     0.550000       216634         2.22
       1.325     0.600000       236318         2.50
       1.407     0.650000       255846         2.86
       1.497     0.700000       275625         3.33
       1.589     0.750000       295308         4.00
       1.634     0.775000       305161         4.44
       1.679     0.800000       314888         5.00
       1.726     0.825000       324903         5.71
       1.774     0.850000       334628         6.67
       1.828     0.875000       344511         8.00
       1.857     0.887500       349422         8.89
       1.889     0.900000       354281        10.00
       1.926     0.912500       359234        11.43
       1.968     0.925000       364102        13.33
       2.017     0.937500       369015        16.00
       2.045     0.943750       371509        17.78
       2.075     0.950000       373936        20.00
       2.111     0.956250       376492        22.86
       2.149     0.962500       378939        26.67
       2.191     0.968750       381338        32.00
       2.215     0.971875       382571        35.56
       2.241     0.975000       383784        40.00
       2.269     0.978125       385001        45.71
       2.301     0.981250       386241        53.33
       2.337     0.984375       387489        64.00
       2.357     0.985938       388104        71.11
       2.379     0.987500       388717        80.00
       2.401     0.989062       389293        91.43
       2.431     0.990625       389912       106.67
       2.469     0.992188       390538       128.00
       2.491     0.992969       390841       142.22
       2.517     0.993750       391146       160.00
       2.545     0.994531       391456       182.86
       2.589     0.995313       391764       213.33
       2.643     0.996094       392075       256.00
       2.681     0.996484       392215       284.44
       2.721     0.996875       392372       320.00
       2.779     0.997266       392524       365.71
       2.865     0.997656       392676       426.67
       3.011     0.998047       392831       512.00
       3.075     0.998242       392909       568.89
       3.195     0.998437       392983       640.00
       3.333     0.998633       393060       731.43
       3.483     0.998828       393136       853.33
       3.641     0.999023       393213      1024.00
       3.759     0.999121       393252      1137.78
       3.873     0.999219       393291      1280.00
       4.015     0.999316       393328      1462.86
       4.243     0.999414       393367      1706.67
       4.391     0.999512       393405      2048.00
       4.551     0.999561       393425      2275.56
       4.687     0.999609       393444      2560.00
       4.787     0.999658       393464      2925.71
       4.947     0.999707       393482      3413.33
       5.203     0.999756       393501      4096.00
       5.327     0.999780       393511      4551.11
       5.583     0.999805       393521      5120.00
       5.811     0.999829       393530      5851.43
       6.071     0.999854       393540      6826.67
       6.839     0.999878       393549      8192.00
       7.199     0.999890       393554      9102.22
       7.395     0.999902       393559     10240.00
       7.843     0.999915       393564     11702.86
       8.103     0.999927       393569     13653.33
       8.187     0.999939       393573     16384.00
       8.351     0.999945       393576     18204.44
       8.423     0.999951       393578     20480.00
       8.631     0.999957       393582     23405.71
       8.735     0.999963       393583     27306.67
       9.127     0.999969       393585     32768.00
       9.207     0.999973       393587     36408.89
       9.303     0.999976       393588     40960.00
       9.439     0.999979       393589     46811.43
       9.463     0.999982       393590     54613.33
       9.495     0.999985       393591     65536.00
       9.575     0.999986       393592     72817.78
       9.599     0.999988       393593     81920.00
       9.599     0.999989       393593     93622.86
       9.703     0.999991       393594    109226.67
       9.703     0.999992       393594    131072.00
      10.095     0.999993       393595    145635.56
      10.095     0.999994       393595    163840.00
      10.095     0.999995       393595    187245.71
      10.255     0.999995       393596    218453.33
      10.255     0.999996       393596    262144.00
      10.255     0.999997       393596    291271.11
      10.255     0.999997       393596    327680.00
      10.255     0.999997       393596    374491.43
      10.263     0.999998       393597    436906.67
      10.263     1.000000       393597          inf
#[Mean    =        1.211, StdDeviation   =        0.522]
#[Max     =       10.256, Total count    =       393597]
#[Buckets =           27, SubBuckets     =         2048]
----------------------------------------------------------
  592728 requests in 30.00s, 97.79MB read
Requests/sec:  19757.11
Transfer/sec:      3.26MB
