Linux 6.8.0-142-generic (cafeai-bench-loadgen) 	10/01/26 	_x86_64_	(4 CPU)

23:26:25     CPU    %usr   %nice    %sys %iowait    %irq   %soft  %steal  %guest  %gnice   %idle
23:26:26     all    1.52    0.00    4.04    0.00    0.00    3.03    0.00    0.00    0.00   91.41
23:26:27     all    4.33    0.00    9.67    0.00    0.00    4.83    0.00    0.00    0.00   81.17
23:26:28     all    4.10    0.00   10.26    0.00    0.00    6.41    0.00    0.00    0.00   79.23
23:26:29     all    4.08    0.00    7.65    0.00    0.00    4.59    0.00    0.00    0.00   83.67
23:26:30     all    3.64    0.00    7.27    0.00    0.00    3.64    0.26    0.00    0.00   85.19
23:26:31     all    4.29    0.00    7.58    0.00    0.00    5.05    0.00    0.00    0.00   83.08
23:26:32     all    4.51    0.00    8.02    0.00    0.00    4.76    0.00    0.00    0.00   82.71
23:26:33     all    4.69    0.00    7.90    0.00    0.00    4.69    0.00    0.00    0.00   82.72
23:26:34     all    5.42    0.00    7.39    0.00    0.00    4.68    0.00    0.00    0.00   82.51
23:26:35     all    4.46    0.00    8.66    0.00    0.00    4.46    0.00    0.00    0.00   82.43
23:26:36     all    5.21    0.00    7.20    0.00    0.00    4.47    0.00    0.00    0.00   83.13
23:26:37     all    5.20    0.00    7.18    0.00    0.00    4.95    0.00    0.00    0.00   82.67
23:26:38     all    5.17    0.00    6.16    0.00    0.00    5.91    0.00    0.00    0.00   82.76
23:26:39     all    5.46    0.00    6.95    0.00    0.00    4.96    0.00    0.00    0.00   82.63
23:26:40     all    4.44    0.00    8.15    0.00    0.00    4.69    0.00    0.00    0.00   82.72
23:26:41     all    5.43    0.00    7.16    0.25    0.00    4.69    0.00    0.00    0.00   82.47
23:26:42     all    5.20    0.00    7.67    0.00    0.00    4.70    0.00    0.00    0.00   82.43
23:26:43     all    4.96    0.00    7.44    0.00    0.00    4.47    0.00    0.00    0.00   83.13
23:26:44     all    4.96    0.00    7.20    0.00    0.00    4.71    0.00    0.00    0.00   83.13
23:26:45     all    5.91    0.00    7.39    0.00    0.00    4.43    0.00    0.00    0.00   82.27
23:26:46     all    4.94    0.00    7.16    0.00    0.00    5.43    0.00    0.00    0.00   82.47
23:26:47     all    5.90    0.00    6.88    0.00    0.00    5.16    0.00    0.00    0.00   82.06
23:26:48     all    6.13    0.00    7.60    0.00    0.00    5.15    0.00    0.00    0.00   81.13
23:26:49     all   16.83    0.00   11.31    0.00    0.00    4.52    0.00    0.00    0.00   67.34
23:26:50     all    5.21    0.00    7.20    0.00    0.00    4.71    0.00    0.00    0.00   82.88
23:26:51     all    5.13    0.00    8.31    0.00    0.00    4.65    0.00    0.00    0.00   81.91
23:26:52     all    4.95    0.00    7.43    0.00    0.00    4.46    0.00    0.00    0.00   83.17
23:26:53     all    5.72    0.00    6.72    0.00    0.00    4.73    0.00    0.00    0.00   82.84
23:26:54     all    5.35    0.00    8.03    0.24    0.00    5.35    0.00    0.00    0.00   81.02
23:26:55     all    4.95    0.00    6.93    0.00    0.00    5.20    0.00    0.00    0.00   82.92
23:26:56     all    0.75    0.00    0.25    0.00    0.00    0.50    0.00    0.00    0.00   98.50
23:26:57     all    1.26    0.00    4.29    0.00    0.00    3.54    0.00    0.00    0.00   90.91
23:26:58     all    2.54    0.00    3.05    0.00    0.00    3.30    0.00    0.00    0.00   91.12
23:26:59     all    2.53    0.00    3.03    0.00    0.00    2.78    0.25    0.00    0.00   91.41
23:27:00     all    2.77    0.00    3.02    0.00    0.00    3.53    0.00    0.00    0.00   90.68
23:27:01     all    2.54    0.00    3.55    0.00    0.00    2.54    0.00    0.00    0.00   91.37
23:27:02     all    2.51    0.00    3.77    0.00    0.00    2.76    0.00    0.00    0.00   90.95
23:27:03     all    2.28    0.00    3.80    0.00    0.00    2.53    0.00    0.00    0.00   91.39
23:27:04     all    2.50    0.00    3.50    0.00    0.00    3.25    0.00    0.00    0.00   90.75
23:27:05     all    1.78    0.00    3.31    0.00    0.00    3.05    0.00    0.00    0.00   91.86
23:27:06     all    2.28    0.00    3.54    0.00    0.00    2.78    0.00    0.00    0.00   91.39
23:27:07     all    2.79    0.00    2.79    0.00    0.00    2.79    0.00    0.00    0.00   91.62
23:27:08     all    1.76    0.00    3.53    0.00    0.00    3.27    0.25    0.00    0.00   91.18
23:27:09     all    2.79    0.00    3.05    0.00    0.00    2.54    0.00    0.00    0.00   91.62
23:27:10     all    2.76    0.00    3.51    0.00    0.00    3.01    0.25    0.00    0.00   90.48
23:27:11     all    3.02    0.00    3.27    0.00    0.00    2.77    0.00    0.00    0.00   90.93
23:27:12     all    2.05    0.00    3.32    0.00    0.00    2.30    0.00    0.00    0.00   92.33
23:27:13     all    2.02    0.00    3.54    0.00    0.00    3.03    0.00    0.00    0.00   91.41
23:27:14     all    2.52    0.00    3.53    0.00    0.00    2.77    0.00    0.00    0.00   91.18
23:27:15     all    2.52    0.00    3.53    0.00    0.00    2.77    0.00    0.00    0.00   91.18
23:27:16     all    2.28    0.00    3.55    0.00    0.00    2.54    0.00    0.00    0.00   91.62
23:27:17     all    2.76    0.00    3.02    0.00    0.00    3.27    0.25    0.00    0.00   90.70
23:27:18     all    2.28    0.00    3.30    0.00    0.00    2.54    0.00    0.00    0.00   91.88
23:27:19     all    2.28    0.00    3.05    0.00    0.00    2.54    0.00    0.00    0.00   92.13
23:27:20     all    2.52    0.00    3.53    0.00    0.00    3.02    0.00    0.00    0.00   90.93
23:27:21     all    2.54    0.00    2.79    0.00    0.00    2.79    0.00    0.00    0.00   91.88
23:27:22     all    2.28    0.00    3.29    0.00    0.00    2.78    0.00    0.00    0.00   91.65
23:27:23     all    2.51    0.00    3.27    0.00    0.00    3.02    0.00    0.00    0.00   91.21
23:27:24     all    2.28    0.00    3.30    0.00    0.00    3.05    0.00    0.00    0.00   91.37
23:27:25     all    3.04    0.00    3.54    0.00    0.00    2.28    0.00    0.00    0.00   91.14
23:27:26     all    5.22    0.00    4.73    0.00    0.00    3.98    0.00    0.00    0.00   86.07
23:27:27     all    7.20    0.00    6.70    0.00    0.00    3.72    0.00    0.00    0.00   82.38
23:27:28     all    6.63    0.00    6.88    0.00    0.00    5.16    0.00    0.00    0.00   81.33
23:27:29     all    5.99    0.00    6.98    0.00    0.00    4.74    0.00    0.00    0.00   82.29
23:27:30     all    6.63    0.00    7.62    0.00    0.00    4.42    0.00    0.00    0.00   81.33
23:27:31     all    7.20    0.00    7.20    0.00    0.00    3.97    0.00    0.00    0.00   81.64
23:27:32     all    6.45    0.00    7.20    0.00    0.00    4.22    0.00    0.00    0.00   82.13
23:27:33     all    6.25    0.00    7.00    0.00    0.00    4.25    0.00    0.00    0.00   82.50
23:27:34     all    6.48    0.00    6.23    0.00    0.00    4.49    0.00    0.00    0.00   82.79
23:27:35     all    6.00    0.00    8.00    0.00    0.00    3.25    0.00    0.00    0.00   82.75
23:27:36     all    7.13    0.00    7.37    0.00    0.00    4.18    0.00    0.00    0.00   81.33
23:27:37     all    6.97    0.00    6.47    0.00    0.00    4.23    0.25    0.00    0.00   82.09
23:27:38     all    6.42    0.00    8.15    0.25    0.00    3.95    0.00    0.00    0.00   81.23
23:27:39     all    6.91    0.00    7.16    0.00    0.00    3.95    0.00    0.00    0.00   81.98
23:27:40     all    6.50    0.00    6.75    0.00    0.00    4.25    0.00    0.00    0.00   82.50
23:27:41     all    6.30    0.00    6.80    0.00    0.00    3.78    0.00    0.00    0.00   83.12
23:27:42     all    6.14    0.00    7.37    0.00    0.00    4.91    0.00    0.00    0.00   81.57
23:27:43     all    6.27    0.00    7.02    0.00    0.00    3.76    0.00    0.00    0.00   82.96
23:27:44     all    7.14    0.00    7.39    0.00    0.00    4.19    0.00    0.00    0.00   81.28
23:27:45     all    6.20    0.00    7.20    0.00    0.00    4.22    0.00    0.00    0.00   82.38
23:27:46     all    6.44    0.00    7.43    0.00    0.00    3.96    0.00    0.00    0.00   82.18
23:27:47     all    6.22    0.00    6.47    0.00    0.00    5.22    0.00    0.00    0.00   82.09
23:27:48     all    6.93    0.00    7.18    0.00    0.00    3.96    0.00    0.00    0.00   81.93
23:27:49     all    6.27    0.00    7.02    0.00    0.00    4.01    0.00    0.00    0.00   82.71
23:27:50     all   11.91    0.00    8.68    0.00    0.00    4.71    0.00    0.00    0.00   74.69
23:27:51     all   14.18    0.00    9.20    0.00    0.00    4.73    0.00    0.00    0.00   71.89
23:27:52     all    5.96    0.00    7.20    0.00    0.00    4.47    0.00    0.00    0.00   82.38
23:27:53     all    6.85    0.00    7.58    0.49    0.00    4.40    0.00    0.00    0.00   80.68
23:27:54     all    6.48    0.00    7.23    0.00    0.00    4.24    0.00    0.00    0.00   82.04
23:27:55     all    6.72    0.00    6.72    0.00    0.00    4.48    0.25    0.00    0.00   81.84
23:27:56     all    5.68    0.00    8.38    0.00    0.00    1.62    0.00    0.00    0.00   84.32
23:27:57     all   10.29    0.00   13.19    0.00    0.00    4.22    0.00    0.00    0.00   72.30
23:27:58     all   10.10    0.00   14.77    0.00    0.00    5.18    0.00    0.00    0.00   69.95
23:27:59     all    8.40    0.00   12.74    0.00    0.00    5.42    0.81    0.00    0.00   72.63
23:28:00     all    8.85    0.00   12.87    0.00    0.00    6.17    0.00    0.00    0.00   72.12
23:28:01     all    9.02    0.00   14.32    0.00    0.00    5.57    0.00    0.00    0.00   71.09
23:28:02     all    9.46    0.00   11.08    0.00    0.00    6.22    0.00    0.00    0.00   73.24
23:28:03     all    9.54    0.00   11.17    0.00    0.00    6.54    0.00    0.00    0.00   72.75
23:28:04     all    8.26    0.00   11.57    0.00    0.00    6.06    0.00    0.00    0.00   74.10
23:28:05     all    9.46    0.00   11.62    0.00    0.00    6.22    0.00    0.00    0.00   72.70
23:28:06     all    9.59    0.00   10.96    0.00    0.00    5.75    0.00    0.00    0.00   73.70
23:28:07     all    9.21    0.00   11.92    0.00    0.00    5.96    0.00    0.00    0.00   72.90
23:28:08     all    8.54    0.00   11.29    0.00    0.00    5.79    0.00    0.00    0.00   74.38
23:28:09     all    8.42    0.00   11.96    0.00    0.00    6.79    0.00    0.00    0.00   72.83
23:28:10     all   10.43    0.00   11.76    0.00    0.00    5.61    0.00    0.00    0.00   72.19
23:28:11     all   11.02    0.00   12.34    0.00    0.00    6.04    0.00    0.00    0.00   70.60
23:28:12     all    9.14    0.00   13.17    0.00    0.00    5.91    0.00    0.00    0.00   71.77
23:28:13     all    9.19    0.00   11.89    0.00    0.00    5.95    0.00    0.00    0.00   72.97
23:28:14     all    9.02    0.00   11.20    0.00    0.00    6.28    0.00    0.00    0.00   73.50
23:28:15     all    8.47    0.00   11.75    0.00    0.00    6.01    0.00    0.00    0.00   73.77
23:28:16     all    9.28    0.00   12.20    0.00    0.00    6.37    0.00    0.00    0.00   72.15
23:28:17     all    9.71    0.00   12.34    0.00    0.00    6.82    0.00    0.00    0.00   71.13
23:28:18     all   10.97    0.00   12.76    0.00    0.00    7.40    0.00    0.00    0.00   68.88
23:28:19     all    8.85    0.00   12.76    0.00    0.00    7.03    0.00    0.00    0.00   71.35
23:28:20     all   10.34    0.00   12.40    0.00    0.00    7.49    0.00    0.00    0.00   69.77
23:28:21     all   10.51    0.00   12.05    0.00    0.00    7.44    0.00    0.00    0.00   70.00
23:28:22     all   10.24    0.00   12.86    0.00    0.00    6.04    0.00    0.00    0.00   70.87
23:28:23     all    9.56    0.00   13.44    0.00    0.00    6.46    0.00    0.00    0.00   70.54
23:28:24     all   10.00    0.00   11.05    0.00    0.00    7.37    0.00    0.00    0.00   71.58
23:28:25     all    9.92    0.00   12.01    0.00    0.00    7.05    0.00    0.00    0.00   71.02
23:28:26     all    8.76    0.00   10.82    0.00    0.00    5.41    0.00    0.00    0.00   75.00
23:28:27     all   14.43    0.00   17.78    0.00    0.00    9.79    0.00    0.00    0.00   57.99
23:28:28     all   15.97    0.00   18.59    0.00    0.00    9.95    0.00    0.00    0.00   55.50
23:28:29     all   14.84    0.00   20.31    0.00    0.00    9.64    0.00    0.00    0.00   55.21
23:28:30     all   16.49    0.00   19.63    0.00    0.00    8.64    0.26    0.00    0.00   54.97
23:28:31     all   15.04    0.00   19.00    0.00    0.00    9.50    0.00    0.00    0.00   56.46
23:28:32     all   15.17    0.00   20.57    0.00    0.00    8.74    0.26    0.00    0.00   55.27
23:28:33     all   15.80    0.00   18.91    0.00    0.00    9.33    0.00    0.00    0.00   55.96
23:28:34     all   14.81    0.00   19.84    0.00    0.00    8.73    0.00    0.00    0.00   56.61
23:28:35     all   15.54    0.00   19.43    0.00    0.00    9.07    0.00    0.00    0.00   55.96
23:28:36     all   16.28    0.00   19.12    0.00    0.00    9.04    0.00    0.00    0.00   55.56
23:28:37     all   17.22    0.00   18.77    0.00    0.00    8.74    0.00    0.00    0.00   55.27
23:28:38     all   15.50    0.00   20.16    0.00    0.00    8.01    0.00    0.00    0.00   56.33
23:28:39     all   15.06    0.00   20.00    0.52    0.00    8.31    0.00    0.00    0.00   56.10
23:28:40     all   14.36    0.00   20.89    0.00    0.00    7.57    0.00    0.00    0.00   57.18
23:28:41     all   15.76    0.00   20.16    0.00    0.00    8.27    0.00    0.00    0.00   55.81
23:28:42     all   14.99    0.00   19.90    0.00    0.00    8.53    0.00    0.00    0.00   56.59
23:28:43     all   15.38    0.00   19.74    0.00    0.00    8.97    0.00    0.00    0.00   55.90
23:28:44     all   15.80    0.00   19.43    0.00    0.00    9.07    0.00    0.00    0.00   55.70
23:28:45     all   14.36    0.00   19.58    0.00    0.00    8.62    0.52    0.00    0.00   56.92
23:28:46     all   15.93    0.00   19.58    0.00    0.00    8.09    0.00    0.00    0.00   56.40
23:28:47     all   16.15    0.00   19.53    0.00    0.00    8.33    0.00    0.00    0.00   55.99
23:28:48     all   14.32    0.00   20.57    0.00    0.00    8.59    0.00    0.00    0.00   56.51
23:28:49     all   14.43    0.00   21.13    0.00    0.00    7.99    0.00    0.00    0.00   56.44
23:28:50     all   15.58    0.00   19.48    0.00    0.00    8.57    0.00    0.00    0.00   56.36
23:28:51     all   16.49    0.00   18.81    0.00    0.00    9.02    0.00    0.00    0.00   55.67
23:28:52     all   28.72    0.00   20.51    0.00    0.00    9.49    0.00    0.00    0.00   41.28
23:28:53     all   19.01    0.00   20.31    0.00    0.00    9.38    0.00    0.00    0.00   51.30
23:28:54     all   14.92    0.00   19.63    0.00    0.00    9.69    0.26    0.00    0.00   55.50
23:28:55     all   16.67    0.00   18.97    0.00    0.00   10.00    0.00    0.00    0.00   54.36
23:28:56     all   15.24    0.00   17.91    0.00    0.00   10.70    0.00    0.00    0.00   56.15
23:28:57     all   21.92    0.00   20.00    0.00    0.00   14.79    0.00    0.00    0.00   43.29
23:28:58     all   20.43    0.00   21.24    0.00    0.00   14.78    0.27    0.00    0.00   43.28
23:28:59     all   19.25    0.00   21.12    0.00    0.00   14.97    0.00    0.00    0.00   44.65
23:29:00     all   20.60    0.00   21.95    0.00    0.00   13.82    0.00    0.00    0.00   43.63
23:29:01     all   20.44    0.00   20.98    0.00    0.00   14.17    0.00    0.00    0.00   44.41
23:29:02     all   21.20    0.00   21.47    0.00    0.00   13.32    0.00    0.00    0.00   44.02
23:29:03     all   21.43    0.00   21.15    0.00    0.00   14.01    0.00    0.00    0.00   43.41
23:29:04     all   20.94    0.00   21.49    0.00    0.00   12.95    0.00    0.00    0.00   44.63
23:29:05     all   20.77    0.00   20.22    0.00    0.00   14.21    0.00    0.00    0.00   44.81
23:29:06     all   21.15    0.00   20.88    0.00    0.00   13.46    0.27    0.00    0.00   44.23
23:29:07     all   21.10    0.00   20.55    0.00    0.00   14.25    0.00    0.00    0.00   44.11
23:29:08     all   21.11    0.00   20.00    0.00    0.00   15.00    0.00    0.00    0.00   43.89
23:29:09     all   20.92    0.00   20.38    0.00    0.00   14.40    0.00    0.00    0.00   44.29
23:29:10     all   20.97    0.00   20.97    0.00    0.00   12.90    0.00    0.00    0.00   45.16
23:29:11     all   20.00    0.00   20.53    0.00    0.00   14.40    0.00    0.00    0.00   45.07
23:29:12     all   20.92    0.00   20.65    0.00    0.00   13.86    0.00    0.00    0.00   44.57
23:29:13     all   20.77    0.00   20.22    0.00    0.00   13.93    0.00    0.00    0.00   45.08
23:29:14     all   20.97    0.00   20.97    0.00    0.00   13.98    0.00    0.00    0.00   44.09
23:29:15     all   22.07    0.00   19.89    0.00    0.00   13.62    0.54    0.00    0.00   43.87
23:29:16     all   20.43    0.00   21.51    0.00    0.00   13.98    0.00    0.00    0.00   44.09
23:29:17     all   19.68    0.00   22.91    0.00    0.00   12.67    0.00    0.00    0.00   44.74
23:29:18     all   21.95    0.00   20.33    0.00    0.00   13.55    0.00    0.00    0.00   44.17
23:29:19     all   20.43    0.00   21.51    0.00    0.00   13.17    0.00    0.00    0.00   44.89
23:29:20     all   21.18    0.00   21.45    0.00    0.00   13.67    0.00    0.00    0.00   43.70
23:29:21     all   20.92    0.00   20.65    0.00    0.00   13.86    0.00    0.00    0.00   44.57
23:29:22     all   20.55    0.00   20.55    0.00    0.00   13.70    0.27    0.00    0.00   44.93
23:29:23     all   20.44    0.00   21.25    0.00    0.00   13.35    0.00    0.00    0.00   44.96
23:29:24     all   20.87    0.00   20.87    0.00    0.00   13.82    0.00    0.00    0.00   44.44
23:29:25     all   20.05    0.00   21.95    0.00    0.00   13.28    0.27    0.00    0.00   44.44
23:29:26     all   15.08    0.00   15.34    0.00    0.00    8.73    0.00    0.00    0.00   60.85
23:29:27     all   16.17    0.00   27.76    0.00    0.00   16.17    0.00    0.00    0.00   39.89
23:29:28     all   17.38    0.00   31.55    0.00    0.00   18.98    0.00    0.00    0.00   32.09
23:29:29     all   17.19    0.00   34.64    0.00    0.00   16.93    0.00    0.00    0.00   31.25
23:29:30     all   16.09    0.00   34.04    0.00    0.00   18.47    0.00    0.00    0.00   31.40
23:29:31     all   16.32    0.00   33.42    0.00    0.00   18.65    0.00    0.00    0.00   31.61
23:29:32     all   17.49    0.00   34.99    0.00    0.00   17.75    0.00    0.00    0.00   29.77
23:29:33     all   16.71    0.00   33.68    0.00    0.00   19.06    0.00    0.00    0.00   30.55
23:29:34     all   16.40    0.00   33.60    0.00    0.00   18.78    0.00    0.00    0.00   31.22
23:29:35     all   15.62    0.00   35.42    0.00    0.00   18.49    0.00    0.00    0.00   30.47
23:29:36     all   15.62    0.00   34.64    0.00    0.00   18.75    0.00    0.00    0.00   30.99
23:29:37     all   15.30    0.00   34.04    0.00    0.00   19.26    0.00    0.00    0.00   31.40
23:29:38     all   17.11    0.00   35.00    0.00    0.00   17.37    0.00    0.00    0.00   30.53
23:29:39     all   18.21    0.00   32.98    0.00    0.00   17.68    0.00    0.00    0.00   31.13
23:29:40     all   16.18    0.00   35.81    0.00    0.00   17.77    0.00    0.00    0.00   30.24
23:29:41     all   17.63    0.00   32.89    0.00    0.00   18.95    0.00    0.00    0.00   30.53
23:29:42     all   16.27    0.00   34.91    0.00    0.00   18.11    0.00    0.00    0.00   30.71
23:29:43     all   15.93    0.00   35.51    0.00    0.00   18.28    0.00    0.00    0.00   30.29
23:29:44     all   16.98    0.00   33.69    0.00    0.00   17.77    0.00    0.00    0.00   31.56
23:29:45     all   17.02    0.00   34.29    0.00    0.00   18.06    0.00    0.00    0.00   30.63
23:29:46     all   17.38    0.00   32.62    0.00    0.00   18.45    0.00    0.00    0.00   31.55
23:29:47     all   17.02    0.00   34.04    0.00    0.00   17.82    0.00    0.00    0.00   31.12
23:29:48     all   16.36    0.00   34.30    0.00    0.00   18.21    0.00    0.00    0.00   31.13
23:29:49     all   16.27    0.00   32.53    0.00    0.00   19.20    0.00    0.00    0.00   32.00
23:29:50     all   18.23    0.00   34.11    0.00    0.00   17.71    0.00    0.00    0.00   29.95
23:29:51     all   16.41    0.00   34.64    0.00    0.00   17.97    0.26    0.00    0.00   30.73
23:29:52     all   16.27    0.00   34.40    0.00    0.00   18.13    0.00    0.00    0.00   31.20
23:29:53     all   16.62    0.00   34.55    0.00    0.00   17.66    0.00    0.00    0.00   31.17
23:29:54     all   17.06    0.00   35.17    0.00    0.00   18.37    0.00    0.00    0.00   29.40
23:29:55     all   32.38    0.00   35.23    0.00    0.00   17.88    0.00    0.00    0.00   14.51
23:29:56     all    7.29    0.00   14.06    0.00    0.00    5.21    0.00    0.00    0.00   73.44
23:29:57     all   11.95    0.00   25.97    0.00    0.00   12.73    0.00    0.00    0.00   49.35
23:29:58     all   15.89    0.00   34.90    0.00    0.00   17.71    0.00    0.00    0.00   31.51
23:29:59     all   15.93    0.00   34.99    0.00    0.00   17.75    0.00    0.00    0.00   31.33
23:30:00     all   16.28    0.00   36.43    0.00    0.00   17.83    0.00    0.00    0.00   29.46
23:30:01     all   15.09    0.00   36.32    0.00    0.00   17.39    1.02    0.00    0.00   30.18
23:30:02     all   15.84    0.00   36.10    0.00    0.00   17.40    0.00    0.00    0.00   30.65
23:30:03     all   15.93    0.00   34.73    0.00    0.00   18.28    0.00    0.00    0.00   31.07
23:30:04     all   15.80    0.00   35.23    0.00    0.00   16.84    0.00    0.00    0.00   32.12
23:30:05     all   14.81    0.00   35.06    0.00    0.00   18.44    0.00    0.00    0.00   31.69
23:30:06     all   15.89    0.00   33.59    0.00    0.00   19.01    0.00    0.00    0.00   31.51
23:30:07     all   16.62    0.00   34.81    0.00    0.00   17.40    0.00    0.00    0.00   31.17
23:30:08     all   14.62    0.00   35.64    0.00    0.00   17.69    0.00    0.00    0.00   32.05
23:30:09     all   15.54    0.00   34.97    0.00    0.00   18.13    0.00    0.00    0.00   31.35
23:30:10     all   15.76    0.00   35.66    0.00    0.00   17.83    0.00    0.00    0.00   30.75
23:30:11     all   17.19    0.00   34.64    0.00    0.00   17.19    0.00    0.00    0.00   30.99
23:30:12     all   15.54    0.00   36.01    0.00    0.00   18.65    0.00    0.00    0.00   29.79
23:30:13     all   15.10    0.00   36.72    0.00    0.00   17.97    0.00    0.00    0.00   30.21
23:30:14     all   15.98    0.00   35.57    0.00    0.00   18.30    0.00    0.00    0.00   30.15
23:30:15     all   14.88    0.00   36.03    0.00    0.00   18.28    0.00    0.00    0.00   30.81
23:30:16     all   15.98    0.00   35.82    0.00    0.00   18.56    0.00    0.00    0.00   29.64
23:30:17     all   15.80    0.00   34.97    0.00    0.00   18.13    0.00    0.00    0.00   31.09
23:30:18     all   14.81    0.00   36.62    0.00    0.00   18.44    0.00    0.00    0.00   30.13
23:30:19     all   16.06    0.00   34.46    0.00    0.00   18.39    0.00    0.00    0.00   31.09
23:30:20     all   15.28    0.00   36.53    0.00    0.00   17.10    0.00    0.00    0.00   31.09
23:30:21     all   16.32    0.00   35.49    0.26    0.00   18.13    0.00    0.00    0.00   29.79
23:30:22     all   15.18    0.00   36.39    0.00    0.00   18.06    0.00    0.00    0.00   30.37
23:30:23     all   16.45    0.00   35.48    0.00    0.00   17.99    0.00    0.00    0.00   30.08
23:30:24     all   16.75    0.00   34.79    0.00    0.00   17.78    0.00    0.00    0.00   30.67
23:30:25     all   15.14    0.00   36.03    0.00    0.00   18.28    0.00    0.00    0.00   30.55
23:30:26     all    5.53    0.00   11.81    0.00    0.00    6.03    0.00    0.00    0.00   76.63
23:30:27     all    1.27    0.00    2.28    0.00    0.00    1.77    0.00    0.00    0.00   94.68
23:30:28     all    2.81    0.00    2.55    0.00    0.00    2.55    0.00    0.00    0.00   92.09
23:30:29     all    2.26    0.00    3.77    0.00    0.00    2.76    0.00    0.00    0.00   91.21
23:30:30     all    2.52    0.00    3.53    0.00    0.00    3.02    0.00    0.00    0.00   90.93
23:30:31     all    2.04    0.00    3.32    0.00    0.00    2.55    0.00    0.00    0.00   92.09
23:30:32     all    2.02    0.00    3.79    0.00    0.00    2.78    0.00    0.00    0.00   91.41
23:30:33     all    2.77    0.00    3.53    0.00    0.00    2.77    0.00    0.00    0.00   90.93
23:30:34     all    2.54    0.00    2.80    0.00    0.00    2.80    0.00    0.00    0.00   91.86
23:30:35     all    2.27    0.00    3.53    0.00    0.00    3.27    0.00    0.00    0.00   90.93
23:30:36     all    2.54    0.00    3.05    0.00    0.00    2.79    0.00    0.00    0.00   91.62
23:30:37     all    2.77    0.00    3.53    0.00    0.00    2.77    0.00    0.00    0.00   90.93
23:30:38     all    2.52    0.00    3.53    0.00    0.00    2.52    0.00    0.00    0.00   91.44
23:30:39     all    2.52    0.00    2.77    0.00    0.00    3.27    0.25    0.00    0.00   91.18
23:30:40     all    2.27    0.00    3.79    0.00    0.00    3.03    0.00    0.00    0.00   90.91
23:30:41     all    2.53    0.00    3.29    0.00    0.00    2.28    0.00    0.00    0.00   91.90
23:30:42     all    2.51    0.00    3.51    0.00    0.00    3.51    0.00    0.00    0.00   90.48
23:30:43     all    2.55    0.00    2.81    0.00    0.00    2.55    0.00    0.00    0.00   92.09
23:30:44     all    2.53    0.00    2.78    0.00    0.00    3.28    0.00    0.00    0.00   91.41
23:30:45     all    2.54    0.00    3.30    0.00    0.00    2.28    0.00    0.00    0.00   91.88
23:30:46     all    2.53    0.00    3.29    0.00    0.00    2.78    0.00    0.00    0.00   91.39
23:30:47     all    2.52    0.00    3.27    0.00    0.00    2.77    0.00    0.00    0.00   91.44
23:30:48     all    2.53    0.00    3.29    0.00    0.00    3.29    0.00    0.00    0.00   90.89
23:30:49     all    2.04    0.00    3.31    0.00    0.00    2.29    0.00    0.00    0.00   92.37
23:30:50     all    3.04    0.00    3.54    0.00    0.00    2.53    0.25    0.00    0.00   90.63
23:30:51     all    3.04    0.00    3.29    0.00    0.00    2.28    0.00    0.00    0.00   91.39
23:30:52     all    2.76    0.00    2.76    0.00    0.00    3.27    0.00    0.00    0.00   91.21
23:30:53     all    2.52    0.00    3.78    0.00    0.00    3.02    0.00    0.00    0.00   90.68
23:30:54     all    2.51    0.00    3.77    0.00    0.00    2.76    0.00    0.00    0.00   90.95
23:30:55     all    2.29    0.00    2.80    0.25    0.00    2.80    0.00    0.00    0.00   91.86
23:30:56     all    1.26    0.00    2.26    0.00    0.00    1.76    0.00    0.00    0.00   94.72
23:30:57     all    3.29    0.00    2.28    0.00    0.00    2.03    0.00    0.00    0.00   92.41
23:30:58     all    6.02    0.00    6.52    0.00    0.00    6.27    0.00    0.00    0.00   81.20
23:30:59     all    4.35    0.00    6.39    0.00    0.00    6.39    0.26    0.00    0.00   82.61
23:31:00     all    5.33    0.00    6.09    0.00    0.00    6.85    0.00    0.00    0.00   81.73
23:31:01     all    5.28    0.00    7.04    0.00    0.00    6.78    0.00    0.00    0.00   80.90
23:31:02     all    4.82    0.00    6.85    0.00    0.00    6.60    0.00    0.00    0.00   81.73
23:31:03     all    5.40    0.00    6.17    0.00    0.00    5.40    0.00    0.00    0.00   83.03
23:31:04     all    5.09    0.00    6.87    0.00    0.00    6.11    0.00    0.00    0.00   81.93
23:31:05     all    4.86    0.00    6.91    0.00    0.00    5.63    0.00    0.00    0.00   82.61
23:31:06     all    5.09    0.00    6.87    0.00    0.00    6.62    0.00    0.00    0.00   81.42
23:31:07     all    4.85    0.00    6.63    0.00    0.00    6.38    0.00    0.00    0.00   82.14
23:31:08     all    5.40    0.00    6.43    0.00    0.00    5.40    0.00    0.00    0.00   82.78
23:31:09     all    5.36    0.00    6.63    0.00    0.00    5.61    0.00    0.00    0.00   82.40
23:31:10     all    5.37    0.00    6.14    0.00    0.00    6.39    0.26    0.00    0.00   81.84
23:31:11     all    5.60    0.00    6.11    0.00    0.00    6.11    0.00    0.00    0.00   82.19
23:31:12     all    5.34    0.00    6.87    0.00    0.00    5.85    0.00    0.00    0.00   81.93
23:31:13     all    4.90    0.00    6.70    0.00    0.00    5.67    0.00    0.00    0.00   82.73
23:31:14     all    5.38    0.00    6.41    0.00    0.00    5.38    0.00    0.00    0.00   82.82
23:31:15     all    5.10    0.00    6.89    0.00    0.00    5.87    0.00    0.00    0.00   82.14
23:31:16     all    5.56    0.00    5.81    0.00    0.00    7.07    0.00    0.00    0.00   81.57
23:31:17     all    4.13    0.00    6.72    0.00    0.00    5.94    0.00    0.00    0.00   83.20
23:31:18     all    5.82    0.00    6.08    0.00    0.00    6.33    0.00    0.00    0.00   81.77
23:31:19     all    4.59    0.00    7.14    0.00    0.00    6.12    0.26    0.00    0.00   81.89
23:31:20     all    4.38    0.00    6.19    0.00    0.00    6.19    0.00    0.00    0.00   83.25
23:31:21     all    5.64    0.00    6.15    0.00    0.00    5.64    0.00    0.00    0.00   82.56
23:31:22     all    4.34    0.00    6.89    0.00    0.00    6.63    0.00    0.00    0.00   82.14
23:31:23     all    5.84    0.00    6.09    0.00    0.00    6.35    0.00    0.00    0.00   81.73
23:31:24     all    4.86    0.00    7.16    0.00    0.00    5.63    0.00    0.00    0.00   82.35
23:31:25     all    5.40    0.00    5.66    0.00    0.00    6.43    0.00    0.00    0.00   82.52
23:31:26     all    3.02    0.00    4.27    0.00    0.00    3.52    0.00    0.00    0.00   89.20
23:31:27     all    4.30    0.00    2.03    0.00    0.00    1.77    0.00    0.00    0.00   91.90
23:31:28     all   13.99    0.00    5.60    0.00    0.00    5.60    0.00    0.00    0.00   74.81
23:31:29     all   15.86    0.00    7.42    0.00    0.00    7.16    0.00    0.00    0.00   69.57
23:31:30     all   12.56    0.00   10.51    0.00    0.00    9.49    0.00    0.00    0.00   67.44
23:31:31     all    7.37    0.00   13.95    0.00    0.00    8.95    0.00    0.00    0.00   69.74
23:31:32     all    7.04    0.00   15.83    0.00    0.00   11.06    0.00    0.00    0.00   66.08
23:31:33     all    6.30    0.00   14.36    0.00    0.00   12.09    0.25    0.00    0.00   67.00
23:31:34     all    6.55    0.00   14.36    0.00    0.00   12.59    0.00    0.00    0.00   66.50
23:31:35     all    6.80    0.00   14.36    0.00    0.00   12.59    0.00    0.00    0.00   66.25
23:31:36     all    7.87    0.00   13.91    0.00    0.00   11.81    0.00    0.00    0.00   66.40
23:31:37     all    8.16    0.00   12.89    0.00    0.00   11.84    0.00    0.00    0.00   67.11
23:31:38     all    7.69    0.00   12.56    0.00    0.00   13.59    0.00    0.00    0.00   66.15
23:31:39     all    6.63    0.00   13.52    0.00    0.00   11.73    0.00    0.00    0.00   68.11
23:31:40     all    6.36    0.00   14.25    0.00    0.00   12.98    0.00    0.00    0.00   66.41
23:31:41     all    7.18    0.00   13.33    0.00    0.00   12.05    0.00    0.00    0.00   67.44
23:31:42     all    7.51    0.00   13.99    0.00    0.00   12.44    0.00    0.00    0.00   66.06
23:31:43     all    9.14    0.00   12.37    0.00    0.00   11.29    0.00    0.00    0.00   67.20
23:31:44     all    9.42    0.00   12.04    0.00    0.00   12.04    0.00    0.00    0.00   66.49
23:31:45     all   10.34    0.00   11.14    0.00    0.00   11.41    0.00    0.00    0.00   67.11
23:31:46     all    9.19    0.00   12.34    0.00    0.00   11.81    0.00    0.00    0.00   66.67
23:31:47     all    8.78    0.00   12.23    0.00    0.00   11.44    0.00    0.00    0.00   67.55
23:31:48     all   10.37    0.00   11.70    0.00    0.00   12.23    0.00    0.00    0.00   65.69
23:31:49     all   10.79    0.00   12.37    0.00    0.00   11.58    0.00    0.00    0.00   65.26
23:31:50     all    8.95    0.00   12.37    0.00    0.00   11.84    0.00    0.00    0.00   66.84
23:31:51     all   10.50    0.00   11.29    0.00    0.00   11.55    0.26    0.00    0.00   66.40
23:31:52     all    7.81    0.00   14.06    0.00    0.00   10.42    0.00    0.00    0.00   67.71
23:31:53     all    8.31    0.00   13.14    0.00    0.00   10.99    0.00    0.00    0.00   67.56
23:31:54     all    7.87    0.00   13.91    0.00    0.00   11.55    0.00    0.00    0.00   66.67
23:31:55     all    7.93    0.00   13.55    0.00    0.00   12.53    0.00    0.00    0.00   65.98
23:31:56     all    4.29    0.00    9.34    0.00    0.00    6.31    0.25    0.00    0.00   79.80
23:31:57     all    5.57    0.00    1.77    0.00    0.00    1.01    0.00    0.00    0.00   91.65
23:31:58     all   24.81    0.00    4.86    0.26    0.00    5.37    0.00    0.00    0.00   64.71
23:31:59     all   28.53    0.00    7.20    0.00    0.00    6.43    0.00    0.00    0.00   57.84
23:32:00     all   29.44    0.00    9.14    0.00    0.00    8.88    0.00    0.00    0.00   52.54
23:32:01     all   30.33    0.00   11.57    0.00    0.00   10.80    0.00    0.00    0.00   47.30
23:32:02     all   29.95    0.00   13.45    0.00    0.00   11.42    0.00    0.00    0.00   45.18
23:32:03     all   25.00    0.00   14.14    0.00    0.00   11.62    0.00    0.00    0.00   49.24
23:32:04     all   22.06    0.00   14.04    0.00    0.00   13.03    0.00    0.00    0.00   50.88
23:32:05     all   14.18    0.00   15.44    0.00    0.00   11.39    0.00    0.00    0.00   58.99
23:32:06     all    8.72    0.00   15.13    0.00    0.00   11.54    0.00    0.00    0.00   64.62
23:32:07     all    6.14    0.00   14.83    0.00    0.00    9.97    0.00    0.00    0.00   69.05
23:32:08     all    6.67    0.00   15.64    0.00    0.00   12.56    0.00    0.00    0.00   65.13
23:32:09     all    6.68    0.00   15.42    0.00    0.00   12.34    0.00    0.00    0.00   65.55
23:32:10     all    7.12    0.00   17.05    0.00    0.00   12.98    0.00    0.00    0.00   62.85
23:32:11     all    7.36    0.00   16.50    0.00    0.00   14.21    0.00    0.00    0.00   61.93
23:32:12     all    6.36    0.00   16.79    0.00    0.00   13.99    0.25    0.00    0.00   62.60
23:32:13     all    7.58    0.00   16.67    0.00    0.00   13.64    0.00    0.00    0.00   62.12
23:32:14     all    7.52    0.00   16.54    0.00    0.00   13.53    0.25    0.00    0.00   62.16
23:32:15     all    7.58    0.00   16.67    0.00    0.00   14.65    0.00    0.00    0.00   61.11
23:32:16     all    7.12    0.00   17.30    0.00    0.00   14.50    0.00    0.00    0.00   61.07
23:32:17     all    7.11    0.00   16.75    0.00    0.00   14.72    0.00    0.00    0.00   61.42
23:32:18     all    6.65    0.00   16.11    0.00    0.00   13.81    0.00    0.00    0.00   63.43
23:32:19     all    6.68    0.00   17.48    0.00    0.00   12.85    0.00    0.00    0.00   62.98
23:32:20     all    7.16    0.00   17.14    0.00    0.00   12.79    0.00    0.00    0.00   62.92
23:32:21     all    7.38    0.00   16.03    0.00    0.00   12.47    0.00    0.00    0.00   64.12
23:32:22     all    7.14    0.00   16.84    0.00    0.00   13.27    0.00    0.00    0.00   62.76
23:32:23     all    7.38    0.00   16.54    0.00    0.00   12.72    0.00    0.00    0.00   63.36
23:32:24     all    6.38    0.00   16.84    0.00    0.00   12.50    0.00    0.00    0.00   64.29
23:32:25     all    7.83    0.00   15.15    0.00    0.00   13.38    0.00    0.00    0.00   63.64
