Running 30s test @ http://10.116.0.2:8080/block?ms=100
  4 threads and 1000 connections
  Thread calibration: mean lat.: 103.578ms, rate sampling interval: 212ms
  Thread calibration: mean lat.: 103.421ms, rate sampling interval: 212ms
  Thread calibration: mean lat.: 103.288ms, rate sampling interval: 211ms
  Thread calibration: mean lat.: 103.383ms, rate sampling interval: 212ms
  Thread Stats   Avg      Stdev     Max   +/- Stdev
    Latency   102.71ms    1.59ms 113.34ms   72.68%
    Req/Sec     2.26k   162.48     2.37k    82.95%
  Latency Distribution (HdrHistogram - Recorded Latency)
 50.000%  102.46ms
 75.000%  103.61ms
 90.000%  104.83ms
 99.000%  107.78ms
 99.900%  111.04ms
 99.990%  112.13ms
 99.999%  112.77ms
100.000%  113.41ms

  Detailed Percentile spectrum:
       Value   Percentile   TotalCount 1/(1-Percentile)

     100.351     0.000000           17         1.00
     101.055     0.100000        19367         1.11
     101.375     0.200000        35565         1.25
     101.695     0.300000        52410         1.43
     102.015     0.400000        67773         1.67
     102.463     0.500000        86215         2.00
     102.655     0.550000        93712         2.22
     102.847     0.600000       101072         2.50
     103.103     0.650000       110504         2.86
     103.359     0.700000       119455         3.33
     103.615     0.750000       127681         4.00
     103.743     0.775000       131497         4.44
     103.871     0.800000       134848         5.00
     104.063     0.825000       139469         5.71
     104.255     0.850000       143474         6.67
     104.511     0.875000       147893         8.00
     104.639     0.887500       149775         8.89
     104.831     0.900000       152207        10.00
     104.959     0.912500       153683        11.43
     105.215     0.925000       156235        13.33
     105.471     0.937500       158343        16.00
     105.599     0.943750       159288        17.78
     105.727     0.950000       160236        20.00
     105.855     0.956250       161068        22.86
     106.047     0.962500       162139        26.67
     106.303     0.968750       163344        32.00
     106.431     0.971875       163862        35.56
     106.559     0.975000       164309        40.00
     106.687     0.978125       164729        45.71
     106.879     0.981250       165248        53.33
     107.135     0.984375       165771        64.00
     107.327     0.985938       166116        71.11
     107.455     0.987500       166312        80.00
     107.647     0.989062       166599        91.43
     107.903     0.990625       166866       106.67
     108.223     0.992188       167118       128.00
     108.351     0.992969       167220       142.22
     108.607     0.993750       167350       160.00
     108.927     0.994531       167473       182.86
     109.247     0.995313       167603       213.33
     109.503     0.996094       167730       256.00
     109.695     0.996484       167805       284.44
     109.887     0.996875       167878       320.00
     110.015     0.997266       167925       365.71
     110.207     0.997656       167987       426.67
     110.463     0.998047       168054       512.00
     110.591     0.998242       168093       568.89
     110.655     0.998437       168118       640.00
     110.783     0.998633       168159       731.43
     110.911     0.998828       168195       853.33
     111.039     0.999023       168224      1024.00
     111.103     0.999121       168239      1137.78
     111.167     0.999219       168251      1280.00
     111.295     0.999316       168276      1462.86
     111.359     0.999414       168284      1706.67
     111.423     0.999512       168300      2048.00
     111.487     0.999561       168308      2275.56
     111.615     0.999609       168324      2560.00
     111.615     0.999658       168324      2925.71
     111.679     0.999707       168333      3413.33
     111.807     0.999756       168346      4096.00
     111.807     0.999780       168346      4551.11
     111.871     0.999805       168351      5120.00
     111.935     0.999829       168354      5851.43
     111.999     0.999854       168359      6826.67
     112.063     0.999878       168361      8192.00
     112.127     0.999890       168365      9102.22
     112.127     0.999902       168365     10240.00
     112.191     0.999915       168368     11702.86
     112.255     0.999927       168369     13653.33
     112.319     0.999939       168373     16384.00
     112.319     0.999945       168373     18204.44
     112.319     0.999951       168373     20480.00
     112.383     0.999957       168374     23405.71
     112.447     0.999963       168376     27306.67
     112.447     0.999969       168376     32768.00
     112.511     0.999973       168378     36408.89
     112.511     0.999976       168378     40960.00
     112.511     0.999979       168378     46811.43
     112.511     0.999982       168378     54613.33
     112.767     0.999985       168379     65536.00
     112.767     0.999986       168379     72817.78
     112.767     0.999988       168379     81920.00
     113.087     0.999989       168380     93622.86
     113.087     0.999991       168380    109226.67
     113.087     0.999992       168380    131072.00
     113.087     0.999993       168380    145635.56
     113.087     0.999994       168380    163840.00
     113.407     0.999995       168381    187245.71
     113.407     1.000000       168381          inf
#[Mean    =      102.711, StdDeviation   =        1.591]
#[Max     =      113.344, Total count    =       168381]
#[Buckets =           27, SubBuckets     =         2048]
----------------------------------------------------------
  260137 requests in 30.00s, 39.69MB read
Requests/sec:   8670.94
Transfer/sec:      1.32MB
