1790897185 149940
1790897186 198048
1790897187 220748
1790897188 231428
1790897189 256004
1790897190 283764
1790897191 284092
1790897192 284292
1790897194 284296
1790897195 284300
1790897196 288536
1790897197 288568
1790897198 288576
1790897199 288580
1790897200 288624
1790897201 288644
1790897202 288644
1790897203 288648
1790897204 288652
1790897205 288652
1790897206 288656
1790897207 288656
1790897208 288656
1790897209 288664
1790897210 288676
1790897211 288696
1790897212 288700
1790897213 288700
1790897214 288700
1790897215 288700
1790897216 289160
1790897217 316788
1790897218 327096
1790897219 327556
1790897220 327580
1790897222 327608
1790897223 327624
1790897224 327624
1790897225 327632
1790897226 327632
1790897227 327648
1790897228 327652
1790897229 327656
1790897230 327664
1790897231 327672
1790897232 327688
1790897233 327688
1790897234 327688
1790897235 327696
1790897236 327716
1790897237 327724
1790897238 327724
1790897239 327728
1790897240 327736
1790897241 327736
1790897242 327736
1790897243 327740
1790897244 327744
1790897245 327748
1790897246 327924
1790897247 271500
1790897248 273488
1790897250 273488
1790897251 273488
1790897252 273488
1790897253 273488
1790897254 273492
1790897255 273492
1790897256 273492
1790897257 273492
1790897258 273496
1790897259 273496
1790897260 273512
1790897261 273512
1790897262 273516
1790897263 273516
1790897264 273520
1790897265 273520
1790897266 273520
1790897267 273524
1790897268 273524
1790897269 273524
1790897270 273528
1790897271 273528
1790897272 273528
1790897273 273528
1790897274 273528
1790897275 273528
1790897277 273544
1790897278 273572
1790897279 273580
1790897280 273584
1790897281 273588
1790897282 273588
1790897283 273588
1790897284 273588
1790897285 273588
1790897286 273588
1790897287 273588
1790897288 273596
1790897289 273600
1790897290 273600
1790897291 273604
1790897292 273608
1790897293 273608
1790897294 273608
1790897295 273608
1790897296 273608
1790897297 273608
1790897299 273608
1790897300 273608
1790897301 273608
1790897302 273608
1790897303 273612
1790897304 273616
1790897305 273688
1790897306 273708
1790897307 273712
1790897308 273716
1790897309 294240
1790897310 294244
1790897311 294244
1790897312 294256
1790897313 294268
1790897314 294272
1790897315 294276
1790897316 294280
1790897317 294280
1790897319 294280
1790897320 294284
1790897321 294284
1790897322 294284
1790897323 294284
1790897324 294284
1790897325 294288
1790897326 294288
1790897327 294288
1790897328 294296
1790897329 294296
1790897330 294304
1790897331 294308
1790897332 294308
1790897333 294312
1790897334 294316
1790897335 294316
1790897337 294356
1790897338 318980
1790897339 348744
1790897340 348744
1790897341 348744
1790897342 348744
1790897343 348744
1790897344 348744
1790897345 348744
1790897346 348744
1790897347 348744
1790897348 348748
1790897350 348748
1790897351 348748
1790897352 348748
1790897353 348748
1790897354 348752
1790897355 348752
1790897356 348756
1790897357 348756
1790897358 348756
1790897359 348760
1790897360 348760
1790897362 348760
1790897363 348764
1790897364 348764
1790897365 348764
1790897366 348792
1790897367 348812
1790897368 348816
1790897369 348820
1790897370 348820
1790897371 348820
1790897373 348820
1790897374 348820
1790897375 348820
1790897376 348836
1790897377 348840
1790897378 348840
1790897379 348840
1790897380 348844
1790897381 348844
1790897383 348844
1790897384 348844
1790897385 348844
1790897386 348844
1790897387 348844
1790897388 348844
1790897389 348844
1790897390 348848
1790897391 348852
1790897393 348852
1790897394 348852
1790897395 348852
1790897396 348852
1790897397 348984
1790897398 348984
1790897399 348996
1790897400 348996
1790897401 348996
1790897402 348996
1790897404 348996
1790897405 348996
1790897406 348996
1790897407 348996
1790897408 348996
1790897409 349000
1790897410 349000
1790897411 349000
1790897412 349000
1790897414 349004
1790897415 349004
1790897416 349004
1790897417 349004
1790897418 349004
1790897419 349004
1790897420 349004
1790897421 349004
1790897423 349008
1790897424 349016
1790897425 349060
1790897426 349064
1790897427 349096
1790897428 371356
1790897429 371884
1790897430 370332
1790897431 370356
1790897432 370364
1790897433 370364
1790897434 370364
1790897435 370368
1790897436 370372
1790897437 370372
1790897438 370372
1790897439 370376
1790897440 370376
1790897441 370376
1790897442 370376
1790897443 370376
1790897444 370376
1790897446 370376
1790897447 370376
1790897448 370376
1790897449 370376
1790897450 370376
1790897451 370380
1790897452 370380
1790897453 370384
1790897454 370384
1790897455 370384
1790897456 370392
1790897457 370404
1790897458 387240
1790897459 387632
1790897460 388460
1790897461 388464
1790897462 388476
1790897463 388476
1790897464 388476
1790897465 388476
1790897466 388476
1790897467 388476
1790897468 388476
1790897469 388476
1790897471 388480
1790897472 388480
1790897473 388480
1790897474 388480
1790897475 388480
1790897476 388484
1790897477 388484
1790897478 388484
1790897479 388484
1790897480 388488
1790897481 388488
1790897482 388492
1790897483 388492
1790897484 388496
1790897485 388500
1790897486 388504
1790897487 399212
1790897488 399544
1790897489 445388
1790897490 487976
1790897492 598564
1790897493 609412
1790897494 609420
1790897495 609424
1790897496 609424
1790897497 609432
1790897498 609432
1790897499 609432
1790897500 609644
1790897501 610672
1790897502 610696
1790897503 610700
1790897504 610700
1790897505 610700
1790897506 610700
1790897507 610700
1790897509 610700
1790897510 610700
1790897511 610700
1790897512 610700
1790897513 610700
1790897514 610700
1790897515 610700
1790897516 610704
1790897517 610704
1790897518 610704
1790897519 610804
1790897520 610812
1790897521 611620
1790897522 676232
1790897523 745292
1790897524 745424
1790897526 810408
1790897527 873876
1790897528 937816
1790897529 994308
1790897530 994324
1790897531 994328
1790897532 994328
1790897533 994328
1790897534 994328
1790897536 994328
1790897537 994336
1790897538 994340
1790897539 994344
1790897540 994344
1790897541 994344
1790897542 994348
1790897543 994348
1790897544 994348
1790897545 994348
1790897547 994348
