Running 30s test @ http://10.116.0.2:8080/block?ms=100
  4 threads and 1000 connections
  Thread calibration: mean lat.: 103.102ms, rate sampling interval: 210ms
  Thread calibration: mean lat.: 102.682ms, rate sampling interval: 208ms
  Thread calibration: mean lat.: 102.879ms, rate sampling interval: 208ms
  Thread calibration: mean lat.: 102.528ms, rate sampling interval: 207ms
  Thread Stats   Avg      Stdev     Max   +/- Stdev
    Latency   102.49ms    1.50ms 117.18ms   75.56%
    Req/Sec     2.25k   214.94     2.40k    83.57%
  Latency Distribution (HdrHistogram - Recorded Latency)
 50.000%  102.21ms
 75.000%  103.23ms
 90.000%  104.32ms
 99.000%  107.46ms
 99.900%  111.93ms
 99.990%  115.58ms
 99.999%  116.10ms
100.000%  117.25ms

  Detailed Percentile spectrum:
       Value   Percentile   TotalCount 1/(1-Percentile)

     100.287     0.000000            1         1.00
     100.991     0.100000        19466         1.11
     101.311     0.200000        36503         1.25
     101.567     0.300000        51867         1.43
     101.887     0.400000        69383         1.67
     102.207     0.500000        85427         2.00
     102.399     0.550000        94023         2.22
     102.591     0.600000       102429         2.50
     102.783     0.650000       110355         2.86
     102.975     0.700000       117927         3.33
     103.231     0.750000       127045         4.00
     103.359     0.775000       131134         4.44
     103.487     0.800000       135028         5.00
     103.679     0.825000       140002         5.71
     103.871     0.850000       144258         6.67
     104.063     0.875000       147898         8.00
     104.191     0.887500       149901         8.89
     104.319     0.900000       151643        10.00
     104.511     0.912500       153867        11.43
     104.767     0.925000       156139        13.33
     105.023     0.937500       158042        16.00
     105.215     0.943750       159210        17.78
     105.407     0.950000       160340        20.00
     105.599     0.956250       161330        22.86
     105.791     0.962500       162184        26.67
     106.047     0.968750       163288        32.00
     106.175     0.971875       163752        35.56
     106.367     0.975000       164430        40.00
     106.495     0.978125       164804        45.71
     106.687     0.981250       165336        53.33
     106.943     0.984375       165922        64.00
     107.071     0.985938       166171        71.11
     107.199     0.987500       166397        80.00
     107.391     0.989062       166665        91.43
     107.583     0.990625       166942       106.67
     107.775     0.992188       167162       128.00
     107.903     0.992969       167308       142.22
     108.031     0.993750       167439       160.00
     108.159     0.994531       167528       182.86
     108.415     0.995313       167667       213.33
     108.799     0.996094       167801       256.00
     109.055     0.996484       167868       284.44
     109.311     0.996875       167927       320.00
     109.631     0.997266       167993       365.71
     109.951     0.997656       168055       426.67
     110.271     0.998047       168120       512.00
     110.399     0.998242       168152       568.89
     110.655     0.998437       168193       640.00
     110.911     0.998633       168220       731.43
     111.359     0.998828       168251       853.33
     111.999     0.999023       168285      1024.00
     112.255     0.999121       168302      1137.78
     112.383     0.999219       168317      1280.00
     112.639     0.999316       168334      1462.86
     113.087     0.999414       168350      1706.67
     113.535     0.999512       168369      2048.00
     113.663     0.999561       168376      2275.56
     113.855     0.999609       168383      2560.00
     114.239     0.999658       168393      2925.71
     114.367     0.999707       168400      3413.33
     114.559     0.999756       168411      4096.00
     114.559     0.999780       168411      4551.11
     114.879     0.999805       168417      5120.00
     115.071     0.999829       168421      5851.43
     115.135     0.999854       168424      6826.67
     115.455     0.999878       168428      8192.00
     115.519     0.999890       168430      9102.22
     115.647     0.999902       168434     10240.00
     115.647     0.999915       168434     11702.86
     115.775     0.999927       168438     13653.33
     115.775     0.999939       168438     16384.00
     115.839     0.999945       168440     18204.44
     115.839     0.999951       168440     20480.00
     115.903     0.999957       168442     23405.71
     115.903     0.999963       168442     27306.67
     115.967     0.999969       168444     32768.00
     115.967     0.999973       168444     36408.89
     115.967     0.999976       168444     40960.00
     116.031     0.999979       168445     46811.43
     116.031     0.999982       168445     54613.33
     116.095     0.999985       168446     65536.00
     116.095     0.999986       168446     72817.78
     116.095     0.999988       168446     81920.00
     116.159     0.999989       168447     93622.86
     116.159     0.999991       168447    109226.67
     116.159     0.999992       168447    131072.00
     116.159     0.999993       168447    145635.56
     116.159     0.999994       168447    163840.00
     117.247     0.999995       168448    187245.71
     117.247     1.000000       168448          inf
#[Mean    =      102.489, StdDeviation   =        1.502]
#[Max     =      117.184, Total count    =       168448]
#[Buckets =           27, SubBuckets     =         2048]
----------------------------------------------------------
  260207 requests in 30.00s, 39.70MB read
Requests/sec:   8673.24
Transfer/sec:      1.32MB
