Running 30s test @ http://10.116.0.2:8080/block?ms=100
  4 threads and 8000 connections
  Thread calibration: mean lat.: 2102.891ms, rate sampling interval: 8773ms
  Thread calibration: mean lat.: 2061.578ms, rate sampling interval: 8642ms
  Thread calibration: mean lat.: 2086.777ms, rate sampling interval: 8691ms
  Thread calibration: mean lat.: 2094.528ms, rate sampling interval: 8716ms
  Thread Stats   Avg      Stdev     Max   +/- Stdev
    Latency     6.65s     1.10s    8.77s    60.66%
    Req/Sec    11.51k    33.65    11.56k    50.00%
  Latency Distribution (HdrHistogram - Recorded Latency)
 50.000%    6.65s 
 75.000%    7.56s 
 90.000%    8.18s 
 99.000%    8.63s 
 99.900%    8.71s 
 99.990%    8.77s 
 99.999%    8.77s 
100.000%    8.78s 

  Detailed Percentile spectrum:
       Value   Percentile   TotalCount 1/(1-Percentile)

    3803.135     0.000000            1         1.00
    5210.111     0.100000        46533         1.11
    5566.463     0.200000        92513         1.25
    5931.007     0.300000       138700         1.43
    6287.359     0.400000       184743         1.67
    6647.807     0.500000       230869         2.00
    6815.743     0.550000       254176         2.22
    7008.255     0.600000       276849         2.50
    7184.383     0.650000       300257         2.86
    7372.799     0.700000       323490         3.33
    7561.215     0.750000       346420         4.00
    7651.327     0.775000       357667         4.44
    7741.439     0.800000       369153         5.00
    7852.031     0.825000       380966         5.71
    7954.431     0.850000       392265         6.67
    8060.927     0.875000       403796         8.00
    8114.175     0.887500       409469         8.89
    8183.807     0.900000       415531        10.00
    8241.151     0.912500       421429        11.43
    8290.303     0.925000       427112        13.33
    8339.455     0.937500       432945        16.00
    8368.127     0.943750       435710        17.78
    8396.799     0.950000       438522        20.00
    8445.951     0.956250       441198        22.86
    8486.911     0.962500       444514        26.67
    8527.871     0.968750       447467        32.00
    8544.255     0.971875       449251        35.56
    8552.447     0.975000       450085        40.00
    8568.831     0.978125       451673        45.71
    8585.215     0.981250       453400        53.33
    8593.407     0.984375       454287        64.00
    8601.599     0.985938       454980        71.11
    8609.791     0.987500       455671        80.00
    8617.983     0.989062       456317        91.43
    8626.175     0.990625       457191       106.67
    8634.367     0.992188       457925       128.00
    8642.559     0.992969       458410       142.22
    8650.751     0.993750       458931       160.00
    8650.751     0.994531       458931       182.86
    8658.943     0.995313       459523       213.33
    8667.135     0.996094       459977       256.00
    8667.135     0.996484       459977       284.44
    8667.135     0.996875       459977       320.00
    8675.327     0.997266       460299       365.71
    8675.327     0.997656       460299       426.67
    8683.519     0.998047       460526       512.00
    8683.519     0.998242       460526       568.89
    8691.711     0.998437       460634       640.00
    8699.903     0.998633       460756       731.43
    8708.095     0.998828       460883       853.33
    8716.287     0.999023       460948      1024.00
    8716.287     0.999121       460948      1137.78
    8724.479     0.999219       460995      1280.00
    8732.671     0.999316       461062      1462.86
    8740.863     0.999414       461122      1706.67
    8740.863     0.999512       461122      2048.00
    8749.055     0.999561       461208      2275.56
    8749.055     0.999609       461208      2560.00
    8749.055     0.999658       461208      2925.71
    8749.055     0.999707       461208      3413.33
    8757.247     0.999756       461277      4096.00
    8757.247     0.999780       461277      4551.11
    8757.247     0.999805       461277      5120.00
    8757.247     0.999829       461277      5851.43
    8757.247     0.999854       461277      6826.67
    8765.439     0.999878       461311      8192.00
    8765.439     0.999890       461311      9102.22
    8765.439     0.999902       461311     10240.00
    8765.439     0.999915       461311     11702.86
    8765.439     0.999927       461311     13653.33
    8765.439     0.999939       461311     16384.00
    8765.439     0.999945       461311     18204.44
    8773.631     0.999951       461333     20480.00
    8773.631     0.999957       461333     23405.71
    8773.631     0.999963       461333     27306.67
    8773.631     0.999969       461333     32768.00
    8773.631     0.999973       461333     36408.89
    8773.631     0.999976       461333     40960.00
    8773.631     0.999979       461333     46811.43
    8773.631     0.999982       461333     54613.33
    8773.631     0.999985       461333     65536.00
    8773.631     0.999986       461333     72817.78
    8773.631     0.999988       461333     81920.00
    8773.631     0.999989       461333     93622.86
    8773.631     0.999991       461333    109226.67
    8773.631     0.999992       461333    131072.00
    8773.631     0.999993       461333    145635.56
    8773.631     0.999994       461333    163840.00
    8773.631     0.999995       461333    187245.71
    8773.631     0.999995       461333    218453.33
    8781.823     0.999996       461335    262144.00
    8781.823     1.000000       461335          inf
#[Mean    =     6650.300, StdDeviation   =     1099.698]
#[Max     =     8773.632, Total count    =       461335]
#[Buckets =           27, SubBuckets     =         2048]
----------------------------------------------------------
  1191777 requests in 30.00s, 181.85MB read
Requests/sec:  39726.65
Transfer/sec:      6.06MB
