Running 30s test @ http://10.116.0.2:8080/block?ms=100
  4 threads and 4000 connections
  Thread calibration: mean lat.: 192.029ms, rate sampling interval: 745ms
  Thread calibration: mean lat.: 181.060ms, rate sampling interval: 678ms
  Thread calibration: mean lat.: 181.652ms, rate sampling interval: 655ms
  Thread calibration: mean lat.: 195.569ms, rate sampling interval: 735ms
  Thread Stats   Avg      Stdev     Max   +/- Stdev
    Latency   122.15ms   59.52ms   2.02s    96.01%
    Req/Sec     9.03k   167.46     9.44k    73.81%
  Latency Distribution (HdrHistogram - Recorded Latency)
 50.000%  108.86ms
 75.000%  121.54ms
 90.000%  139.52ms
 99.000%  377.86ms
 99.900%  868.35ms
 99.990%    1.73s 
 99.999%    2.00s 
100.000%    2.02s 

  Detailed Percentile spectrum:
       Value   Percentile   TotalCount 1/(1-Percentile)

     100.351     0.000000           17         1.00
     101.503     0.100000        56293         1.11
     102.335     0.200000       108510         1.25
     103.807     0.300000       163774         1.43
     105.855     0.400000       216860         1.67
     108.863     0.500000       270628         2.00
     110.719     0.550000       297025         2.22
     113.023     0.600000       324380         2.50
     115.519     0.650000       351409         2.86
     118.335     0.700000       378400         3.33
     121.535     0.750000       405308         4.00
     123.327     0.775000       418590         4.44
     125.375     0.800000       432403         5.00
     127.679     0.825000       445595         5.71
     130.623     0.850000       459127         6.67
     134.143     0.875000       472912         8.00
     136.575     0.887500       479466         8.89
     139.519     0.900000       486092        10.00
     143.103     0.912500       492803        11.43
     147.583     0.925000       499690        13.33
     152.959     0.937500       506295        16.00
     156.671     0.943750       509761        17.78
     162.047     0.950000       513058        20.00
     171.647     0.956250       516430        22.86
     189.695     0.962500       519800        26.67
     211.839     0.968750       523184        32.00
     223.999     0.971875       524855        35.56
     238.079     0.975000       526540        40.00
     256.895     0.978125       528237        45.71
     279.807     0.981250       529918        53.33
     308.223     0.984375       531604        64.00
     324.095     0.985938       532461        71.11
     341.759     0.987500       533300        80.00
     362.751     0.989062       534142        91.43
     388.351     0.990625       534981       106.67
     413.183     0.992188       535824       128.00
     427.007     0.992969       536244       142.22
     443.903     0.993750       536674       160.00
     468.479     0.994531       537088       182.86
     498.687     0.995313       537514       213.33
     541.183     0.996094       537935       256.00
     571.903     0.996484       538143       284.44
     609.279     0.996875       538354       320.00
     642.047     0.997266       538567       365.71
     687.615     0.997656       538777       426.67
     739.327     0.998047       538993       512.00
     760.831     0.998242       539092       568.89
     786.943     0.998437       539199       640.00
     817.663     0.998633       539303       731.43
     845.823     0.998828       539413       853.33
     871.935     0.999023       539514      1024.00
     886.271     0.999121       539570      1137.78
     900.607     0.999219       539621      1280.00
     916.991     0.999316       539672      1462.86
     940.543     0.999414       539726      1706.67
     959.999     0.999512       539778      2048.00
     971.263     0.999561       539804      2275.56
     986.623     0.999609       539831      2560.00
     999.935     0.999658       539857      2925.71
    1036.799     0.999707       539883      3413.33
    1418.239     0.999756       539910      4096.00
    1434.623     0.999780       539923      4551.11
    1479.679     0.999805       539936      5120.00
    1521.663     0.999829       539949      5851.43
    1594.367     0.999854       539962      6826.67
    1651.711     0.999878       539976      8192.00
    1697.791     0.999890       539982      9102.22
    1743.871     0.999902       539989     10240.00
    1773.567     0.999915       539995     11702.86
    1819.647     0.999927       540002     13653.33
    1873.919     0.999939       540009     16384.00
    1884.159     0.999945       540012     18204.44
    1890.303     0.999951       540015     20480.00
    1898.495     0.999957       540019     23405.71
    1912.831     0.999963       540022     27306.67
    1941.503     0.999969       540025     32768.00
    1954.815     0.999973       540027     36408.89
    1960.959     0.999976       540028     40960.00
    1978.367     0.999979       540030     46811.43
    1986.559     0.999982       540032     54613.33
    1992.703     0.999985       540033     65536.00
    1995.775     0.999986       540034     72817.78
    1998.847     0.999988       540035     81920.00
    1999.871     0.999989       540036     93622.86
    2001.919     0.999991       540037    109226.67
    2001.919     0.999992       540037    131072.00
    2003.967     0.999993       540038    145635.56
    2003.967     0.999994       540038    163840.00
    2007.039     0.999995       540039    187245.71
    2007.039     0.999995       540039    218453.33
    2007.039     0.999996       540039    262144.00
    2010.111     0.999997       540040    291271.11
    2010.111     0.999997       540040    327680.00
    2010.111     0.999997       540040    374491.43
    2010.111     0.999998       540040    436906.67
    2010.111     0.999998       540040    524288.00
    2016.255     0.999998       540041    582542.22
    2016.255     1.000000       540041          inf
#[Mean    =      122.149, StdDeviation   =       59.525]
#[Max     =     2015.232, Total count    =       540041]
#[Buckets =           27, SubBuckets     =         2048]
----------------------------------------------------------
  982699 requests in 30.00s, 149.95MB read
Requests/sec:  32757.24
Transfer/sec:      5.00MB
