Running 30s test @ http://10.116.0.2:8080/json
  4 threads and 256 connections
  Thread calibration: mean lat.: 1.339ms, rate sampling interval: 10ms
  Thread calibration: mean lat.: 1.311ms, rate sampling interval: 10ms
  Thread calibration: mean lat.: 1.584ms, rate sampling interval: 10ms
  Thread calibration: mean lat.: 1.294ms, rate sampling interval: 10ms
  Thread Stats   Avg      Stdev     Max   +/- Stdev
    Latency     1.35ms  591.36us   8.36ms   65.30%
    Req/Sec    10.54k     1.30k   14.22k    77.63%
  Latency Distribution (HdrHistogram - Recorded Latency)
 50.000%    1.28ms
 75.000%    1.76ms
 90.000%    2.14ms
 99.000%    2.85ms
 99.900%    3.88ms
 99.990%    5.40ms
 99.999%    7.86ms
100.000%    8.37ms

  Detailed Percentile spectrum:
       Value   Percentile   TotalCount 1/(1-Percentile)

       0.214     0.000000            1         1.00
       0.623     0.100000        78954         1.11
       0.803     0.200000       157652         1.25
       0.968     0.300000       236497         1.43
       1.125     0.400000       315139         1.67
       1.282     0.500000       393753         2.00
       1.365     0.550000       433272         2.22
       1.455     0.600000       472613         2.50
       1.551     0.650000       512038         2.86
       1.655     0.700000       551250         3.33
       1.765     0.750000       590691         4.00
       1.821     0.775000       610138         4.44
       1.879     0.800000       629851         5.00
       1.938     0.825000       649660         5.71
       1.999     0.850000       669169         6.67
       2.067     0.875000       689195         8.00
       2.103     0.887500       698923         8.89
       2.141     0.900000       708647        10.00
       2.185     0.912500       718715        11.43
       2.235     0.925000       728446        13.33
       2.293     0.937500       738138        16.00
       2.327     0.943750       743088        17.78
       2.365     0.950000       748049        20.00
       2.407     0.956250       752926        22.86
       2.455     0.962500       757776        26.67
       2.511     0.968750       762622        32.00
       2.543     0.971875       765052        35.56
       2.581     0.975000       767633        40.00
       2.619     0.978125       769994        45.71
       2.667     0.981250       772508        53.33
       2.719     0.984375       774907        64.00
       2.749     0.985938       776127        71.11
       2.783     0.987500       777351        80.00
       2.821     0.989062       778596        91.43
       2.865     0.990625       779811       106.67
       2.919     0.992188       781059       128.00
       2.953     0.992969       781670       142.22
       2.989     0.993750       782276       160.00
       3.033     0.994531       782896       182.86
       3.085     0.995313       783507       213.33
       3.147     0.996094       784120       256.00
       3.183     0.996484       784412       284.44
       3.229     0.996875       784721       320.00
       3.283     0.997266       785031       365.71
       3.355     0.997656       785343       426.67
       3.441     0.998047       785644       512.00
       3.501     0.998242       785796       568.89
       3.569     0.998437       785950       640.00
       3.665     0.998633       786104       731.43
       3.773     0.998828       786257       853.33
       3.897     0.999023       786411      1024.00
       3.999     0.999121       786488      1137.78
       4.073     0.999219       786565      1280.00
       4.171     0.999316       786641      1462.86
       4.291     0.999414       786718      1706.67
       4.411     0.999512       786796      2048.00
       4.491     0.999561       786834      2275.56
       4.567     0.999609       786872      2560.00
       4.687     0.999658       786911      2925.71
       4.811     0.999707       786951      3413.33
       4.935     0.999756       786988      4096.00
       4.991     0.999780       787007      4551.11
       5.047     0.999805       787026      5120.00
       5.123     0.999829       787046      5851.43
       5.219     0.999854       787065      6826.67
       5.287     0.999878       787084      8192.00
       5.351     0.999890       787094      9102.22
       5.427     0.999902       787103     10240.00
       5.531     0.999915       787113     11702.86
       5.719     0.999927       787122     13653.33
       5.803     0.999939       787131     16384.00
       5.931     0.999945       787136     18204.44
       6.083     0.999951       787141     20480.00
       6.275     0.999957       787146     23405.71
       6.399     0.999963       787152     27306.67
       6.639     0.999969       787155     32768.00
       6.911     0.999973       787158     36408.89
       7.075     0.999976       787160     40960.00
       7.115     0.999979       787163     46811.43
       7.251     0.999982       787165     54613.33
       7.327     0.999985       787167     65536.00
       7.623     0.999986       787169     72817.78
       7.843     0.999988       787170     81920.00
       7.855     0.999989       787171     93622.86
       7.867     0.999991       787172    109226.67
       7.975     0.999992       787173    131072.00
       8.011     0.999993       787174    145635.56
       8.031     0.999994       787175    163840.00
       8.031     0.999995       787175    187245.71
       8.035     0.999995       787176    218453.33
       8.035     0.999996       787176    262144.00
       8.127     0.999997       787177    291271.11
       8.127     0.999997       787177    327680.00
       8.127     0.999997       787177    374491.43
       8.271     0.999998       787178    436906.67
       8.271     0.999998       787178    524288.00
       8.271     0.999998       787178    582542.22
       8.271     0.999998       787178    655360.00
       8.271     0.999999       787178    748982.86
       8.367     0.999999       787179    873813.33
       8.367     1.000000       787179          inf
#[Mean    =        1.350, StdDeviation   =        0.591]
#[Max     =        8.360, Total count    =       787179]
#[Buckets =           27, SubBuckets     =         2048]
----------------------------------------------------------
  1185291 requests in 30.00s, 195.56MB read
Requests/sec:  39508.69
Transfer/sec:      6.52MB
