Running 30s test @ http://10.116.0.2:8080/json
  4 threads and 256 connections
  Thread calibration: mean lat.: 35.158ms, rate sampling interval: 208ms
  Thread calibration: mean lat.: 36.611ms, rate sampling interval: 217ms
  Thread calibration: mean lat.: 145.670ms, rate sampling interval: 876ms
  Thread calibration: mean lat.: 91.760ms, rate sampling interval: 452ms
  Thread Stats   Avg      Stdev     Max   +/- Stdev
    Latency   273.96ms  490.18ms   2.12s    81.29%
    Req/Sec    24.90k     0.91k   26.36k    69.48%
  Latency Distribution (HdrHistogram - Recorded Latency)
 50.000%   20.78ms
 75.000%   87.68ms
 90.000%    1.13s 
 99.000%    1.82s 
 99.900%    1.99s 
 99.990%    2.07s 
 99.999%    2.12s 
100.000%    2.13s 

  Detailed Percentile spectrum:
       Value   Percentile   TotalCount 1/(1-Percentile)

       0.239     0.000000            1         1.00
       2.181     0.100000       194333         1.11
       3.603     0.200000       388087         1.25
       7.171     0.300000       582053         1.43
      12.735     0.400000       776070         1.67
      20.783     0.500000       969982         2.00
      26.447     0.550000      1067048         2.22
      33.695     0.600000      1163887         2.50
      43.423     0.650000      1261046         2.86
      57.567     0.700000      1357909         3.33
      87.679     0.750000      1454931         4.00
     538.623     0.775000      1503348         4.44
     689.151     0.800000      1551949         5.00
     815.103     0.825000      1600377         5.71
     891.903     0.850000      1649065         6.67
    1019.391     0.875000      1697436         8.00
    1067.007     0.887500      1721571         8.89
    1127.423     0.900000      1746191        10.00
    1183.743     0.912500      1770113        11.43
    1251.327     0.925000      1794615        13.33
    1321.983     0.937500      1818823        16.00
    1363.967     0.943750      1830783        17.78
    1401.855     0.950000      1842953        20.00
    1447.935     0.956250      1854951        22.86
    1504.255     0.962500      1867135        26.67
    1564.671     0.968750      1879302        32.00
    1596.415     0.971875      1885367        35.56
    1649.663     0.975000      1891318        40.00
    1689.599     0.978125      1897363        45.71
    1725.439     0.981250      1903561        53.33
    1762.303     0.984375      1909639        64.00
    1777.663     0.985938      1912603        71.11
    1793.023     0.987500      1915753        80.00
    1807.359     0.989062      1918619        91.43
    1828.863     0.990625      1921725       106.67
    1848.319     0.992188      1924749       128.00
    1860.607     0.992969      1926205       142.22
    1874.943     0.993750      1927804       160.00
    1884.159     0.994531      1929252       182.86
    1894.399     0.995313      1930735       213.33
    1910.783     0.996094      1932237       256.00
    1922.047     0.996484      1933007       284.44
    1930.239     0.996875      1933772       320.00
    1937.407     0.997266      1934515       365.71
    1945.599     0.997656      1935291       426.67
    1954.815     0.998047      1936050       512.00
    1959.935     0.998242      1936464       568.89
    1965.055     0.998437      1936823       640.00
    1971.199     0.998633      1937167       731.43
    1980.415     0.998828      1937552       853.33
    1987.583     0.999023      1937944      1024.00
    1991.679     0.999121      1938133      1137.78
    1995.775     0.999219      1938309      1280.00
    1999.871     0.999316      1938490      1462.86
    2004.991     0.999414      1938658      1706.67
    2011.135     0.999512      1938876      2048.00
    2014.207     0.999561      1938963      2275.56
    2017.279     0.999609      1939052      2560.00
    2021.375     0.999658      1939145      2925.71
    2026.495     0.999707      1939235      3413.33
    2032.639     0.999756      1939332      4096.00
    2035.711     0.999780      1939373      4551.11
    2039.807     0.999805      1939424      5120.00
    2044.927     0.999829      1939469      5851.43
    2050.047     0.999854      1939512      6826.67
    2058.239     0.999878      1939559      8192.00
    2063.359     0.999890      1939583      9102.22
    2070.527     0.999902      1939607     10240.00
    2074.623     0.999915      1939631     11702.86
    2079.743     0.999927      1939655     13653.33
    2083.839     0.999939      1939676     16384.00
    2086.911     0.999945      1939693     18204.44
    2089.983     0.999951      1939702     20480.00
    2094.079     0.999957      1939713     23405.71
    2099.199     0.999963      1939724     27306.67
    2105.343     0.999969      1939736     32768.00
    2109.439     0.999973      1939749     36408.89
    2109.439     0.999976      1939749     40960.00
    2111.487     0.999979      1939759     46811.43
    2111.487     0.999982      1939759     54613.33
    2113.535     0.999985      1939766     65536.00
    2115.583     0.999986      1939774     72817.78
    2115.583     0.999988      1939774     81920.00
    2115.583     0.999989      1939774     93622.86
    2117.631     0.999991      1939778    109226.67
    2119.679     0.999992      1939782    131072.00
    2119.679     0.999993      1939782    145635.56
    2121.727     0.999994      1939785    163840.00
    2121.727     0.999995      1939785    187245.71
    2123.775     0.999995      1939792    218453.33
    2123.775     0.999996      1939792    262144.00
    2123.775     0.999997      1939792    291271.11
    2123.775     0.999997      1939792    327680.00
    2123.775     0.999997      1939792    374491.43
    2123.775     0.999998      1939792    436906.67
    2123.775     0.999998      1939792    524288.00
    2123.775     0.999998      1939792    582542.22
    2123.775     0.999998      1939792    655360.00
    2123.775     0.999999      1939792    748982.86
    2123.775     0.999999      1939792    873813.33
    2125.823     0.999999      1939794   1048576.00
    2125.823     1.000000      1939794          inf
#[Mean    =      273.959, StdDeviation   =      490.183]
#[Max     =     2123.776, Total count    =      1939794]
#[Buckets =           27, SubBuckets     =         2048]
----------------------------------------------------------
  2919864 requests in 30.00s, 481.74MB read
Requests/sec:  97330.41
Transfer/sec:     16.06MB
