Linux 6.8.0-142-generic (cafeai-bench-server) 	10/01/26 	_x86_64_	(4 CPU)

23:32:30     CPU    %usr   %nice    %sys %iowait    %irq   %soft  %steal  %guest  %gnice   %idle
23:32:31     all   32.33    0.00    4.01    0.00    0.00    1.75    0.00    0.00    0.00   61.90
23:32:32     all   77.69    0.00   16.04    0.00    0.00    5.76    0.00    0.00    0.00    0.50
23:32:33     all   77.75    0.00   14.50    0.00    0.00    7.75    0.00    0.00    0.00    0.00
23:32:34     all   78.11    0.00   13.93    0.00    0.00    7.71    0.00    0.00    0.00    0.25
23:32:35     all   74.12    0.00   15.83    0.00    0.00    7.04    0.00    0.00    0.00    3.02
23:32:36     all   63.57    0.00   13.44    0.00    0.00    4.39    0.00    0.00    0.00   18.60
23:32:37     all   18.73    0.00   11.61    0.00    0.00    7.65    0.00    0.00    0.00   62.01
23:32:38     all   13.50    0.00    8.54    0.00    0.00    7.71    0.00    0.00    0.00   70.25
23:32:39     all   12.03    0.00   10.96    0.00    0.00    7.75    0.00    0.00    0.00   69.25
23:32:40     all   16.97    0.00   11.05    0.26    0.00    7.46    0.26    0.00    0.00   64.01
23:32:41     all   15.15    0.00   12.12    0.00    0.00    7.83    0.25    0.00    0.00   64.65
23:32:42     all   14.32    0.00   11.00    0.00    0.00    7.67    0.26    0.00    0.00   66.75
23:32:43     all   15.08    0.00   12.56    0.00    0.00    7.04    0.00    0.00    0.00   65.33
23:32:44     all   14.14    0.00   11.31    0.00    0.00    7.20    0.00    0.00    0.00   67.35
23:32:45     all   14.75    0.00   12.25    0.00    0.00    7.50    0.00    0.00    0.00   65.50
23:32:46     all   11.83    0.00    9.95    0.00    0.00    6.99    0.27    0.00    0.00   70.97
23:32:47     all   15.37    0.00   12.93    0.00    0.00    8.54    0.24    0.00    0.00   62.93
23:32:48     all   15.35    0.00   12.62    0.00    0.00    7.67    0.50    0.00    0.00   63.86
23:32:49     all   17.73    0.00   13.30    0.00    0.00    7.14    0.00    0.00    0.00   61.82
23:32:50     all   11.64    0.00    9.79    0.00    0.00    6.88    0.00    0.00    0.00   71.69
23:32:51     all   15.10    0.00   13.12    0.00    0.00    7.43    0.00    0.00    0.00   64.36
23:32:52     all   14.21    0.00   12.72    0.00    0.00    7.73    0.00    0.00    0.00   65.34
23:32:53     all   11.98    0.00   10.42    0.00    0.00    7.29    0.52    0.00    0.00   69.79
23:32:54     all   15.99    0.00   12.89    0.00    0.00    7.64    0.00    0.00    0.00   63.48
23:32:55     all   13.42    0.00   11.65    0.00    0.00    6.84    0.25    0.00    0.00   67.85
23:32:56     all   16.05    0.00   12.10    0.00    0.00    6.67    0.25    0.00    0.00   64.94
23:32:57     all   10.39    0.00   11.17    0.00    0.00    7.79    0.00    0.00    0.00   70.65
23:32:58     all   10.67    0.00   10.40    0.00    0.00    6.67    0.00    0.00    0.00   72.27
23:32:59     all   14.32    0.00   12.35    0.00    0.00    8.15    0.25    0.00    0.00   64.94
23:33:00     all   15.87    0.00   13.94    0.00    0.00    7.69    0.24    0.00    0.00   62.26
23:33:01     all    8.82    0.00    8.06    0.00    0.00    4.79    0.00    0.00    0.00   78.34
23:33:02     all   22.44    0.00    4.24    0.00    0.00    2.49    0.00    0.00    0.00   70.82
23:33:03     all   51.27    0.00   10.15    0.00    0.00    4.57    0.25    0.00    0.00   33.76
23:33:04     all   25.06    0.00    9.56    0.00    0.00    3.62    0.00    0.00    0.00   61.76
23:33:05     all   16.92    0.00   10.26    0.00    0.00    3.08    0.00    0.00    0.00   69.74
23:33:06     all   17.56    0.00   10.69    0.00    0.00    3.05    0.00    0.00    0.00   68.70
23:33:07     all   22.96    0.00   10.46    0.00    0.00    3.06    0.00    0.00    0.00   63.52
23:33:08     all   18.51    0.00   10.80    0.00    0.00    3.08    0.00    0.00    0.00   67.61
23:33:09     all   17.86    0.00   10.46    0.00    0.00    3.57    0.00    0.00    0.00   68.11
23:33:10     all   18.11    0.00   10.20    0.00    0.00    3.32    0.00    0.00    0.00   68.37
23:33:11     all   18.11    0.00   10.46    0.00    0.00    2.81    0.00    0.00    0.00   68.62
23:33:12     all   17.22    0.00   11.31    0.00    0.00    2.83    0.26    0.00    0.00   68.38
23:33:13     all   16.75    0.00   10.31    0.00    0.00    3.09    0.00    0.00    0.00   69.85
23:33:14     all   18.58    0.00    9.92    0.00    0.00    3.56    0.00    0.00    0.00   67.94
23:33:15     all   18.25    0.00   10.28    0.00    0.00    3.08    0.00    0.00    0.00   68.38
23:33:16     all   16.96    0.00   11.14    0.00    0.00    3.04    0.25    0.00    0.00   68.61
23:33:17     all   16.24    0.00   10.82    0.00    0.00    2.84    0.26    0.00    0.00   69.85
23:33:18     all   17.09    0.00   10.20    0.00    0.00    3.57    0.00    0.00    0.00   69.13
23:33:19     all   17.36    0.00   10.62    0.00    0.00    3.11    0.00    0.00    0.00   68.91
23:33:20     all   11.31    0.00   10.80    0.00    0.00    2.51    0.25    0.00    0.00   75.13
23:33:21     all   10.23    0.00    9.97    0.00    0.00    3.32    0.00    0.00    0.00   76.47
23:33:22     all   10.89    0.00   11.14    0.00    0.00    3.04    0.00    0.00    0.00   74.94
23:33:23     all   10.58    0.00   11.34    0.00    0.00    2.77    0.00    0.00    0.00   75.31
23:33:24     all    9.44    0.00   11.22    0.00    0.00    3.06    0.26    0.00    0.00   76.02
23:33:25     all    9.69    0.00   11.73    0.00    0.00    3.06    0.00    0.00    0.00   75.51
23:33:26     all    9.77    0.00   11.05    0.26    0.00    3.34    0.00    0.00    0.00   75.58
23:33:27     all   10.46    0.00   10.71    0.00    0.00    3.06    0.00    0.00    0.00   75.77
23:33:28     all   11.45    0.00   10.69    0.00    0.00    3.31    0.00    0.00    0.00   74.55
23:33:29     all   10.31    0.00   10.57    0.00    0.00    2.84    0.26    0.00    0.00   76.03
23:33:30     all   10.08    0.00   10.34    0.00    0.00    3.10    0.00    0.00    0.00   76.49
23:33:31     all   10.83    0.00    9.82    0.00    0.00    4.03    0.00    0.00    0.00   75.31
23:33:32     all   10.58    0.00    9.26    0.00    0.00    5.29    0.00    0.00    0.00   74.87
23:33:33     all   12.77    0.00   11.44    0.00    0.00    5.85    0.00    0.00    0.00   69.95
23:33:34     all   11.61    0.00   10.29    0.00    0.00    6.33    0.26    0.00    0.00   71.50
23:33:35     all   11.67    0.00   10.34    0.00    0.00    6.37    0.00    0.00    0.00   71.62
23:33:36     all   12.86    0.00   11.02    0.00    0.00    4.99    0.26    0.00    0.00   70.87
23:33:37     all   13.21    0.00   10.88    0.00    0.00    6.22    0.26    0.00    0.00   69.43
23:33:38     all   12.66    0.00   11.37    0.00    0.00    5.94    0.26    0.00    0.00   69.77
23:33:39     all   11.44    0.00   10.11    0.00    0.00    6.65    0.00    0.00    0.00   71.81
23:33:40     all   12.47    0.00   11.95    0.00    0.00    6.49    0.00    0.00    0.00   69.09
23:33:41     all   13.01    0.00   11.73    0.00    0.00    6.12    0.00    0.00    0.00   69.13
23:33:42     all   12.11    0.00   11.32    0.00    0.00    6.58    0.00    0.00    0.00   70.00
23:33:43     all   10.99    0.00   10.99    0.00    0.00    5.90    0.00    0.00    0.00   72.12
23:33:44     all   10.85    0.00   10.32    0.00    0.00    5.82    0.00    0.00    0.00   73.02
23:33:45     all   10.51    0.00    9.43    0.00    0.00    5.12    0.27    0.00    0.00   74.66
23:33:46     all   13.95    0.00   10.85    0.00    0.00    5.43    0.52    0.00    0.00   69.25
23:33:47     all   11.75    0.00   10.97    0.00    0.00    6.79    0.00    0.00    0.00   70.50
23:33:48     all   10.29    0.00    9.50    0.00    0.00    5.54    0.26    0.00    0.00   74.41
23:33:49     all   12.37    0.00   11.32    0.00    0.00    5.53    0.00    0.00    0.00   70.79
23:33:50     all   13.08    0.00   11.28    0.00    0.00    6.92    0.00    0.00    0.00   68.72
23:33:51     all   10.19    0.00   10.46    0.00    0.00    5.63    0.00    0.00    0.00   73.73
23:33:52     all   12.06    0.00   10.72    0.00    0.00    5.36    0.00    0.00    0.00   71.85
23:33:53     all   11.20    0.00   10.13    0.00    0.00    6.40    0.00    0.00    0.00   72.27
23:33:54     all   10.61    0.00   10.34    0.00    0.00    6.37    0.27    0.00    0.00   72.41
23:33:55     all   11.23    0.00   11.49    0.00    0.00    6.53    0.00    0.00    0.00   70.76
23:33:56     all   12.79    0.00   11.76    0.00    0.00    6.91    0.77    0.00    0.00   67.77
23:33:57     all   12.99    0.00   10.65    0.00    0.00    5.71    0.00    0.00    0.00   70.65
23:33:58     all   12.07    0.00   11.02    0.00    0.00    6.30    0.00    0.00    0.00   70.60
23:33:59     all   12.01    0.00   11.49    0.00    0.00    6.01    0.00    0.00    0.00   70.50
23:34:00     all   10.99    0.00   12.04    0.00    0.00    6.28    0.00    0.00    0.00   70.68
23:34:01     all   11.63    0.00   10.59    0.00    0.00    5.68    0.00    0.00    0.00   72.09
23:34:02     all   18.30    0.00   16.45    0.00    0.00    3.71    0.00    0.00    0.00   61.54
23:34:03     all   20.82    0.00   19.45    0.00    0.00    6.03    0.00    0.00    0.00   53.70
23:34:04     all   21.28    0.00   21.54    0.00    0.00    4.79    0.53    0.00    0.00   51.86
23:34:05     all   20.83    0.00   19.44    0.00    0.00    5.83    0.28    0.00    0.00   53.61
23:34:06     all   20.79    0.00   19.10    0.00    0.00    5.90    0.28    0.00    0.00   53.93
23:34:07     all   20.44    0.00   19.89    0.00    0.00    5.80    0.00    0.00    0.00   53.87
23:34:08     all   21.37    0.00   18.80    0.00    0.00    5.41    0.00    0.00    0.00   54.42
23:34:09     all   18.66    0.00   18.95    0.00    0.00    6.41    0.29    0.00    0.00   55.69
23:34:10     all   19.78    0.00   20.33    0.28    0.00    5.85    0.00    0.00    0.00   53.76
23:34:11     all   20.00    0.00   19.17    0.00    0.00    6.39    0.28    0.00    0.00   54.17
23:34:12     all   19.24    0.00   18.08    0.29    0.00    5.83    0.00    0.00    0.00   56.56
23:34:13     all   19.26    0.00   19.26    0.00    0.00    5.38    0.28    0.00    0.00   55.81
23:34:14     all   20.34    0.00   18.91    0.00    0.00    5.73    0.00    0.00    0.00   55.01
23:34:15     all   20.99    0.00   19.06    0.00    0.00    5.80    0.00    0.00    0.00   54.14
23:34:16     all   20.89    0.00   20.06    0.00    0.00    4.74    0.28    0.00    0.00   54.04
23:34:17     all   21.45    0.00   18.11    0.00    0.00    5.57    0.28    0.00    0.00   54.60
23:34:18     all   21.23    0.00   20.11    0.00    0.00    4.75    0.00    0.00    0.00   53.91
23:34:19     all   21.89    0.00   20.00    0.00    0.00    5.95    0.27    0.00    0.00   51.89
23:34:20     all   20.71    0.00   17.75    0.00    0.00    5.62    0.00    0.00    0.00   55.92
23:34:21     all   19.08    0.00   19.36    0.00    0.00    5.78    0.58    0.00    0.00   55.20
23:34:22     all   20.45    0.00   19.89    0.00    0.00    4.83    0.00    0.00    0.00   54.83
23:34:23     all   20.69    0.00   18.68    0.00    0.00    5.75    0.00    0.00    0.00   54.89
23:34:24     all   21.14    0.00   20.05    0.00    0.00    5.69    0.00    0.00    0.00   53.12
23:34:25     all   21.16    0.00   21.69    0.00    0.00    4.76    0.00    0.00    0.00   52.38
23:34:26     all   20.66    0.00   20.11    0.00    0.00    4.96    0.28    0.00    0.00   53.99
23:34:27     all   20.33    0.00   20.06    0.00    0.00    6.13    0.28    0.00    0.00   53.20
23:34:28     all   22.28    0.00   20.98    0.00    0.00    4.92    0.26    0.00    0.00   51.55
23:34:29     all   21.75    0.00   20.95    0.00    0.00    4.77    0.27    0.00    0.00   52.25
23:34:30     all   22.66    0.00   20.31    0.00    0.00    5.73    0.00    0.00    0.00   51.30
23:34:31     all   18.47    0.00   17.68    0.00    0.00    5.01    0.00    0.00    0.00   58.84
23:34:32     all   26.41    0.00   25.92    0.00    0.00    5.87    0.49    0.00    0.00   41.32
23:34:33     all   34.19    0.00   30.68    0.00    0.00    8.67    0.00    0.00    0.00   26.46
23:34:34     all   33.18    0.00   29.67    0.00    0.00   10.05    0.23    0.00    0.00   26.87
23:34:35     all   32.95    0.00   31.57    0.00    0.00    8.29    0.00    0.00    0.00   27.19
23:34:36     all   32.34    0.00   31.65    0.00    0.00    7.80    0.23    0.00    0.00   27.98
23:34:37     all   32.71    0.00   30.37    0.00    0.00    8.41    0.00    0.00    0.00   28.50
23:34:38     all   32.49    0.00   31.11    0.00    0.00    8.76    0.23    0.00    0.00   27.42
23:34:39     all   33.33    0.00   29.58    0.00    0.00    8.22    0.23    0.00    0.00   28.64
23:34:40     all   32.72    0.00   30.18    0.00    0.00    9.22    0.23    0.00    0.00   27.65
23:34:41     all   32.55    0.00   31.84    0.00    0.00    8.25    0.00    0.00    0.00   27.36
23:34:42     all   32.32    0.00   30.68    0.00    0.00    9.13    0.23    0.00    0.00   27.63
23:34:43     all   34.35    0.00   30.14    0.00    0.00    7.94    0.23    0.00    0.00   27.34
23:34:44     all   32.71    0.00   32.48    0.00    0.00    7.71    0.00    0.00    0.00   27.10
23:34:45     all   33.41    0.00   30.88    0.00    0.00    8.53    0.23    0.00    0.00   26.96
23:34:46     all   33.79    0.00   31.26    0.00    0.00    9.20    0.00    0.00    0.00   25.75
23:34:47     all   32.48    0.00   31.09    0.00    0.00    9.98    0.23    0.00    0.00   26.22
23:34:48     all   33.18    0.00   31.32    0.00    0.00    8.58    0.23    0.00    0.00   26.68
23:34:49     all   32.62    0.00   32.15    0.00    0.00    8.51    0.00    0.00    0.00   26.71
23:34:50     all   32.19    0.00   32.42    0.00    0.00    9.59    0.46    0.00    0.00   25.34
23:34:51     all   33.33    0.00   29.86    0.00    0.00    8.80    0.23    0.00    0.00   27.78
23:34:52     all   32.95    0.00   31.09    0.00    0.00    9.28    0.00    0.00    0.00   26.68
23:34:53     all   34.18    0.00   30.48    0.00    0.00    8.78    0.00    0.00    0.00   26.56
23:34:54     all   32.24    0.00   31.29    0.00    0.00    8.94    0.24    0.00    0.00   27.29
23:34:55     all   33.18    0.00   30.35    0.00    0.00    9.41    0.24    0.00    0.00   26.82
23:34:56     all   34.10    0.00   30.41    0.00    0.00    8.99    0.23    0.00    0.00   26.27
23:34:57     all   32.94    0.00   30.59    0.00    0.00    9.18    0.00    0.00    0.00   27.29
23:34:58     all   33.57    0.00   30.75    0.00    0.00    8.45    0.00    0.00    0.00   27.23
23:34:59     all   33.18    0.00   31.34    0.00    0.00    8.53    0.00    0.00    0.00   26.96
23:35:00     all   32.49    0.00   32.49    0.00    0.00    8.24    0.00    0.00    0.00   26.77
23:35:01     all   27.88    0.00   25.96    0.00    0.00    8.41    0.48    0.00    0.00   37.26
23:35:02     all   33.78    0.00   32.44    0.00    0.00    9.17    0.22    0.00    0.00   24.38
23:35:03     all   37.56    0.00   35.45    0.00    0.00   16.43    0.47    0.00    0.00   10.09
23:35:04     all   38.34    0.00   34.64    0.00    0.00   16.17    0.00    0.00    0.00   10.85
23:35:05     all   38.57    0.00   37.18    0.00    0.00   13.63    0.00    0.00    0.00   10.62
23:35:06     all   39.22    0.00   34.86    0.00    0.00   14.91    0.23    0.00    0.00   10.78
23:35:07     all   37.82    0.00   35.50    0.00    0.00   15.55    0.23    0.00    0.00   10.90
23:35:08     all   39.29    0.00   35.53    0.00    0.00   14.12    0.00    0.00    0.00   11.06
23:35:09     all   39.68    0.00   35.96    0.00    0.00   14.62    0.00    0.00    0.00    9.74
23:35:10     all   39.63    0.00   36.60    0.00    0.00   13.52    0.23    0.00    0.00   10.02
23:35:11     all   38.41    0.00   37.00    0.00    0.00   14.05    0.00    0.00    0.00   10.54
23:35:12     all   39.26    0.00   36.95    0.00    0.00   13.86    0.23    0.00    0.00    9.70
23:35:13     all   38.05    0.00   36.89    0.00    0.00   15.08    0.00    0.00    0.00    9.98
23:35:14     all   38.80    0.00   37.18    0.00    0.00   13.39    0.00    0.00    0.00   10.62
23:35:15     all   39.22    0.00   36.24    0.00    0.00   14.22    0.23    0.00    0.00   10.09
23:35:16     all   39.21    0.00   36.43    0.00    0.00   14.39    0.00    0.00    0.00    9.98
23:35:17     all   39.44    0.00   35.50    0.00    0.00   14.39    0.00    0.00    0.00   10.67
23:35:18     all   37.05    0.00   35.68    0.00    0.00   15.45    0.45    0.00    0.00   11.36
23:35:19     all   39.12    0.00   36.81    0.00    0.00   13.66    0.23    0.00    0.00   10.19
23:35:20     all   37.79    0.00   37.56    0.00    0.00   14.06    0.00    0.00    0.00   10.60
23:35:21     all   38.48    0.00   36.18    0.00    0.00   15.44    0.00    0.00    0.00    9.91
23:35:22     all   37.73    0.00   36.36    0.00    0.00   15.45    0.23    0.00    0.00   10.23
23:35:23     all   38.84    0.00   35.81    0.00    0.00   16.05    0.00    0.00    0.00    9.30
23:35:24     all   37.21    0.00   36.98    0.00    0.00   15.81    0.00    0.00    0.00   10.00
23:35:25     all   37.64    0.00   37.41    0.00    0.00   15.01    0.00    0.00    0.00    9.93
23:35:26     all   39.35    0.00   35.88    0.00    0.00   15.28    0.23    0.00    0.00    9.26
23:35:27     all   38.26    0.00   37.32    0.00    0.00   14.55    0.23    0.00    0.00    9.62
23:35:28     all   39.77    0.00   36.74    0.00    0.00   14.88    0.00    0.00    0.00    8.60
23:35:29     all   38.25    0.00   34.56    0.00    0.00   15.90    0.00    0.00    0.00   11.29
23:35:30     all   37.18    0.00   36.03    0.00    0.00   16.17    0.00    0.00    0.00   10.62
23:35:31     all   34.83    0.00   30.57    0.00    0.00   13.03    0.00    0.00    0.00   21.56
23:35:32     all   37.47    0.00   33.49    0.00    0.00   14.52    0.94    0.00    0.00   13.58
23:35:33     all   39.60    0.00   38.60    0.00    0.00   20.80    0.00    0.00    0.00    1.00
23:35:34     all   40.10    0.00   37.84    0.00    0.00   21.80    0.00    0.00    0.00    0.25
23:35:35     all   42.00    0.00   37.50    0.00    0.00   20.00    0.00    0.00    0.00    0.50
23:35:36     all   40.70    0.00   38.44    0.00    0.00   20.60    0.00    0.00    0.00    0.25
23:35:37     all   41.25    0.00   37.25    0.00    0.00   20.75    0.00    0.00    0.00    0.75
23:35:38     all   41.40    0.00   37.66    0.00    0.00   20.45    0.00    0.00    0.00    0.50
23:35:39     all   41.25    0.00   37.50    0.00    0.00   21.00    0.00    0.00    0.00    0.25
23:35:40     all   41.71    0.00   36.68    0.00    0.00   21.11    0.00    0.00    0.00    0.50
23:35:41     all   41.29    0.00   37.31    0.00    0.00   20.15    0.25    0.00    0.00    1.00
23:35:42     all   41.15    0.00   38.40    0.00    0.00   19.20    0.50    0.00    0.00    0.75
23:35:43     all   41.10    0.00   38.35    0.00    0.00   20.05    0.00    0.00    0.00    0.50
23:35:44     all   40.65    0.00   38.65    0.00    0.00   19.95    0.25    0.00    0.00    0.50
23:35:45     all   40.95    0.00   38.44    0.00    0.00   20.10    0.00    0.00    0.00    0.50
23:35:46     all   41.40    0.00   37.66    0.00    0.00   20.20    0.00    0.00    0.00    0.75
23:35:47     all   39.55    0.00   39.55    0.00    0.00   20.65    0.00    0.00    0.00    0.25
23:35:48     all   39.85    0.00   39.60    0.00    0.00   20.30    0.00    0.00    0.00    0.25
23:35:49     all   41.06    0.00   38.04    0.00    0.00   20.40    0.00    0.00    0.00    0.50
23:35:50     all   40.45    0.00   38.69    0.00    0.00   20.60    0.00    0.00    0.00    0.25
23:35:51     all   39.45    0.00   38.96    0.00    0.00   20.10    0.00    0.00    0.00    1.49
23:35:52     all   42.21    0.00   37.19    0.00    0.00   20.10    0.50    0.00    0.00    0.00
23:35:53     all   40.59    0.00   38.61    0.00    0.00   19.80    0.00    0.00    0.00    0.99
23:35:54     all   41.27    0.00   39.75    0.00    0.00   18.48    0.00    0.00    0.00    0.51
23:35:55     all   41.71    0.00   38.94    0.00    0.00   18.84    0.00    0.00    0.00    0.50
23:35:56     all   41.75    0.00   38.50    0.00    0.00   18.75    0.25    0.00    0.00    0.75
23:35:57     all   41.10    0.00   37.84    0.00    0.00   21.05    0.00    0.00    0.00    0.00
23:35:58     all   41.00    0.00   37.25    0.00    0.00   20.25    0.00    0.00    0.00    1.50
23:35:59     all   40.75    0.00   38.00    0.00    0.00   20.25    0.25    0.00    0.00    0.75
23:36:00     all   41.10    0.00   37.59    0.00    0.00   20.80    0.00    0.00    0.00    0.50
23:36:01     all   36.52    0.00   33.00    0.00    0.00   17.38    0.00    0.00    0.00   13.10
23:36:02     all   40.81    0.00   37.53    0.00    0.00   17.13    0.00    0.00    0.00    4.53
23:36:03     all   40.95    0.00   38.19    0.00    0.00   20.60    0.00    0.00    0.00    0.25
23:36:04     all   39.85    0.00   38.37    0.00    0.00   20.30    0.25    0.00    0.00    1.24
23:36:05     all   40.25    0.00   38.75    0.00    0.00   19.75    0.50    0.00    0.00    0.75
23:36:06     all   41.10    0.00   38.10    0.00    0.00   20.55    0.00    0.00    0.00    0.25
23:36:07     all   40.65    0.00   38.40    0.00    0.00   20.45    0.00    0.00    0.00    0.50
23:36:08     all   41.35    0.00   38.10    0.00    0.00   20.05    0.00    0.00    0.00    0.50
23:36:09     all   41.35    0.00   37.34    0.00    0.00   21.05    0.00    0.00    0.00    0.25
23:36:10     all   41.04    0.00   37.56    0.00    0.00   20.65    0.25    0.00    0.00    0.50
23:36:11     all   41.81    0.00   37.53    0.00    0.00   20.15    0.00    0.00    0.00    0.50
23:36:12     all   42.14    0.00   38.40    0.00    0.00   18.95    0.00    0.00    0.00    0.50
23:36:13     all   40.75    0.00   39.50    0.00    0.00   19.25    0.00    0.00    0.00    0.50
23:36:14     all   42.50    0.00   37.50    0.00    0.00   19.75    0.00    0.00    0.00    0.25
23:36:15     all   42.86    0.00   36.84    0.00    0.00   19.80    0.00    0.00    0.00    0.50
23:36:16     all   40.85    0.00   37.84    0.00    0.00   20.80    0.00    0.00    0.00    0.50
23:36:17     all   40.60    0.00   38.60    0.00    0.00   20.30    0.00    0.00    0.00    0.50
23:36:18     all   40.75    0.00   39.00    0.00    0.00   20.00    0.00    0.00    0.00    0.25
23:36:19     all   43.50    0.00   36.25    0.00    0.00   19.75    0.00    0.00    0.00    0.50
23:36:20     all   40.15    0.00   38.65    0.00    0.00   20.45    0.25    0.00    0.00    0.50
23:36:21     all   41.10    0.00   37.59    0.00    0.00   20.55    0.50    0.00    0.00    0.25
23:36:22     all   40.00    0.00   38.75    0.00    0.00   20.00    0.00    0.00    0.00    1.25
23:36:23     all   40.60    0.00   37.34    0.00    0.00   21.30    0.25    0.00    0.00    0.50
23:36:24     all   41.40    0.00   36.91    0.00    0.00   20.95    0.00    0.00    0.00    0.75
23:36:25     all   41.10    0.00   37.59    0.00    0.00   20.55    0.00    0.00    0.00    0.75
23:36:26     all   40.75    0.00   37.25    0.00    0.00   21.75    0.00    0.00    0.00    0.25
23:36:27     all   40.85    0.00   37.84    0.00    0.00   21.05    0.00    0.00    0.00    0.25
23:36:28     all   40.35    0.00   37.84    0.00    0.00   21.05    0.00    0.00    0.00    0.75
23:36:29     all   40.55    0.00   37.81    0.00    0.00   20.65    0.25    0.00    0.00    0.75
23:36:30     all   40.10    0.00   38.35    0.00    0.00   20.55    0.00    0.00    0.00    1.00
23:36:31     all   34.42    0.00   32.41    0.00    0.00   18.34    0.00    0.00    0.00   14.82
23:36:32     all    1.50    0.00    1.00    0.00    0.00    1.00    0.00    0.00    0.00   96.49
23:36:33     all    9.72    0.00    8.70    0.00    0.00    4.09    0.26    0.00    0.00   77.24
23:36:34     all    9.49    0.00   10.00    0.00    0.00    3.33    0.00    0.00    0.00   77.18
23:36:35     all    9.77    0.00   11.53    0.00    0.00    3.51    0.00    0.00    0.00   75.19
23:36:36     all    9.46    0.00   10.49    0.00    0.00    3.07    0.00    0.00    0.00   76.98
23:36:37     all   10.26    0.00   10.26    0.00    0.00    3.08    0.26    0.00    0.00   76.15
23:36:38     all    9.69    0.00   11.22    0.00    0.00    2.55    0.00    0.00    0.00   76.53
23:36:39     all    9.64    0.00    9.90    0.00    0.00    3.30    0.00    0.00    0.00   77.16
23:36:40     all    9.64    0.00   10.66    0.00    0.00    3.05    0.25    0.00    0.00   76.40
23:36:41     all    9.00    0.00   10.54    0.00    0.00    2.83    0.00    0.00    0.00   77.63
23:36:42     all    9.69    0.00   10.97    0.00    0.00    3.06    0.00    0.00    0.00   76.28
23:36:43     all   10.00    0.00   10.26    0.00    0.00    3.33    0.00    0.00    0.00   76.41
23:36:44     all   10.51    0.00   10.26    0.00    0.00    2.82    0.00    0.00    0.00   76.41
23:36:45     all    9.41    0.00   10.43    0.00    0.00    3.56    0.00    0.00    0.00   76.59
23:36:46     all   11.90    0.00   11.39    0.00    0.00    2.78    0.25    0.00    0.00   73.67
23:36:47     all    9.39    0.00   11.42    0.00    0.00    3.05    0.00    0.00    0.00   76.14
23:36:48     all    8.70    0.00   10.74    0.00    0.00    3.32    0.00    0.00    0.00   77.24
23:36:49     all    9.23    0.00   10.77    0.00    0.00    3.33    0.00    0.00    0.00   76.67
23:36:50     all    9.44    0.00    9.95    0.00    0.00    2.81    0.00    0.00    0.00   77.81
23:36:51     all    9.85    0.00   11.11    0.00    0.00    3.03    0.00    0.00    0.00   76.01
23:36:52     all    8.48    0.00   11.05    0.00    0.00    3.34    0.26    0.00    0.00   76.86
23:36:53     all    8.67    0.00   10.97    0.00    0.00    3.06    0.51    0.00    0.00   76.79
23:36:54     all    8.76    0.00   10.82    0.00    0.00    3.09    0.00    0.00    0.00   77.32
23:36:55     all    9.30    0.00   11.06    0.00    0.00    3.27    0.00    0.00    0.00   76.38
23:36:56     all    9.72    0.00    9.97    0.00    0.00    3.58    0.00    0.00    0.00   76.73
23:36:57     all    9.21    0.00    9.97    0.00    0.00    2.81    0.00    0.00    0.00   78.01
23:36:58     all    9.64    0.00   10.91    0.00    0.00    2.79    0.00    0.00    0.00   76.65
23:36:59     all   10.41    0.00   10.41    0.00    0.00    3.05    0.00    0.00    0.00   76.14
23:37:00     all    8.70    0.00   11.00    0.00    0.00    3.07    0.00    0.00    0.00   77.24
23:37:01     all    9.92    0.00   11.45    0.00    0.00    3.31    0.00    0.00    0.00   75.32
23:37:02     all    1.50    0.00    1.50    0.00    0.00    0.75    0.00    0.00    0.00   96.26
23:37:03     all   16.37    0.00   13.85    0.00    0.00    6.80    0.00    0.00    0.00   62.97
23:37:04     all   27.58    0.00   18.56    0.00    0.00    8.25    0.26    0.00    0.00   45.36
23:37:05     all   21.99    0.00   21.73    0.00    0.00    7.07    0.00    0.00    0.00   49.21
23:37:06     all   22.83    0.00   21.26    0.00    0.00    6.04    0.00    0.00    0.00   49.87
23:37:07     all   19.47    0.00   20.79    0.00    0.00    6.32    0.53    0.00    0.00   52.89
23:37:08     all   20.57    0.00   21.88    0.00    0.00    6.77    0.00    0.00    0.00   50.78
23:37:09     all   20.73    0.00   22.02    0.00    0.00    5.96    0.26    0.00    0.00   51.04
23:37:10     all   25.39    0.00   21.73    0.00    0.00    6.02    0.00    0.00    0.00   46.86
23:37:11     all   19.79    0.00   22.92    0.00    0.00    6.25    0.00    0.00    0.00   51.04
23:37:12     all   20.84    0.00   21.64    0.00    0.00    6.33    0.00    0.00    0.00   51.19
23:37:13     all   20.79    0.00   21.84    0.00    0.00    6.05    0.00    0.00    0.00   51.32
23:37:14     all   22.81    0.00   22.02    0.00    0.00    6.37    0.00    0.00    0.00   48.81
23:37:15     all   19.89    0.00   22.28    0.00    0.00    6.63    0.27    0.00    0.00   50.93
23:37:16     all   21.24    0.00   21.24    0.00    0.00    6.48    0.52    0.00    0.00   50.52
23:37:17     all   20.00    0.00   21.33    0.00    0.00    5.87    0.00    0.00    0.00   52.80
23:37:18     all   24.80    0.00   22.19    0.00    0.00    6.53    0.26    0.00    0.00   46.21
23:37:19     all   20.68    0.00   22.51    0.00    0.00    6.28    0.00    0.00    0.00   50.52
23:37:20     all   19.79    0.00   21.12    0.00    0.00    6.42    0.00    0.00    0.00   52.67
23:37:21     all   21.39    0.00   22.16    0.00    0.00    6.44    0.00    0.00    0.00   50.00
23:37:22     all   20.68    0.00   22.25    0.00    0.00    6.54    0.00    0.00    0.00   50.52
23:37:23     all   21.35    0.00   22.92    0.00    0.00    5.73    0.00    0.00    0.00   50.00
23:37:24     all   20.49    0.00   20.75    0.00    0.00    6.47    0.00    0.00    0.00   52.29
23:37:25     all   19.74    0.00   21.05    0.00    0.00    6.58    0.26    0.00    0.00   52.37
23:37:26     all   19.95    0.00   22.34    0.00    0.00    5.85    0.00    0.00    0.00   51.86
23:37:27     all   21.73    0.00   21.47    0.00    0.00    6.02    0.52    0.00    0.00   50.26
23:37:28     all   20.31    0.00   22.14    0.00    0.00    6.51    0.00    0.00    0.00   51.04
23:37:29     all   20.31    0.00   22.14    0.00    0.00    6.51    0.00    0.00    0.00   51.04
23:37:30     all   20.42    0.00   21.75    0.00    0.00    6.63    0.27    0.00    0.00   50.93
23:37:31     all   21.73    0.00   21.20    0.00    0.00    6.81    0.00    0.00    0.00   50.26
23:37:32     all    2.25    0.00    1.50    0.00    0.00    0.25    0.00    0.00    0.00   96.00
23:37:33     all   16.79    0.00   12.72    0.25    0.00    5.60    0.00    0.00    0.00   64.63
23:37:34     all   27.86    0.00   19.27    0.00    0.00    8.07    0.00    0.00    0.00   44.79
23:37:35     all   35.41    0.00   28.68    0.00    0.00    8.98    0.00    0.00    0.00   26.93
23:37:36     all   43.15    0.00   30.96    0.00    0.00   11.68    0.00    0.00    0.00   14.21
23:37:37     all   40.25    0.00   40.25    0.00    0.00   13.42    0.00    0.00    0.00    6.08
23:37:38     all   35.68    0.00   43.72    0.00    0.00   12.06    0.00    0.00    0.00    8.54
23:37:39     all   34.60    0.00   40.91    0.00    0.00   11.11    0.00    0.00    0.00   13.38
23:37:40     all   34.26    0.00   38.58    0.00    0.00   11.93    0.00    0.00    0.00   15.23
23:37:41     all   33.08    0.00   40.91    0.00    0.00   12.37    0.51    0.00    0.00   13.13
23:37:42     all   35.10    0.00   38.13    0.00    0.00   11.36    0.00    0.00    0.00   15.40
23:37:43     all   39.40    0.00   39.90    0.00    0.00   11.22    0.00    0.00    0.00    9.48
23:37:44     all   35.18    0.00   41.71    0.25    0.00   11.06    0.25    0.00    0.00   11.56
23:37:45     all   32.24    0.00   42.57    0.00    0.00   11.84    0.00    0.00    0.00   13.35
23:37:46     all   36.60    0.00   40.98    0.00    0.00   11.60    0.00    0.00    0.00   10.82
23:37:47     all   35.77    0.00   40.81    0.00    0.00   10.83    0.00    0.00    0.00   12.59
23:37:48     all   36.02    0.00   39.80    0.00    0.00   10.83    0.00    0.00    0.00   13.35
23:37:49     all   32.82    0.00   41.03    0.00    0.00   11.54    0.00    0.00    0.00   14.62
23:37:50     all   39.25    0.00   37.50    0.00    0.00   10.50    0.25    0.00    0.00   12.50
23:37:51     all   34.92    0.00   40.70    0.00    0.00   11.81    0.00    0.00    0.00   12.56
23:37:52     all   30.96    0.00   41.37    0.00    0.00   11.93    0.00    0.00    0.00   15.74
23:37:53     all   34.50    0.00   42.00    0.00    0.00   11.75    0.00    0.00    0.00   11.75
23:37:54     all   40.90    0.00   39.90    0.00    0.00   10.72    0.00    0.00    0.00    8.48
23:37:55     all   36.11    0.00   39.65    0.00    0.00   11.62    0.00    0.00    0.00   12.63
23:37:56     all   32.58    0.00   39.14    0.00    0.00   10.86    0.00    0.00    0.00   17.42
23:37:57     all   33.92    0.00   41.21    0.00    0.00   10.80    0.00    0.00    0.00   14.07
23:37:58     all   37.09    0.00   37.84    0.00    0.00    9.52    0.25    0.00    0.00   15.29
23:37:59     all   34.41    0.00   38.15    0.00    0.00   10.47    0.00    0.00    0.00   16.96
23:38:00     all   41.50    0.00   37.25    0.00    0.00   10.50    0.25    0.00    0.00   10.50
23:38:01     all   34.26    0.00   36.78    0.00    0.00   11.08    0.00    0.00    0.00   17.88
23:38:02     all    5.49    0.00    4.24    0.00    0.00    2.49    0.00    0.00    0.00   87.78
23:38:03     all   13.99    0.00   11.70    0.00    0.00    6.11    0.25    0.00    0.00   67.94
23:38:04     all   22.73    0.00   20.71    0.00    0.00    9.60    0.00    0.00    0.00   46.97
23:38:05     all   27.68    0.00   29.68    0.00    0.00    9.73    0.25    0.00    0.00   32.67
23:38:06     all   38.60    0.00   35.59    0.00    0.00   12.03    0.00    0.00    0.00   13.78
23:38:07     all   40.15    0.00   38.40    0.00    0.00   14.46    0.00    0.00    0.00    6.98
23:38:08     all   37.06    0.00   38.07    0.00    0.00   15.23    0.00    0.00    0.00    9.64
23:38:09     all   41.40    0.00   42.14    0.00    0.00   16.21    0.00    0.00    0.00    0.25
23:38:10     all   48.12    0.00   34.59    0.00    0.00   16.29    0.00    0.00    0.00    1.00
23:38:11     all   43.83    0.00   35.26    0.00    0.00   20.65    0.00    0.00    0.00    0.25
23:38:12     all   40.75    0.00   38.50    0.00    0.00   19.75    0.00    0.00    0.00    1.00
23:38:13     all   49.38    0.00   32.17    0.00    0.00   17.46    0.00    0.00    0.00    1.00
23:38:14     all   43.00    0.00   37.75    0.00    0.00   18.50    0.00    0.00    0.00    0.75
23:38:15     all   39.65    0.00   40.15    0.00    0.00   20.20    0.00    0.00    0.00    0.00
23:38:16     all   41.54    0.00   37.06    0.00    0.00   20.90    0.25    0.00    0.00    0.25
23:38:17     all   39.80    0.00   37.56    0.00    0.00   21.64    0.25    0.00    0.00    0.75
23:38:18     all   39.65    0.00   38.40    0.00    0.00   21.45    0.25    0.00    0.00    0.25
23:38:19     all   43.72    0.00   35.18    0.00    0.00   21.11    0.00    0.00    0.00    0.00
23:38:20     all   44.25    0.00   34.75    0.00    0.00   20.25    0.00    0.00    0.00    0.75
23:38:21     all   39.90    0.00   39.65    0.00    0.00   19.45    0.00    0.00    0.00    1.00
23:38:22     all   40.50    0.00   39.00    0.00    0.00   20.25    0.00    0.00    0.00    0.25
23:38:23     all   41.15    0.00   37.16    0.00    0.00   21.45    0.00    0.00    0.00    0.25
23:38:24     all   39.50    0.00   38.75    0.00    0.00   21.00    0.00    0.00    0.00    0.75
23:38:25     all   44.72    0.00   35.43    0.00    0.00   19.60    0.00    0.00    0.00    0.25
23:38:26     all   47.12    0.00   31.83    0.00    0.00   19.55    0.25    0.00    0.00    1.25
23:38:27     all   40.90    0.00   38.40    0.00    0.00   20.70    0.00    0.00    0.00    0.00
23:38:28     all   38.40    0.00   39.65    0.00    0.00   21.45    0.00    0.00    0.00    0.50
23:38:29     all   40.95    0.00   37.69    0.00    0.00   20.60    0.00    0.00    0.00    0.75
23:38:30     all   38.00    0.00   39.75    0.00    0.00   21.50    0.00    0.00    0.00    0.75
23:38:31     all   39.75    0.00   39.25    0.00    0.00   20.50    0.00    0.00    0.00    0.50
