Running 30s test @ http://10.116.0.2:8080/json
  4 threads and 256 connections
  Thread calibration: mean lat.: 1.547ms, rate sampling interval: 10ms
  Thread calibration: mean lat.: 1.634ms, rate sampling interval: 10ms
  Thread calibration: mean lat.: 1.554ms, rate sampling interval: 10ms
  Thread calibration: mean lat.: 1.726ms, rate sampling interval: 10ms
  Thread Stats   Avg      Stdev     Max   +/- Stdev
    Latency     1.58ms  743.97us  11.46ms   72.60%
    Req/Sec    15.84k     1.50k   23.56k    69.94%
  Latency Distribution (HdrHistogram - Recorded Latency)
 50.000%    1.46ms
 75.000%    1.98ms
 90.000%    2.52ms
 99.000%    3.80ms
 99.900%    6.52ms
 99.990%    8.78ms
 99.999%   10.35ms
100.000%   11.46ms

  Detailed Percentile spectrum:
       Value   Percentile   TotalCount 1/(1-Percentile)

       0.236     0.000000            2         1.00
       0.773     0.100000       118559         1.11
       0.961     0.200000       236168         1.25
       1.129     0.300000       354568         1.43
       1.296     0.400000       472580         1.67
       1.464     0.500000       590400         2.00
       1.552     0.550000       649599         2.22
       1.645     0.600000       708874         2.50
       1.744     0.650000       767498         2.86
       1.856     0.700000       826909         3.33
       1.982     0.750000       885661         4.00
       2.053     0.775000       915864         4.44
       2.125     0.800000       944614         5.00
       2.207     0.825000       974336         5.71
       2.299     0.850000      1004195         6.67
       2.403     0.875000      1033345         8.00
       2.461     0.887500      1047958         8.89
       2.523     0.900000      1062732        10.00
       2.593     0.912500      1077505        11.43
       2.671     0.925000      1092342        13.33
       2.761     0.937500      1106953        16.00
       2.817     0.943750      1114584        17.78
       2.877     0.950000      1121722        20.00
       2.949     0.956250      1129212        22.86
       3.027     0.962500      1136519        26.67
       3.115     0.968750      1143925        32.00
       3.165     0.971875      1147584        35.56
       3.223     0.975000      1151340        40.00
       3.295     0.978125      1154981        45.71
       3.381     0.981250      1158640        53.33
       3.491     0.984375      1162302        64.00
       3.561     0.985938      1164173        71.11
       3.639     0.987500      1166020        80.00
       3.733     0.989062      1167843        91.43
       3.855     0.990625      1169701       106.67
       4.009     0.992188      1171523       128.00
       4.103     0.992969      1172468       142.22
       4.215     0.993750      1173382       160.00
       4.359     0.994531      1174292       182.86
       4.547     0.995313      1175234       213.33
       4.779     0.996094      1176135       256.00
       4.923     0.996484      1176601       284.44
       5.071     0.996875      1177063       320.00
       5.235     0.997266      1177520       365.71
       5.435     0.997656      1177985       426.67
       5.675     0.998047      1178449       512.00
       5.819     0.998242      1178677       568.89
       5.955     0.998437      1178904       640.00
       6.131     0.998633      1179132       731.43
       6.323     0.998828      1179368       853.33
       6.547     0.999023      1179595      1024.00
       6.671     0.999121      1179712      1137.78
       6.819     0.999219      1179824      1280.00
       6.975     0.999316      1179943      1462.86
       7.155     0.999414      1180060      1706.67
       7.319     0.999512      1180171      2048.00
       7.411     0.999561      1180228      2275.56
       7.511     0.999609      1180287      2560.00
       7.639     0.999658      1180343      2925.71
       7.795     0.999707      1180402      3413.33
       7.963     0.999756      1180458      4096.00
       8.063     0.999780      1180487      4551.11
       8.175     0.999805      1180516      5120.00
       8.279     0.999829      1180547      5851.43
       8.463     0.999854      1180576      6826.67
       8.615     0.999878      1180603      8192.00
       8.711     0.999890      1180618      9102.22
       8.807     0.999902      1180631     10240.00
       8.983     0.999915      1180646     11702.86
       9.175     0.999927      1180660     13653.33
       9.295     0.999939      1180674     16384.00
       9.399     0.999945      1180682     18204.44
       9.463     0.999951      1180689     20480.00
       9.567     0.999957      1180696     23405.71
       9.663     0.999963      1180703     27306.67
       9.743     0.999969      1180710     32768.00
       9.879     0.999973      1180714     36408.89
      10.015     0.999976      1180718     40960.00
      10.071     0.999979      1180721     46811.43
      10.183     0.999982      1180725     54613.33
      10.271     0.999985      1180728     65536.00
      10.319     0.999986      1180730     72817.78
      10.327     0.999988      1180733     81920.00
      10.351     0.999989      1180734     93622.86
      10.423     0.999991      1180736    109226.67
      10.447     0.999992      1180738    131072.00
      10.447     0.999993      1180738    145635.56
      10.575     0.999994      1180739    163840.00
      10.759     0.999995      1180740    187245.71
      10.999     0.999995      1180741    218453.33
      11.071     0.999996      1180742    262144.00
      11.071     0.999997      1180742    291271.11
      11.111     0.999997      1180743    327680.00
      11.111     0.999997      1180743    374491.43
      11.215     0.999998      1180744    436906.67
      11.215     0.999998      1180744    524288.00
      11.215     0.999998      1180744    582542.22
      11.263     0.999998      1180745    655360.00
      11.263     0.999999      1180745    748982.86
      11.263     0.999999      1180745    873813.33
      11.263     0.999999      1180745   1048576.00
      11.263     0.999999      1180745   1165084.44
      11.463     0.999999      1180746   1310720.00
      11.463     1.000000      1180746          inf
#[Mean    =        1.583, StdDeviation   =        0.744]
#[Max     =       11.456, Total count    =      1180746]
#[Buckets =           27, SubBuckets     =         2048]
----------------------------------------------------------
  1777821 requests in 30.00s, 293.31MB read
Requests/sec:  59261.48
Transfer/sec:      9.78MB
