Running 30s test @ http://10.116.0.2:8080/block?ms=100
  4 threads and 8000 connections
  Thread calibration: mean lat.: 2027.969ms, rate sampling interval: 8486ms
  Thread calibration: mean lat.: 2087.839ms, rate sampling interval: 8642ms
  Thread calibration: mean lat.: 2028.638ms, rate sampling interval: 8486ms
  Thread calibration: mean lat.: 2026.816ms, rate sampling interval: 8585ms
  Thread Stats   Avg      Stdev     Max   +/- Stdev
    Latency     6.55s     1.07s    8.88s    60.17%
    Req/Sec    11.51k    52.46    11.60k    75.00%
  Latency Distribution (HdrHistogram - Recorded Latency)
 50.000%    6.55s 
 75.000%    7.41s 
 90.000%    8.06s 
 99.000%    8.47s 
 99.900%    8.59s 
 99.990%    8.63s 
 99.999%    8.79s 
100.000%    8.89s 

  Detailed Percentile spectrum:
       Value   Percentile   TotalCount 1/(1-Percentile)

    3715.071     0.000000            1         1.00
    5128.191     0.100000        46333         1.11
    5521.407     0.200000        92653         1.25
    5853.183     0.300000       139024         1.43
    6197.247     0.400000       185083         1.67
    6549.503     0.500000       230851         2.00
    6717.439     0.550000       253692         2.22
    6889.471     0.600000       277396         2.50
    7053.311     0.650000       299907         2.86
    7229.439     0.700000       323221         3.33
    7413.759     0.750000       346209         4.00
    7540.735     0.775000       357505         4.44
    7659.519     0.800000       369131         5.00
    7757.823     0.825000       380592         5.71
    7847.935     0.850000       392106         6.67
    7954.431     0.875000       403890         8.00
    8007.679     0.887500       409593         8.89
    8060.927     0.900000       415238        10.00
    8118.271     0.912500       421087        11.43
    8171.519     0.925000       426890        13.33
    8220.671     0.937500       432467        16.00
    8249.343     0.943750       435422        17.78
    8273.919     0.950000       438293        20.00
    8302.591     0.956250       441270        22.86
    8327.167     0.962500       443981        26.67
    8359.935     0.968750       447277        32.00
    8372.223     0.971875       448533        35.56
    8384.511     0.975000       449709        40.00
    8404.991     0.978125       451546        45.71
    8421.375     0.981250       453164        53.33
    8437.759     0.984375       454533        64.00
    8445.951     0.985938       455047        71.11
    8454.143     0.987500       455570        80.00
    8470.527     0.989062       456682        91.43
    8478.719     0.990625       457222       106.67
    8486.911     0.992188       457672       128.00
    8495.103     0.992969       458020       142.22
    8503.295     0.993750       458411       160.00
    8511.487     0.994531       458793       182.86
    8519.679     0.995313       459184       213.33
    8527.871     0.996094       459578       256.00
    8536.063     0.996484       459868       284.44
    8536.063     0.996875       459868       320.00
    8544.255     0.997266       460068       365.71
    8552.447     0.997656       460267       426.67
    8560.639     0.998047       460409       512.00
    8568.831     0.998242       460571       568.89
    8568.831     0.998437       460571       640.00
    8577.023     0.998633       460766       731.43
    8577.023     0.998828       460766       853.33
    8585.215     0.999023       460916      1024.00
    8585.215     0.999121       460916      1137.78
    8585.215     0.999219       460916      1280.00
    8593.407     0.999316       460990      1462.86
    8593.407     0.999414       460990      1706.67
    8601.599     0.999512       461091      2048.00
    8601.599     0.999561       461091      2275.56
    8601.599     0.999609       461091      2560.00
    8601.599     0.999658       461091      2925.71
    8609.791     0.999707       461142      3413.33
    8609.791     0.999756       461142      4096.00
    8609.791     0.999780       461142      4551.11
    8617.983     0.999805       461171      5120.00
    8617.983     0.999829       461171      5851.43
    8626.175     0.999854       461192      6826.67
    8626.175     0.999878       461192      8192.00
    8626.175     0.999890       461192      9102.22
    8634.367     0.999902       461196     10240.00
    8642.559     0.999915       461203     11702.86
    8650.751     0.999927       461207     13653.33
    8667.135     0.999939       461214     16384.00
    8675.327     0.999945       461217     18204.44
    8683.519     0.999951       461224     20480.00
    8683.519     0.999957       461224     23405.71
    8683.519     0.999963       461224     27306.67
    8699.903     0.999969       461226     32768.00
    8708.095     0.999973       461228     36408.89
    8716.287     0.999976       461229     40960.00
    8740.863     0.999979       461232     46811.43
    8740.863     0.999982       461232     54613.33
    8781.823     0.999985       461233     65536.00
    8790.015     0.999986       461235     72817.78
    8790.015     0.999988       461235     81920.00
    8839.167     0.999989       461238     93622.86
    8839.167     0.999991       461238    109226.67
    8839.167     0.999992       461238    131072.00
    8839.167     0.999993       461238    145635.56
    8839.167     0.999994       461238    163840.00
    8839.167     0.999995       461238    187245.71
    8839.167     0.999995       461238    218453.33
    8888.319     0.999996       461240    262144.00
    8888.319     1.000000       461240          inf
#[Mean    =     6553.968, StdDeviation   =     1074.941]
#[Max     =     8880.128, Total count    =       461240]
#[Buckets =           27, SubBuckets     =         2048]
----------------------------------------------------------
  1200127 requests in 30.01s, 183.12MB read
Requests/sec:  39985.72
Transfer/sec:      6.10MB
