Running 30s test @ http://10.116.0.2:8080/json
  4 threads and 256 connections
  Thread calibration: mean lat.: 1.150ms, rate sampling interval: 10ms
  Thread calibration: mean lat.: 1.151ms, rate sampling interval: 10ms
  Thread calibration: mean lat.: 1.337ms, rate sampling interval: 10ms
  Thread calibration: mean lat.: 1.262ms, rate sampling interval: 10ms
  Thread Stats   Avg      Stdev     Max   +/- Stdev
    Latency     1.21ms  549.32us  14.53ms   69.02%
    Req/Sec     5.29k     1.45k   11.33k    77.14%
  Latency Distribution (HdrHistogram - Recorded Latency)
 50.000%    1.15ms
 75.000%    1.56ms
 90.000%    1.92ms
 99.000%    2.49ms
 99.900%    4.73ms
 99.990%    9.72ms
 99.999%   10.57ms
100.000%   14.53ms

  Detailed Percentile spectrum:
       Value   Percentile   TotalCount 1/(1-Percentile)

       0.218     0.000000            1         1.00
       0.573     0.100000        39414         1.11
       0.731     0.200000        78800         1.25
       0.870     0.300000       118137         1.43
       1.006     0.400000       157593         1.67
       1.147     0.500000       196836         2.00
       1.221     0.550000       216525         2.22
       1.298     0.600000       236347         2.50
       1.378     0.650000       255918         2.86
       1.466     0.700000       275683         3.33
       1.562     0.750000       295418         4.00
       1.613     0.775000       305075         4.44
       1.666     0.800000       315061         5.00
       1.719     0.825000       324790         5.71
       1.778     0.850000       334660         6.67
       1.843     0.875000       344507         8.00
       1.879     0.887500       349428         8.89
       1.919     0.900000       354302        10.00
       1.964     0.912500       359240        11.43
       2.012     0.925000       364129        13.33
       2.069     0.937500       369114        16.00
       2.099     0.943750       371563        17.78
       2.131     0.950000       373962        20.00
       2.167     0.956250       376501        22.86
       2.205     0.962500       378902        26.67
       2.249     0.968750       381386        32.00
       2.273     0.971875       382557        35.56
       2.301     0.975000       383822        40.00
       2.331     0.978125       385026        45.71
       2.365     0.981250       386240        53.33
       2.401     0.984375       387466        64.00
       2.423     0.985938       388097        71.11
       2.449     0.987500       388743        80.00
       2.471     0.989062       389318        91.43
       2.501     0.990625       389934       106.67
       2.539     0.992188       390553       128.00
       2.559     0.992969       390858       142.22
       2.585     0.993750       391161       160.00
       2.615     0.994531       391467       182.86
       2.655     0.995313       391782       213.33
       2.709     0.996094       392082       256.00
       2.745     0.996484       392230       284.44
       2.797     0.996875       392387       320.00
       2.873     0.997266       392541       365.71
       3.015     0.997656       392692       426.67
       3.199     0.998047       392845       512.00
       3.351     0.998242       392922       568.89
       3.569     0.998437       392999       640.00
       3.911     0.998633       393075       731.43
       4.331     0.998828       393152       853.33
       4.823     0.999023       393229      1024.00
       5.035     0.999121       393268      1137.78
       5.319     0.999219       393306      1280.00
       5.587     0.999316       393344      1462.86
       5.879     0.999414       393383      1706.67
       6.335     0.999512       393421      2048.00
       6.775     0.999561       393442      2275.56
       7.055     0.999609       393460      2560.00
       7.863     0.999658       393479      2925.71
       8.311     0.999707       393498      3413.33
       9.095     0.999756       393517      4096.00
       9.255     0.999780       393527      4551.11
       9.399     0.999805       393538      5120.00
       9.511     0.999829       393546      5851.43
       9.615     0.999854       393557      6826.67
       9.679     0.999878       393565      8192.00
       9.703     0.999890       393570      9102.22
       9.719     0.999902       393575     10240.00
       9.767     0.999915       393580     11702.86
       9.871     0.999927       393585     13653.33
       9.911     0.999939       393590     16384.00
       9.927     0.999945       393592     18204.44
       9.943     0.999951       393594     20480.00
      10.015     0.999957       393597     23405.71
      10.095     0.999963       393599     27306.67
      10.167     0.999969       393601     32768.00
      10.207     0.999973       393603     36408.89
      10.223     0.999976       393604     40960.00
      10.343     0.999979       393605     46811.43
      10.431     0.999982       393606     54613.33
      10.479     0.999985       393607     65536.00
      10.551     0.999986       393608     72817.78
      10.575     0.999988       393609     81920.00
      10.575     0.999989       393609     93622.86
      10.631     0.999991       393610    109226.67
      10.631     0.999992       393610    131072.00
      10.663     0.999993       393611    145635.56
      10.663     0.999994       393611    163840.00
      10.663     0.999995       393611    187245.71
      10.679     0.999995       393612    218453.33
      10.679     0.999996       393612    262144.00
      10.679     0.999997       393612    291271.11
      10.679     0.999997       393612    327680.00
      10.679     0.999997       393612    374491.43
      14.535     0.999998       393613    436906.67
      14.535     1.000000       393613          inf
#[Mean    =        1.212, StdDeviation   =        0.549]
#[Max     =       14.528, Total count    =       393613]
#[Buckets =           27, SubBuckets     =         2048]
----------------------------------------------------------
  588511 requests in 30.01s, 97.10MB read
Requests/sec:  19613.08
Transfer/sec:      3.24MB
