Running 30s test @ http://10.116.0.2:8080/block?ms=100
  4 threads and 2000 connections
  Thread calibration: mean lat.: 102.617ms, rate sampling interval: 210ms
  Thread calibration: mean lat.: 102.638ms, rate sampling interval: 210ms
  Thread calibration: mean lat.: 102.693ms, rate sampling interval: 210ms
  Thread calibration: mean lat.: 102.728ms, rate sampling interval: 210ms
  Thread Stats   Avg      Stdev     Max   +/- Stdev
    Latency   102.61ms    2.92ms 135.81ms   91.78%
    Req/Sec     4.51k   202.85     4.73k    84.34%
  Latency Distribution (HdrHistogram - Recorded Latency)
 50.000%  101.69ms
 75.000%  102.97ms
 90.000%  105.02ms
 99.000%  115.46ms
 99.900%  127.68ms
 99.990%  132.10ms
 99.999%  134.78ms
100.000%  135.93ms

  Detailed Percentile spectrum:
       Value   Percentile   TotalCount 1/(1-Percentile)

     100.351     0.000000          108         1.00
     100.799     0.100000        34696         1.11
     101.055     0.200000        69032         1.25
     101.247     0.300000        97713         1.43
     101.439     0.400000       126404         1.67
     101.695     0.500000       158734         2.00
     101.887     0.550000       177118         2.22
     102.079     0.600000       192169         2.50
     102.335     0.650000       207994         2.86
     102.591     0.700000       221036         3.33
     102.975     0.750000       237273         4.00
     103.167     0.775000       244284         4.44
     103.423     0.800000       252521         5.00
     103.743     0.825000       261305         5.71
     104.063     0.850000       268494         6.67
     104.447     0.875000       275536         8.00
     104.703     0.887500       279410         8.89
     105.023     0.900000       283554        10.00
     105.407     0.912500       287689        11.43
     105.855     0.925000       291473        13.33
     106.495     0.937500       295239        16.00
     107.007     0.943750       297261        17.78
     107.647     0.950000       299089        20.00
     108.607     0.956250       301075        22.86
     109.695     0.962500       303089        26.67
     110.719     0.968750       305065        32.00
     111.167     0.971875       306012        35.56
     111.679     0.975000       307052        40.00
     112.127     0.978125       307912        45.71
     112.767     0.981250       308953        53.33
     113.471     0.984375       309951        64.00
     113.855     0.985938       310405        71.11
     114.367     0.987500       310894        80.00
     114.943     0.989062       311363        91.43
     115.775     0.990625       311874       106.67
     116.607     0.992188       312333       128.00
     117.311     0.992969       312584       142.22
     118.207     0.993750       312828       160.00
     119.295     0.994531       313071       182.86
     120.575     0.995313       313322       213.33
     121.407     0.996094       313571       256.00
     121.855     0.996484       313691       284.44
     122.303     0.996875       313813       320.00
     122.943     0.997266       313949       365.71
     123.391     0.997656       314061       426.67
     124.031     0.998047       314183       512.00
     124.543     0.998242       314238       568.89
     125.183     0.998437       314299       640.00
     126.015     0.998633       314361       731.43
     127.167     0.998828       314422       853.33
     127.743     0.999023       314488      1024.00
     127.999     0.999121       314518      1137.78
     128.191     0.999219       314546      1280.00
     128.447     0.999316       314578      1462.86
     128.767     0.999414       314606      1706.67
     129.151     0.999512       314637      2048.00
     129.599     0.999561       314652      2275.56
     130.175     0.999609       314668      2560.00
     130.495     0.999658       314684      2925.71
     130.815     0.999707       314700      3413.33
     131.007     0.999756       314716      4096.00
     131.199     0.999780       314721      4551.11
     131.455     0.999805       314740      5120.00
     131.455     0.999829       314740      5851.43
     131.583     0.999854       314746      6826.67
     131.839     0.999878       314754      8192.00
     131.967     0.999890       314758      9102.22
     132.223     0.999902       314765     10240.00
     132.223     0.999915       314765     11702.86
     132.351     0.999927       314768     13653.33
     132.607     0.999939       314771     16384.00
     132.735     0.999945       314775     18204.44
     132.735     0.999951       314775     20480.00
     132.991     0.999957       314777     23405.71
     133.375     0.999963       314779     27306.67
     133.631     0.999969       314781     32768.00
     134.015     0.999973       314782     36408.89
     134.271     0.999976       314783     40960.00
     134.399     0.999979       314784     46811.43
     134.655     0.999982       314786     54613.33
     134.655     0.999985       314786     65536.00
     134.655     0.999986       314786     72817.78
     134.783     0.999988       314787     81920.00
     134.783     0.999989       314787     93622.86
     135.423     0.999991       314788    109226.67
     135.423     0.999992       314788    131072.00
     135.423     0.999993       314788    145635.56
     135.551     0.999994       314789    163840.00
     135.551     0.999995       314789    187245.71
     135.551     0.999995       314789    218453.33
     135.551     0.999996       314789    262144.00
     135.551     0.999997       314789    291271.11
     135.935     0.999997       314790    327680.00
     135.935     1.000000       314790          inf
#[Mean    =      102.612, StdDeviation   =        2.917]
#[Max     =      135.808, Total count    =       314790]
#[Buckets =           27, SubBuckets     =         2048]
----------------------------------------------------------
  512846 requests in 30.00s, 78.25MB read
Requests/sec:  17094.92
Transfer/sec:      2.61MB
