Running 30s test @ http://10.116.0.2:8080/json
  4 threads and 256 connections
  Thread calibration: mean lat.: 1.989ms, rate sampling interval: 10ms
  Thread calibration: mean lat.: 1.837ms, rate sampling interval: 10ms
  Thread calibration: mean lat.: 1.720ms, rate sampling interval: 10ms
  Thread calibration: mean lat.: 1.720ms, rate sampling interval: 10ms
  Thread Stats   Avg      Stdev     Max   +/- Stdev
    Latency     1.80ms    2.06ms 206.08ms   96.23%
    Req/Sec    21.10k     2.15k   38.44k    73.95%
  Latency Distribution (HdrHistogram - Recorded Latency)
 50.000%    1.52ms
 75.000%    2.12ms
 90.000%    2.88ms
 99.000%    6.61ms
 99.900%   13.26ms
 99.990%  104.96ms
 99.999%  197.38ms
100.000%  206.21ms

  Detailed Percentile spectrum:
       Value   Percentile   TotalCount 1/(1-Percentile)

       0.210     0.000000            1         1.00
       0.830     0.100000       157435         1.11
       1.026     0.200000       315732         1.25
       1.188     0.300000       472478         1.43
       1.349     0.400000       630649         1.67
       1.520     0.500000       787333         2.00
       1.614     0.550000       865956         2.22
       1.714     0.600000       944968         2.50
       1.826     0.650000      1023444         2.86
       1.961     0.700000      1102298         3.33
       2.117     0.750000      1181473         4.00
       2.201     0.775000      1220464         4.44
       2.297     0.800000      1260110         5.00
       2.409     0.825000      1298828         5.71
       2.543     0.850000      1338606         6.67
       2.695     0.875000      1377651         8.00
       2.781     0.887500      1397228         8.89
       2.877     0.900000      1416964        10.00
       2.993     0.912500      1436805        11.43
       3.119     0.925000      1456389        13.33
       3.267     0.937500      1475972        16.00
       3.365     0.943750      1485851        17.78
       3.497     0.950000      1495669        20.00
       3.657     0.956250      1505463        22.86
       3.869     0.962500      1515309        26.67
       4.135     0.968750      1525227        32.00
       4.295     0.971875      1530054        35.56
       4.511     0.975000      1534981        40.00
       4.783     0.978125      1539882        45.71
       5.131     0.981250      1544793        53.33
       5.567     0.984375      1549714        64.00
       5.811     0.985938      1552164        71.11
       6.091     0.987500      1554644        80.00
       6.411     0.989062      1557100        91.43
       6.763     0.990625      1559549       106.67
       7.191     0.992188      1562006       128.00
       7.439     0.992969      1563230       142.22
       7.723     0.993750      1564460       160.00
       8.043     0.994531      1565696       182.86
       8.447     0.995313      1566952       213.33
       8.887     0.996094      1568153       256.00
       9.183     0.996484      1568769       284.44
       9.511     0.996875      1569380       320.00
       9.935     0.997266      1569999       365.71
      10.407     0.997656      1570613       426.67
      10.991     0.998047      1571225       512.00
      11.343     0.998242      1571537       568.89
      11.735     0.998437      1571840       640.00
      12.247     0.998633      1572149       731.43
      12.775     0.998828      1572454       853.33
      13.327     0.999023      1572761      1024.00
      13.815     0.999121      1572919      1137.78
      14.415     0.999219      1573069      1280.00
      15.327     0.999316      1573222      1462.86
      16.847     0.999414      1573376      1706.67
      18.527     0.999512      1573530      2048.00
      19.695     0.999561      1573608      2275.56
      20.655     0.999609      1573687      2560.00
      21.711     0.999658      1573760      2925.71
      22.687     0.999707      1573837      3413.33
      24.063     0.999756      1573914      4096.00
      24.639     0.999780      1573955      4551.11
      25.615     0.999805      1573991      5120.00
      30.735     0.999829      1574029      5851.43
      55.519     0.999854      1574068      6826.67
      81.343     0.999878      1574106      8192.00
      94.335     0.999890      1574126      9102.22
     107.711     0.999902      1574145     10240.00
     119.743     0.999915      1574164     11702.86
     131.967     0.999927      1574183     13653.33
     143.999     0.999939      1574202     16384.00
     150.783     0.999945      1574212     18204.44
     157.951     0.999951      1574222     20480.00
     163.967     0.999957      1574231     23405.71
     169.983     0.999963      1574241     27306.67
     176.383     0.999969      1574250     32768.00
     179.583     0.999973      1574255     36408.89
     182.399     0.999976      1574260     40960.00
     185.727     0.999979      1574265     46811.43
     189.311     0.999982      1574270     54613.33
     191.871     0.999985      1574274     65536.00
     194.047     0.999986      1574277     72817.78
     195.839     0.999988      1574279     81920.00
     197.375     0.999989      1574282     93622.86
     198.143     0.999991      1574284    109226.67
     199.679     0.999992      1574286    131072.00
     200.959     0.999993      1574288    145635.56
     201.087     0.999994      1574289    163840.00
     201.727     0.999995      1574290    187245.71
     203.007     0.999995      1574291    218453.33
     203.391     0.999996      1574292    262144.00
     203.647     0.999997      1574293    291271.11
     204.543     0.999997      1574294    327680.00
     204.543     0.999997      1574294    374491.43
     205.439     0.999998      1574295    436906.67
     205.439     0.999998      1574295    524288.00
     205.695     0.999998      1574296    582542.22
     205.695     0.999998      1574296    655360.00
     205.695     0.999999      1574296    748982.86
     206.207     0.999999      1574298    873813.33
     206.207     1.000000      1574298          inf
#[Mean    =        1.802, StdDeviation   =        2.059]
#[Max     =      206.080, Total count    =      1574298]
#[Buckets =           27, SubBuckets     =         2048]
----------------------------------------------------------
  2387308 requests in 30.00s, 393.87MB read
Requests/sec:  79575.49
Transfer/sec:     13.13MB
