Running 30s test @ http://10.116.0.2:8080/block?ms=100
  4 threads and 1000 connections
  Thread calibration: mean lat.: 102.645ms, rate sampling interval: 207ms
  Thread calibration: mean lat.: 102.713ms, rate sampling interval: 207ms
  Thread calibration: mean lat.: 102.632ms, rate sampling interval: 206ms
  Thread calibration: mean lat.: 101.444ms, rate sampling interval: 204ms
  Thread Stats   Avg      Stdev     Max   +/- Stdev
    Latency   101.69ms    1.07ms 112.51ms   86.57%
    Req/Sec     2.25k   199.00     2.41k    82.83%
  Latency Distribution (HdrHistogram - Recorded Latency)
 50.000%  101.50ms
 75.000%  102.01ms
 90.000%  102.65ms
 99.000%  107.26ms
 99.900%  109.82ms
 99.990%  111.17ms
 99.999%  112.19ms
100.000%  112.57ms

  Detailed Percentile spectrum:
       Value   Percentile   TotalCount 1/(1-Percentile)

     100.287     0.000000            1         1.00
     100.799     0.100000        18089         1.11
     101.055     0.200000        39510         1.25
     101.183     0.300000        52112         1.43
     101.375     0.400000        71914         1.67
     101.503     0.500000        85226         2.00
     101.631     0.550000        97286         2.22
     101.695     0.600000       102888         2.50
     101.823     0.650000       113205         2.86
     101.887     0.700000       117935         3.33
     102.015     0.750000       126567         4.00
     102.143     0.775000       134075         4.44
     102.207     0.800000       137413         5.00
     102.271     0.825000       140346         5.71
     102.399     0.850000       145488         6.67
     102.463     0.875000       147782         8.00
     102.527     0.887500       149776         8.89
     102.655     0.900000       153138        10.00
     102.719     0.912500       154581        11.43
     102.783     0.925000       155862        13.33
     102.911     0.937500       158041        16.00
     103.039     0.943750       159712        17.78
     103.103     0.950000       160343        20.00
     103.231     0.956250       161462        22.86
     103.359     0.962500       162364        26.67
     103.551     0.968750       163316        32.00
     103.679     0.971875       163758        35.56
     103.935     0.975000       164363        40.00
     104.319     0.978125       164824        45.71
     105.023     0.981250       165336        53.33
     106.047     0.984375       165874        64.00
     106.367     0.985938       166117        71.11
     106.687     0.987500       166385        80.00
     107.007     0.989062       166648        91.43
     107.391     0.990625       166908       106.67
     107.775     0.992188       167189       128.00
     107.967     0.992969       167313       142.22
     108.159     0.993750       167443       160.00
     108.351     0.994531       167556       182.86
     108.607     0.995313       167713       213.33
     108.799     0.996094       167844       256.00
     108.927     0.996484       167925       284.44
     108.991     0.996875       167958       320.00
     109.119     0.997266       168016       365.71
     109.311     0.997656       168099       426.67
     109.439     0.998047       168161       512.00
     109.503     0.998242       168189       568.89
     109.567     0.998437       168226       640.00
     109.631     0.998633       168251       731.43
     109.759     0.998828       168297       853.33
     109.823     0.999023       168310      1024.00
     109.887     0.999121       168325      1137.78
     110.015     0.999219       168359      1280.00
     110.015     0.999316       168359      1462.86
     110.143     0.999414       168379      1706.67
     110.207     0.999512       168392      2048.00
     110.335     0.999561       168405      2275.56
     110.399     0.999609       168411      2560.00
     110.463     0.999658       168420      2925.71
     110.527     0.999707       168429      3413.33
     110.591     0.999756       168433      4096.00
     110.655     0.999780       168438      4551.11
     110.719     0.999805       168440      5120.00
     110.783     0.999829       168443      5851.43
     110.911     0.999854       168450      6826.67
     111.039     0.999878       168451      8192.00
     111.167     0.999890       168454      9102.22
     111.231     0.999902       168455     10240.00
     111.295     0.999915       168457     11702.86
     111.551     0.999927       168459     13653.33
     111.743     0.999939       168461     16384.00
     111.807     0.999945       168462     18204.44
     111.871     0.999951       168464     20480.00
     111.871     0.999957       168464     23405.71
     111.935     0.999963       168465     27306.67
     111.999     0.999969       168467     32768.00
     111.999     0.999973       168467     36408.89
     111.999     0.999976       168467     40960.00
     112.127     0.999979       168468     46811.43
     112.127     0.999982       168468     54613.33
     112.191     0.999985       168470     65536.00
     112.191     0.999986       168470     72817.78
     112.191     0.999988       168470     81920.00
     112.191     0.999989       168470     93622.86
     112.191     0.999991       168470    109226.67
     112.191     0.999992       168470    131072.00
     112.191     0.999993       168470    145635.56
     112.191     0.999994       168470    163840.00
     112.575     0.999995       168471    187245.71
     112.575     1.000000       168471          inf
#[Mean    =      101.691, StdDeviation   =        1.069]
#[Max     =      112.512, Total count    =       168471]
#[Buckets =           27, SubBuckets     =         2048]
----------------------------------------------------------
  261106 requests in 30.00s, 39.84MB read
Requests/sec:   8703.36
Transfer/sec:      1.33MB
