Running 30s test @ http://10.116.0.2:8080/json
  4 threads and 256 connections
  Thread calibration: mean lat.: 1.444ms, rate sampling interval: 10ms
  Thread calibration: mean lat.: 1.517ms, rate sampling interval: 10ms
  Thread calibration: mean lat.: 1.428ms, rate sampling interval: 10ms
  Thread calibration: mean lat.: 1.384ms, rate sampling interval: 10ms
  Thread Stats   Avg      Stdev     Max   +/- Stdev
    Latency     1.47ms  668.03us  16.26ms   69.71%
    Req/Sec    15.80k     1.13k   24.89k    78.00%
  Latency Distribution (HdrHistogram - Recorded Latency)
 50.000%    1.38ms
 75.000%    1.88ms
 90.000%    2.32ms
 99.000%    3.37ms
 99.900%    5.45ms
 99.990%    7.65ms
 99.999%   11.55ms
100.000%   16.27ms

  Detailed Percentile spectrum:
       Value   Percentile   TotalCount 1/(1-Percentile)

       0.221     0.000000            1         1.00
       0.703     0.100000       118358         1.11
       0.890     0.200000       236292         1.25
       1.056     0.300000       354303         1.43
       1.217     0.400000       472947         1.67
       1.384     0.500000       591024         2.00
       1.473     0.550000       649851         2.22
       1.565     0.600000       708829         2.50
       1.660     0.650000       767517         2.86
       1.763     0.700000       826761         3.33
       1.878     0.750000       886086         4.00
       1.940     0.775000       915122         4.44
       2.007     0.800000       944847         5.00
       2.075     0.825000       974271         5.71
       2.147     0.850000      1004224         6.67
       2.225     0.875000      1033493         8.00
       2.269     0.887500      1048259         8.89
       2.317     0.900000      1063075        10.00
       2.369     0.912500      1077500        11.43
       2.429     0.925000      1092273        13.33
       2.499     0.937500      1107113        16.00
       2.539     0.943750      1114385        17.78
       2.585     0.950000      1121909        20.00
       2.637     0.956250      1129177        22.86
       2.699     0.962500      1136638        26.67
       2.775     0.968750      1144005        32.00
       2.823     0.971875      1147645        35.56
       2.879     0.975000      1151332        40.00
       2.949     0.978125      1155027        45.71
       3.027     0.981250      1158670        53.33
       3.117     0.984375      1162386        64.00
       3.169     0.985938      1164170        71.11
       3.231     0.987500      1166034        80.00
       3.309     0.989062      1167873        91.43
       3.415     0.990625      1169703       106.67
       3.555     0.992188      1171552       128.00
       3.645     0.992969      1172463       142.22
       3.741     0.993750      1173382       160.00
       3.857     0.994531      1174303       182.86
       3.997     0.995313      1175230       213.33
       4.167     0.996094      1176156       256.00
       4.271     0.996484      1176623       284.44
       4.395     0.996875      1177076       320.00
       4.539     0.997266      1177533       365.71
       4.691     0.997656      1178001       426.67
       4.859     0.998047      1178457       512.00
       4.963     0.998242      1178697       568.89
       5.071     0.998437      1178925       640.00
       5.187     0.998633      1179151       731.43
       5.319     0.998828      1179383       853.33
       5.467     0.999023      1179608      1024.00
       5.551     0.999121      1179724      1137.78
       5.647     0.999219      1179839      1280.00
       5.759     0.999316      1179958      1462.86
       5.911     0.999414      1180070      1706.67
       6.055     0.999512      1180185      2048.00
       6.151     0.999561      1180242      2275.56
       6.243     0.999609      1180299      2560.00
       6.367     0.999658      1180357      2925.71
       6.499     0.999707      1180416      3413.33
       6.667     0.999756      1180472      4096.00
       6.783     0.999780      1180501      4551.11
       6.907     0.999805      1180530      5120.00
       7.039     0.999829      1180559      5851.43
       7.163     0.999854      1180588      6826.67
       7.363     0.999878      1180616      8192.00
       7.503     0.999890      1180631      9102.22
       7.663     0.999902      1180645     10240.00
       7.807     0.999915      1180660     11702.86
       8.039     0.999927      1180674     13653.33
       8.247     0.999939      1180689     16384.00
       8.367     0.999945      1180696     18204.44
       8.519     0.999951      1180703     20480.00
       8.607     0.999957      1180710     23405.71
       8.735     0.999963      1180717     27306.67
       9.047     0.999969      1180724     32768.00
       9.439     0.999973      1180728     36408.89
       9.567     0.999976      1180732     40960.00
       9.743     0.999979      1180735     46811.43
       9.895     0.999982      1180739     54613.33
      10.111     0.999985      1180742     65536.00
      10.919     0.999986      1180744     72817.78
      11.175     0.999988      1180746     81920.00
      11.551     0.999989      1180748     93622.86
      12.343     0.999991      1180750    109226.67
      12.351     0.999992      1180751    131072.00
      12.423     0.999993      1180752    145635.56
      12.647     0.999994      1180753    163840.00
      12.983     0.999995      1180754    187245.71
      13.767     0.999995      1180755    218453.33
      14.335     0.999996      1180756    262144.00
      14.335     0.999997      1180756    291271.11
      14.567     0.999997      1180757    327680.00
      14.567     0.999997      1180757    374491.43
      15.047     0.999998      1180758    436906.67
      15.047     0.999998      1180758    524288.00
      15.047     0.999998      1180758    582542.22
      15.647     0.999998      1180759    655360.00
      15.647     0.999999      1180759    748982.86
      15.647     0.999999      1180759    873813.33
      15.647     0.999999      1180759   1048576.00
      15.647     0.999999      1180759   1165084.44
      16.271     0.999999      1180760   1310720.00
      16.271     1.000000      1180760          inf
#[Mean    =        1.473, StdDeviation   =        0.668]
#[Max     =       16.264, Total count    =      1180760]
#[Buckets =           27, SubBuckets     =         2048]
----------------------------------------------------------
  1790525 requests in 30.00s, 295.41MB read
Requests/sec:  59682.96
Transfer/sec:      9.85MB
