1790880513 153476
1790880514 164268
1790880515 231988
1790880516 233296
1790880517 247868
1790880518 285804
1790880519 286124
1790880520 286316
1790880521 286324
1790880522 286332
1790880523 286332
1790880524 290580
1790880526 290604
1790880527 290648
1790880528 290660
1790880529 290680
1790880530 290688
1790880531 290696
1790880532 290700
1790880533 290700
1790880534 290712
1790880535 290712
1790880536 290732
1790880537 290736
1790880538 290760
1790880539 290768
1790880540 290772
1790880541 290780
1790880542 290780
1790880543 290784
1790880544 296192
1790880545 321184
1790880546 334628
1790880547 337532
1790880548 337544
1790880549 338588
1790880550 338988
1790880552 338988
1790880553 338992
1790880554 339004
1790880555 339012
1790880556 339076
1790880557 339076
1790880558 339076
1790880559 339088
1790880560 339096
1790880561 339096
1790880562 339112
1790880563 339112
1790880564 339140
1790880565 339140
1790880566 339140
1790880567 339140
1790880568 339144
1790880569 339148
1790880570 339148
1790880571 339148
1790880572 339176
1790880573 339212
1790880574 339320
1790880575 339324
1790880576 339348
1790880577 339348
1790880579 339348
1790880580 339352
1790880581 339352
1790880582 339352
1790880583 339356
1790880584 339356
1790880585 339364
1790880586 297536
1790880587 298076
1790880588 298076
1790880589 298084
1790880590 298088
1790880591 298088
1790880592 298088
1790880593 298092
1790880594 298100
1790880595 298100
1790880596 298104
1790880597 298104
1790880598 298104
1790880599 298104
1790880600 298104
1790880601 298104
1790880602 298104
1790880603 298104
1790880605 298416
1790880606 298420
1790880607 298420
1790880608 298428
1790880609 298428
1790880610 298436
1790880611 298436
1790880612 298440
1790880613 298444
1790880614 298444
1790880615 298448
1790880616 298448
1790880617 298448
1790880618 298456
1790880619 298456
1790880620 298456
1790880621 298456
1790880622 298456
1790880623 298456
1790880624 298460
1790880625 298460
1790880627 298464
1790880628 298468
1790880629 298468
1790880630 298468
1790880631 298468
1790880632 298528
1790880633 298536
1790880634 298536
1790880635 298576
1790880636 304608
1790880637 321152
1790880638 321160
1790880639 321168
1790880640 321168
1790880641 321172
1790880642 321176
1790880643 321176
1790880645 321184
1790880646 321184
1790880647 321188
1790880648 321188
1790880649 321192
1790880650 321192
1790880651 321196
1790880652 321196
1790880653 321196
1790880654 321200
1790880655 321200
1790880656 321200
1790880657 321200
1790880658 321200
1790880659 321200
1790880660 321200
1790880662 321200
1790880663 321208
1790880664 321212
1790880665 321224
1790880666 321224
1790880667 348924
1790880668 348924
1790880669 348924
1790880670 348924
1790880671 348924
1790880672 348924
1790880673 348928
1790880674 348936
1790880676 348936
1790880677 348940
1790880678 348940
1790880679 348940
1790880680 348944
1790880681 348944
1790880682 348948
1790880683 348952
1790880684 348952
1790880685 348952
1790880686 348952
1790880687 348952
1790880689 348952
1790880690 348952
1790880691 348960
1790880692 348960
1790880693 348964
1790880694 348964
1790880695 348980
1790880696 348980
1790880697 348984
1790880698 348984
1790880699 348984
1790880700 348984
1790880702 348988
1790880703 348988
1790880704 349000
1790880705 349000
1790880706 349000
1790880707 349004
1790880708 349004
1790880710 349008
1790880711 349012
1790880712 349012
1790880713 349012
1790880714 349012
1790880715 349012
1790880716 349016
1790880717 349016
1790880718 349016
1790880720 349016
1790880721 349016
1790880722 349016
1790880723 349016
1790880724 349016
1790880725 349028
1790880726 349028
1790880727 349028
1790880729 349028
1790880730 349032
1790880731 349032
1790880732 349036
1790880733 349036
1790880734 349036
1790880735 349036
1790880737 349044
1790880738 349048
1790880739 349048
1790880740 349048
1790880741 349048
1790880742 349048
1790880743 349052
1790880744 349052
1790880746 349056
1790880747 349056
1790880748 349056
1790880749 349056
1790880750 349060
1790880751 381908
1790880752 381956
1790880753 381956
1790880754 381956
1790880756 381980
1790880757 396196
1790880758 396236
1790880759 396240
1790880760 396244
1790880761 396244
1790880762 396248
1790880763 396252
1790880764 396264
1790880765 396276
1790880766 396284
1790880767 396288
1790880768 396312
1790880769 396312
1790880770 396600
1790880771 389580
1790880772 389584
1790880773 389584
1790880774 389584
1790880775 389588
1790880776 389588
1790880777 389592
1790880778 389592
1790880779 389592
1790880780 389592
1790880781 389592
1790880783 389608
1790880784 389608
1790880785 389612
1790880786 389628
1790880787 411428
1790880788 412040
1790880789 412048
1790880790 412048
1790880791 412052
1790880792 412052
1790880793 412276
1790880794 412276
1790880795 412524
1790880796 412632
1790880797 413512
1790880798 413512
1790880799 413512
1790880800 413516
1790880801 413516
1790880802 413520
1790880803 413532
1790880804 413536
1790880805 413536
1790880807 413536
1790880808 413536
1790880809 413536
1790880810 413536
1790880811 413536
1790880812 413536
1790880813 413540
1790880814 413540
1790880815 413540
1790880816 413540
1790880817 441444
1790880818 442600
1790880819 525648
1790880820 684828
1790880821 707100
1790880822 707864
1790880823 707920
1790880824 707920
1790880826 707980
1790880827 707984
1790880828 708004
1790880829 708016
1790880830 708024
1790880831 708024
1790880832 708028
1790880833 708032
1790880834 708032
1790880835 708032
1790880836 708032
1790880837 708036
1790880838 708044
1790880839 708044
1790880840 708052
1790880841 708052
1790880843 708052
1790880844 708096
1790880845 708124
1790880846 708124
1790880847 708124
1790880848 727176
1790880849 728388
1790880850 648764
1790880851 649224
1790880852 649592
1790880853 707508
1790880854 761716
1790880855 819552
1790880857 995816
1790880858 1135648
1790880859 1135668
1790880860 1135668
1790880861 1135668
1790880862 1135668
1790880863 1135668
1790880864 1135668
1790880865 1135852
1790880866 1140204
1790880867 1140204
1790880868 1140204
1790880869 1140204
1790880871 1140204
1790880872 1140204
1790880873 1140204
1790880874 1140204
1790880875 1140204
