Linux 6.8.0-142-generic (cafeai-bench-server) 	10/01/26 	_x86_64_	(4 CPU)

18:48:33     CPU    %usr   %nice    %sys %iowait    %irq   %soft  %steal  %guest  %gnice   %idle
18:48:34     all    9.80    0.00    1.26    0.00    0.00    0.75    0.00    0.00    0.00   88.19
18:48:35     all   81.89    0.00   11.66    0.00    0.00    5.71    0.00    0.00    0.00    0.74
18:48:36     all   78.89    0.00   13.82    0.00    0.00    7.04    0.00    0.00    0.00    0.25
18:48:37     all   74.13    0.00   16.67    0.00    0.00    8.71    0.00    0.00    0.00    0.50
18:48:38     all   75.06    0.00   15.80    0.00    0.00    6.42    0.00    0.00    0.00    2.72
18:48:39     all   68.42    0.00   14.59    0.00    0.00    3.35    0.00    0.00    0.00   13.64
18:48:40     all   55.64    0.00   13.73    0.00    0.00    2.94    0.00    0.00    0.00   27.70
18:48:41     all   18.00    0.00   13.25    0.00    0.00    3.00    0.25    0.00    0.00   65.50
18:48:42     all   16.38    0.00   14.39    0.00    0.00    3.47    0.00    0.00    0.00   65.76
18:48:43     all   16.03    0.00   14.25    0.00    0.00    3.56    0.00    0.00    0.00   66.16
18:48:44     all   14.91    0.00   13.88    0.00    0.00    3.60    0.00    0.00    0.00   67.61
18:48:45     all   14.90    0.00   14.39    0.00    0.00    3.79    0.00    0.00    0.00   66.92
18:48:46     all   16.01    0.00   14.53    0.00    0.00    3.20    0.00    0.00    0.00   66.26
18:48:47     all   14.67    0.00   13.69    0.24    0.00    3.67    0.24    0.00    0.00   67.48
18:48:48     all   14.71    0.00   15.44    0.00    0.00    2.45    0.00    0.00    0.00   67.40
18:48:49     all   14.04    0.00   14.04    0.00    0.00    3.69    0.00    0.00    0.00   68.23
18:48:50     all   14.80    0.00   13.27    0.00    0.00    3.32    0.26    0.00    0.00   68.37
18:48:51     all   14.32    0.00   14.82    0.00    0.00    3.52    0.00    0.00    0.00   67.34
18:48:52     all   14.57    0.00   14.57    0.00    0.00    3.70    0.00    0.00    0.00   67.16
18:48:53     all   12.41    0.00   13.90    0.00    0.00    3.23    0.00    0.00    0.00   70.47
18:48:54     all   14.78    0.00   14.04    0.00    0.00    3.69    0.25    0.00    0.00   67.24
18:48:55     all   14.11    0.00   13.86    0.00    0.00    4.21    0.25    0.00    0.00   67.57
18:48:56     all   13.38    0.00   14.90    0.00    0.00    3.54    0.00    0.00    0.00   68.18
18:48:57     all   14.29    0.00   13.79    0.00    0.00    4.19    0.00    0.00    0.00   67.73
18:48:58     all   13.67    0.00   13.42    0.00    0.00    4.05    0.00    0.00    0.00   68.86
18:48:59     all   15.23    0.00   13.76    0.25    0.00    4.18    0.25    0.00    0.00   66.34
18:49:00     all   14.29    0.00   14.29    0.00    0.00    3.94    0.25    0.00    0.00   67.24
18:49:01     all   13.86    0.00   15.10    0.00    0.00    4.21    0.00    0.00    0.00   66.83
18:49:02     all   14.00    0.00   14.25    0.00    0.00    3.93    0.00    0.00    0.00   67.81
18:49:03     all   13.14    0.00   15.09    0.00    0.00    3.89    0.00    0.00    0.00   67.88
18:49:04     all   13.90    0.00   13.40    0.00    0.00    3.23    0.00    0.00    0.00   69.48
18:49:05     all   28.32    0.00    4.26    0.00    0.00    2.01    0.00    0.00    0.00   65.41
18:49:06     all   39.95    0.00   10.43    0.00    0.00    5.60    0.25    0.00    0.00   43.77
18:49:07     all   14.21    0.00   12.97    0.00    0.00    4.24    0.00    0.00    0.00   68.58
18:49:08     all   12.59    0.00   12.85    0.00    0.00    3.27    0.00    0.00    0.00   71.28
18:49:09     all   14.11    0.00   12.85    0.00    0.00    3.53    0.00    0.00    0.00   69.52
18:49:10     all   15.54    0.00   13.03    0.00    0.00    3.51    0.00    0.00    0.00   67.92
18:49:11     all   13.60    0.00   12.09    0.00    0.00    3.02    0.00    0.00    0.00   71.28
18:49:12     all   11.84    0.00   14.36    0.00    0.00    3.02    0.00    0.00    0.00   70.78
18:49:13     all   12.18    0.00   12.94    0.00    0.00    3.30    0.25    0.00    0.00   71.32
18:49:14     all   11.42    0.00   12.44    0.00    0.00    3.55    0.00    0.00    0.00   72.59
18:49:15     all   12.25    0.00   14.50    0.00    0.00    3.00    0.00    0.00    0.00   70.25
18:49:16     all   12.75    0.00   14.25    0.00    0.00    2.50    0.00    0.00    0.00   70.50
18:49:17     all   12.06    0.00   13.82    0.00    0.00    3.02    0.00    0.00    0.00   71.11
18:49:18     all   12.66    0.00   13.40    0.00    0.00    3.47    0.50    0.00    0.00   69.98
18:49:19     all   12.37    0.00   13.13    0.00    0.00    3.03    0.00    0.00    0.00   71.46
18:49:20     all   12.37    0.00   12.63    0.00    0.00    3.28    0.00    0.00    0.00   71.72
18:49:21     all   12.59    0.00   13.10    0.00    0.00    3.53    0.00    0.00    0.00   70.78
18:49:22     all   13.61    0.00   13.86    0.00    0.00    2.97    0.00    0.00    0.00   69.55
18:49:23     all   12.00    0.00   13.25    0.00    0.00    3.50    0.00    0.00    0.00   71.25
18:49:24     all   11.78    0.00   12.53    0.00    0.00    3.51    0.25    0.00    0.00   71.93
18:49:25     all   11.90    0.00   14.18    0.00    0.00    3.04    0.00    0.00    0.00   70.89
18:49:26     all   12.12    0.00   13.13    0.00    0.00    3.03    0.00    0.00    0.00   71.72
18:49:27     all   12.91    0.00   12.41    0.00    0.00    3.29    0.00    0.00    0.00   71.39
18:49:28     all   13.32    0.00   12.81    0.00    0.00    3.52    0.00    0.00    0.00   70.35
18:49:29     all   12.91    0.00   12.91    0.00    0.00    3.04    0.00    0.00    0.00   71.14
18:49:30     all   13.65    0.00   12.90    0.00    0.00    3.23    0.00    0.00    0.00   70.22
18:49:31     all   11.11    0.00   14.39    0.00    0.00    2.78    0.00    0.00    0.00   71.72
18:49:32     all   13.82    0.00   13.32    0.00    0.00    3.52    0.25    0.00    0.00   69.10
18:49:33     all   15.58    0.00   13.07    0.00    0.00    3.52    0.00    0.00    0.00   67.84
18:49:34     all   13.92    0.00   12.41    0.00    0.00    3.80    0.00    0.00    0.00   69.87
18:49:35     all    9.49    0.00    9.25    0.00    0.00    2.43    0.00    0.00    0.00   78.83
18:49:36     all   15.10    0.00   15.56    0.00    0.00    6.64    0.69    0.00    0.00   62.01
18:49:37     all   15.69    0.00   14.52    0.00    0.00    5.85    0.00    0.00    0.00   63.93
18:49:38     all   15.74    0.00   15.28    0.00    0.00    5.79    0.00    0.00    0.00   63.19
18:49:39     all   16.28    0.00   15.14    0.00    0.00    6.42    0.00    0.00    0.00   62.16
18:49:40     all   14.79    0.00   15.26    0.00    0.00    5.40    0.00    0.00    0.00   64.55
18:49:41     all   15.63    0.00   15.63    0.00    0.00    5.98    0.00    0.00    0.00   62.76
18:49:42     all   14.99    0.00   14.52    0.00    0.00    6.56    0.00    0.00    0.00   63.93
18:49:43     all   15.70    0.00   14.78    0.00    0.00    6.24    0.00    0.00    0.00   63.28
18:49:44     all   15.89    0.00   14.72    0.00    0.00    5.37    0.23    0.00    0.00   63.79
18:49:45     all   14.76    0.00   14.52    0.00    0.00    5.00    0.00    0.00    0.00   65.71
18:49:46     all   14.55    0.00   14.55    0.00    0.00    5.87    0.47    0.00    0.00   64.55
18:49:47     all   14.39    0.00   13.21    0.00    0.00    5.42    0.24    0.00    0.00   66.75
18:49:48     all   14.62    0.00   14.85    0.00    0.00    5.80    0.00    0.00    0.00   64.73
18:49:49     all   13.89    0.00   15.28    0.00    0.00    6.71    0.00    0.00    0.00   64.12
18:49:50     all   14.15    0.00   13.69    0.00    0.00    6.03    0.00    0.00    0.00   66.13
18:49:51     all   15.51    0.00   15.96    0.00    0.00    5.84    0.00    0.00    0.00   62.70
18:49:52     all   14.29    0.00   15.44    0.00    0.00    5.53    0.00    0.00    0.00   64.75
18:49:53     all   14.25    0.00   16.09    0.00    0.00    5.75    0.00    0.00    0.00   63.91
18:49:54     all   14.58    0.00   15.72    0.00    0.00    5.69    0.00    0.00    0.00   64.01
18:49:55     all   14.74    0.00   16.33    0.00    0.00    5.67    0.23    0.00    0.00   63.04
18:49:56     all   14.35    0.00   14.58    0.00    0.00    5.56    0.69    0.00    0.00   64.81
18:49:57     all   14.55    0.00   15.91    0.23    0.00    6.14    0.00    0.00    0.00   63.18
18:49:58     all   13.79    0.00   15.63    0.00    0.00    5.29    0.23    0.00    0.00   65.06
18:49:59     all   14.48    0.00   14.48    0.00    0.00    6.21    0.00    0.00    0.00   64.83
18:50:00     all   14.87    0.00   15.56    0.00    0.00    5.95    0.00    0.00    0.00   63.62
18:50:01     all   15.32    0.00   15.77    0.00    0.00    6.08    0.23    0.00    0.00   62.61
18:50:02     all   15.30    0.00   15.53    0.00    0.00    5.71    0.46    0.00    0.00   63.01
18:50:03     all   14.19    0.00   15.33    0.00    0.00    6.18    0.23    0.00    0.00   64.07
18:50:04     all   14.55    0.00   13.85    0.00    0.00    6.10    0.23    0.00    0.00   65.26
18:50:05     all   16.63    0.00   16.19    0.00    0.00    6.56    0.00    0.00    0.00   60.61
18:50:06     all   21.66    0.00   22.32    0.00    0.00    9.19    0.22    0.00    0.00   46.61
18:50:07     all   21.65    0.00   21.86    0.00    0.00   10.39    0.00    0.00    0.00   46.10
18:50:08     all   19.73    0.00   21.95    0.00    0.00   11.09    0.22    0.00    0.00   47.01
18:50:09     all   21.69    0.00   22.78    0.00    0.00   10.63    0.22    0.00    0.00   44.69
18:50:10     all   22.51    0.00   22.72    0.42    0.00   10.83    0.21    0.00    0.00   43.31
18:50:11     all   21.65    0.00   23.38    0.00    0.00   10.39    0.00    0.00    0.00   44.59
18:50:12     all   22.11    0.00   24.00    0.00    0.00   10.53    0.21    0.00    0.00   43.16
18:50:13     all   22.08    0.00   23.57    0.00    0.00   10.40    0.64    0.00    0.00   43.31
18:50:14     all   21.15    0.00   23.72    0.00    0.00   10.26    0.00    0.00    0.00   44.87
18:50:15     all   21.85    0.00   24.58    0.00    0.00   10.29    0.00    0.00    0.00   43.28
18:50:16     all   22.74    0.00   23.37    0.00    0.00   10.53    0.21    0.00    0.00   43.16
18:50:17     all   22.46    0.00   24.36    0.00    0.00   10.38    0.00    0.00    0.00   42.80
18:50:18     all   23.08    0.00   23.50    0.00    0.00   10.26    0.21    0.00    0.00   42.95
18:50:19     all   22.41    0.00   23.68    0.00    0.00   10.36    0.42    0.00    0.00   43.13
18:50:20     all   22.25    0.00   22.68    0.00    0.00   10.58    0.22    0.00    0.00   44.28
18:50:21     all   22.20    0.00   23.49    0.00    0.00   10.34    0.00    0.00    0.00   43.97
18:50:22     all   22.69    0.00   23.53    0.00    0.00   10.92    0.00    0.00    0.00   42.86
18:50:23     all   21.55    0.00   23.71    0.00    0.00   10.13    0.22    0.00    0.00   44.40
18:50:24     all   22.77    0.00   22.77    0.00    0.00   10.43    0.21    0.00    0.00   43.83
18:50:25     all   22.08    0.00   22.29    0.00    0.00   11.04    0.22    0.00    0.00   44.37
18:50:26     all   22.29    0.00   22.51    0.00    0.00    9.96    0.22    0.00    0.00   45.02
18:50:27     all   22.48    0.00   23.11    0.00    0.00   10.92    0.42    0.00    0.00   43.07
18:50:28     all   21.89    0.00   22.96    0.00    0.00   10.73    0.00    0.00    0.00   44.42
18:50:29     all   22.51    0.00   23.57    0.00    0.00   10.40    0.00    0.00    0.00   43.52
18:50:30     all   22.67    0.00   24.36    0.00    0.00   10.38    0.21    0.00    0.00   42.37
18:50:31     all   22.60    0.00   22.39    0.00    0.00   10.66    0.21    0.00    0.00   44.14
18:50:32     all   21.63    0.00   22.70    0.00    0.00   10.92    0.00    0.00    0.00   44.75
18:50:33     all   21.62    0.00   22.49    0.00    0.00   10.48    0.22    0.00    0.00   45.20
18:50:34     all   21.27    0.00   21.71    0.00    0.00   11.62    0.00    0.00    0.00   45.39
18:50:35     all   22.86    0.00   22.42    0.00    0.00   14.29    0.00    0.00    0.00   40.44
18:50:36     all   26.57    0.00   28.19    0.20    0.00   17.65    0.20    0.00    0.00   27.18
18:50:37     all   26.27    0.00   28.51    0.00    0.00   18.33    0.41    0.00    0.00   26.48
18:50:38     all   25.98    0.00   28.94    0.00    0.00   17.72    0.20    0.00    0.00   27.17
18:50:39     all   27.36    0.00   28.74    0.00    0.00   17.13    0.00    0.00    0.00   26.77
18:50:40     all   26.81    0.00   29.03    0.00    0.00   17.94    0.40    0.00    0.00   25.81
18:50:41     all   26.55    0.00   29.54    0.00    0.00   17.76    0.00    0.00    0.00   26.15
18:50:42     all   26.29    0.00   27.12    0.00    0.00   19.05    0.00    0.00    0.00   27.54
18:50:43     all   26.39    0.00   29.56    0.00    0.00   17.26    0.40    0.00    0.00   26.39
18:50:44     all   27.08    0.00   29.64    0.00    0.00   17.59    0.20    0.00    0.00   25.49
18:50:45     all   27.18    0.00   28.40    0.00    0.00   18.66    0.20    0.00    0.00   25.56
18:50:46     all   26.52    0.00   29.08    0.00    0.00   17.68    0.00    0.00    0.00   26.72
18:50:47     all   25.25    0.00   28.86    0.00    0.00   18.24    0.60    0.00    0.00   27.05
18:50:48     all   26.51    0.00   26.29    0.00    0.00   18.75    0.00    0.00    0.00   28.45
18:50:49     all   24.94    0.00   25.17    0.00    0.00   19.60    0.22    0.00    0.00   30.07
18:50:50     all   24.89    0.00   26.60    0.00    0.00   19.15    0.43    0.00    0.00   28.94
18:50:51     all   26.20    0.00   28.48    0.00    0.00   18.50    0.00    0.00    0.00   26.82
18:50:52     all   27.22    0.00   28.23    0.00    0.00   17.74    0.40    0.00    0.00   26.41
18:50:53     all   26.06    0.00   27.88    0.00    0.00   18.59    0.20    0.00    0.00   27.27
18:50:54     all   27.47    0.00   28.26    0.00    0.00   17.19    0.20    0.00    0.00   26.88
18:50:55     all   24.75    0.00   29.38    0.00    0.00   18.91    0.00    0.00    0.00   26.96
18:50:56     all   23.82    0.00   26.61    0.00    0.00   19.31    0.43    0.00    0.00   29.83
18:50:57     all   22.94    0.00   25.69    0.00    0.00   20.41    0.23    0.00    0.00   30.73
18:50:58     all   26.84    0.00   27.66    0.00    0.00   18.65    0.00    0.00    0.00   26.84
18:50:59     all   25.72    0.00   27.57    0.00    0.00   19.34    0.00    0.00    0.00   27.37
18:51:00     all   26.45    0.00   28.10    0.00    0.00   19.01    0.21    0.00    0.00   26.24
18:51:01     all   25.83    0.00   28.93    0.00    0.00   18.60    0.21    0.00    0.00   26.45
18:51:02     all   26.71    0.00   26.29    0.00    0.00   19.25    0.21    0.00    0.00   27.54
18:51:03     all   24.12    0.00   27.19    0.00    0.00   20.18    0.22    0.00    0.00   28.29
18:51:04     all   23.25    0.00   25.06    0.00    0.00   20.99    0.23    0.00    0.00   30.47
18:51:05     all   25.06    0.00   24.58    0.00    0.00   19.04    0.48    0.00    0.00   30.84
18:51:06     all   27.92    0.00   29.44    0.00    0.00   24.37    0.00    0.00    0.00   18.27
18:51:07     all   27.93    0.00   30.42    0.00    0.00   24.94    0.75    0.00    0.00   15.96
18:51:08     all   28.13    0.00   28.64    0.00    0.00   24.30    0.00    0.00    0.00   18.93
18:51:09     all   27.11    0.00   29.41    0.00    0.00   26.09    0.00    0.00    0.00   17.39
18:51:10     all   27.71    0.00   29.72    0.00    0.00   25.94    0.25    0.00    0.00   16.37
18:51:11     all   27.95    0.00   28.72    0.00    0.00   25.90    0.00    0.00    0.00   17.44
18:51:12     all   28.36    0.00   29.60    0.00    0.00   25.87    0.50    0.00    0.00   15.67
18:51:13     all   28.10    0.00   29.87    0.00    0.00   25.57    0.25    0.00    0.00   16.20
18:51:14     all   28.57    0.00   30.08    0.00    0.00   25.31    0.00    0.00    0.00   16.04
18:51:15     all   26.97    0.00   30.28    0.00    0.00   25.95    0.51    0.00    0.00   16.28
18:51:16     all   27.98    0.00   29.79    0.00    0.00   25.65    0.00    0.00    0.00   16.58
18:51:17     all   27.55    0.00   30.87    0.00    0.00   25.26    0.26    0.00    0.00   16.07
18:51:18     all   27.18    0.00   28.97    0.00    0.00   26.41    0.26    0.00    0.00   17.18
18:51:19     all   27.91    0.00   29.97    0.00    0.00   25.06    0.26    0.00    0.00   16.80
18:51:20     all   26.94    0.00   29.27    0.00    0.00   26.17    0.26    0.00    0.00   17.36
18:51:21     all   26.26    0.00   29.29    0.00    0.00   26.01    0.51    0.00    0.00   17.93
18:51:22     all   28.32    0.00   30.36    0.00    0.00   25.00    0.51    0.00    0.00   15.82
18:51:23     all   27.03    0.00   30.18    0.00    0.00   25.20    0.00    0.00    0.00   17.59
18:51:24     all   26.17    0.00   29.53    0.00    0.00   25.91    0.78    0.00    0.00   17.62
18:51:25     all   27.30    0.00   30.71    0.00    0.00   26.25    0.00    0.00    0.00   15.75
18:51:26     all   27.11    0.00   30.69    0.00    0.00   25.83    0.00    0.00    0.00   16.37
18:51:27     all   27.62    0.00   29.92    0.00    0.00   25.32    0.26    0.00    0.00   16.88
18:51:28     all   26.80    0.00   30.41    0.00    0.00   26.03    0.26    0.00    0.00   16.49
18:51:29     all   27.25    0.00   29.82    0.00    0.00   25.45    0.26    0.00    0.00   17.22
18:51:30     all   27.01    0.00   29.61    0.00    0.00   25.97    0.00    0.00    0.00   17.40
18:51:31     all   27.51    0.00   29.05    0.00    0.00   25.71    0.51    0.00    0.00   17.22
18:51:32     all   26.33    0.00   30.89    0.00    0.00   25.32    0.51    0.00    0.00   16.96
18:51:33     all   28.28    0.00   29.31    0.00    0.00   25.71    0.00    0.00    0.00   16.71
18:51:34     all   27.32    0.00   30.33    0.00    0.00   25.56    0.75    0.00    0.00   16.04
18:51:35     all   29.40    0.00   30.36    0.00    0.00   20.48    0.00    0.00    0.00   19.76
18:51:36     all   36.09    0.00   37.34    0.00    0.00   25.31    0.00    0.00    0.00    1.25
18:51:37     all   35.50    0.00   37.25    0.00    0.00   25.75    0.00    0.00    0.00    1.50
18:51:38     all   36.84    0.00   35.84    0.00    0.00   26.57    0.00    0.00    0.00    0.75
18:51:39     all   36.78    0.00   37.78    0.00    0.00   25.19    0.00    0.00    0.00    0.25
18:51:40     all   35.41    0.00   39.15    0.00    0.00   24.44    0.00    0.00    0.00    1.00
18:51:41     all   36.25    0.00   38.25    0.00    0.00   25.00    0.00    0.00    0.00    0.50
18:51:42     all   36.75    0.00   37.50    0.00    0.00   24.75    0.00    0.00    0.00    1.00
18:51:43     all   35.91    0.00   37.91    0.00    0.00   25.19    0.25    0.00    0.00    0.75
18:51:44     all   37.00    0.00   37.75    0.00    0.00   24.25    0.25    0.00    0.00    0.75
18:51:45     all   37.19    0.00   39.45    0.00    0.00   23.12    0.00    0.00    0.00    0.25
18:51:46     all   37.00    0.00   38.50    0.00    0.00   23.50    0.00    0.00    0.00    1.00
18:51:47     all   35.32    0.00   40.05    0.00    0.00   24.13    0.00    0.00    0.00    0.50
18:51:48     all   35.41    0.00   40.15    0.00    0.00   23.69    0.25    0.00    0.00    0.50
18:51:49     all   36.84    0.00   38.35    0.00    0.00   24.31    0.00    0.00    0.00    0.50
18:51:50     all   37.69    0.00   38.69    0.00    0.00   23.62    0.00    0.00    0.00    0.00
18:51:51     all   36.34    0.00   39.10    0.00    0.00   23.81    0.00    0.00    0.00    0.75
18:51:52     all   34.66    0.00   41.15    0.00    0.00   22.94    0.25    0.00    0.00    1.00
18:51:53     all   37.34    0.00   39.60    0.00    0.00   22.81    0.00    0.00    0.00    0.25
18:51:54     all   36.09    0.00   40.35    0.00    0.00   22.56    0.00    0.00    0.00    1.00
18:51:55     all   36.34    0.00   39.35    0.00    0.00   23.06    0.25    0.00    0.00    1.00
18:51:56     all   37.66    0.00   38.40    0.00    0.00   23.44    0.00    0.00    0.00    0.50
18:51:57     all   36.16    0.00   40.15    0.00    0.00   23.19    0.25    0.00    0.00    0.25
18:51:58     all   36.84    0.00   38.85    0.00    0.00   23.56    0.00    0.00    0.00    0.75
18:51:59     all   37.09    0.00   39.10    0.00    0.00   23.31    0.00    0.00    0.00    0.50
18:52:00     all   36.75    0.00   38.75    0.00    0.00   24.00    0.00    0.00    0.00    0.50
18:52:01     all   36.27    0.00   38.29    0.00    0.00   23.93    0.25    0.00    0.00    1.26
18:52:02     all   36.66    0.00   38.65    0.00    0.00   23.69    0.00    0.00    0.00    1.00
18:52:03     all   37.16    0.00   39.15    0.00    0.00   23.44    0.00    0.00    0.00    0.25
18:52:04     all   38.00    0.00   38.50    0.00    0.00   22.50    0.00    0.00    0.00    1.00
18:52:05     all   28.22    0.00   29.46    0.00    0.00   20.30    0.25    0.00    0.00   21.78
18:52:06     all   36.07    0.00   38.81    0.00    0.00   22.64    0.00    0.00    0.00    2.49
18:52:07     all   38.10    0.00   39.10    0.00    0.00   22.06    0.00    0.00    0.00    0.75
18:52:08     all   37.03    0.00   40.30    0.00    0.00   22.17    0.00    0.00    0.00    0.50
18:52:09     all   37.28    0.00   39.29    0.00    0.00   22.92    0.00    0.00    0.00    0.50
18:52:10     all   38.06    0.00   39.30    0.00    0.00   21.64    0.25    0.00    0.00    0.75
18:52:11     all   37.75    0.00   39.75    0.00    0.00   21.50    0.25    0.00    0.00    0.75
18:52:12     all   38.15    0.00   38.40    0.00    0.00   22.44    0.25    0.00    0.00    0.75
18:52:13     all   36.25    0.00   37.25    0.00    0.00   25.75    0.00    0.00    0.00    0.75
18:52:14     all   36.09    0.00   37.09    0.00    0.00   25.81    0.00    0.00    0.00    1.00
18:52:15     all   37.44    0.00   39.95    0.00    0.00   21.61    0.00    0.00    0.00    1.01
18:52:16     all   38.25    0.00   39.50    0.00    0.00   21.50    0.00    0.00    0.00    0.75
18:52:17     all   37.16    0.00   40.40    0.00    0.00   21.70    0.25    0.00    0.00    0.50
18:52:18     all   37.03    0.00   40.55    0.00    0.00   21.91    0.00    0.00    0.00    0.50
18:52:19     all   35.50    0.00   38.25    0.00    0.00   25.50    0.00    0.00    0.00    0.75
18:52:20     all   35.34    0.00   39.35    0.00    0.00   24.81    0.00    0.00    0.00    0.50
18:52:21     all   37.59    0.00   38.35    0.00    0.00   22.56    0.25    0.00    0.00    1.25
18:52:22     all   38.19    0.00   39.20    0.00    0.00   21.11    0.00    0.00    0.00    1.51
18:52:23     all   36.75    0.00   39.25    0.00    0.00   22.75    0.00    0.00    0.00    1.25
18:52:24     all   37.50    0.00   39.50    0.00    0.00   21.75    0.00    0.00    0.00    1.25
18:52:25     all   39.70    0.00   37.94    0.00    0.00   21.61    0.00    0.00    0.00    0.75
18:52:26     all   37.94    0.00   39.45    0.00    0.00   21.86    0.00    0.00    0.00    0.75
18:52:27     all   36.66    0.00   39.90    0.00    0.00   22.19    0.00    0.00    0.00    1.25
18:52:28     all   37.09    0.00   39.35    0.00    0.00   22.81    0.00    0.00    0.00    0.75
18:52:29     all   37.81    0.00   39.55    0.00    0.00   21.14    0.50    0.00    0.00    1.00
18:52:30     all   37.00    0.00   39.00    0.00    0.00   22.75    0.25    0.00    0.00    1.00
18:52:31     all   37.00    0.00   40.25    0.00    0.00   21.75    0.00    0.00    0.00    1.00
18:52:32     all   38.29    0.00   39.55    0.00    0.00   21.91    0.00    0.00    0.00    0.25
18:52:33     all   38.25    0.00   39.25    0.00    0.00   21.75    0.00    0.00    0.00    0.75
18:52:34     all   38.40    0.00   38.65    0.00    0.00   20.95    0.25    0.00    0.00    1.75
18:52:35     all    8.14    0.00    9.16    0.00    0.00    4.07    0.00    0.00    0.00   78.63
18:52:36     all    9.09    0.00    8.84    0.00    0.00    4.55    0.00    0.00    0.00   77.53
18:52:37     all   10.63    0.00   11.65    0.00    0.00    5.06    0.00    0.00    0.00   72.66
18:52:38     all   10.94    0.00   12.21    0.00    0.00    3.31    0.00    0.00    0.00   73.54
18:52:39     all   11.17    0.00   11.93    0.00    0.00    3.55    0.00    0.00    0.00   73.35
18:52:40     all    9.77    0.00   13.28    0.00    0.00    3.76    0.00    0.00    0.00   73.18
18:52:41     all   10.83    0.00   13.10    0.00    0.00    3.78    0.00    0.00    0.00   72.29
18:52:42     all   10.74    0.00   11.76    0.00    0.00    3.58    0.26    0.00    0.00   73.66
18:52:43     all    9.72    0.00   12.28    0.00    0.00    3.32    0.00    0.00    0.00   74.68
18:52:44     all    8.74    0.00   12.34    0.00    0.00    3.34    0.26    0.00    0.00   75.32
18:52:45     all   10.49    0.00   12.28    0.00    0.00    3.32    0.00    0.00    0.00   73.91
18:52:46     all   10.38    0.00   12.41    0.00    0.00    3.29    0.25    0.00    0.00   73.67
18:52:47     all   10.61    0.00   12.12    0.00    0.00    3.54    0.00    0.00    0.00   73.74
18:52:48     all   11.14    0.00   12.15    0.00    0.00    3.54    0.00    0.00    0.00   73.16
18:52:49     all   10.23    0.00   11.25    0.00    0.00    3.58    0.00    0.00    0.00   74.94
18:52:50     all   10.54    0.00   11.83    0.00    0.00    2.83    0.26    0.00    0.00   74.55
18:52:51     all   12.53    0.00   12.53    0.00    0.00    3.76    0.00    0.00    0.00   71.18
18:52:52     all   10.20    0.00   12.76    0.00    0.00    3.32    0.00    0.00    0.00   73.72
18:52:53     all   10.46    0.00   12.24    0.00    0.00    3.57    0.00    0.00    0.00   73.72
18:52:54     all   10.23    0.00   12.28    0.00    0.00    3.32    0.00    0.00    0.00   74.17
18:52:55     all   10.18    0.00   11.70    0.00    0.00    3.56    0.00    0.00    0.00   74.55
18:52:56     all    9.74    0.00   12.31    0.00    0.00    3.33    0.00    0.00    0.00   74.62
18:52:57     all   11.28    0.00   12.03    0.00    0.00    4.01    0.00    0.00    0.00   72.68
18:52:58     all   10.23    0.00   11.51    0.00    0.00    3.07    0.00    0.00    0.00   75.19
18:52:59     all   11.00    0.00   12.02    0.00    0.00    3.32    0.00    0.00    0.00   73.66
18:53:00     all   10.18    0.00   11.96    0.00    0.00    3.56    0.25    0.00    0.00   74.05
18:53:01     all   10.33    0.00   12.59    0.00    0.00    2.77    0.25    0.00    0.00   74.06
18:53:02     all   10.86    0.00   12.37    0.00    0.00    3.54    0.00    0.00    0.00   73.23
18:53:03     all    9.97    0.00   12.02    0.00    0.00    3.58    0.00    0.00    0.00   74.42
18:53:04     all   10.71    0.00   12.76    0.00    0.00    3.32    0.00    0.00    0.00   73.21
18:53:05     all    2.78    0.00    3.54    0.00    0.00    1.01    0.25    0.00    0.00   92.41
18:53:06     all    9.62    0.00    8.10    0.00    0.00    5.82    0.00    0.00    0.00   76.46
18:53:07     all   25.32    0.00   17.90    0.00    0.00    8.44    0.00    0.00    0.00   48.34
18:53:08     all   24.43    0.00   21.16    0.00    0.00    8.82    0.00    0.00    0.00   45.59
18:53:09     all   19.65    0.00   22.42    0.00    0.00    7.56    0.25    0.00    0.00   50.13
18:53:10     all   18.72    0.00   23.85    0.00    0.00    7.44    0.00    0.00    0.00   50.00
18:53:11     all   19.35    0.00   21.61    0.00    0.00    7.79    0.00    0.00    0.00   51.26
18:53:12     all   19.55    0.00   22.81    0.00    0.00    7.52    0.25    0.00    0.00   49.87
18:53:13     all   21.00    0.00   23.50    0.00    0.00    6.00    0.00    0.00    0.00   49.50
18:53:14     all   20.25    0.00   22.03    0.00    0.00    6.58    0.25    0.00    0.00   50.89
18:53:15     all   19.13    0.00   21.68    0.00    0.00    7.14    0.00    0.00    0.00   52.04
18:53:16     all   24.62    0.00   21.61    0.00    0.00    7.04    0.00    0.00    0.00   46.73
18:53:17     all   19.49    0.00   22.78    0.00    0.00    6.33    0.00    0.00    0.00   51.39
18:53:18     all   19.95    0.00   22.73    0.00    0.00    7.07    0.25    0.00    0.00   50.00
18:53:19     all   17.83    0.00   22.48    0.00    0.00    6.72    0.00    0.00    0.00   52.97
18:53:20     all   20.40    0.00   22.92    0.00    0.00    7.81    0.00    0.00    0.00   48.87
18:53:21     all   19.64    0.00   21.94    0.00    0.00    7.14    0.00    0.00    0.00   51.28
18:53:22     all   19.60    0.00   23.37    0.00    0.00    7.04    0.00    0.00    0.00   50.00
18:53:23     all   18.69    0.00   23.23    0.00    0.00    7.83    0.00    0.00    0.00   50.25
18:53:24     all   21.46    0.00   24.24    0.00    0.00    7.07    0.25    0.00    0.00   46.97
18:53:25     all   21.80    0.00   23.31    0.00    0.00    6.27    0.25    0.00    0.00   48.37
18:53:26     all   19.90    0.00   23.43    0.00    0.00    6.80    0.00    0.00    0.00   49.87
18:53:27     all   19.08    0.00   23.16    0.00    0.00    6.87    0.00    0.00    0.00   50.89
18:53:28     all   19.24    0.00   22.78    0.00    0.00    6.58    0.00    0.00    0.00   51.39
18:53:29     all   20.15    0.00   22.42    0.00    0.00    7.05    0.25    0.00    0.00   50.13
18:53:30     all   19.23    0.00   22.31    0.00    0.00    7.44    0.00    0.00    0.00   51.03
18:53:31     all   19.60    0.00   23.62    0.00    0.00    7.04    0.25    0.00    0.00   49.50
18:53:32     all   19.90    0.00   23.21    0.00    0.00    7.40    0.00    0.00    0.00   49.49
18:53:33     all   20.05    0.00   23.81    0.00    0.00    6.77    0.00    0.00    0.00   49.37
18:53:34     all   19.08    0.00   23.16    0.25    0.00    7.12    0.00    0.00    0.00   50.38
18:53:35     all    7.59    0.00    8.10    0.00    0.00    2.78    0.00    0.00    0.00   81.52
18:53:36     all   11.20    0.00    7.12    0.00    0.00    4.07    0.00    0.00    0.00   77.61
18:53:37     all   25.12    0.00   18.16    0.00    0.00   10.20    0.00    0.00    0.00   46.52
18:53:38     all   27.39    0.00   21.86    0.00    0.00   12.31    0.00    0.00    0.00   38.44
18:53:39     all   29.26    0.00   29.52    0.00    0.00    9.41    0.25    0.00    0.00   31.55
18:53:40     all   37.34    0.00   37.59    0.00    0.00   11.78    0.00    0.00    0.00   13.28
18:53:41     all   34.76    0.00   38.29    0.00    0.00   12.34    0.25    0.00    0.00   14.36
18:53:42     all   30.79    0.00   38.68    0.00    0.00   12.21    0.00    0.00    0.00   18.32
18:53:43     all   32.75    0.00   40.30    0.00    0.00   13.10    0.00    0.00    0.00   13.85
18:53:44     all   30.33    0.00   37.34    0.00    0.00   13.53    0.00    0.00    0.00   18.80
18:53:45     all   30.75    0.00   37.50    0.00    0.00   15.75    0.00    0.00    0.00   16.00
18:53:46     all   36.02    0.00   38.04    0.00    0.00   13.10    0.25    0.00    0.00   12.59
18:53:47     all   31.91    0.00   39.95    0.00    0.00   12.31    0.00    0.00    0.00   15.83
18:53:48     all   31.25    0.00   37.50    0.00    0.00   14.00    0.00    0.00    0.00   17.25
18:53:49     all   30.25    0.00   36.00    0.00    0.00   15.50    0.25    0.00    0.00   18.00
18:53:50     all   29.37    0.00   36.46    0.00    0.00   15.70    0.00    0.00    0.00   18.48
18:53:51     all   34.94    0.00   36.96    0.00    0.00   15.19    0.00    0.00    0.00   12.91
18:53:52     all   31.30    0.00   37.40    0.00    0.00   14.76    0.00    0.00    0.00   16.54
18:53:53     all   30.90    0.00   36.18    0.00    0.00   15.83    0.00    0.00    0.00   17.09
18:53:54     all   35.35    0.00   36.36    0.00    0.00   15.66    0.00    0.00    0.00   12.63
18:53:55     all   29.49    0.00   34.62    0.00    0.00   16.15    0.00    0.00    0.00   19.74
18:53:56     all   28.54    0.00   36.36    0.00    0.00   15.66    0.00    0.00    0.00   19.44
18:53:57     all   31.74    0.00   36.52    0.00    0.00   15.62    0.00    0.00    0.00   16.12
18:53:58     all   32.32    0.00   36.87    0.00    0.00   14.14    0.00    0.00    0.00   16.67
18:53:59     all   27.23    0.00   38.17    0.00    0.00   15.52    0.25    0.00    0.00   18.83
18:54:00     all   29.55    0.00   37.88    0.00    0.00   15.15    0.00    0.00    0.00   17.42
18:54:01     all   34.69    0.00   39.54    0.00    0.00   13.52    0.00    0.00    0.00   12.24
18:54:02     all   29.50    0.00   35.75    0.00    0.00   16.25    0.00    0.00    0.00   18.50
18:54:03     all   29.90    0.00   37.44    0.00    0.00   14.07    0.25    0.00    0.00   18.34
18:54:04     all   34.26    0.00   36.55    0.00    0.00   15.23    0.25    0.00    0.00   13.71
18:54:05     all   14.25    0.00   16.00    0.00    0.00    7.50    0.00    0.00    0.00   62.25
18:54:06     all    7.09    0.00    6.08    0.00    0.00    4.05    0.25    0.00    0.00   82.53
18:54:07     all   15.54    0.00   17.36    0.00    0.00   11.14    0.00    0.00    0.00   55.96
18:54:08     all   23.14    0.00   22.88    0.00    0.00   13.88    0.00    0.00    0.00   40.10
18:54:09     all   31.35    0.00   29.02    0.00    0.00   15.03    0.00    0.00    0.00   24.61
18:54:10     all   32.99    0.00   35.06    0.00    0.00   13.77    0.00    0.00    0.00   18.18
18:54:11     all   36.59    0.00   37.59    0.00    0.00   12.53    0.00    0.00    0.00   13.28
18:54:12     all   43.97    0.00   38.44    0.00    0.00   11.06    0.00    0.00    0.00    6.53
18:54:13     all   43.50    0.00   40.00    0.00    0.00   15.00    0.00    0.00    0.00    1.50
18:54:14     all   44.39    0.00   35.16    0.00    0.00   19.70    0.00    0.00    0.00    0.75
18:54:15     all   47.49    0.00   32.41    0.00    0.00   19.60    0.00    0.00    0.00    0.50
18:54:16     all   44.61    0.00   35.09    0.00    0.00   19.30    0.00    0.00    0.00    1.00
18:54:17     all   35.00    0.00   43.25    0.00    0.00   21.75    0.00    0.00    0.00    0.00
18:54:18     all   38.15    0.00   38.65    0.00    0.00   22.69    0.00    0.00    0.00    0.50
18:54:19     all   38.35    0.00   38.85    0.00    0.00   22.31    0.25    0.00    0.00    0.25
18:54:20     all   36.82    0.00   40.80    0.00    0.00   21.64    0.00    0.00    0.00    0.75
18:54:21     all   36.93    0.00   41.46    0.00    0.00   21.36    0.00    0.00    0.00    0.25
18:54:22     all   37.91    0.00   39.15    0.00    0.00   22.69    0.00    0.00    0.00    0.25
18:54:23     all   38.29    0.00   39.80    0.00    0.00   21.41    0.00    0.00    0.00    0.50
18:54:24     all   38.35    0.00   39.10    0.00    0.00   22.31    0.00    0.00    0.00    0.25
18:54:25     all   40.45    0.00   38.71    0.00    0.00   19.85    0.00    0.00    0.00    0.99
18:54:26     all   41.16    0.00   38.38    0.00    0.00   19.95    0.00    0.00    0.00    0.51
18:54:27     all   35.48    0.00   42.18    0.00    0.00   21.59    0.25    0.00    0.00    0.50
18:54:28     all   39.75    0.00   38.25    0.00    0.00   21.50    0.25    0.00    0.00    0.25
18:54:29     all   37.41    0.00   40.15    0.00    0.00   21.20    0.25    0.00    0.00    1.00
18:54:30     all   34.91    0.00   41.40    0.00    0.00   23.19    0.00    0.00    0.00    0.50
18:54:31     all   38.75    0.00   39.25    0.00    0.00   21.50    0.00    0.00    0.00    0.50
18:54:32     all   44.47    0.00   36.43    0.00    0.00   18.34    0.00    0.00    0.00    0.75
18:54:33     all   37.25    0.00   41.75    0.00    0.00   20.75    0.00    0.00    0.00    0.25
18:54:34     all   35.25    0.00   42.00    0.00    0.00   22.25    0.00    0.00    0.00    0.50
18:54:35     all   27.27    0.00   26.26    0.00    0.00   14.14    0.00    0.00    0.00   32.32
