Running 30s test @ http://10.116.0.2:8080/json
  4 threads and 256 connections
  Thread calibration: mean lat.: 18.364ms, rate sampling interval: 112ms
  Thread calibration: mean lat.: 10.765ms, rate sampling interval: 51ms
  Thread calibration: mean lat.: 10.809ms, rate sampling interval: 52ms
  Thread calibration: mean lat.: 330.251ms, rate sampling interval: 1729ms
  Thread Stats   Avg      Stdev     Max   +/- Stdev
    Latency   428.30ms  895.71ms   4.29s    87.95%
    Req/Sec    25.15k     4.14k   36.95k    75.13%
  Latency Distribution (HdrHistogram - Recorded Latency)
 50.000%   45.92ms
 75.000%  149.50ms
 90.000%    1.55s 
 99.000%    3.76s 
 99.900%    4.05s 
 99.990%    4.20s 
 99.999%    4.29s 
100.000%    4.30s 

  Detailed Percentile spectrum:
       Value   Percentile   TotalCount 1/(1-Percentile)

       0.242     0.000000            1         1.00
       2.969     0.100000       191164         1.11
       8.135     0.200000       382333         1.25
      17.119     0.300000       573482         1.43
      29.375     0.400000       764660         1.67
      45.919     0.500000       955753         2.00
      56.543     0.550000      1051447         2.22
      67.775     0.600000      1146862         2.50
      81.919     0.650000      1242505         2.86
     104.639     0.700000      1337920         3.33
     149.503     0.750000      1433507         4.00
     237.567     0.775000      1481307         4.44
     494.591     0.800000      1529047         5.00
     706.559     0.825000      1576858         5.71
    1008.127     0.850000      1624607         6.67
    1290.239     0.875000      1672499         8.00
    1417.215     0.887500      1696289         8.89
    1552.383     0.900000      1720348        10.00
    1935.359     0.912500      1744086        11.43
    2308.095     0.925000      1768026        13.33
    2641.919     0.937500      1791893        16.00
    2813.951     0.943750      1803795        17.78
    2959.359     0.950000      1815891        20.00
    3026.943     0.956250      1827772        22.86
    3164.159     0.962500      1839676        26.67
    3284.991     0.968750      1851601        32.00
    3395.583     0.971875      1857573        35.56
    3463.167     0.975000      1863720        40.00
    3508.223     0.978125      1869750        45.71
    3583.999     0.981250      1875559        53.33
    3651.583     0.984375      1881499        64.00
    3684.351     0.985938      1884424        71.11
    3719.167     0.987500      1887597        80.00
    3747.839     0.989062      1890598        91.43
    3772.415     0.990625      1893471       106.67
    3796.991     0.992188      1896403       128.00
    3813.375     0.992969      1898006       142.22
    3829.759     0.993750      1899385       160.00
    3856.383     0.994531      1900888       182.86
    3889.151     0.995313      1902422       213.33
    3930.111     0.996094      1903922       256.00
    3948.543     0.996484      1904601       284.44
    3964.927     0.996875      1905363       320.00
    3979.263     0.997266      1906089       365.71
    3993.599     0.997656      1906872       426.67
    4007.935     0.998047      1907645       512.00
    4014.079     0.998242      1907975       568.89
    4022.271     0.998437      1908344       640.00
    4030.463     0.998633      1908719       731.43
    4040.703     0.998828      1909062       853.33
    4050.943     0.999023      1909456      1024.00
    4059.135     0.999121      1909647      1137.78
    4065.279     0.999219      1909849      1280.00
    4071.423     0.999316      1909991      1462.86
    4079.615     0.999414      1910194      1706.67
    4089.855     0.999512      1910363      2048.00
    4095.999     0.999561      1910479      2275.56
    4100.095     0.999609      1910584      2560.00
    4104.191     0.999658      1910647      2925.71
    4112.383     0.999707      1910750      3413.33
    4118.527     0.999756      1910833      4096.00
    4124.671     0.999780      1910876      4551.11
    4132.863     0.999805      1910928      5120.00
    4136.959     0.999829      1910979      5851.43
    4145.151     0.999854      1911018      6826.67
    4151.295     0.999878      1911066      8192.00
    4153.343     0.999890      1911095      9102.22
    4218.879     0.999902      1911111     10240.00
    4235.263     0.999915      1911135     11702.86
    4247.551     0.999927      1911163     13653.33
    4255.743     0.999939      1911181     16384.00
    4259.839     0.999945      1911197     18204.44
    4263.935     0.999951      1911208     20480.00
    4268.031     0.999957      1911216     23405.71
    4276.223     0.999963      1911234     27306.67
    4280.319     0.999969      1911242     32768.00
    4284.415     0.999973      1911251     36408.89
    4284.415     0.999976      1911251     40960.00
    4288.511     0.999979      1911259     46811.43
    4292.607     0.999982      1911287     54613.33
    4292.607     0.999985      1911287     65536.00
    4292.607     0.999986      1911287     72817.78
    4292.607     0.999988      1911287     81920.00
    4292.607     0.999989      1911287     93622.86
    4292.607     0.999991      1911287    109226.67
    4292.607     0.999992      1911287    131072.00
    4292.607     0.999993      1911287    145635.56
    4292.607     0.999994      1911287    163840.00
    4292.607     0.999995      1911287    187245.71
    4292.607     0.999995      1911287    218453.33
    4296.703     0.999996      1911295    262144.00
    4296.703     1.000000      1911295          inf
#[Mean    =      428.302, StdDeviation   =      895.713]
#[Max     =     4292.608, Total count    =      1911295]
#[Buckets =           27, SubBuckets     =         2048]
----------------------------------------------------------
  2907689 requests in 30.00s, 479.73MB read
Requests/sec:  96924.30
Transfer/sec:     15.99MB
