Linux 6.8.0-142-generic (cafeai-bench-loadgen) 	10/01/26 	_x86_64_	(4 CPU)

18:48:34     CPU    %usr   %nice    %sys %iowait    %irq   %soft  %steal  %guest  %gnice   %idle
18:48:35     all    1.78    0.00    4.31    0.00    0.00    2.54    0.00    0.00    0.00   91.37
18:48:36     all    2.54    0.00    7.11    0.00    0.00    3.81    0.00    0.00    0.00   86.55
18:48:37     all    4.57    0.00   10.41    0.25    0.00    7.11    0.00    0.00    0.00   77.66
18:48:38     all    3.58    0.00    9.72    0.00    0.00    5.37    0.00    0.00    0.00   81.33
18:48:39     all    3.85    0.00    6.67    0.00    0.00    4.87    0.00    0.00    0.00   84.62
18:48:40     all    3.79    0.00    7.58    0.00    0.00    5.56    0.00    0.00    0.00   83.08
18:48:41     all    4.90    0.00    7.60    0.00    0.00    5.15    0.00    0.00    0.00   82.35
18:48:42     all    4.70    0.00    6.93    0.00    0.00    5.45    0.00    0.00    0.00   82.92
18:48:43     all    5.39    0.00    7.11    0.00    0.00    5.15    0.00    0.00    0.00   82.35
18:48:44     all    4.67    0.00    7.13    0.00    0.00    5.41    0.00    0.00    0.00   82.80
18:48:45     all    4.22    0.00    7.20    0.00    0.00    5.21    0.00    0.00    0.00   83.37
18:48:46     all    5.16    0.00    6.63    0.00    0.00    5.65    0.00    0.00    0.00   82.56
18:48:47     all    4.46    0.00    7.18    0.00    0.00    4.95    0.00    0.00    0.00   83.42
18:48:48     all    4.49    0.00    7.48    0.00    0.00    4.49    0.00    0.00    0.00   83.54
18:48:49     all    4.70    0.00    6.68    0.00    0.00    5.20    0.00    0.00    0.00   83.42
18:48:50     all    4.26    0.00    7.77    0.00    0.00    4.26    0.00    0.00    0.00   83.71
18:48:51     all    3.75    0.00    7.00    0.00    0.00    5.00    0.00    0.00    0.00   84.25
18:48:52     all    4.74    0.00    6.73    0.00    0.00    4.49    0.00    0.00    0.00   84.04
18:48:53     all    4.65    0.00    8.07    0.00    0.00    5.38    0.00    0.00    0.00   81.91
18:48:54     all    4.93    0.00    7.14    0.00    0.00    4.93    0.00    0.00    0.00   83.00
18:48:55     all    4.94    0.00    7.90    0.00    0.00    4.44    0.00    0.00    0.00   82.72
18:48:56     all    4.03    0.00    7.81    0.00    0.00    3.78    0.00    0.00    0.00   84.38
18:48:57     all    4.73    0.00    7.21    0.00    0.00    4.73    0.00    0.00    0.00   83.33
18:48:58     all    4.21    0.00    7.92    0.00    0.00    4.70    0.00    0.00    0.00   83.17
18:48:59     all    4.00    0.00    6.50    0.00    0.00    4.50    1.00    0.00    0.00   84.00
18:49:00     all    4.23    0.00    7.71    0.00    0.00    4.48    0.00    0.00    0.00   83.58
18:49:01     all    4.23    0.00    7.46    0.00    0.00    4.73    0.00    0.00    0.00   83.58
18:49:02     all    4.24    0.00    6.98    0.00    0.00    4.99    0.00    0.00    0.00   83.79
18:49:03     all    4.40    0.00    7.58    0.00    0.00    5.38    0.00    0.00    0.00   82.64
18:49:04     all    4.24    0.00    7.98    0.00    0.00    4.49    0.00    0.00    0.00   83.29
18:49:05     all    1.25    0.00    1.25    0.00    0.00    0.25    0.00    0.00    0.00   97.25
18:49:06     all    1.78    0.00    3.56    0.00    0.00    3.05    0.00    0.00    0.00   91.60
18:49:07     all    2.76    0.00    3.52    0.00    0.00    3.02    0.00    0.00    0.00   90.70
18:49:08     all    2.03    0.00    3.29    0.00    0.00    3.29    0.00    0.00    0.00   91.39
18:49:09     all    3.01    0.00    3.51    0.00    0.00    3.26    0.00    0.00    0.00   90.23
18:49:10     all    2.76    0.00    3.01    0.00    0.00    3.76    0.00    0.00    0.00   90.48
18:49:11     all    2.26    0.00    3.51    0.00    0.00    3.51    0.00    0.00    0.00   90.73
18:49:12     all    1.79    0.00    3.33    0.00    0.00    2.56    0.00    0.00    0.00   92.31
18:49:13     all    2.77    0.00    3.53    0.00    0.00    2.77    0.00    0.00    0.00   90.93
18:49:14     all    2.51    0.00    3.26    0.00    0.00    3.51    0.00    0.00    0.00   90.73
18:49:15     all    2.27    0.00    3.03    0.00    0.00    3.54    0.00    0.00    0.00   91.16
18:49:16     all    2.98    0.00    2.98    0.00    0.00    3.97    0.25    0.00    0.00   89.83
18:49:17     all    2.53    0.00    3.54    0.00    0.00    2.53    0.00    0.00    0.00   91.39
18:49:18     all    2.03    0.00    3.05    0.00    0.00    3.30    0.00    0.00    0.00   91.62
18:49:19     all    2.80    0.00    3.05    0.00    0.00    2.54    0.00    0.00    0.00   91.60
18:49:20     all    2.02    0.00    4.28    0.00    0.00    3.27    0.00    0.00    0.00   90.43
18:49:21     all    2.28    0.00    3.04    0.00    0.00    3.29    0.00    0.00    0.00   91.39
18:49:22     all    2.51    0.00    3.77    0.00    0.00    3.02    0.00    0.00    0.00   90.70
18:49:23     all    2.51    0.00    3.51    0.00    0.00    3.76    0.00    0.00    0.00   90.23
18:49:24     all    2.29    0.00    3.05    0.00    0.00    2.80    0.00    0.00    0.00   91.86
18:49:25     all    2.25    0.00    3.25    0.25    0.00    4.00    0.00    0.00    0.00   90.25
18:49:26     all    2.76    0.00    3.52    0.00    0.00    3.02    0.00    0.00    0.00   90.70
18:49:27     all    2.28    0.00    2.78    0.00    0.00    3.80    0.00    0.00    0.00   91.14
18:49:28     all    2.76    0.00    3.51    0.00    0.00    3.01    0.00    0.00    0.00   90.73
18:49:29     all    2.28    0.00    3.04    0.00    0.00    3.29    0.00    0.00    0.00   91.39
18:49:30     all    2.52    0.00    3.27    0.00    0.00    3.27    0.00    0.00    0.00   90.93
18:49:31     all    2.51    0.00    3.77    0.00    0.00    3.27    0.00    0.00    0.00   90.45
18:49:32     all    2.03    0.00    3.54    0.00    0.00    2.78    0.00    0.00    0.00   91.65
18:49:33     all    2.51    0.00    3.02    0.25    0.00    3.77    0.00    0.00    0.00   90.45
18:49:34     all    2.28    0.00    3.54    0.00    0.00    2.53    0.00    0.00    0.00   91.65
18:49:35     all    3.28    0.00    4.29    0.00    0.00    1.01    0.00    0.00    0.00   91.41
18:49:36     all    5.56    0.00    6.57    0.00    0.00    2.53    0.00    0.00    0.00   85.35
18:49:37     all    5.51    0.00    7.52    0.00    0.00    3.01    0.00    0.00    0.00   83.96
18:49:38     all    5.51    0.00    7.02    0.00    0.00    3.01    0.00    0.00    0.00   84.46
18:49:39     all    5.32    0.00    7.09    0.00    0.00    2.53    0.00    0.00    0.00   85.06
18:49:40     all    6.02    0.00    7.02    0.00    0.00    3.01    0.00    0.00    0.00   83.96
18:49:41     all    5.57    0.00    6.58    0.00    0.00    3.04    0.00    0.00    0.00   84.81
18:49:42     all    5.82    0.00    6.84    0.00    0.00    2.28    0.00    0.00    0.00   85.06
18:49:43     all    5.53    0.00    7.29    0.00    0.00    2.76    0.25    0.00    0.00   84.17
18:49:44     all    5.51    0.00    7.27    0.00    0.00    3.26    0.00    0.00    0.00   83.96
18:49:45     all    5.78    0.00    6.78    0.00    0.00    3.52    0.00    0.00    0.00   83.92
18:49:46     all    5.06    0.00    6.84    0.00    0.00    3.04    0.00    0.00    0.00   85.06
18:49:47     all    5.26    0.00    7.02    0.00    0.00    3.26    0.00    0.00    0.00   84.46
18:49:48     all    5.54    0.00    7.56    0.00    0.00    3.02    0.00    0.00    0.00   83.88
18:49:49     all    5.54    0.00    6.80    0.00    0.00    3.27    0.00    0.00    0.00   84.38
18:49:50     all    5.29    0.00    7.05    0.00    0.00    3.27    0.00    0.00    0.00   84.38
18:49:51     all    5.71    0.00    6.95    0.00    0.00    3.72    0.50    0.00    0.00   83.13
18:49:52     all    5.93    0.00    7.65    0.00    0.00    3.46    0.00    0.00    0.00   82.96
18:49:53     all    5.00    0.00    7.00    0.00    0.00    4.00    0.00    0.00    0.00   84.00
18:49:54     all    6.22    0.00    7.21    0.00    0.00    3.23    0.00    0.00    0.00   83.33
18:49:55     all    5.24    0.00    7.48    0.00    0.00    4.24    0.00    0.00    0.00   83.04
18:49:56     all    5.54    0.00    6.80    0.00    0.00    4.03    0.00    0.00    0.00   83.63
18:49:57     all    5.22    0.00    6.97    0.00    0.00    3.98    0.00    0.00    0.00   83.83
18:49:58     all    6.05    0.00    6.30    0.00    0.00    3.78    0.00    0.00    0.00   83.88
18:49:59     all    5.05    0.00    6.57    0.00    0.00    3.28    0.00    0.00    0.00   85.10
18:50:00     all    4.74    0.00    7.48    0.00    0.00    4.24    0.00    0.00    0.00   83.54
18:50:01     all    6.03    0.00    6.78    0.00    0.00    3.52    0.50    0.00    0.00   83.17
18:50:02     all    5.50    0.00    6.75    0.00    0.00    4.00    0.00    0.00    0.00   83.75
18:50:03     all    5.74    0.00    7.48    0.00    0.00    3.24    0.00    0.00    0.00   83.54
18:50:04     all    6.20    0.00    6.95    0.00    0.00    3.47    0.00    0.00    0.00   83.37
18:50:05     all    6.03    0.00    8.54    0.00    0.00    4.77    0.00    0.00    0.00   80.65
18:50:06     all    9.56    0.00   12.14    0.00    0.00    6.20    0.26    0.00    0.00   71.83
18:50:07     all    9.56    0.00   13.44    0.00    0.00    6.98    0.00    0.00    0.00   70.03
18:50:08     all    9.12    0.00   14.75    0.00    0.00    4.83    0.27    0.00    0.00   71.05
18:50:09     all    9.87    0.00   11.73    0.00    0.00    6.93    0.00    0.00    0.00   71.47
18:50:10     all    9.66    0.00   12.53    0.00    0.00    7.31    0.00    0.00    0.00   70.50
18:50:11     all   10.49    0.00   13.04    0.00    0.00    7.42    0.00    0.00    0.00   69.05
18:50:12     all   10.36    0.00   12.95    0.00    0.00    6.48    0.26    0.00    0.00   69.95
18:50:13     all    9.61    0.00   12.73    0.00    0.00    7.53    0.00    0.00    0.00   70.13
18:50:14     all    9.42    0.00   13.09    0.00    0.00    7.07    0.00    0.00    0.00   70.42
18:50:15     all    9.95    0.00   11.78    0.00    0.00    7.33    0.00    0.00    0.00   70.94
18:50:16     all    9.57    0.00   11.97    0.00    0.00    6.65    0.00    0.00    0.00   71.81
18:50:17     all    9.52    0.00   12.43    0.00    0.00    7.14    0.00    0.00    0.00   70.90
18:50:18     all    9.45    0.00   12.60    0.00    0.00    7.35    0.00    0.00    0.00   70.60
18:50:19     all    9.64    0.00   12.50    0.00    0.00    7.81    0.00    0.00    0.00   70.05
18:50:20     all   10.39    0.00   13.25    0.00    0.00    6.75    0.00    0.00    0.00   69.61
18:50:21     all   10.21    0.00   11.78    0.00    0.00    7.33    0.00    0.00    0.00   70.68
18:50:22     all    9.42    0.00   12.57    0.00    0.00    7.33    0.00    0.00    0.00   70.68
18:50:23     all   10.39    0.00   13.51    0.00    0.00    5.71    0.00    0.00    0.00   70.39
18:50:24     all   10.32    0.00   12.96    0.00    0.00    5.56    0.00    0.00    0.00   71.16
18:50:25     all    8.97    0.00   12.93    0.00    0.00    6.60    0.00    0.00    0.00   71.50
18:50:26     all    9.97    0.00   12.34    0.00    0.00    6.82    0.00    0.00    0.00   70.87
18:50:27     all    9.87    0.00   12.47    0.00    0.00    7.01    0.78    0.00    0.00   69.87
18:50:28     all    9.87    0.00   13.77    0.00    0.00    6.49    0.00    0.00    0.00   69.87
18:50:29     all    9.04    0.00   11.70    0.00    0.00    7.45    0.00    0.00    0.00   71.81
18:50:30     all   10.08    0.00   11.67    0.00    0.00    7.16    0.00    0.00    0.00   71.09
18:50:31     all    9.64    0.00   13.80    0.00    0.00    7.03    0.00    0.00    0.00   69.53
18:50:32     all   10.10    0.00   13.73    0.00    0.00    6.22    0.00    0.00    0.00   69.95
18:50:33     all    9.95    0.00   12.57    0.00    0.00    6.02    0.00    0.00    0.00   71.47
18:50:34     all   10.68    0.00   13.02    0.00    0.00    6.51    0.00    0.00    0.00   69.79
18:50:35     all   11.65    0.00   15.70    0.00    0.00    7.85    0.25    0.00    0.00   64.56
18:50:36     all   14.10    0.00   20.26    0.00    0.00    8.72    0.00    0.00    0.00   56.92
18:50:37     all   14.69    0.00   20.62    0.00    0.00    8.25    0.00    0.00    0.00   56.44
18:50:38     all   12.73    0.00   21.82    0.00    0.00    7.79    0.00    0.00    0.00   57.66
18:50:39     all   10.51    0.00   20.75    0.27    0.00    7.82    0.00    0.00    0.00   60.65
18:50:40     all   13.51    0.00   20.00    0.00    0.00    8.05    0.26    0.00    0.00   58.18
18:50:41     all   12.11    0.00   20.79    0.00    0.00    8.42    0.00    0.00    0.00   58.68
18:50:42     all   13.47    0.00   20.21    0.00    0.00    8.29    0.00    0.00    0.00   58.03
18:50:43     all   11.70    0.00   20.74    0.00    0.00    7.71    0.00    0.00    0.00   59.84
18:50:44     all   10.51    0.00   20.75    0.00    0.00    8.36    0.00    0.00    0.00   60.38
18:50:45     all   12.50    0.00   21.61    0.00    0.00    8.07    0.00    0.00    0.00   57.81
18:50:46     all   11.90    0.00   20.37    0.00    0.00    7.67    0.00    0.00    0.00   60.05
18:50:47     all   12.70    0.00   22.49    0.00    0.00    6.35    0.00    0.00    0.00   58.47
18:50:48     all   14.10    0.00   20.26    0.00    0.00    8.97    0.00    0.00    0.00   56.67
18:50:49     all   15.56    0.00   19.64    0.00    0.00    9.18    0.00    0.00    0.00   55.61
18:50:50     all   13.14    0.00   20.36    0.00    0.00    8.76    0.00    0.00    0.00   57.73
18:50:51     all   14.29    0.00   20.26    0.00    0.00    8.31    0.00    0.00    0.00   57.14
18:50:52     all   12.07    0.00   19.95    0.00    0.00    9.71    0.00    0.00    0.00   58.27
18:50:53     all   13.70    0.00   22.22    0.00    0.00    6.98    0.00    0.00    0.00   57.11
18:50:54     all   11.58    0.00   22.37    0.00    0.00    7.63    0.00    0.00    0.00   58.42
18:50:55     all   12.85    0.00   22.37    0.00    0.00    6.68    0.26    0.00    0.00   57.84
18:50:56     all   13.85    0.00   21.54    0.00    0.00    8.21    0.00    0.00    0.00   56.41
18:50:57     all   14.80    0.00   19.90    0.00    0.00    8.93    0.00    0.00    0.00   56.38
18:50:58     all   13.99    0.00   21.24    0.00    0.00    8.29    0.00    0.00    0.00   56.48
18:50:59     all   13.59    0.00   22.05    0.00    0.00    7.95    0.00    0.00    0.00   56.41
18:51:00     all   14.17    0.00   20.21    0.00    0.00    7.87    0.00    0.00    0.00   57.74
18:51:01     all   13.81    0.00   21.23    0.00    0.00    8.95    0.26    0.00    0.00   55.75
18:51:02     all   14.10    0.00   21.93    0.26    0.00    6.53    0.00    0.00    0.00   57.18
18:51:03     all   15.08    0.00   20.60    0.00    0.00    8.79    0.00    0.00    0.00   55.53
18:51:04     all   14.76    0.00   20.36    0.00    0.00    8.91    0.00    0.00    0.00   55.98
18:51:05     all   15.22    0.00   18.11    0.00    0.00   11.02    0.26    0.00    0.00   55.38
18:51:06     all   20.98    0.00   18.97    0.00    0.00   15.23    0.00    0.00    0.00   44.83
18:51:07     all   22.38    0.00   19.34    0.00    0.00   14.92    0.00    0.00    0.00   43.37
18:51:08     all   20.50    0.00   20.50    0.00    0.00   16.34    0.00    0.00    0.00   42.66
18:51:09     all   22.56    0.00   20.06    0.00    0.00   15.04    0.00    0.00    0.00   42.34
18:51:10     all   21.45    0.00   19.78    1.95    0.00   16.43    0.00    0.00    0.00   40.39
18:51:11     all   22.19    0.00   20.55    0.00    0.00   15.07    0.00    0.00    0.00   42.19
18:51:12     all   22.47    0.00   19.45    0.00    0.00   15.07    0.00    0.00    0.00   43.01
18:51:13     all   21.49    0.00   20.66    0.00    0.00   14.60    0.28    0.00    0.00   42.98
18:51:14     all   22.10    0.00   20.44    0.00    0.00   14.64    0.00    0.00    0.00   42.82
18:51:15     all   21.91    0.00   20.79    0.00    0.00   15.45    0.00    0.00    0.00   41.85
18:51:16     all   21.73    0.00   21.17    0.00    0.00   15.60    0.00    0.00    0.00   41.50
18:51:17     all   21.33    0.00   21.33    0.00    0.00   15.51    0.00    0.00    0.00   41.83
18:51:18     all   20.95    0.00   20.95    0.00    0.00   15.36    0.00    0.00    0.00   42.74
18:51:19     all   20.62    0.00   20.34    0.00    0.00   15.25    0.00    0.00    0.00   43.79
18:51:20     all   21.67    0.00   20.83    0.00    0.00   15.28    0.00    0.00    0.00   42.22
18:51:21     all   21.31    0.00   19.03    0.00    0.00   16.48    0.00    0.00    0.00   43.18
18:51:22     all   19.15    0.00   21.41    0.00    0.00   16.06    0.00    0.00    0.00   43.38
18:51:23     all   21.69    0.00   20.28    0.00    0.00   15.21    0.00    0.00    0.00   42.82
18:51:24     all   22.01    0.00   19.78    0.00    0.00   16.16    0.00    0.00    0.00   42.06
18:51:25     all   21.39    0.00   21.39    0.00    0.00   15.28    0.00    0.00    0.00   41.94
18:51:26     all   20.90    0.00   20.90    0.00    0.00   16.10    0.28    0.00    0.00   41.81
18:51:27     all   21.25    0.00   20.71    0.00    0.00   15.26    0.27    0.00    0.00   42.51
18:51:28     all   21.91    0.00   20.22    0.00    0.00   15.17    0.00    0.00    0.00   42.70
18:51:29     all   21.51    0.00   20.39    0.00    0.00   15.64    0.00    0.00    0.00   42.46
18:51:30     all   21.35    0.00   20.51    0.00    0.00   14.61    0.00    0.00    0.00   43.54
18:51:31     all   21.73    0.00   19.78    0.00    0.00   15.04    0.00    0.00    0.00   43.45
18:51:32     all   21.33    0.00   20.22    0.00    0.00   14.40    0.00    0.00    0.00   44.04
18:51:33     all   21.01    0.00   20.17    0.00    0.00   14.29    0.00    0.00    0.00   44.54
18:51:34     all   21.21    0.00   19.28    0.00    0.00   15.15    0.00    0.00    0.00   44.35
18:51:35     all   16.13    0.00   22.58    0.00    0.00   14.25    0.00    0.00    0.00   47.04
18:51:36     all   17.84    0.00   30.81    0.00    0.00   19.19    0.00    0.00    0.00   32.16
18:51:37     all   17.66    0.00   29.62    0.00    0.00   20.11    0.00    0.00    0.00   32.61
18:51:38     all   18.48    0.00   30.16    0.00    0.00   19.57    0.00    0.00    0.00   31.79
18:51:39     all   17.11    0.00   32.37    0.00    0.00   18.95    0.00    0.00    0.00   31.58
18:51:40     all   16.89    0.00   32.71    0.00    0.00   19.30    0.00    0.00    0.00   31.10
18:51:41     all   16.45    0.00   33.95    0.00    0.00   18.30    0.00    0.00    0.00   31.30
18:51:42     all   17.55    0.00   32.45    0.00    0.00   19.15    0.00    0.00    0.00   30.85
18:51:43     all   16.32    0.00   33.42    0.00    0.00   18.95    0.00    0.00    0.00   31.32
18:51:44     all   16.45    0.00   33.69    0.00    0.00   18.30    0.00    0.00    0.00   31.56
18:51:45     all   16.54    0.00   36.18    0.00    0.00   17.05    0.00    0.00    0.00   30.23
18:51:46     all   15.45    0.00   35.60    0.00    0.00   17.54    0.00    0.00    0.00   31.41
18:51:47     all   15.26    0.00   34.21    0.00    0.00   19.21    0.00    0.00    0.00   31.32
18:51:48     all   17.02    0.00   34.29    0.00    0.00   18.32    0.00    0.00    0.00   30.37
18:51:49     all   15.73    0.00   33.07    0.00    0.00   19.20    0.00    0.00    0.00   32.00
18:51:50     all   16.62    0.00   35.09    0.00    0.00   18.21    0.00    0.00    0.00   30.08
18:51:51     all   17.27    0.00   34.54    0.00    0.00   17.78    0.00    0.00    0.00   30.41
18:51:52     all   15.43    0.00   34.31    0.00    0.00   19.15    0.00    0.00    0.00   31.12
18:51:53     all   16.98    0.00   33.69    0.00    0.00   19.36    0.00    0.00    0.00   29.97
18:51:54     all   14.17    0.00   35.43    0.00    0.00   19.69    0.00    0.00    0.00   30.71
18:51:55     all   16.41    0.00   32.81    0.00    0.00   19.27    0.00    0.00    0.00   31.51
18:51:56     all   16.10    0.00   35.32    0.00    0.00   18.44    0.00    0.00    0.00   30.13
18:51:57     all   16.14    0.00   33.86    0.00    0.00   18.78    0.00    0.00    0.00   31.22
18:51:58     all   16.41    0.00   34.64    0.00    0.00   17.71    0.00    0.00    0.00   31.25
18:51:59     all   16.75    0.00   34.82    0.00    0.00   17.80    0.00    0.00    0.00   30.63
18:52:00     all   16.67    0.00   34.66    0.00    0.00   18.25    0.00    0.00    0.00   30.42
18:52:01     all   16.05    0.00   33.16    0.00    0.00   18.42    0.00    0.00    0.00   32.37
18:52:02     all   16.40    0.00   33.07    0.00    0.00   19.58    0.00    0.00    0.00   30.95
18:52:03     all   16.23    0.00   35.08    0.00    0.00   18.06    0.00    0.00    0.00   30.63
18:52:04     all   15.93    0.00   34.99    0.00    0.00   18.28    0.00    0.00    0.00   30.81
18:52:05     all   12.93    0.00   20.58    0.00    0.00   12.93    0.00    0.00    0.00   53.56
18:52:06     all   15.49    0.00   30.97    0.00    0.00   17.06    0.00    0.00    0.00   36.48
18:52:07     all   15.36    0.00   36.20    0.00    0.00   17.45    0.00    0.00    0.00   30.99
18:52:08     all   15.90    0.00   36.67    0.00    0.00   16.41    0.00    0.00    0.00   31.03
18:52:09     all   15.93    0.00   36.03    0.00    0.00   17.75    0.00    0.00    0.00   30.29
18:52:10     all   15.72    0.00   35.57    0.00    0.00   18.04    0.00    0.00    0.00   30.67
18:52:11     all   15.14    0.00   35.51    0.00    0.00   18.28    0.26    0.00    0.00   30.81
18:52:12     all   15.68    0.00   35.99    0.00    0.00   19.02    0.00    0.00    0.00   29.31
18:52:13     all   15.28    0.00   35.12    0.00    0.00   18.50    0.00    0.00    0.00   31.10
18:52:14     all   16.27    0.00   33.33    0.00    0.00   18.13    0.27    0.00    0.00   32.00
18:52:15     all   14.36    0.00   36.03    0.00    0.00   18.80    0.00    0.00    0.00   30.81
18:52:16     all   16.45    0.00   34.46    0.00    0.00   18.28    0.00    0.00    0.00   30.81
18:52:17     all   15.21    0.00   35.82    0.00    0.00   18.81    0.00    0.00    0.00   30.15
18:52:18     all   15.26    0.00   35.53    0.00    0.00   18.68    0.00    0.00    0.00   30.53
18:52:19     all   17.46    0.00   33.86    0.00    0.00   17.99    0.00    0.00    0.00   30.69
18:52:20     all   16.45    0.00   35.28    0.00    0.00   18.57    0.00    0.00    0.00   29.71
18:52:21     all   17.05    0.00   35.14    0.00    0.00   17.83    0.00    0.00    0.00   29.97
18:52:22     all   15.21    0.00   36.34    0.00    0.00   17.78    0.00    0.00    0.00   30.67
18:52:23     all   14.81    0.00   36.62    0.00    0.00   17.92    0.00    0.00    0.00   30.65
18:52:24     all   16.23    0.00   35.86    0.00    0.00   17.54    0.00    0.00    0.00   30.37
18:52:25     all   14.85    0.00   35.54    0.00    0.00   18.04    0.00    0.00    0.00   31.56
18:52:26     all   15.57    0.00   34.83    0.00    0.00   18.73    0.00    0.00    0.00   30.87
18:52:27     all   16.09    0.00   33.77    0.00    0.00   17.94    0.00    0.00    0.00   32.19
18:52:28     all   16.54    0.00   34.91    0.00    0.00   17.85    0.00    0.00    0.00   30.71
18:52:29     all   15.50    0.00   35.92    0.00    0.00   18.35    0.00    0.00    0.00   30.23
18:52:30     all   15.73    0.00   34.67    0.00    0.00   18.40    0.00    0.00    0.00   31.20
18:52:31     all   15.26    0.00   35.53    0.00    0.00   17.89    0.00    0.00    0.00   31.32
18:52:32     all   16.20    0.00   34.96    0.00    0.00   17.48    0.00    0.00    0.00   31.36
18:52:33     all   14.96    0.00   36.75    0.00    0.00   17.32    0.00    0.00    0.00   30.97
18:52:34     all   15.84    0.00   35.58    0.00    0.00   17.14    0.00    0.00    0.00   31.43
18:52:35     all    6.11    0.00   12.47    0.00    0.00    5.60    0.00    0.00    0.00   75.83
18:52:36     all    1.76    0.00    2.77    0.00    0.00    2.27    0.00    0.00    0.00   93.20
18:52:37     all    2.53    0.00    3.28    0.00    0.00    3.28    0.25    0.00    0.00   90.66
18:52:38     all    2.04    0.00    3.05    0.00    0.00    3.31    0.00    0.00    0.00   91.60
18:52:39     all    2.51    0.00    3.76    0.00    0.00    3.51    0.00    0.00    0.00   90.23
18:52:40     all    2.04    0.00    3.06    0.26    0.00    3.06    0.00    0.00    0.00   91.58
18:52:41     all    1.77    0.00    3.79    0.00    0.00    3.28    0.00    0.00    0.00   91.16
18:52:42     all    2.76    0.00    3.51    0.00    0.00    3.01    0.00    0.00    0.00   90.73
18:52:43     all    2.30    0.00    2.81    0.00    0.00    3.06    0.00    0.00    0.00   91.84
18:52:44     all    2.03    0.00    2.79    0.00    0.00    3.55    0.00    0.00    0.00   91.62
18:52:45     all    2.49    0.00    3.98    0.25    0.00    3.48    0.00    0.00    0.00   89.80
18:52:46     all    2.53    0.00    3.04    0.00    0.00    3.04    0.00    0.00    0.00   91.39
18:52:47     all    2.49    0.00    3.73    0.00    0.00    3.73    0.25    0.00    0.00   89.80
18:52:48     all    2.54    0.00    3.05    0.00    0.00    3.05    0.00    0.00    0.00   91.37
18:52:49     all    2.53    0.00    2.78    0.00    0.00    3.29    0.00    0.00    0.00   91.39
18:52:50     all    2.53    0.00    3.54    0.00    0.00    3.03    0.00    0.00    0.00   90.91
18:52:51     all    2.53    0.00    3.29    0.00    0.00    3.04    0.00    0.00    0.00   91.14
18:52:52     all    2.03    0.00    3.30    0.00    0.00    3.30    0.00    0.00    0.00   91.37
18:52:53     all    2.53    0.00    3.04    0.00    0.00    3.29    0.00    0.00    0.00   91.14
18:52:54     all    2.26    0.00    3.51    0.00    0.00    3.51    0.00    0.00    0.00   90.73
18:52:55     all    2.52    0.00    3.53    0.00    0.00    3.53    0.00    0.00    0.00   90.43
18:52:56     all    2.29    0.00    3.31    0.00    0.00    2.80    0.00    0.00    0.00   91.60
18:52:57     all    2.76    0.00    3.01    0.00    0.00    3.51    0.00    0.00    0.00   90.73
18:52:58     all    2.28    0.00    3.55    0.00    0.00    3.05    0.00    0.00    0.00   91.12
18:52:59     all    2.27    0.00    3.53    0.00    0.00    3.27    0.00    0.00    0.00   90.93
18:53:00     all    2.05    0.00    2.81    0.00    0.00    2.81    0.00    0.00    0.00   92.33
18:53:01     all    2.54    0.00    3.05    0.00    0.00    3.55    0.00    0.00    0.00   90.86
18:53:02     all    2.75    0.00    3.50    0.00    0.00    3.50    0.00    0.00    0.00   90.25
18:53:03     all    3.02    0.00    3.02    0.00    0.00    3.52    0.00    0.00    0.00   90.45
18:53:04     all    2.26    0.00    3.52    0.00    0.00    3.52    0.00    0.00    0.00   90.70
18:53:05     all    1.51    0.00    2.26    0.00    0.00    1.26    0.00    0.00    0.00   94.97
18:53:06     all    3.01    0.00    3.26    0.00    0.00    2.01    0.00    0.00    0.00   91.73
18:53:07     all    5.41    0.00    5.41    0.00    0.00    5.67    0.00    0.00    0.00   83.51
18:53:08     all    5.17    0.00    5.94    0.00    0.00    5.94    0.00    0.00    0.00   82.95
18:53:09     all    5.66    0.00    6.17    0.00    0.00    5.14    0.00    0.00    0.00   83.03
18:53:10     all    4.63    0.00    6.43    0.00    0.00    6.17    0.00    0.00    0.00   82.78
18:53:11     all    5.33    0.00    5.84    0.25    0.00    6.60    0.25    0.00    0.00   81.73
18:53:12     all    5.60    0.00    5.85    0.00    0.00    6.87    0.00    0.00    0.00   81.68
18:53:13     all    5.10    0.00    6.12    0.00    0.00    6.38    0.00    0.00    0.00   82.40
18:53:14     all    4.86    0.00    6.39    0.00    0.00    6.14    0.00    0.00    0.00   82.61
18:53:15     all    5.36    0.00    6.12    0.00    0.00    6.12    0.00    0.00    0.00   82.40
18:53:16     all    5.38    0.00    5.64    0.00    0.00    6.41    0.00    0.00    0.00   82.56
18:53:17     all    5.40    0.00    5.91    0.00    0.00    5.66    0.26    0.00    0.00   82.78
18:53:18     all    5.09    0.00    6.36    0.00    0.00    6.62    0.00    0.00    0.00   81.93
18:53:19     all    5.61    0.00    5.36    0.00    0.00    6.38    0.26    0.00    0.00   82.40
18:53:20     all    4.15    0.00    5.96    0.00    0.00    6.48    0.00    0.00    0.00   83.42
18:53:21     all    4.82    0.00    6.60    0.00    0.00    6.35    0.00    0.00    0.00   82.23
18:53:22     all    4.59    0.00    7.65    0.00    0.00    5.87    0.00    0.00    0.00   81.89
18:53:23     all    4.91    0.00    5.68    0.00    0.00    5.94    0.00    0.00    0.00   83.46
18:53:24     all    4.82    0.00    6.85    0.00    0.00    6.09    0.00    0.00    0.00   82.23
18:53:25     all    5.14    0.00    6.68    0.00    0.00    6.17    0.00    0.00    0.00   82.01
18:53:26     all    5.08    0.00    6.60    0.00    0.00    6.35    0.00    0.00    0.00   81.98
18:53:27     all    4.35    0.00    6.14    0.00    0.00    6.39    0.00    0.00    0.00   83.12
18:53:28     all    4.94    0.00    5.97    0.00    0.00    5.45    0.00    0.00    0.00   83.64
18:53:29     all    4.82    0.00    6.60    0.00    0.00    6.35    0.00    0.00    0.00   82.23
18:53:30     all    4.68    0.00    5.19    0.00    0.00    6.49    0.00    0.00    0.00   83.64
18:53:31     all    5.34    0.00    6.36    0.00    0.00    6.11    0.25    0.00    0.00   81.93
18:53:32     all    5.38    0.00    6.15    0.00    0.00    5.90    0.00    0.00    0.00   82.56
18:53:33     all    4.63    0.00    6.68    0.00    0.00    5.91    0.00    0.00    0.00   82.78
18:53:34     all    5.37    0.00    6.14    0.00    0.00    6.39    0.00    0.00    0.00   82.10
18:53:35     all    3.02    0.00    3.77    0.00    0.00    3.77    0.00    0.00    0.00   89.45
18:53:36     all    4.81    0.00    2.03    0.00    0.00    2.03    0.00    0.00    0.00   91.14
18:53:37     all   12.98    0.00    5.34    0.00    0.00    6.36    0.00    0.00    0.00   75.32
18:53:38     all   14.10    0.00    8.21    0.00    0.00    6.92    0.00    0.00    0.00   70.77
18:53:39     all   13.30    0.00    9.46    0.00    0.00    9.21    0.26    0.00    0.00   67.77
18:53:40     all    6.60    0.00   13.71    0.00    0.00   10.15    0.00    0.00    0.00   69.54
18:53:41     all    5.84    0.00   14.21    0.00    0.00   11.42    0.00    0.00    0.00   68.53
18:53:42     all    5.84    0.00   14.47    0.00    0.00   12.44    0.00    0.00    0.00   67.26
18:53:43     all    6.36    0.00   14.50    0.00    0.00   11.45    0.00    0.00    0.00   67.68
18:53:44     all    7.22    0.00   12.89    0.00    0.00   11.60    0.00    0.00    0.00   68.30
18:53:45     all    8.59    0.00   14.06    0.00    0.00   10.94    0.00    0.00    0.00   66.41
18:53:46     all    7.81    0.00   12.76    0.00    0.00   10.68    0.00    0.00    0.00   68.75
18:53:47     all    6.35    0.00   14.47    0.00    0.00   11.42    0.00    0.00    0.00   67.77
18:53:48     all    7.24    0.00   13.18    0.00    0.00   12.14    0.00    0.00    0.00   67.44
18:53:49     all    9.50    0.00   12.14    0.00    0.00   11.35    0.26    0.00    0.00   66.75
18:53:50     all    9.21    0.00   12.37    0.00    0.00   11.58    0.00    0.00    0.00   66.84
18:53:51     all    8.33    0.00   12.50    0.00    0.00   11.98    0.00    0.00    0.00   67.19
18:53:52     all    7.29    0.00   13.02    0.00    0.00   11.98    0.00    0.00    0.00   67.71
18:53:53     all   10.53    0.00   12.11    0.00    0.00   11.58    0.00    0.00    0.00   65.79
18:53:54     all    9.14    0.00   12.79    0.00    0.00   10.70    0.26    0.00    0.00   67.10
18:53:55     all    9.50    0.00   12.14    0.00    0.00   11.08    0.00    0.00    0.00   67.28
18:53:56     all    9.61    0.00   12.99    0.00    0.00   11.43    0.00    0.00    0.00   65.97
18:53:57     all    9.79    0.00   13.76    0.00    0.00    9.79    0.00    0.00    0.00   66.67
18:53:58     all    6.53    0.00   14.36    0.00    0.00   10.97    0.00    0.00    0.00   68.15
18:53:59     all    9.69    0.00   13.09    0.00    0.00   11.52    0.00    0.00    0.00   65.71
18:54:00     all   10.05    0.00   13.40    0.00    0.00   10.82    0.00    0.00    0.00   65.72
18:54:01     all    7.16    0.00   13.30    0.00    0.00   11.51    0.00    0.00    0.00   68.03
18:54:02     all    9.26    0.00   13.49    0.00    0.00   10.85    0.00    0.00    0.00   66.40
18:54:03     all    8.74    0.00   12.85    0.00    0.00   11.83    0.00    0.00    0.00   66.58
18:54:04     all    7.11    0.00   12.89    0.00    0.00   12.37    0.00    0.00    0.00   67.63
18:54:05     all    4.86    0.00    9.46    0.00    0.00    7.16    0.00    0.00    0.00   78.52
18:54:06     all    5.53    0.00    2.26    0.00    0.00    1.76    0.00    0.00    0.00   90.45
18:54:07     all   24.55    0.00    5.12    0.00    0.00    4.86    0.00    0.00    0.00   65.47
18:54:08     all   26.18    0.00    7.33    0.00    0.00    6.81    0.00    0.00    0.00   59.69
18:54:09     all   29.41    0.00    8.95    0.00    0.00    8.95    0.00    0.00    0.00   52.69
18:54:10     all   30.03    0.00   10.94    0.00    0.00   11.70    0.00    0.00    0.00   47.33
18:54:11     all   25.00    0.00   14.90    0.00    0.00   12.12    0.00    0.00    0.00   47.98
18:54:12     all   21.80    0.00   14.29    0.25    0.00   12.53    0.00    0.00    0.00   51.13
18:54:13     all   20.92    0.00   14.80    0.00    0.00   13.01    0.00    0.00    0.00   51.28
18:54:14     all   15.23    0.00   13.96    0.25    0.00   11.17    0.00    0.00    0.00   59.39
18:54:15     all    8.08    0.00   15.15    0.00    0.00   13.38    0.00    0.00    0.00   63.38
18:54:16     all    6.54    0.00   15.45    0.00    0.00    9.42    0.00    0.00    0.00   68.59
18:54:17     all    6.85    0.00   15.48    0.00    0.00   13.96    0.00    0.00    0.00   63.71
18:54:18     all    8.01    0.00   17.31    0.00    0.00   11.63    0.00    0.00    0.00   63.05
18:54:19     all    7.44    0.00   16.92    0.00    0.00   13.85    0.00    0.00    0.00   61.79
18:54:20     all    7.40    0.00   16.58    0.00    0.00   13.52    0.26    0.00    0.00   62.24
18:54:21     all    7.14    0.00   16.84    0.00    0.00   13.78    0.00    0.00    0.00   62.24
18:54:22     all    7.52    0.00   17.29    0.00    0.00   15.04    0.00    0.00    0.00   60.15
18:54:23     all    7.93    0.00   16.62    0.00    0.00   14.32    0.00    0.00    0.00   61.13
18:54:24     all    7.11    0.00   17.51    0.00    0.00   14.72    0.00    0.00    0.00   60.66
18:54:25     all    6.63    0.00   18.11    0.00    0.00   15.05    0.00    0.00    0.00   60.20
18:54:26     all    7.12    0.00   16.03    0.00    0.00   14.76    0.25    0.00    0.00   61.83
18:54:27     all    7.58    0.00   17.42    0.00    0.00   14.65    0.00    0.00    0.00   60.35
18:54:28     all    6.91    0.00   16.88    0.00    0.00   14.32    0.00    0.00    0.00   61.89
18:54:29     all    7.61    0.00   15.99    0.00    0.00   13.71    0.00    0.00    0.00   62.69
18:54:30     all    7.05    0.00   17.88    0.00    0.00   14.11    0.00    0.00    0.00   60.96
18:54:31     all    6.77    0.00   18.30    0.00    0.00   14.04    0.00    0.00    0.00   60.90
18:54:32     all    7.12    0.00   15.01    0.00    0.00   13.23    0.00    0.00    0.00   64.63
18:54:33     all    7.01    0.00   17.14    0.00    0.00   12.21    0.00    0.00    0.00   63.64
18:54:34     all    6.85    0.00   16.75    0.00    0.00   14.21    0.00    0.00    0.00   62.18
