Running 30s test @ http://10.116.0.2:8080/block?ms=100
  4 threads and 2000 connections
  Thread calibration: mean lat.: 107.280ms, rate sampling interval: 236ms
  Thread calibration: mean lat.: 107.567ms, rate sampling interval: 239ms
  Thread calibration: mean lat.: 108.064ms, rate sampling interval: 241ms
  Thread calibration: mean lat.: 108.198ms, rate sampling interval: 241ms
  Thread Stats   Avg      Stdev     Max   +/- Stdev
    Latency   107.41ms    7.23ms 141.06ms   82.18%
    Req/Sec     4.51k   131.42     4.84k    62.54%
  Latency Distribution (HdrHistogram - Recorded Latency)
 50.000%  105.15ms
 75.000%  110.53ms
 90.000%  119.04ms
 99.000%  128.96ms
 99.900%  135.81ms
 99.990%  139.39ms
 99.999%  141.05ms
100.000%  141.18ms

  Detailed Percentile spectrum:
       Value   Percentile   TotalCount 1/(1-Percentile)

      98.879     0.000000            2         1.00
     100.927     0.100000        33452         1.11
     101.375     0.200000        62979         1.25
     102.015     0.300000        95105         1.43
     103.359     0.400000       126454         1.67
     105.151     0.500000       158028         2.00
     105.983     0.550000       173967         2.22
     106.815     0.600000       189085         2.50
     107.775     0.650000       205175         2.86
     108.799     0.700000       220391         3.33
     110.527     0.750000       236177         4.00
     111.743     0.775000       244001         4.44
     113.023     0.800000       251881         5.00
     114.367     0.825000       259972         5.71
     115.839     0.850000       267714         6.67
     117.503     0.875000       275536         8.00
     118.271     0.887500       279336         8.89
     119.039     0.900000       283364        10.00
     119.807     0.912500       287294        11.43
     120.639     0.925000       291234        13.33
     121.663     0.937500       295118        16.00
     122.239     0.943750       297092        17.78
     122.879     0.950000       299101        20.00
     123.519     0.956250       301022        22.86
     124.223     0.962500       303056        26.67
     124.863     0.968750       304905        32.00
     125.247     0.971875       305920        35.56
     125.631     0.975000       306842        40.00
     126.079     0.978125       307816        45.71
     126.655     0.981250       308919        53.33
     127.231     0.984375       309835        64.00
     127.615     0.985938       310323        71.11
     128.063     0.987500       310826        80.00
     128.575     0.989062       311258        91.43
     129.279     0.990625       311790       106.67
     129.983     0.992188       312286       128.00
     130.303     0.992969       312503       142.22
     130.687     0.993750       312735       160.00
     131.199     0.994531       312982       182.86
     131.839     0.995313       313266       213.33
     132.479     0.996094       313512       256.00
     132.735     0.996484       313604       284.44
     133.247     0.996875       313753       320.00
     133.631     0.997266       313850       365.71
     134.271     0.997656       313994       426.67
     134.783     0.998047       314113       512.00
     134.911     0.998242       314156       568.89
     135.167     0.998437       314235       640.00
     135.423     0.998633       314303       731.43
     135.551     0.998828       314340       853.33
     135.807     0.999023       314408      1024.00
     135.935     0.999121       314432      1137.78
     136.063     0.999219       314457      1280.00
     136.319     0.999316       314509      1462.86
     136.447     0.999414       314526      1706.67
     136.575     0.999512       314552      2048.00
     136.703     0.999561       314570      2275.56
     136.831     0.999609       314582      2560.00
     137.087     0.999658       314605      2925.71
     137.215     0.999707       314616      3413.33
     137.471     0.999756       314626      4096.00
     137.727     0.999780       314633      4551.11
     137.983     0.999805       314639      5120.00
     138.495     0.999829       314651      5851.43
     138.751     0.999854       314657      6826.67
     139.135     0.999878       314667      8192.00
     139.135     0.999890       314667      9102.22
     139.647     0.999902       314671     10240.00
     139.903     0.999915       314675     11702.86
     140.031     0.999927       314678     13653.33
     140.159     0.999939       314681     16384.00
     140.287     0.999945       314684     18204.44
     140.415     0.999951       314689     20480.00
     140.415     0.999957       314689     23405.71
     140.415     0.999963       314689     27306.67
     140.671     0.999969       314693     32768.00
     140.671     0.999973       314693     36408.89
     140.671     0.999976       314693     40960.00
     140.799     0.999979       314695     46811.43
     140.799     0.999982       314695     54613.33
     140.927     0.999985       314696     65536.00
     140.927     0.999986       314696     72817.78
     141.055     0.999988       314698     81920.00
     141.055     0.999989       314698     93622.86
     141.055     0.999991       314698    109226.67
     141.055     0.999992       314698    131072.00
     141.055     0.999993       314698    145635.56
     141.183     0.999994       314700    163840.00
     141.183     1.000000       314700          inf
#[Mean    =      107.407, StdDeviation   =        7.226]
#[Max     =      141.056, Total count    =       314700]
#[Buckets =           27, SubBuckets     =         2048]
----------------------------------------------------------
  512752 requests in 30.00s, 89.98MB read
Requests/sec:  17091.72
Transfer/sec:      3.00MB
