1790882350 336088
1790882351 354624
1790882352 397212
1790882353 399520
1790882354 401412
1790882355 401944
1790882356 402448
1790882357 402944
1790882358 403440
1790882359 403960
1790882360 404472
1790882361 404968
1790882362 405460
1790882363 405956
1790882364 406444
1790882366 406972
1790882367 407288
1790882368 407520
1790882369 407788
1790882370 408016
1790882371 408364
1790882372 408680
1790882373 408912
1790882374 409140
1790882375 409376
1790882376 409632
1790882377 409924
1790882378 410152
1790882379 410388
1790882380 410620
1790882381 411980
1790882382 425992
1790882383 447700
1790882384 455988
1790882385 483696
1790882386 484100
1790882387 491488
1790882388 510320
1790882390 510620
1790882391 511204
1790882392 511204
1790882393 512028
1790882394 525120
1790882395 547336
1790882396 559740
1790882397 559936
1790882398 559944
1790882399 560408
1790882400 560408
1790882401 560928
1790882402 561080
1790882403 561352
1790882404 563044
1790882405 575568
1790882406 588588
1790882407 590568
1790882408 602024
1790882409 615552
1790882410 616160
1790882411 616828
1790882412 618512
1790882413 618904
1790882414 619284
1790882415 619696
1790882417 620048
1790882418 620412
1790882419 620772
1790882420 621212
1790882421 621692
1790882422 622180
1790882423 622676
1790882424 623164
1790882425 623660
1790882426 624148
1790882427 624560
1790882428 625052
1790882429 625544
1790882430 626040
1790882431 626528
1790882432 627024
1790882433 627532
1790882434 628020
1790882435 628512
1790882436 629016
1790882438 629508
1790882439 630000
1790882440 630492
1790882441 630988
1790882442 632500
1790882443 637336
1790882444 638596
1790882445 639420
1790882446 640296
1790882447 640956
1790882448 642108
1790882449 642592
1790882450 643092
1790882451 643624
1790882452 644208
1790882454 644660
1790882455 645116
1790882456 645488
1790882457 645840
1790882458 645908
1790882459 645908
1790882460 645908
1790882461 645908
1790882462 645924
1790882463 645944
1790882464 646032
1790882465 646044
1790882467 646320
1790882468 646356
1790882469 646468
1790882470 646468
1790882471 646468
1790882472 646796
1790882473 647108
1790882474 647108
1790882475 647148
1790882476 647288
1790882477 647288
1790882478 647288
1790882479 647288
1790882481 647324
1790882482 647400
1790882483 647500
1790882484 647704
1790882485 647704
1790882486 647704
1790882487 647704
1790882488 647808
1790882489 648084
1790882490 648300
1790882491 648308
1790882492 648312
1790882493 648312
1790882495 648460
1790882496 648460
1790882497 648460
1790882498 648460
1790882499 648460
1790882500 648460
1790882501 648708
1790882502 648756
1790882503 650092
1790882504 650092
1790882505 650092
1790882506 650124
1790882508 650132
1790882509 650132
1790882510 650132
1790882511 650132
1790882512 650184
1790882513 650208
1790882514 650220
1790882515 650260
1790882516 650260
1790882517 650260
1790882518 650260
1790882519 650260
1790882520 650260
1790882522 650260
1790882523 650260
1790882524 650260
1790882525 650260
1790882526 650268
1790882527 650284
1790882528 650520
1790882529 650520
1790882530 650528
1790882531 650804
1790882532 650812
1790882533 651192
1790882534 651192
1790882536 651192
1790882537 651232
1790882538 651232
1790882539 651232
1790882540 651236
1790882541 651644
1790882542 651644
1790882543 651644
1790882544 651644
1790882545 651644
1790882546 651644
1790882547 651644
1790882548 651644
1790882549 651644
1790882551 651644
1790882552 651644
1790882553 651644
1790882554 651644
1790882555 651644
1790882556 651644
1790882557 651644
1790882558 651644
1790882559 651644
1790882560 651644
1790882561 651824
1790882562 651824
1790882563 651824
1790882565 651824
1790882566 651824
1790882567 651824
1790882568 651824
1790882569 651824
1790882570 651824
1790882571 651824
1790882572 651824
1790882573 651824
1790882574 651868
1790882575 652096
1790882576 652096
1790882577 652096
1790882579 652096
1790882580 652096
1790882581 652304
1790882582 652304
1790882583 652304
1790882584 652304
1790882585 652304
1790882586 652304
1790882587 652324
1790882588 652324
1790882589 652324
1790882590 652368
1790882591 652376
1790882592 652536
1790882593 652548
1790882595 652584
1790882596 652728
1790882597 652728
1790882598 652728
1790882599 652728
1790882600 652736
1790882601 652736
1790882602 652736
1790882603 652736
1790882604 652736
1790882605 652736
1790882606 654500
1790882607 673080
1790882608 690276
1790882609 712944
1790882610 732572
1790882611 751252
1790882612 751252
1790882613 751252
1790882614 751252
1790882615 751252
1790882616 751252
1790882617 751252
1790882618 751252
1790882619 751252
1790882620 751252
1790882621 751380
1790882622 752424
1790882624 759116
1790882625 783032
1790882626 809340
1790882627 838112
1790882628 858508
1790882629 859012
1790882630 859012
1790882631 859124
1790882632 859124
1790882633 859244
1790882634 859280
1790882635 859668
1790882636 859948
1790882637 860172
1790882638 860408
1790882639 860692
1790882640 861100
1790882641 861656
1790882642 862240
1790882643 862920
1790882645 863704
1790882646 864340
1790882647 867560
1790882648 867776
1790882649 868268
1790882650 868488
1790882651 868708
1790882652 870200
1790882653 870984
1790882654 875352
1790882655 882944
1790882656 890740
1790882657 894504
1790882658 899828
1790882659 902464
1790882660 905884
1790882662 907792
1790882663 909516
1790882664 912024
1790882665 912916
1790882666 913556
1790882667 914164
1790882668 914928
1790882669 915916
1790882670 916340
1790882671 919536
1790882672 919972
1790882673 920420
1790882674 921268
1790882676 921704
1790882677 922992
1790882678 923732
1790882679 924672
1790882680 927160
1790882681 928680
1790882682 929360
1790882683 929304
1790882684 933232
1790882685 938900
1790882686 941596
1790882687 943140
1790882688 949708
1790882690 950772
1790882691 953312
1790882692 957024
1790882693 958384
1790882694 959152
1790882695 960688
1790882696 961500
1790882697 962500
1790882698 963260
1790882699 964416
1790882700 966996
1790882701 969900
1790882702 971044
1790882704 973268
1790882705 977232
1790882706 978572
1790882707 981476
1790882708 984372
1790882709 985784
1790882710 988688
1790882711 989552
1790882712 991960
1790882713 991960
1790882714 991960
1790882715 991960
1790882716 991960
1790882717 992032
1790882718 992032
1790882719 992032
1790882720 992032
1790882721 992032
1790882722 992032
1790882724 992032
1790882725 992032
1790882726 992032
1790882727 992032
1790882728 992032
1790882729 992032
1790882730 992032
1790882731 992032
1790882732 992032
1790882733 992032
1790882734 992032
1790882735 992032
1790882736 992032
1790882737 992032
1790882738 992032
1790882739 992032
1790882740 992032
1790882741 992032
1790882742 992032
1790882743 992032
1790882744 992032
1790882745 992032
1790882746 992032
1790882747 992032
1790882748 992032
1790882749 992032
1790882750 992032
1790882751 992032
1790882752 992032
1790882753 992032
1790882754 850024
1790882755 850024
1790882756 850024
1790882757 850024
1790882758 850024
1790882759 850024
1790882760 850024
1790882762 850024
1790882763 850024
1790882764 850024
1790882765 850024
1790882766 850024
1790882767 850024
1790882768 850024
1790882769 850024
1790882770 850024
1790882771 850024
1790882772 850024
1790882773 850024
1790882774 850024
1790882775 850024
1790882776 850024
1790882777 850024
1790882778 850024
1790882779 850024
1790882780 850024
1790882781 850024
1790882782 850024
1790882783 850024
1790882784 850024
1790882785 850024
1790882786 850024
1790882787 850024
1790882788 850024
1790882789 850024
1790882790 850024
1790882791 850024
1790882792 850024
1790882793 850024
1790882794 850024
1790882795 850024
1790882796 850024
1790882797 850024
1790882798 850024
1790882799 850024
1790882801 850024
1790882802 850024
1790882803 850040
1790882804 574976
1790882805 574976
1790882806 574976
1790882807 574976
1790882808 574976
1790882809 574976
1790882810 574976
1790882811 438624
1790882812 438624
1790882813 438624
1790882814 438624
1790882815 438624
1790882816 438624
1790882817 438624
1790882818 438624
1790882819 438624
1790882820 438624
1790882821 438624
1790882822 438624
1790882823 438624
1790882824 438624
1790882825 438624
1790882826 438624
1790882827 438624
1790882828 438624
1790882829 438624
1790882830 438624
1790882831 438624
1790882832 438624
1790882833 438624
1790882834 438624
1790882835 438624
1790882836 438624
1790882837 438624
1790882839 438624
1790882840 438624
1790882841 438624
1790882842 438624
1790882843 438624
1790882844 438624
1790882845 438624
1790882846 438624
1790882847 438624
1790882848 438624
1790882849 438624
1790882850 438624
1790882851 438624
1790882852 438624
1790882853 438624
1790882854 438624
1790882855 438624
1790882856 438624
1790882857 438624
1790882858 438624
1790882859 438624
1790882860 434980
1790882861 434980
1790882862 434980
1790882863 434980
1790882864 434980
1790882865 434980
1790882866 434980
1790882867 434980
1790882868 434980
1790882869 434980
1790882870 434980
1790882871 434980
1790882872 434980
1790882873 434980
1790882874 434980
1790882875 434980
1790882877 434980
1790882878 434980
1790882879 434980
1790882880 434980
1790882881 434980
1790882882 434980
1790882883 434980
1790882884 434980
1790882885 434980
1790882886 434980
1790882887 434980
1790882888 434980
1790882889 434980
1790882890 434980
1790882891 434980
1790882892 434980
1790882893 434980
1790882894 434980
1790882895 434980
1790882896 434980
1790882897 434980
1790882898 434980
1790882899 434980
1790882900 434980
1790882901 434980
1790882902 434980
1790882903 434980
1790882904 434980
1790882905 434980
1790882906 434980
1790882907 434980
1790882908 434980
1790882909 427984
1790882910 427984
1790882911 427984
1790882912 427984
1790882914 427984
1790882915 427984
1790882916 427984
1790882917 427984
1790882918 425084
1790882919 425084
1790882920 425084
1790882921 425084
1790882922 425084
1790882923 425084
1790882924 425084
1790882925 425084
1790882926 425084
1790882927 425084
1790882928 425084
1790882929 425084
1790882930 425084
1790882931 425084
1790882932 425084
1790882933 425084
1790882934 425084
1790882935 425084
1790882936 425084
1790882937 425084
1790882938 425084
1790882939 425084
1790882940 425084
1790882941 425084
1790882942 425084
1790882943 425084
1790882944 425084
1790882945 425084
1790882946 425084
1790882947 425084
1790882948 425084
1790882949 425084
1790882950 425084
1790882952 425084
1790882953 425084
1790882954 425084
1790882955 425084
1790882956 425084
1790882957 425084
1790882958 425084
1790882959 425084
1790882960 425084
1790882961 425084
1790882962 425084
1790882963 425084
1790882964 425084
1790882965 425084
1790882966 425084
1790882967 425084
1790882968 425084
1790882969 425084
1790882970 425084
1790882971 425084
1790882972 425084
1790882973 425084
1790882974 425084
1790882975 425084
1790882976 425084
1790882977 425084
1790882978 425084
1790882979 425084
1790882980 425084
1790882981 425084
1790882982 425084
1790882983 425084
1790882984 425084
1790882985 425084
1790882986 425084
1790882987 425084
1790882988 425084
1790882989 425084
1790882991 425084
1790882992 425084
1790882993 425084
1790882994 425084
1790882995 425084
1790882996 425084
1790882997 425084
1790882998 425084
1790882999 425084
1790883000 425084
1790883001 425084
1790883002 425084
1790883003 425084
1790883004 425084
1790883005 425084
1790883006 425084
1790883007 425084
1790883008 425084
1790883009 425084
1790883010 425084
1790883011 425084
1790883012 425084
1790883013 425084
1790883014 425084
1790883015 425084
1790883016 425084
1790883017 425084
1790883018 425084
1790883019 425084
1790883020 425084
1790883021 425084
1790883022 425084
1790883023 425084
1790883024 425084
1790883025 425084
1790883026 425084
1790883027 425084
1790883029 425084
1790883030 425084
1790883031 425084
1790883032 425084
1790883033 425084
1790883034 425084
1790883035 425084
1790883036 425084
1790883037 425084
1790883038 425084
1790883039 425084
1790883040 425084
1790883041 425084
1790883042 425084
1790883043 425084
1790883044 425084
1790883045 425084
1790883046 425084
1790883047 425084
1790883048 425084
1790883049 425084
1790883050 425084
1790883051 425084
1790883052 425084
1790883053 425084
1790883054 425084
1790883055 425084
1790883056 425084
1790883057 425084
1790883058 425084
1790883059 425084
1790883060 425084
1790883061 425084
1790883062 425084
1790883063 425084
1790883064 425084
1790883065 425084
1790883067 425084
1790883068 425084
1790883069 425084
1790883070 425084
1790883071 425084
1790883072 425084
1790883073 425084
1790883074 425084
1790883075 425084
1790883076 425084
1790883077 425084
1790883078 425084
1790883079 425084
1790883080 425084
1790883081 425084
1790883082 425084
1790883083 425084
1790883084 425084
1790883085 425084
1790883086 425084
1790883087 425084
1790883088 425084
1790883089 425084
1790883090 425084
1790883091 425084
1790883092 425084
1790883093 425084
1790883094 425084
1790883095 425084
1790883096 425084
1790883097 425084
1790883098 425084
1790883099 425084
1790883100 425084
1790883101 425084
1790883102 425084
1790883103 425084
1790883105 425084
1790883106 425084
1790883107 425084
1790883108 425084
1790883109 425084
1790883110 425084
1790883111 425084
1790883112 425084
1790883113 425084
1790883114 425084
1790883115 425084
1790883116 425084
1790883117 425084
1790883118 425084
1790883119 425084
1790883120 425084
1790883121 425084
1790883122 425084
1790883123 425084
1790883124 425084
1790883125 425084
1790883126 425084
1790883127 425084
1790883128 425084
1790883129 425084
1790883130 425084
1790883131 425084
1790883132 425084
1790883133 425084
1790883134 425084
1790883135 425084
1790883136 425084
1790883137 425084
1790883138 425084
1790883139 425084
1790883140 425084
1790883141 425084
1790883142 425084
1790883144 425084
1790883145 425084
1790883146 425084
1790883147 425084
1790883148 425084
1790883149 425084
1790883150 425084
1790883151 425084
1790883152 425084
1790883153 425084
1790883154 425084
1790883155 425084
1790883156 425084
1790883157 425084
1790883158 425084
1790883159 425084
1790883160 425084
1790883161 425084
1790883162 425084
1790883163 425084
1790883164 425084
1790883165 425084
1790883166 425084
1790883167 425084
1790883168 425084
1790883169 425084
1790883170 425084
1790883171 425084
1790883172 425084
1790883173 425084
1790883174 425084
1790883175 425084
1790883176 425084
1790883177 425084
1790883178 425084
1790883179 425084
1790883180 425084
1790883182 425084
1790883183 425084
1790883184 425084
1790883185 425084
1790883186 425084
1790883187 425084
1790883188 425084
1790883189 425084
1790883190 425084
1790883191 425084
1790883192 425084
1790883193 425084
1790883194 425084
1790883195 425084
1790883196 425084
1790883197 425084
1790883198 425084
1790883199 425084
1790883200 425084
1790883201 425084
1790883202 425084
1790883203 425084
1790883204 425084
1790883205 425084
1790883206 425084
1790883207 425084
1790883208 425084
1790883209 425084
1790883210 425084
1790883211 425084
1790883212 425084
1790883213 425084
1790883214 425084
1790883215 425084
1790883216 425084
1790883217 425084
1790883218 425084
1790883220 425084
1790883221 425084
1790883222 425084
1790883223 425084
1790883224 425084
1790883225 425084
1790883226 425084
1790883227 425084
1790883228 425084
1790883229 425084
1790883230 425084
1790883231 425084
1790883232 425084
1790883233 425084
1790883234 425084
1790883235 425084
1790883236 425084
1790883237 425084
1790883238 425084
1790883239 425084
1790883240 425084
1790883241 425084
1790883242 425084
1790883243 425084
1790883244 425084
1790883245 425084
1790883246 425084
1790883247 425084
1790883248 425084
1790883249 425088
1790883250 425088
1790883251 425088
1790883252 425088
1790883253 425088
1790883254 425088
1790883255 425088
1790883256 425088
1790883258 425088
1790883259 425088
1790883260 425088
1790883261 425088
1790883262 425088
1790883263 425088
1790883264 425088
1790883265 425088
1790883266 425088
1790883267 425088
1790883268 425088
1790883269 425088
1790883270 425088
1790883271 425088
1790883272 425088
1790883273 425088
1790883274 425088
1790883275 425088
1790883276 425088
1790883277 425088
1790883278 425088
1790883279 425100
1790883280 425100
1790883281 425100
1790883282 425100
1790883283 425100
1790883284 425100
1790883285 425100
1790883286 425100
1790883287 425100
1790883288 425100
1790883289 425100
1790883290 425100
1790883291 425100
1790883292 425100
1790883293 425100
1790883294 425100
1790883296 425100
1790883297 425100
1790883298 425100
1790883299 425100
1790883300 425100
1790883301 425100
1790883302 425100
1790883303 425100
1790883304 425100
1790883305 425100
1790883306 425100
1790883307 425100
1790883308 425100
1790883309 425100
1790883310 425100
1790883311 425100
1790883312 425100
1790883313 425100
1790883314 425100
1790883315 425100
1790883316 425100
1790883317 425100
1790883318 425100
1790883319 425100
1790883320 425100
1790883321 425100
1790883322 425100
1790883323 425100
1790883324 425100
1790883325 425100
1790883326 425100
1790883327 425100
1790883328 425100
1790883329 425100
1790883330 425100
1790883331 425100
1790883332 425100
1790883334 425100
1790883335 425100
1790883336 425100
1790883337 425100
1790883338 425100
1790883339 425100
1790883340 425100
1790883341 425100
1790883342 425100
1790883343 425100
1790883344 425100
1790883345 425100
1790883346 425100
1790883347 425100
1790883348 425100
1790883349 425100
1790883350 425100
1790883351 425100
1790883352 425100
1790883353 425100
1790883354 425100
1790883355 425100
1790883356 425100
1790883357 425100
1790883358 425100
1790883359 425100
1790883360 425100
1790883361 425100
1790883362 425100
1790883363 425100
1790883364 425100
1790883365 425100
1790883366 425100
1790883367 425100
1790883368 425100
1790883369 425100
1790883371 425100
1790883372 425100
1790883373 425100
1790883374 425100
1790883375 425100
1790883376 425100
1790883377 425100
1790883378 425100
1790883379 425100
1790883380 425100
1790883381 425100
1790883382 425100
1790883383 425100
1790883384 425100
1790883385 425100
1790883386 425100
1790883387 425100
1790883388 425100
1790883389 425100
1790883390 425100
1790883391 425100
1790883392 425100
1790883393 425100
1790883394 425100
1790883395 425100
1790883396 425100
1790883397 425100
1790883398 425100
1790883399 425100
1790883400 425100
1790883401 425100
1790883402 425100
1790883403 425100
1790883404 425100
1790883405 425100
1790883406 425100
1790883407 425100
1790883409 425100
1790883410 425100
1790883411 425100
1790883412 425100
1790883413 425100
1790883414 425100
1790883415 425100
1790883416 425100
1790883417 425100
1790883418 425100
1790883419 425100
1790883420 425100
1790883421 425100
1790883422 425100
1790883423 425100
1790883424 425100
1790883425 425100
1790883426 425100
1790883427 425100
1790883428 425100
1790883429 425100
1790883430 425100
1790883431 425100
1790883432 425100
1790883433 425100
1790883434 425100
1790883435 425100
1790883436 425100
1790883437 425100
1790883438 425100
1790883439 425100
1790883440 425100
1790883441 425100
1790883442 425100
1790883443 425100
1790883444 425100
1790883445 425100
1790883447 425100
1790883448 425100
1790883449 425100
1790883450 425100
1790883451 425100
1790883452 425100
1790883453 425100
1790883454 425100
1790883455 425100
1790883456 425100
1790883457 425100
1790883458 425100
1790883459 425100
1790883460 425100
1790883461 425100
1790883462 425100
1790883463 425100
1790883464 425100
1790883465 425100
1790883466 425100
1790883467 425100
1790883468 425100
1790883469 425100
1790883470 425100
1790883471 425100
1790883472 425100
1790883473 425100
1790883474 425100
1790883475 425100
1790883476 425100
1790883477 425100
1790883478 425100
1790883479 425100
1790883480 425100
1790883481 425100
1790883482 425100
1790883483 425100
1790883485 425100
1790883486 425100
1790883487 425100
1790883488 425100
1790883489 425100
1790883490 425100
1790883491 425100
1790883492 425100
1790883493 425100
1790883494 425100
1790883495 425100
1790883496 425100
1790883497 425100
1790883498 425100
1790883499 425100
1790883500 425100
1790883501 425100
1790883502 425100
1790883503 425100
1790883504 425100
1790883505 425100
1790883506 425100
1790883507 425100
1790883508 425100
1790883509 425100
1790883510 425100
1790883511 425100
1790883512 425100
1790883513 425100
1790883514 425100
1790883515 425100
1790883516 425100
1790883517 425100
1790883518 425100
1790883519 425100
1790883520 425100
1790883521 425100
1790883523 425100
1790883524 425100
1790883525 425100
1790883526 425100
1790883527 425100
1790883528 425100
1790883529 425100
1790883530 425100
1790883531 425100
1790883532 425100
1790883533 425100
1790883534 425100
1790883535 425100
1790883536 425100
1790883537 425100
1790883538 425100
1790883539 425100
1790883540 425100
1790883541 425100
1790883542 425100
1790883543 425100
1790883544 425100
1790883545 425100
1790883546 425100
1790883547 425100
1790883548 425100
1790883549 425100
1790883550 425100
1790883551 425100
1790883552 425100
1790883553 425100
1790883554 425100
1790883555 425100
1790883556 425100
1790883557 425100
1790883558 425100
1790883559 425100
1790883561 425100
1790883562 425100
1790883563 425100
1790883564 425100
1790883565 425100
1790883566 425100
1790883567 425100
1790883568 425100
1790883569 425100
1790883570 425100
1790883571 425100
1790883572 425100
1790883573 425100
1790883574 425100
1790883575 425100
1790883576 425100
1790883577 425100
1790883578 425100
1790883579 425100
1790883580 425100
1790883581 425100
1790883582 425100
1790883583 425100
1790883584 425100
1790883585 425100
1790883586 425100
1790883587 425100
1790883588 425100
1790883589 425100
1790883590 425100
1790883591 425100
1790883592 425100
1790883593 425100
1790883594 425100
1790883595 425100
1790883596 425100
1790883597 425100
1790883598 425100
1790883600 425100
1790883601 425100
1790883602 425100
1790883603 425100
1790883604 425100
1790883605 425100
1790883606 425100
1790883607 425100
1790883608 425100
1790883609 425100
1790883610 425100
1790883611 425100
1790883612 425100
1790883613 425100
1790883614 425100
1790883615 425100
1790883616 425100
1790883617 425100
1790883618 425100
1790883619 425100
1790883620 425100
1790883621 425100
1790883622 425100
1790883623 425100
1790883624 425100
1790883625 425100
1790883626 425100
1790883627 425100
1790883628 425100
1790883629 425100
1790883630 425100
1790883631 425100
1790883632 425100
1790883633 425100
1790883634 425100
1790883635 425100
1790883636 425100
1790883638 425100
1790883639 425100
1790883640 425104
1790883641 425104
1790883642 425104
1790883643 425104
1790883644 425104
1790883645 425104
1790883646 425104
1790883647 425104
1790883648 425104
1790883649 425104
1790883650 425104
1790883651 425104
1790883652 425104
1790883653 425104
1790883654 425104
1790883655 425104
1790883656 425104
1790883657 425104
1790883658 425104
1790883659 425104
1790883660 425104
1790883661 425104
1790883662 425104
1790883663 425104
1790883664 425104
1790883665 425104
1790883666 425104
1790883667 425104
1790883668 425104
1790883669 425116
1790883670 425116
1790883671 425116
1790883672 425116
1790883673 425116
1790883675 425116
1790883676 425116
1790883677 425116
1790883678 425116
1790883679 425116
1790883680 425116
1790883681 425116
