Running 30s test @ http://10.116.0.2:8080/block?ms=100
  4 threads and 4000 connections
  Thread calibration: mean lat.: 1129.924ms, rate sampling interval: 4591ms
  Thread calibration: mean lat.: 1165.375ms, rate sampling interval: 4784ms
  Thread calibration: mean lat.: 1170.329ms, rate sampling interval: 4853ms
  Thread calibration: mean lat.: 1217.502ms, rate sampling interval: 5119ms
  Thread Stats   Avg      Stdev     Max   +/- Stdev
    Latency     4.18s     1.72s   10.85s    63.40%
    Req/Sec     6.95k    34.83     7.01k    63.64%
  Latency Distribution (HdrHistogram - Recorded Latency)
 50.000%    3.87s 
 75.000%    5.26s 
 90.000%    6.87s 
 99.000%    8.47s 
 99.900%    9.99s 
 99.990%   10.60s 
 99.999%   10.80s 
100.000%   10.86s 

  Detailed Percentile spectrum:
       Value   Percentile   TotalCount 1/(1-Percentile)

    2071.551     0.000000           12         1.00
    2310.143     0.100000        41708         1.11
    2502.655     0.200000        83538         1.25
    2670.591     0.300000       125012         1.43
    3309.567     0.400000       166558         1.67
    3872.767     0.500000       208195         2.00
    4149.247     0.550000       229105         2.22
    4435.967     0.600000       250004         2.50
    4710.399     0.650000       270682         2.86
    4984.831     0.700000       291524         3.33
    5255.167     0.750000       312494         4.00
    5492.735     0.775000       322912         4.44
    5730.303     0.800000       333166         5.00
    6004.735     0.825000       343540         5.71
    6279.167     0.850000       354025         6.67
    6561.791     0.875000       364323         8.00
    6709.247     0.887500       369532         8.89
    6868.991     0.900000       374690        10.00
    7012.351     0.912500       379931        11.43
    7167.999     0.925000       385108        13.33
    7311.359     0.937500       390310        16.00
    7389.183     0.943750       392948        17.78
    7462.911     0.950000       395703        20.00
    7536.639     0.956250       398166        22.86
    7606.271     0.962500       400710        26.67
    7675.903     0.968750       403504        32.00
    7708.671     0.971875       404712        35.56
    7737.343     0.975000       405972        40.00
    7778.303     0.978125       407271        45.71
    7835.647     0.981250       408521        53.33
    8024.063     0.984375       409818        64.00
    8130.559     0.985938       410485        71.11
    8249.343     0.987500       411128        80.00
    8380.415     0.989062       411789        91.43
    8527.871     0.990625       412441       106.67
    8691.711     0.992188       413067       128.00
    8790.015     0.992969       413399       142.22
    8896.511     0.993750       413743       160.00
    9003.007     0.994531       414058       182.86
    9117.695     0.995313       414374       213.33
    9248.767     0.996094       414693       256.00
    9322.495     0.996484       414861       284.44
    9404.415     0.996875       415037       320.00
    9478.143     0.997266       415180       365.71
    9576.447     0.997656       415350       426.67
    9674.751     0.998047       415505       512.00
    9732.095     0.998242       415592       568.89
    9789.439     0.998437       415669       640.00
    9854.975     0.998633       415752       731.43
    9928.703     0.998828       415840       853.33
   10002.431     0.999023       415916      1024.00
   10043.391     0.999121       415957      1137.78
   10084.351     0.999219       415993      1280.00
   10141.695     0.999316       416043      1462.86
   10190.847     0.999414       416077      1706.67
   10248.191     0.999512       416118      2048.00
   10280.959     0.999561       416137      2275.56
   10321.919     0.999609       416159      2560.00
   10354.687     0.999658       416176      2925.71
   10395.647     0.999707       416199      3413.33
   10436.607     0.999756       416217      4096.00
   10461.183     0.999780       416227      4551.11
   10485.759     0.999805       416237      5120.00
   10510.335     0.999829       416248      5851.43
   10543.103     0.999854       416258      6826.67
   10575.871     0.999878       416268      8192.00
   10592.255     0.999890       416275      9102.22
   10600.447     0.999902       416278     10240.00
   10625.023     0.999915       416283     11702.86
   10649.599     0.999927       416291     13653.33
   10657.791     0.999939       416293     16384.00
   10682.367     0.999945       416298     18204.44
   10682.367     0.999951       416298     20480.00
   10706.943     0.999957       416303     23405.71
   10706.943     0.999963       416303     27306.67
   10739.711     0.999969       416307     32768.00
   10739.711     0.999973       416307     36408.89
   10747.903     0.999976       416309     40960.00
   10756.095     0.999979       416311     46811.43
   10756.095     0.999982       416311     54613.33
   10772.479     0.999985       416312     65536.00
   10797.055     0.999986       416314     72817.78
   10797.055     0.999988       416314     81920.00
   10797.055     0.999989       416314     93622.86
   10805.247     0.999991       416315    109226.67
   10805.247     0.999992       416315    131072.00
   10813.439     0.999993       416316    145635.56
   10813.439     0.999994       416316    163840.00
   10813.439     0.999995       416316    187245.71
   10846.207     0.999995       416317    218453.33
   10846.207     0.999996       416317    262144.00
   10846.207     0.999997       416317    291271.11
   10846.207     0.999997       416317    327680.00
   10846.207     0.999997       416317    374491.43
   10862.591     0.999998       416318    436906.67
   10862.591     1.000000       416318          inf
#[Mean    =     4182.402, StdDeviation   =     1722.620]
#[Max     =    10854.400, Total count    =       416318]
#[Buckets =           27, SubBuckets     =         2048]
----------------------------------------------------------
  769489 requests in 30.00s, 135.03MB read
  Socket errors: connect 0, read 0, write 0, timeout 231
Requests/sec:  25649.33
Transfer/sec:      4.50MB
