Running 30s test @ http://10.116.0.2:8080/json
  4 threads and 256 connections
  Thread calibration: mean lat.: 3195.958ms, rate sampling interval: 11968ms
  Thread calibration: mean lat.: 3170.344ms, rate sampling interval: 11894ms
  Thread calibration: mean lat.: 3144.203ms, rate sampling interval: 11780ms
  Thread calibration: mean lat.: 3260.226ms, rate sampling interval: 11591ms
  Thread Stats   Avg      Stdev     Max   +/- Stdev
    Latency    13.46s     3.94s   23.48s    59.67%
    Req/Sec     7.67k   219.35     7.83k    75.00%
  Latency Distribution (HdrHistogram - Recorded Latency)
 50.000%   13.44s 
 75.000%   16.74s 
 90.000%   18.71s 
 99.000%   21.81s 
 99.900%   22.61s 
 99.990%   23.04s 
 99.999%   23.38s 
100.000%   23.49s 

  Detailed Percentile spectrum:
       Value   Percentile   TotalCount 1/(1-Percentile)

    5914.623     0.000000            1         1.00
    8122.367     0.100000        60859         1.11
    9453.567     0.200000       121747         1.25
   10772.479     0.300000       182656         1.43
   12115.967     0.400000       243617         1.67
   13443.071     0.500000       304368         2.00
   14106.623     0.550000       334926         2.22
   14753.791     0.600000       365272         2.50
   15417.343     0.650000       395772         2.86
   16072.703     0.700000       426186         3.33
   16736.255     0.750000       456492         4.00
   17072.127     0.775000       472149         4.44
   17399.807     0.800000       487460         5.00
   17727.487     0.825000       502499         5.71
   18055.167     0.850000       517741         6.67
   18382.847     0.875000       533000         8.00
   18546.687     0.887500       540390         8.89
   18710.527     0.900000       548034        10.00
   18874.367     0.912500       555566        11.43
   19038.207     0.925000       563091        13.33
   19234.815     0.937500       570520        16.00
   19349.503     0.943750       574425        17.78
   19464.191     0.950000       578244        20.00
   19578.879     0.956250       581941        22.86
   19857.407     0.962500       585718        26.67
   20201.471     0.968750       589503        32.00
   20381.695     0.971875       591324        35.56
   20611.071     0.975000       593265        40.00
   20840.447     0.978125       595082        45.71
   21102.591     0.981250       597062        53.33
   21348.351     0.984375       598891        64.00
   21479.423     0.985938       599867        71.11
   21610.495     0.987500       600833        80.00
   21741.567     0.989062       601814        91.43
   21856.255     0.990625       602676       106.67
   21987.327     0.992188       603662       128.00
   22052.863     0.992969       604140       142.22
   22118.399     0.993750       604604       160.00
   22200.319     0.994531       605136       182.86
   22265.855     0.995313       605569       213.33
   22331.391     0.996094       606000       256.00
   22380.543     0.996484       606317       284.44
   22413.311     0.996875       606525       320.00
   22446.079     0.997266       606741       365.71
   22478.847     0.997656       606953       426.67
   22527.999     0.998047       607270       512.00
   22544.383     0.998242       607375       568.89
   22560.767     0.998437       607478       640.00
   22577.151     0.998633       607583       731.43
   22593.535     0.998828       607684       853.33
   22609.919     0.999023       607783      1024.00
   22626.303     0.999121       607870      1137.78
   22642.687     0.999219       607955      1280.00
   22659.071     0.999316       608027      1462.86
   22659.071     0.999414       608027      1706.67
   22691.839     0.999512       608086      2048.00
   22724.607     0.999561       608121      2275.56
   22740.991     0.999609       608138      2560.00
   22773.759     0.999658       608169      2925.71
   22806.527     0.999707       608198      3413.33
   22855.679     0.999756       608232      4096.00
   22872.063     0.999780       608241      4551.11
   22904.831     0.999805       608257      5120.00
   22937.599     0.999829       608274      5851.43
   22970.367     0.999854       608290      6826.67
   23003.135     0.999878       608303      8192.00
   23019.519     0.999890       608308      9102.22
   23052.287     0.999902       608317     10240.00
   23068.671     0.999915       608323     11702.86
   23101.439     0.999927       608330     13653.33
   23134.207     0.999939       608336     16384.00
   23166.975     0.999945       608341     18204.44
   23183.359     0.999951       608344     20480.00
   23216.127     0.999957       608350     23405.71
   23232.511     0.999963       608353     27306.67
   23248.895     0.999969       608356     32768.00
   23265.279     0.999973       608359     36408.89
   23265.279     0.999976       608359     40960.00
   23281.663     0.999979       608361     46811.43
   23298.047     0.999982       608362     54613.33
   23330.815     0.999985       608364     65536.00
   23347.199     0.999986       608365     72817.78
   23363.583     0.999988       608366     81920.00
   23379.967     0.999989       608367     93622.86
   23396.351     0.999991       608368    109226.67
   23429.119     0.999992       608369    131072.00
   23429.119     0.999993       608369    145635.56
   23445.503     0.999994       608370    163840.00
   23445.503     0.999995       608370    187245.71
   23461.887     0.999995       608371    218453.33
   23461.887     0.999996       608371    262144.00
   23461.887     0.999997       608371    291271.11
   23478.271     0.999997       608372    327680.00
   23478.271     0.999997       608372    374491.43
   23478.271     0.999998       608372    436906.67
   23478.271     0.999998       608372    524288.00
   23478.271     0.999998       608372    582542.22
   23494.655     0.999998       608373    655360.00
   23494.655     1.000000       608373          inf
#[Mean    =    13462.460, StdDeviation   =     3939.584]
#[Max     =    23478.272, Total count    =       608373]
#[Buckets =           27, SubBuckets     =         2048]
----------------------------------------------------------
  933249 requests in 30.00s, 175.33MB read
Requests/sec:  31107.26
Transfer/sec:      5.84MB
