Running 30s test @ http://10.116.0.2:8080/json
  4 threads and 64 connections
  Thread calibration: mean lat.: 9.508ms, rate sampling interval: 27ms
  Thread calibration: mean lat.: 10.263ms, rate sampling interval: 25ms
  Thread calibration: mean lat.: 9.337ms, rate sampling interval: 26ms
  Thread calibration: mean lat.: 11.784ms, rate sampling interval: 23ms
  Thread Stats   Avg      Stdev     Max   +/- Stdev
    Latency     1.32ms    1.69ms 204.67ms   99.26%
    Req/Sec     5.10k   126.36     6.91k    74.41%
  Latency Distribution (HdrHistogram - Recorded Latency)
 50.000%    1.22ms
 75.000%    1.67ms
 90.000%    2.04ms
 99.000%    2.81ms
 99.900%    5.21ms
 99.990%   90.82ms
 99.999%  193.41ms
100.000%  204.80ms

  Detailed Percentile spectrum:
       Value   Percentile   TotalCount 1/(1-Percentile)

       0.214     0.000000            1         1.00
       0.630     0.100000        39914         1.11
       0.799     0.200000        79817         1.25
       0.940     0.300000       119674         1.43
       1.075     0.400000       159634         1.67
       1.218     0.500000       199239         2.00
       1.297     0.550000       219315         2.22
       1.382     0.600000       239048         2.50
       1.473     0.650000       259137         2.86
       1.571     0.700000       279040         3.33
       1.675     0.750000       298797         4.00
       1.730     0.775000       308845         4.44
       1.785     0.800000       318790         5.00
       1.842     0.825000       328757         5.71
       1.901     0.850000       338727         6.67
       1.964     0.875000       348587         8.00
       1.999     0.887500       353607         8.89
       2.037     0.900000       358660        10.00
       2.077     0.912500       363651        11.43
       2.123     0.925000       368666        13.33
       2.175     0.937500       373549        16.00
       2.207     0.943750       376099        17.78
       2.239     0.950000       378564        20.00
       2.275     0.956250       381014        22.86
       2.319     0.962500       383508        26.67
       2.373     0.968750       386013        32.00
       2.401     0.971875       387187        35.56
       2.437     0.975000       388439        40.00
       2.479     0.978125       389682        45.71
       2.527     0.981250       390913        53.33
       2.593     0.984375       392171        64.00
       2.635     0.985938       392775        71.11
       2.691     0.987500       393418        80.00
       2.759     0.989062       394016        91.43
       2.843     0.990625       394642       106.67
       2.967     0.992188       395265       128.00
       3.049     0.992969       395573       142.22
       3.151     0.993750       395885       160.00
       3.263     0.994531       396202       182.86
       3.401     0.995313       396508       213.33
       3.571     0.996094       396817       256.00
       3.667     0.996484       396974       284.44
       3.779     0.996875       397129       320.00
       3.915     0.997266       397284       365.71
       4.067     0.997656       397440       426.67
       4.275     0.998047       397595       512.00
       4.399     0.998242       397675       568.89
       4.543     0.998437       397754       640.00
       4.719     0.998633       397829       731.43
       4.975     0.998828       397907       853.33
       5.239     0.999023       397985      1024.00
       5.371     0.999121       398024      1137.78
       5.515     0.999219       398062      1280.00
       5.707     0.999316       398101      1462.86
       5.963     0.999414       398140      1706.67
       6.339     0.999512       398179      2048.00
       6.575     0.999561       398198      2275.56
       6.803     0.999609       398218      2560.00
       7.119     0.999658       398237      2925.71
       7.575     0.999707       398257      3413.33
       8.263     0.999756       398276      4096.00
       9.183     0.999780       398286      4551.11
      10.319     0.999805       398296      5120.00
      13.647     0.999829       398305      5851.43
      39.295     0.999854       398315      6826.67
      67.839     0.999878       398325      8192.00
      82.111     0.999890       398330      9102.22
      96.447     0.999902       398335     10240.00
     107.967     0.999915       398339     11702.86
     122.111     0.999927       398344     13653.33
     136.447     0.999939       398349     16384.00
     145.279     0.999945       398352     18204.44
     150.911     0.999951       398354     20480.00
     156.543     0.999957       398356     23405.71
     164.991     0.999963       398359     27306.67
     170.623     0.999969       398361     32768.00
     176.511     0.999973       398363     36408.89
     178.815     0.999976       398364     40960.00
     181.759     0.999979       398365     46811.43
     184.575     0.999982       398366     54613.33
     187.519     0.999985       398367     65536.00
     190.463     0.999986       398368     72817.78
     193.407     0.999988       398369     81920.00
     193.407     0.999989       398369     93622.86
     196.351     0.999991       398370    109226.67
     196.351     0.999992       398370    131072.00
     199.039     0.999993       398371    145635.56
     199.039     0.999994       398371    163840.00
     199.039     0.999995       398371    187245.71
     201.855     0.999995       398372    218453.33
     201.855     0.999996       398372    262144.00
     201.855     0.999997       398372    291271.11
     201.855     0.999997       398372    327680.00
     201.855     0.999997       398372    374491.43
     204.799     0.999998       398373    436906.67
     204.799     1.000000       398373          inf
#[Mean    =        1.318, StdDeviation   =        1.691]
#[Max     =      204.672, Total count    =       398373]
#[Buckets =           27, SubBuckets     =         2048]
----------------------------------------------------------
  599235 requests in 30.00s, 112.58MB read
Requests/sec:  19974.32
Transfer/sec:      3.75MB
