Running 30s test @ http://10.116.0.2:8080/json
  4 threads and 256 connections
  Thread calibration: mean lat.: 1.547ms, rate sampling interval: 10ms
  Thread calibration: mean lat.: 1.553ms, rate sampling interval: 10ms
  Thread calibration: mean lat.: 1.508ms, rate sampling interval: 10ms
  Thread calibration: mean lat.: 1.945ms, rate sampling interval: 10ms
  Thread Stats   Avg      Stdev     Max   +/- Stdev
    Latency     1.60ms  790.15us   9.87ms   71.23%
    Req/Sec     5.27k     0.95k    7.11k    79.88%
  Latency Distribution (HdrHistogram - Recorded Latency)
 50.000%    1.48ms
 75.000%    2.03ms
 90.000%    2.62ms
 99.000%    4.02ms
 99.900%    5.71ms
 99.990%    7.62ms
 99.999%    8.94ms
100.000%    9.88ms

  Detailed Percentile spectrum:
       Value   Percentile   TotalCount 1/(1-Percentile)

       0.253     0.000000            1         1.00
       0.706     0.100000        39443         1.11
       0.916     0.200000        78845         1.25
       1.105     0.300000       118178         1.43
       1.289     0.400000       157647         1.67
       1.478     0.500000       196933         2.00
       1.577     0.550000       216506         2.22
       1.681     0.600000       236325         2.50
       1.789     0.650000       255940         2.86
       1.904     0.700000       275673         3.33
       2.029     0.750000       295347         4.00
       2.097     0.775000       305062         4.44
       2.173     0.800000       315003         5.00
       2.259     0.825000       324912         5.71
       2.355     0.850000       334600         6.67
       2.473     0.875000       344536         8.00
       2.539     0.887500       349371         8.89
       2.615     0.900000       354299        10.00
       2.701     0.912500       359230        11.43
       2.801     0.925000       364130        13.33
       2.917     0.937500       369076        16.00
       2.983     0.943750       371535        17.78
       3.057     0.950000       373948        20.00
       3.139     0.956250       376408        22.86
       3.235     0.962500       378890        26.67
       3.341     0.968750       381336        32.00
       3.401     0.971875       382558        35.56
       3.473     0.975000       383793        40.00
       3.551     0.978125       385006        45.71
       3.643     0.981250       386240        53.33
       3.749     0.984375       387475        64.00
       3.813     0.985938       388090        71.11
       3.879     0.987500       388701        80.00
       3.963     0.989062       389316        91.43
       4.055     0.990625       389922       106.67
       4.167     0.992188       390537       128.00
       4.239     0.992969       390868       142.22
       4.319     0.993750       391162       160.00
       4.407     0.994531       391468       182.86
       4.507     0.995313       391773       213.33
       4.643     0.996094       392075       256.00
       4.723     0.996484       392230       284.44
       4.807     0.996875       392385       320.00
       4.899     0.997266       392537       365.71
       5.015     0.997656       392693       426.67
       5.175     0.998047       392846       512.00
       5.259     0.998242       392926       568.89
       5.335     0.998437       392997       640.00
       5.463     0.998633       393077       731.43
       5.583     0.998828       393153       853.33
       5.731     0.999023       393228      1024.00
       5.803     0.999121       393268      1137.78
       5.899     0.999219       393305      1280.00
       6.007     0.999316       393343      1462.86
       6.147     0.999414       393382      1706.67
       6.323     0.999512       393421      2048.00
       6.407     0.999561       393442      2275.56
       6.487     0.999609       393459      2560.00
       6.639     0.999658       393478      2925.71
       6.739     0.999707       393497      3413.33
       6.879     0.999756       393517      4096.00
       6.939     0.999780       393526      4551.11
       7.023     0.999805       393536      5120.00
       7.175     0.999829       393545      5851.43
       7.319     0.999854       393555      6826.67
       7.427     0.999878       393564      8192.00
       7.547     0.999890       393569      9102.22
       7.627     0.999902       393574     10240.00
       7.775     0.999915       393579     11702.86
       7.803     0.999927       393584     13653.33
       7.971     0.999939       393588     16384.00
       8.179     0.999945       393591     18204.44
       8.319     0.999951       393593     20480.00
       8.391     0.999957       393596     23405.71
       8.431     0.999963       393598     27306.67
       8.559     0.999969       393600     32768.00
       8.591     0.999973       393602     36408.89
       8.623     0.999976       393603     40960.00
       8.647     0.999979       393604     46811.43
       8.751     0.999982       393605     54613.33
       8.839     0.999985       393606     65536.00
       8.919     0.999986       393607     72817.78
       8.943     0.999988       393608     81920.00
       8.943     0.999989       393608     93622.86
       9.071     0.999991       393609    109226.67
       9.071     0.999992       393609    131072.00
       9.167     0.999993       393610    145635.56
       9.167     0.999994       393610    163840.00
       9.167     0.999995       393610    187245.71
       9.415     0.999995       393611    218453.33
       9.415     0.999996       393611    262144.00
       9.415     0.999997       393611    291271.11
       9.415     0.999997       393611    327680.00
       9.415     0.999997       393611    374491.43
       9.879     0.999998       393612    436906.67
       9.879     1.000000       393612          inf
#[Mean    =        1.598, StdDeviation   =        0.790]
#[Max     =        9.872, Total count    =       393612]
#[Buckets =           27, SubBuckets     =         2048]
----------------------------------------------------------
  592719 requests in 30.00s, 111.36MB read
Requests/sec:  19756.98
Transfer/sec:      3.71MB
