Linux 6.8.0-142-generic (cafeai-bench-loadgen) 	10/01/26 	_x86_64_	(4 CPU)

19:19:11     CPU    %usr   %nice    %sys %iowait    %irq   %soft  %steal  %guest  %gnice   %idle
19:19:12     all    2.86    0.00    6.77    0.26    0.00    4.43    0.00    0.00    0.00   85.68
19:19:13     all    3.21    0.00    5.88    0.00    0.00    4.01    0.00    0.00    0.00   86.90
19:19:14     all    3.17    0.00    5.80    0.00    0.00    4.75    0.00    0.00    0.00   86.28
19:19:15     all    3.42    0.00    6.58    0.00    0.00    4.47    0.00    0.00    0.00   85.53
19:19:16     all    3.66    0.00    6.02    0.00    0.00    4.19    0.00    0.00    0.00   86.13
19:19:17     all    3.19    0.00    5.85    0.00    0.00    4.26    0.00    0.00    0.00   86.70
19:19:18     all    3.45    0.00    5.57    0.00    0.00    3.98    0.00    0.00    0.00   87.00
19:19:19     all    3.66    0.00    6.27    0.00    0.00    4.70    0.00    0.00    0.00   85.38
19:19:20     all    3.91    0.00    6.51    0.00    0.00    4.43    0.00    0.00    0.00   85.16
19:19:21     all    3.92    0.00    6.01    0.00    0.00    4.96    0.00    0.00    0.00   85.12
19:19:22     all    3.15    0.00    6.04    0.00    0.00    4.72    0.26    0.00    0.00   85.83
19:19:23     all    2.92    0.00    5.84    0.00    0.00    4.77    0.00    0.00    0.00   86.47
19:19:24     all    3.39    0.00    6.53    0.00    0.00    4.44    0.00    0.00    0.00   85.64
19:19:25     all    3.95    0.00    5.79    0.00    0.00    4.47    0.00    0.00    0.00   85.79
19:19:26     all    3.93    0.00    6.28    0.00    0.00    4.19    0.00    0.00    0.00   85.60
19:19:27     all    3.15    0.00    6.30    0.00    0.00    4.20    0.52    0.00    0.00   85.83
19:19:28     all    3.42    0.00    6.32    0.00    0.00    3.95    0.00    0.00    0.00   86.32
19:19:29     all    3.43    0.00    6.33    0.00    0.00    3.96    0.00    0.00    0.00   86.28
19:19:30     all    3.18    0.00    5.31    0.00    0.00    4.51    0.00    0.00    0.00   87.00
19:19:31     all    3.66    0.00    5.48    0.00    0.00    5.22    0.00    0.00    0.00   85.64
19:19:32     all    3.43    0.00    5.28    0.00    0.00    4.75    0.00    0.00    0.00   86.54
19:19:33     all    3.72    0.00    5.05    0.00    0.00    4.52    0.00    0.00    0.00   86.70
19:19:34     all    3.17    0.00    5.29    0.00    0.00    5.03    0.00    0.00    0.00   86.51
19:19:35     all    3.72    0.00    5.85    0.00    0.00    3.72    0.00    0.00    0.00   86.70
19:19:36     all    3.17    0.00    5.03    0.00    0.00    4.76    0.26    0.00    0.00   86.77
19:19:37     all    2.65    0.00    6.35    0.00    0.00    4.23    0.00    0.00    0.00   86.77
19:19:38     all    2.93    0.00    5.85    0.00    0.00    4.26    0.00    0.00    0.00   86.97
19:19:39     all    3.19    0.00    5.32    0.00    0.00    4.52    0.00    0.00    0.00   86.97
19:19:40     all    3.90    0.00    6.23    0.00    0.00    4.94    0.00    0.00    0.00   84.94
19:19:41     all    2.93    0.00    5.32    0.00    0.00    4.26    0.00    0.00    0.00   87.50
19:19:42     all    0.50    0.00    1.24    0.00    0.00    0.00    0.00    0.00    0.00   98.26
19:19:43     all    1.56    0.00    2.60    0.00    0.00    2.08    0.00    0.00    0.00   93.77
19:19:44     all    2.31    0.00    2.57    0.00    0.00    3.08    0.00    0.00    0.00   92.03
19:19:45     all    1.79    0.00    3.08    0.00    0.00    3.08    0.00    0.00    0.00   92.05
19:19:46     all    1.31    0.00    2.36    0.00    0.00    2.88    0.00    0.00    0.00   93.46
19:19:47     all    1.81    0.00    2.84    0.00    0.00    2.58    0.00    0.00    0.00   92.76
19:19:48     all    1.29    0.00    3.36    0.00    0.00    2.58    0.00    0.00    0.00   92.76
19:19:49     all    1.82    0.00    2.34    0.00    0.00    3.38    0.00    0.00    0.00   92.47
19:19:50     all    1.84    0.00    2.36    0.00    0.00    2.36    0.00    0.00    0.00   93.44
19:19:51     all    1.55    0.00    2.84    0.00    0.00    3.35    0.00    0.00    0.00   92.27
19:19:52     all    2.33    0.00    2.59    0.00    0.00    2.33    0.00    0.00    0.00   92.75
19:19:53     all    1.30    0.00    2.86    0.00    0.00    2.60    0.00    0.00    0.00   93.23
19:19:54     all    1.57    0.00    2.36    0.00    0.00    2.62    0.00    0.00    0.00   93.46
19:19:55     all    1.56    0.00    3.12    0.00    0.00    2.60    0.00    0.00    0.00   92.71
19:19:56     all    1.81    0.00    2.85    0.00    0.00    2.85    0.00    0.00    0.00   92.49
19:19:57     all    1.55    0.00    3.11    0.00    0.00    2.85    0.00    0.00    0.00   92.49
19:19:58     all    1.83    0.00    2.35    0.00    0.00    2.61    0.00    0.00    0.00   93.21
19:19:59     all    2.08    0.00    2.86    0.00    0.00    2.34    0.00    0.00    0.00   92.73
19:20:00     all    1.57    0.00    2.35    0.00    0.00    2.61    0.00    0.00    0.00   93.47
19:20:01     all    2.07    0.00    3.10    0.00    0.00    2.84    0.00    0.00    0.00   91.99
19:20:02     all    1.55    0.00    3.10    0.00    0.00    3.10    0.26    0.00    0.00   91.99
19:20:03     all    2.08    0.00    2.34    0.00    0.00    2.34    0.00    0.00    0.00   93.23
19:20:04     all    2.32    0.00    3.09    0.00    0.00    2.84    0.00    0.00    0.00   91.75
19:20:05     all    1.56    0.00    2.60    0.00    0.00    2.60    0.00    0.00    0.00   93.25
19:20:06     all    1.57    0.00    2.62    0.26    0.00    2.36    0.00    0.00    0.00   93.19
19:20:07     all    1.56    0.00    2.34    0.00    0.00    2.60    0.00    0.00    0.00   93.49
19:20:08     all    1.82    0.00    2.34    0.00    0.00    2.60    0.26    0.00    0.00   92.97
19:20:09     all    2.07    0.00    3.63    0.00    0.00    2.07    0.00    0.00    0.00   92.23
19:20:10     all    1.57    0.00    2.61    0.00    0.00    2.35    0.26    0.00    0.00   93.21
19:20:11     all    1.82    0.00    2.86    0.00    0.00    2.08    0.26    0.00    0.00   92.99
19:20:12     all    3.43    0.00    5.80    0.00    0.00    1.06    0.00    0.00    0.00   89.71
19:20:13     all    4.88    0.00    5.69    0.00    0.00    3.52    0.00    0.00    0.00   85.91
19:20:14     all    4.64    0.00    5.46    0.82    0.00    3.28    0.00    0.00    0.00   85.79
19:20:15     all    4.86    0.00    5.41    0.00    0.00    3.78    0.00    0.00    0.00   85.95
19:20:16     all    4.90    0.00    5.72    0.00    0.00    3.00    0.00    0.00    0.00   86.38
19:20:17     all    4.83    0.00    6.17    0.00    0.00    3.49    0.00    0.00    0.00   85.52
19:20:18     all    4.59    0.00    6.49    0.00    0.00    2.97    0.00    0.00    0.00   85.95
19:20:19     all    4.89    0.00    5.71    0.00    0.00    3.26    0.00    0.00    0.00   86.14
19:20:20     all    5.85    0.00    6.12    0.00    0.00    3.19    0.00    0.00    0.00   84.84
19:20:21     all    4.88    0.00    5.96    0.00    0.00    3.52    0.00    0.00    0.00   85.64
19:20:22     all    5.32    0.00    6.38    0.00    0.00    3.72    0.00    0.00    0.00   84.57
19:20:23     all    5.38    0.00    5.65    0.00    0.00    3.49    0.00    0.00    0.00   85.48
19:20:24     all    5.05    0.00    6.38    0.00    0.00    3.72    0.00    0.00    0.00   84.84
19:20:25     all    5.33    0.00    6.13    0.00    0.00    3.73    0.00    0.00    0.00   84.80
19:20:26     all    5.07    0.00    6.67    0.00    0.00    3.20    0.27    0.00    0.00   84.80
19:20:27     all    5.88    0.00    5.35    0.00    0.00    3.74    0.00    0.00    0.00   85.03
19:20:28     all    5.87    0.00    5.87    0.00    0.00    3.47    0.00    0.00    0.00   84.80
19:20:29     all    6.10    0.00    5.84    0.00    0.00    3.45    0.00    0.00    0.00   84.62
19:20:30     all    5.07    0.00    6.40    0.00    0.00    3.47    0.00    0.00    0.00   85.07
19:20:31     all    5.80    0.00    6.60    0.00    0.00    3.69    0.00    0.00    0.00   83.91
19:20:32     all    6.35    0.00    6.35    0.00    0.00    3.70    0.00    0.00    0.00   83.60
19:20:33     all    5.84    0.00    6.63    0.00    0.00    3.18    0.00    0.00    0.00   84.35
19:20:34     all    5.80    0.00    6.86    0.00    0.00    3.43    0.00    0.00    0.00   83.91
19:20:35     all    5.82    0.00    6.61    0.00    0.00    3.44    0.00    0.00    0.00   84.13
19:20:36     all    5.76    0.00    7.33    0.00    0.00    3.66    0.00    0.00    0.00   83.25
19:20:37     all    6.30    0.00    7.09    0.00    0.00    3.67    0.00    0.00    0.00   82.94
19:20:38     all    5.57    0.00    6.63    0.00    0.00    3.18    0.00    0.00    0.00   84.62
19:20:39     all    6.25    0.00    6.77    0.00    0.00    3.91    0.00    0.00    0.00   83.07
19:20:40     all    6.10    0.00    6.63    0.00    0.00    3.18    0.00    0.00    0.00   84.08
19:20:41     all    5.80    0.00    7.12    0.00    0.00    3.43    0.00    0.00    0.00   83.64
19:20:42     all    6.68    0.00    8.74    0.00    0.00    4.37    0.00    0.00    0.00   80.21
19:20:43     all    5.73    0.00   11.46    0.00    0.00    6.51    0.00    0.00    0.00   76.30
19:20:44     all    5.34    0.00   13.74    0.00    0.00    6.87    0.00    0.00    0.00   74.05
19:20:45     all    5.32    0.00   13.42    0.00    0.00    7.34    0.00    0.00    0.00   73.92
19:20:46     all    5.41    0.00   13.14    0.00    0.00    5.93    0.00    0.00    0.00   75.52
19:20:47     all    5.10    0.00   13.27    0.00    0.00    7.40    0.00    0.00    0.00   74.23
19:20:48     all    4.82    0.00   13.45    0.00    0.00    7.87    0.00    0.00    0.00   73.86
19:20:49     all    5.99    0.00   13.97    0.00    0.00    7.23    0.00    0.00    0.00   72.82
19:20:50     all    4.86    0.00   12.02    0.00    0.00    9.21    0.00    0.00    0.00   73.91
19:20:51     all    6.09    0.00   12.18    0.00    0.00    9.14    0.00    0.00    0.00   72.59
19:20:52     all    5.26    0.00   13.53    0.00    0.00    8.02    0.00    0.00    0.00   73.18
19:20:53     all    4.81    0.00   13.42    0.00    0.00    8.10    0.00    0.00    0.00   73.67
19:20:54     all    5.54    0.00   13.35    0.00    0.00    8.31    0.00    0.00    0.00   72.80
19:20:55     all    6.06    0.00   12.63    0.00    0.00    8.08    0.00    0.00    0.00   73.23
19:20:56     all    5.26    0.00   13.53    0.00    0.00    8.52    0.00    0.00    0.00   72.68
19:20:57     all    5.88    0.00   12.02    0.00    0.00    8.18    0.00    0.00    0.00   73.91
19:20:58     all    5.64    0.00   12.31    0.00    0.00    8.21    0.00    0.00    0.00   73.85
19:20:59     all    5.56    0.00   12.37    0.00    0.00    9.09    0.00    0.00    0.00   72.98
19:21:00     all    5.49    0.00   13.47    0.00    0.00    8.98    0.00    0.00    0.00   72.07
19:21:01     all    5.33    0.00   12.94    0.00    0.00    8.12    0.00    0.00    0.00   73.60
19:21:02     all    5.56    0.00   12.63    0.00    0.00    9.34    0.00    0.00    0.00   72.47
19:21:03     all    5.85    0.00   11.70    0.00    0.00    9.16    0.00    0.00    0.00   73.28
19:21:04     all    5.82    0.00   11.90    0.00    0.00    8.61    0.00    0.00    0.00   73.67
19:21:05     all    5.53    0.00   12.31    0.00    0.00    9.30    0.25    0.00    0.00   72.61
19:21:06     all    5.29    0.00   12.85    0.00    0.00    8.82    0.00    0.00    0.00   73.05
19:21:07     all    5.49    0.00   13.22    0.00    0.00    8.98    0.00    0.00    0.00   72.32
19:21:08     all    4.31    0.00   12.94    0.00    0.00    8.88    0.00    0.00    0.00   73.86
19:21:09     all    4.81    0.00   13.42    0.00    0.00    8.86    0.00    0.00    0.00   72.91
19:21:10     all    5.32    0.00   13.42    0.00    0.00    8.35    0.00    0.00    0.00   72.91
19:21:11     all    5.57    0.00   12.66    0.00    0.00    8.10    0.00    0.00    0.00   73.67
19:21:12     all    5.40    0.00   10.80    0.00    0.00    6.94    0.00    0.00    0.00   76.86
19:21:13     all    5.09    0.00   12.72    0.00    0.00    7.63    0.00    0.00    0.00   74.55
19:21:14     all    5.56    0.00   12.37    0.00    0.00    8.33    0.00    0.00    0.00   73.74
19:21:15     all    5.61    0.00   12.50    0.00    0.00    7.40    0.00    0.00    0.00   74.49
19:21:16     all    5.79    0.00   13.35    0.00    0.00    7.30    0.00    0.00    0.00   73.55
19:21:17     all    4.62    0.00   12.82    0.00    0.00    7.95    0.26    0.00    0.00   74.36
19:21:18     all    5.58    0.00   12.44    0.00    0.00    7.61    0.00    0.00    0.00   74.37
19:21:19     all    5.61    0.00   12.50    0.00    0.00    7.40    0.00    0.00    0.00   74.49
19:21:20     all    6.12    0.00   12.24    0.00    0.00    7.65    0.00    0.00    0.00   73.98
19:21:21     all    5.09    0.00   12.21    0.00    0.00    7.89    0.00    0.00    0.00   74.81
19:21:22     all    4.87    0.00   12.31    0.00    0.00    8.21    0.00    0.00    0.00   74.62
19:21:23     all    5.87    0.00   12.50    0.00    0.00    7.14    0.00    0.00    0.00   74.49
19:21:24     all    5.37    0.00   13.04    0.00    0.00    7.42    0.00    0.00    0.00   74.17
19:21:25     all    5.30    0.00   12.37    0.00    0.00    8.84    0.00    0.00    0.00   73.48
19:21:26     all    5.61    0.00   11.22    0.00    0.00    8.67    0.00    0.00    0.00   74.49
19:21:27     all    4.96    0.00   11.75    0.00    0.00    8.09    0.00    0.00    0.00   75.20
19:21:28     all    5.38    0.00   12.56    0.00    0.00    7.44    0.00    0.00    0.00   74.62
19:21:29     all    5.14    0.00   12.34    0.00    0.00    8.23    0.00    0.00    0.00   74.29
19:21:30     all    5.33    0.00   12.69    0.00    0.00    8.12    0.00    0.00    0.00   73.86
19:21:31     all    4.88    0.00   12.34    0.00    0.00    8.48    0.00    0.00    0.00   74.29
19:21:32     all    4.86    0.00   11.76    0.00    0.00    9.21    0.00    0.00    0.00   74.17
19:21:33     all    4.83    0.00   12.72    0.00    0.00    8.65    0.00    0.00    0.00   73.79
19:21:34     all    5.14    0.00   12.34    0.00    0.00    8.23    0.00    0.00    0.00   74.29
19:21:35     all    4.90    0.00   12.11    0.00    0.00    8.25    0.00    0.00    0.00   74.74
19:21:36     all    5.33    0.00   13.71    0.00    0.00    7.61    0.00    0.00    0.00   73.35
19:21:37     all    5.33    0.00   12.94    0.00    0.00    8.63    0.25    0.00    0.00   72.84
19:21:38     all    5.58    0.00   12.18    0.00    0.00    8.88    0.00    0.00    0.00   73.35
19:21:39     all    5.87    0.00   11.73    0.00    0.00    8.16    0.00    0.00    0.00   74.23
19:21:40     all    4.39    0.00   13.70    0.00    0.00    7.75    0.00    0.00    0.00   74.16
19:21:41     all    5.36    0.00   12.24    0.00    0.00    8.42    0.00    0.00    0.00   73.98
19:21:42     all    5.95    0.00   11.89    0.00    0.00    2.70    0.00    0.00    0.00   79.46
19:21:43     all    5.00    0.00   13.42    0.00    0.00    5.53    0.00    0.00    0.00   76.05
19:21:44     all    6.22    0.00   11.92    0.00    0.00    7.51    0.00    0.00    0.00   74.35
19:21:45     all    4.92    0.00   12.69    0.00    0.00    7.77    0.00    0.00    0.00   74.61
19:21:46     all    4.42    0.00   12.73    0.00    0.00    7.27    0.00    0.00    0.00   75.58
19:21:47     all    4.99    0.00   12.34    0.00    0.00    7.35    0.00    0.00    0.00   75.33
19:21:48     all    5.88    0.00   12.79    0.00    0.00    7.16    0.00    0.00    0.00   74.17
19:21:49     all    5.87    0.00   12.50    0.00    0.00    7.91    0.26    0.00    0.00   73.47
19:21:50     all    5.63    0.00   12.28    0.00    0.00    7.67    0.26    0.00    0.00   74.17
19:21:51     all    5.13    0.00   12.82    0.00    0.00    7.69    0.00    0.00    0.00   74.36
19:21:52     all    5.58    0.00   12.69    0.00    0.00    7.87    0.25    0.00    0.00   73.60
19:21:53     all    5.40    0.00   12.08    0.00    0.00    7.97    0.00    0.00    0.00   74.55
19:21:54     all    5.08    0.00   12.69    0.00    0.00    7.87    0.00    0.00    0.00   74.37
19:21:55     all    5.37    0.00   11.51    0.00    0.00    8.95    0.00    0.00    0.00   74.17
19:21:56     all    5.04    0.00   12.85    0.00    0.00    9.32    0.00    0.00    0.00   72.80
19:21:57     all    5.18    0.00   12.18    0.00    0.00    8.29    0.00    0.00    0.00   74.35
19:21:58     all    5.34    0.00   12.72    0.00    0.00    8.40    0.00    0.00    0.00   73.54
19:21:59     all    4.90    0.00   13.40    0.00    0.00    7.22    0.00    0.00    0.00   74.48
19:22:00     all    5.28    0.00   12.56    0.00    0.00    9.05    0.00    0.00    0.00   73.12
19:22:01     all    5.34    0.00   12.47    0.00    0.00    8.14    0.00    0.00    0.00   74.05
19:22:02     all    5.29    0.00   12.85    0.25    0.00    8.56    0.00    0.00    0.00   73.05
19:22:03     all    5.29    0.00   12.59    0.00    0.00    8.31    0.00    0.00    0.00   73.80
19:22:04     all    5.17    0.00   11.89    0.00    0.00    8.27    0.00    0.00    0.00   74.68
19:22:05     all    5.24    0.00   12.22    0.00    0.00    7.98    0.00    0.00    0.00   74.56
19:22:06     all    5.33    0.00   11.93    0.00    0.00    8.63    0.00    0.00    0.00   74.11
19:22:07     all    5.08    0.00   11.93    0.00    0.00    8.88    0.00    0.00    0.00   74.11
19:22:08     all    5.63    0.00   11.00    0.00    0.00    8.95    0.00    0.00    0.00   74.42
19:22:09     all    5.54    0.00   12.34    0.00    0.00    9.07    0.00    0.00    0.00   73.05
19:22:10     all    4.65    0.00   12.92    0.00    0.00    7.75    0.00    0.00    0.00   74.68
19:22:11     all    4.81    0.00   13.42    0.00    0.00    8.35    0.00    0.00    0.00   73.42
19:22:12     all    5.59    0.00   12.23    0.00    0.00    3.46    0.00    0.00    0.00   78.72
19:22:13     all    5.29    0.00   11.90    0.00    0.00    5.82    0.00    0.00    0.00   76.98
19:22:14     all    4.94    0.00   13.77    0.00    0.00    6.23    0.00    0.00    0.00   75.06
19:22:15     all    5.48    0.00   12.27    0.00    0.00    7.31    0.00    0.00    0.00   74.93
19:22:16     all    5.41    0.00   13.40    0.00    0.00    6.96    0.00    0.00    0.00   74.23
19:22:17     all    5.71    0.00   12.47    0.00    0.00    6.75    0.00    0.00    0.00   75.06
19:22:18     all    5.40    0.00   12.85    0.00    0.00    7.97    0.00    0.00    0.00   73.78
19:22:19     all    5.99    0.00   12.24    0.00    0.00    7.03    0.00    0.00    0.00   74.74
19:22:20     all    5.96    0.00   13.73    0.00    0.00    6.99    0.00    0.00    0.00   73.32
19:22:21     all    5.29    0.00   12.70    0.00    0.00    7.67    0.26    0.00    0.00   74.07
19:22:22     all    4.68    0.00   15.32    0.00    0.00    8.05    0.00    0.00    0.00   71.95
19:22:23     all    5.56    0.00   12.28    1.17    0.00    7.60    0.00    0.00    0.00   73.39
19:22:24     all    5.70    0.00   15.03    0.00    0.00    7.25    0.00    0.00    0.00   72.02
19:22:25     all    5.40    0.00   14.65    0.00    0.00    8.48    0.00    0.00    0.00   71.47
19:22:26     all    5.94    0.00   13.95    0.00    0.00    8.01    0.00    0.00    0.00   72.09
19:22:27     all    5.88    0.00   14.83    0.00    0.00    8.44    0.00    0.00    0.00   70.84
19:22:28     all    5.73    0.00   14.32    1.30    0.00    7.81    0.00    0.00    0.00   70.83
19:22:29     all    5.12    0.00   13.55    0.00    0.00    9.21    0.00    0.00    0.00   72.12
19:22:30     all    5.34    0.00   12.98    0.00    0.00    7.89    0.00    0.00    0.00   73.79
19:22:31     all    5.61    0.00   12.50    0.00    0.00    7.91    0.00    0.00    0.00   73.98
19:22:32     all    5.40    0.00   12.85    0.00    0.00    7.20    0.26    0.00    0.00   74.29
19:22:33     all    5.41    0.00   12.11    0.00    0.00    7.22    0.00    0.00    0.00   75.26
19:22:34     all    5.17    0.00   12.40    0.00    0.00    7.75    0.26    0.00    0.00   74.42
19:22:35     all    5.17    0.00   12.40    0.00    0.00    7.49    0.00    0.00    0.00   74.94
19:22:36     all    5.18    0.00   12.69    0.00    0.00    7.77    0.00    0.00    0.00   74.35
19:22:37     all    5.71    0.00   12.73    0.00    0.00    7.27    0.00    0.00    0.00   74.29
19:22:38     all    5.61    0.00   13.01    0.00    0.00    7.40    0.00    0.00    0.00   73.98
19:22:39     all    4.88    0.00   12.34    0.00    0.00    8.48    0.00    0.00    0.00   74.29
19:22:40     all    5.17    0.00   12.40    0.00    0.00    7.75    0.00    0.00    0.00   74.68
19:22:41     all    4.91    0.00   12.66    0.00    0.00    7.49    0.00    0.00    0.00   74.94
19:22:42     all    6.35    0.00   11.93    0.00    0.00    7.87    0.00    0.00    0.00   73.86
19:22:43     all    4.83    0.00   13.23    0.00    0.00    8.65    0.00    0.00    0.00   73.28
19:22:44     all    5.10    0.00   12.50    0.00    0.00    8.42    0.00    0.00    0.00   73.98
19:22:45     all    5.66    0.00   12.60    0.00    0.00    7.46    0.00    0.00    0.00   74.29
19:22:46     all    4.87    0.00   12.05    0.00    0.00    8.72    0.00    0.00    0.00   74.36
19:22:47     all    4.88    0.00   11.57    0.00    0.00    8.48    0.00    0.00    0.00   75.06
19:22:48     all    5.61    0.00   12.76    0.00    0.00    7.14    0.00    0.00    0.00   74.49
19:22:49     all    5.28    0.00   12.81    0.00    0.00    8.54    0.00    0.00    0.00   73.37
19:22:50     all    5.17    0.00   12.40    0.00    0.00    6.98    0.00    0.00    0.00   75.45
19:22:51     all    5.12    0.00   13.04    0.00    0.00    8.18    0.00    0.00    0.00   73.66
19:22:52     all    4.86    0.00   12.79    0.00    0.00    8.44    0.00    0.00    0.00   73.91
19:22:53     all    5.12    0.00   13.04    0.00    0.00    7.16    0.00    0.00    0.00   74.68
19:22:54     all    4.82    0.00   12.94    0.00    0.00    8.12    0.00    0.00    0.00   74.11
19:22:55     all    5.13    0.00   12.05    0.00    0.00    8.21    0.00    0.00    0.00   74.62
19:22:56     all    5.58    0.00   12.69    0.00    0.00    7.61    0.00    0.00    0.00   74.11
19:22:57     all    5.12    0.00   12.53    0.00    0.00    8.18    0.00    0.00    0.00   74.17
19:22:58     all    4.91    0.00   12.66    0.00    0.00    7.75    0.00    0.00    0.00   74.68
19:22:59     all    5.36    0.00   12.24    0.00    0.00    8.67    0.00    0.00    0.00   73.72
19:23:00     all    4.87    0.00   12.05    0.00    0.00    8.46    0.00    0.00    0.00   74.62
19:23:01     all    5.38    0.00   11.79    0.00    0.00    8.46    0.00    0.00    0.00   74.36
19:23:02     all    5.66    0.00   11.83    0.00    0.00    7.97    0.00    0.00    0.00   74.55
19:23:03     all    5.33    0.00   13.20    0.00    0.00    8.38    0.00    0.00    0.00   73.10
19:23:04     all    4.87    0.00   12.05    0.00    0.00    8.46    0.00    0.00    0.00   74.62
19:23:05     all    5.09    0.00   11.70    0.00    0.00    9.41    0.00    0.00    0.00   73.79
19:23:06     all    5.38    0.00   11.54    0.00    0.00    7.95    0.00    0.00    0.00   75.13
19:23:07     all    5.56    0.00   12.63    0.00    0.00    7.58    0.25    0.00    0.00   73.99
19:23:08     all    4.88    0.00   12.85    0.00    0.00    7.46    0.00    0.00    0.00   74.81
19:23:09     all    5.78    0.00   12.06    0.00    0.00    8.79    0.00    0.00    0.00   73.37
19:23:10     all    5.58    0.00   12.44    0.00    0.00    7.36    0.25    0.00    0.00   74.37
19:23:11     all    5.81    0.00   12.12    0.00    0.00    8.33    0.00    0.00    0.00   73.74
19:23:12     all    2.28    0.00    4.57    0.00    0.00    2.54    0.00    0.00    0.00   90.61
19:23:13     all    1.76    0.00    2.76    0.00    0.00    2.01    0.00    0.00    0.00   93.47
19:23:14     all    2.30    0.00    2.81    0.00    0.00    3.57    0.00    0.00    0.00   91.33
19:23:15     all    2.06    0.00    3.34    0.00    0.00    3.08    0.00    0.00    0.00   91.52
19:23:16     all    2.55    0.00    3.06    0.00    0.00    3.06    0.00    0.00    0.00   91.33
19:23:17     all    2.28    0.00    3.30    0.00    0.00    3.55    0.00    0.00    0.00   90.86
19:23:18     all    2.28    0.00    3.30    0.00    0.00    3.30    0.00    0.00    0.00   91.12
19:23:19     all    2.54    0.00    3.05    0.00    0.00    4.06    0.00    0.00    0.00   90.36
19:23:20     all    2.56    0.00    3.32    0.00    0.00    2.56    0.00    0.00    0.00   91.56
19:23:21     all    2.29    0.00    2.80    0.00    0.00    3.82    0.00    0.00    0.00   91.09
19:23:22     all    2.31    0.00    3.60    0.00    0.00    2.83    0.00    0.00    0.00   91.26
19:23:23     all    3.08    0.00    2.82    0.00    0.00    2.56    0.00    0.00    0.00   91.54
19:23:24     all    2.54    0.00    3.55    0.00    0.00    3.30    0.00    0.00    0.00   90.61
19:23:25     all    2.78    0.00    3.28    0.00    0.00    3.54    0.00    0.00    0.00   90.40
19:23:26     all    1.80    0.00    2.84    0.00    0.00    3.09    0.00    0.00    0.00   92.27
19:23:27     all    2.05    0.00    2.82    0.00    0.00    3.33    0.00    0.00    0.00   91.79
19:23:28     all    2.78    0.00    3.29    0.00    0.00    3.29    0.00    0.00    0.00   90.63
19:23:29     all    2.04    0.00    3.82    0.00    0.00    3.56    0.00    0.00    0.00   90.59
19:23:30     all    2.30    0.00    3.07    0.00    0.00    3.32    0.00    0.00    0.00   91.30
19:23:31     all    2.77    0.00    3.27    0.00    0.00    3.78    0.00    0.00    0.00   90.18
19:23:32     all    2.29    0.00    3.31    0.00    0.00    3.56    0.00    0.00    0.00   90.84
19:23:33     all    2.80    0.00    3.05    0.00    0.00    3.05    0.00    0.00    0.00   91.09
19:23:34     all    2.30    0.00    3.07    0.00    0.00    3.58    0.00    0.00    0.00   91.05
19:23:35     all    2.06    0.00    3.08    0.00    0.00    3.60    0.00    0.00    0.00   91.26
19:23:36     all    2.80    0.00    3.05    0.00    0.00    3.31    0.00    0.00    0.00   90.84
19:23:37     all    2.04    0.00    3.57    0.00    0.00    3.32    0.00    0.00    0.00   91.07
19:23:38     all    2.57    0.00    2.83    0.00    0.00    3.34    0.00    0.00    0.00   91.26
19:23:39     all    2.76    0.00    3.76    0.00    0.00    3.51    0.25    0.00    0.00   89.72
19:23:40     all    2.30    0.00    2.81    0.00    0.00    3.58    0.26    0.00    0.00   91.05
19:23:41     all    2.78    0.00    3.29    0.00    0.00    3.29    0.00    0.00    0.00   90.63
19:23:42     all    1.26    0.00    2.02    0.00    0.00    1.77    0.00    0.00    0.00   94.95
19:23:43     all    3.54    0.00    2.53    0.00    0.00    2.53    0.00    0.00    0.00   91.39
19:23:44     all    5.45    0.00    5.19    0.00    0.00    5.97    0.26    0.00    0.00   83.12
19:23:45     all    4.49    0.00    5.80    0.00    0.00    5.80    0.00    0.00    0.00   83.91
19:23:46     all    4.65    0.00    6.46    0.00    0.00    6.72    0.00    0.00    0.00   82.17
19:23:47     all    4.05    0.00    5.95    0.00    0.00    4.32    0.00    0.00    0.00   85.68
19:23:48     all    4.21    0.00    6.58    0.00    0.00    6.05    0.00    0.00    0.00   83.16
19:23:49     all    5.68    0.00    6.72    0.00    0.00    6.72    0.00    0.00    0.00   80.88
19:23:50     all    5.13    0.00    6.92    0.00    0.00    6.92    0.00    0.00    0.00   81.03
19:23:51     all    4.21    0.00    6.05    0.00    0.00    6.32    0.00    0.00    0.00   83.42
19:23:52     all    4.69    0.00    6.25    0.00    0.00    6.25    0.00    0.00    0.00   82.81
19:23:53     all    4.95    0.00    6.77    0.00    0.00    5.99    0.00    0.00    0.00   82.29
19:23:54     all    3.71    0.00    6.90    0.27    0.00    5.04    0.00    0.00    0.00   84.08
19:23:55     all    4.99    0.00    6.30    0.00    0.00    5.77    0.00    0.00    0.00   82.94
19:23:56     all    4.92    0.00    5.70    0.00    0.00    6.74    0.26    0.00    0.00   82.38
19:23:57     all    4.96    0.00    6.53    0.00    0.00    6.27    0.00    0.00    0.00   82.25
19:23:58     all    4.18    0.00    6.79    0.00    0.00    7.05    0.00    0.00    0.00   81.98
19:23:59     all    4.68    0.00    6.49    0.00    0.00    5.97    0.00    0.00    0.00   82.86
19:24:00     all    4.44    0.00    6.27    0.00    0.00    6.53    0.00    0.00    0.00   82.77
19:24:01     all    4.71    0.00    6.28    0.00    0.00    5.76    0.00    0.00    0.00   83.25
19:24:02     all    4.47    0.00    5.79    0.00    0.00    6.58    0.00    0.00    0.00   83.16
19:24:03     all    3.66    0.00    6.81    0.00    0.00    6.28    0.00    0.00    0.00   83.25
19:24:04     all    4.44    0.00    6.27    0.00    0.00    6.27    0.00    0.00    0.00   83.03
19:24:05     all    4.17    0.00    6.51    0.00    0.00    5.99    0.00    0.00    0.00   83.33
19:24:06     all    4.16    0.00    6.75    0.00    0.00    6.75    0.00    0.00    0.00   82.34
19:24:07     all    4.40    0.00    6.22    0.00    0.00    7.25    0.00    0.00    0.00   82.12
19:24:08     all    4.83    0.00    6.17    0.00    0.00    4.56    0.00    0.00    0.00   84.45
19:24:09     all    5.38    0.00    5.90    0.00    0.00    6.67    0.00    0.00    0.00   82.05
19:24:10     all    4.19    0.00    6.81    0.00    0.00    6.28    0.00    0.00    0.00   82.72
19:24:11     all    4.20    0.00    6.04    0.00    0.00    5.77    0.26    0.00    0.00   83.73
19:24:12     all    2.55    0.00    4.08    0.00    0.00    3.57    0.00    0.00    0.00   89.80
19:24:13     all    6.03    0.00    2.01    0.00    0.00    2.01    0.00    0.00    0.00   89.95
19:24:14     all   17.28    0.00    5.24    0.00    0.00    4.97    0.00    0.00    0.00   72.51
19:24:15     all   19.11    0.00    7.59    0.00    0.00    7.33    0.00    0.00    0.00   65.97
19:24:16     all   14.77    0.00   10.62    0.00    0.00    8.81    0.00    0.00    0.00   65.80
19:24:17     all    5.85    0.00   12.72    0.00    0.00    9.41    0.00    0.00    0.00   72.01
19:24:18     all    5.14    0.00   11.05    0.00    0.00    9.51    0.00    0.00    0.00   74.29
19:24:19     all    5.33    0.00   11.42    0.00    0.00    9.64    0.00    0.00    0.00   73.60
19:24:20     all    4.62    0.00   12.82    0.00    0.00    8.46    0.00    0.00    0.00   74.10
19:24:21     all    4.83    0.00   12.21    0.00    0.00    9.92    0.00    0.00    0.00   73.03
19:24:22     all    5.63    0.00   11.25    0.00    0.00    9.46    0.26    0.00    0.00   73.40
19:24:23     all    4.06    0.00   12.44    0.00    0.00   10.66    0.00    0.00    0.00   72.84
19:24:24     all    5.10    0.00   12.24    1.02    0.00   10.46    0.00    0.00    0.00   71.17
19:24:25     all    4.82    0.00   11.93    0.00    0.00   10.66    0.00    0.00    0.00   72.59
19:24:26     all    5.30    0.00   13.64    0.00    0.00    9.85    0.00    0.00    0.00   71.21
19:24:27     all    4.83    0.00   12.47    0.00    0.00   10.18    0.00    0.00    0.00   72.52
19:24:28     all    5.15    0.00   12.11    0.00    0.00    9.79    0.00    0.00    0.00   72.94
19:24:29     all    5.13    0.00   11.79    0.00    0.00    9.49    0.00    0.00    0.00   73.59
19:24:30     all    5.26    0.00   12.53    0.00    0.00   10.03    0.00    0.00    0.00   72.18
19:24:31     all    5.61    0.00   13.37    0.00    0.00    5.61    0.00    0.00    0.00   75.40
19:24:32     all    4.36    0.00   12.56    0.00    0.00    9.74    0.00    0.00    0.00   73.33
19:24:33     all    4.60    0.00   11.76    0.00    0.00   10.49    0.00    0.00    0.00   73.15
19:24:34     all    5.56    0.00   12.70    0.00    0.00    6.35    0.26    0.00    0.00   75.13
19:24:35     all    5.12    0.00   11.76    0.00    0.00   10.49    0.00    0.00    0.00   72.63
19:24:36     all    5.66    0.00   11.83    0.00    0.00   10.03    0.00    0.00    0.00   72.49
19:24:37     all    4.92    0.00   12.18    0.00    0.00    9.59    0.00    0.00    0.00   73.32
19:24:38     all    4.63    0.00   11.31    0.00    0.00   10.80    0.00    0.00    0.00   73.26
19:24:39     all    4.91    0.00   11.63    0.00    0.00    9.04    0.00    0.00    0.00   74.42
19:24:40     all    5.32    0.00   14.01    0.00    0.00    1.40    0.00    0.00    0.00   79.27
19:24:41     all    5.17    0.00   12.66    0.00    0.00    8.53    0.00    0.00    0.00   73.64
19:24:42     all    3.06    0.00    8.67    0.00    0.00    5.61    0.00    0.00    0.00   82.65
19:24:43     all    7.58    0.00    1.77    0.00    0.00    1.52    0.00    0.00    0.00   89.14
19:24:44     all   30.91    0.00    5.19    0.00    0.00    5.97    0.78    0.00    0.00   57.14
19:24:45     all   41.15    0.00    6.51    0.00    0.00    7.03    0.00    0.00    0.00   45.31
19:24:46     all   43.18    0.00    9.85    0.00    0.00    9.34    0.00    0.00    0.00   37.63
19:24:47     all   40.20    0.00   11.96    0.00    0.00    9.41    0.00    0.00    0.00   38.42
19:24:48     all   36.83    0.00   11.00    0.00    0.00   10.23    0.26    0.00    0.00   41.69
19:24:49     all   30.69    0.00   11.00    0.00    0.00    9.97    0.00    0.00    0.00   48.34
19:24:50     all   23.41    0.00   11.70    0.00    0.00   10.69    0.00    0.00    0.00   54.20
19:24:51     all   15.50    0.00   11.63    0.00    0.00   10.59    0.00    0.00    0.00   62.27
19:24:52     all    7.11    0.00   12.18    0.00    0.00   10.15    0.00    0.00    0.00   70.56
19:24:53     all    5.34    0.00   11.45    0.00    0.00   10.69    0.00    0.00    0.00   72.52
19:24:54     all    5.24    0.00   12.57    0.26    0.00    7.33    0.00    0.00    0.00   74.61
19:24:55     all    5.38    0.00   11.54    0.00    0.00   10.26    0.00    0.00    0.00   72.82
19:24:56     all    5.13    0.00   12.31    0.00    0.00    8.97    0.00    0.00    0.00   73.59
19:24:57     all    5.41    0.00   12.63    0.00    0.00    9.02    0.00    0.00    0.00   72.94
19:24:58     all    5.28    0.00   12.14    0.00    0.00    7.39    0.00    0.00    0.00   75.20
19:24:59     all    4.63    0.00   13.11    0.00    0.00    9.00    0.00    0.00    0.00   73.26
19:25:00     all    4.69    0.00   12.24    0.00    0.00    8.33    0.00    0.00    0.00   74.74
19:25:01     all    5.63    0.00   11.25    0.00    0.00    9.97    0.00    0.00    0.00   73.15
19:25:02     all    5.37    0.00   12.53    0.00    0.00   10.49    0.26    0.00    0.00   71.36
19:25:03     all    5.13    0.00   13.08    0.00    0.00    9.74    0.00    0.00    0.00   72.05
19:25:04     all    5.38    0.00   12.05    0.00    0.00    9.23    0.00    0.00    0.00   73.33
19:25:05     all    4.87    0.00   12.05    0.00    0.00   10.77    0.00    0.00    0.00   72.31
19:25:06     all    5.66    0.00   11.83    0.00    0.00   10.54    0.00    0.00    0.00   71.98
19:25:07     all    5.29    0.00   12.85    0.00    0.00   10.58    0.00    0.00    0.00   71.28
19:25:08     all    5.12    0.00   12.28    0.00    0.00   10.74    0.00    0.00    0.00   71.87
19:25:09     all    5.13    0.00   12.31    0.00    0.00   10.26    0.00    0.00    0.00   72.31
19:25:10     all    5.58    0.00   13.71    0.00    0.00   10.41    0.00    0.00    0.00   70.30
19:25:11     all    5.18    0.00   12.95    0.00    0.00    8.81    0.00    0.00    0.00   73.06
