Running 30s test @ http://10.116.0.2:8080/json
  4 threads and 256 connections
  Thread calibration: mean lat.: 2080.355ms, rate sampling interval: 7897ms
  Thread calibration: mean lat.: 2114.637ms, rate sampling interval: 7979ms
  Thread calibration: mean lat.: 2384.653ms, rate sampling interval: 8486ms
  Thread calibration: mean lat.: 2168.732ms, rate sampling interval: 8232ms
  Thread Stats   Avg      Stdev     Max   +/- Stdev
    Latency     9.22s     2.96s   20.50s    64.85%
    Req/Sec     7.81k   233.79     8.01k    75.00%
  Latency Distribution (HdrHistogram - Recorded Latency)
 50.000%    9.10s 
 75.000%   11.35s 
 90.000%   13.07s 
 99.000%   16.56s 
 99.900%   18.76s 
 99.990%   19.99s 
 99.999%   20.43s 
100.000%   20.51s 

  Detailed Percentile spectrum:
       Value   Percentile   TotalCount 1/(1-Percentile)

    3839.999     0.000000            2         1.00
    5378.047     0.100000        61666         1.11
    6352.895     0.200000       123094         1.25
    7270.399     0.300000       184696         1.43
    8183.807     0.400000       246402         1.67
    9101.311     0.500000       307829         2.00
    9551.871     0.550000       338900         2.22
    9994.239     0.600000       369323         2.50
   10444.799     0.650000       400461         2.86
   10895.359     0.700000       430845         3.33
   11354.111     0.750000       461575         4.00
   11583.487     0.775000       476950         4.44
   11804.671     0.800000       492385         5.00
   12034.047     0.825000       508128         5.71
   12328.959     0.850000       523323         6.67
   12648.447     0.875000       538547         8.00
   12828.671     0.887500       546280         8.89
   13066.239     0.900000       553871        10.00
   13320.191     0.912500       561649        11.43
   13574.143     0.925000       569350        13.33
   13836.287     0.937500       577042        16.00
   14032.895     0.943750       580840        17.78
   14327.807     0.950000       584714        20.00
   14655.487     0.956250       588502        22.86
   14991.359     0.962500       592370        26.67
   15351.807     0.968750       596234        32.00
   15532.031     0.971875       598143        35.56
   15712.255     0.975000       600110        40.00
   15900.671     0.978125       601981        45.71
   16072.703     0.981250       603879        53.33
   16252.927     0.984375       605872        64.00
   16334.847     0.985938       606758        71.11
   16433.151     0.987500       607799        80.00
   16515.071     0.989062       608719        91.43
   16605.183     0.990625       609697       106.67
   16695.295     0.992188       610618       128.00
   16744.447     0.992969       611116       142.22
   16793.599     0.993750       611597       160.00
   16842.751     0.994531       612074       182.86
   16941.055     0.995313       612554       213.33
   17154.047     0.996094       613028       256.00
   17268.735     0.996484       613249       284.44
   17399.807     0.996875       613490       320.00
   17547.263     0.997266       613741       365.71
   17727.487     0.997656       613973       426.67
   17940.479     0.998047       614207       512.00
   18071.551     0.998242       614334       568.89
   18219.007     0.998437       614450       640.00
   18399.231     0.998633       614575       731.43
   18595.839     0.998828       614694       853.33
   18792.447     0.999023       614814      1024.00
   18890.751     0.999121       614876      1137.78
   18972.671     0.999219       614928      1280.00
   19070.975     0.999316       614987      1462.86
   19169.279     0.999414       615056      1706.67
   19267.583     0.999512       615111      2048.00
   19333.119     0.999561       615140      2275.56
   19398.655     0.999609       615170      2560.00
   19480.575     0.999658       615202      2925.71
   19546.111     0.999707       615229      3413.33
   19628.031     0.999756       615262      4096.00
   19677.183     0.999780       615275      4551.11
   19742.719     0.999805       615288      5120.00
   19808.255     0.999829       615305      5851.43
   19857.407     0.999854       615318      6826.67
   19939.327     0.999878       615336      8192.00
   19972.095     0.999890       615344      9102.22
   19988.479     0.999902       615347     10240.00
   20037.631     0.999915       615359     11702.86
   20054.015     0.999927       615364     13653.33
   20086.783     0.999939       615372     16384.00
   20103.167     0.999945       615375     18204.44
   20119.551     0.999951       615378     20480.00
   20152.319     0.999957       615382     23405.71
   20201.471     0.999963       615385     27306.67
   20267.007     0.999969       615389     32768.00
   20283.391     0.999973       615391     36408.89
   20299.775     0.999976       615392     40960.00
   20332.543     0.999979       615394     46811.43
   20365.311     0.999982       615396     54613.33
   20398.079     0.999985       615398     65536.00
   20414.463     0.999986       615399     72817.78
   20430.847     0.999988       615402     81920.00
   20430.847     0.999989       615402     93622.86
   20430.847     0.999991       615402    109226.67
   20447.231     0.999992       615403    131072.00
   20447.231     0.999993       615403    145635.56
   20463.615     0.999994       615404    163840.00
   20463.615     0.999995       615404    187245.71
   20479.999     0.999995       615405    218453.33
   20479.999     0.999996       615405    262144.00
   20479.999     0.999997       615405    291271.11
   20496.383     0.999997       615406    327680.00
   20496.383     0.999997       615406    374491.43
   20496.383     0.999998       615406    436906.67
   20496.383     0.999998       615406    524288.00
   20496.383     0.999998       615406    582542.22
   20512.767     0.999998       615407    655360.00
   20512.767     1.000000       615407          inf
#[Mean    =     9222.283, StdDeviation   =     2962.561]
#[Max     =    20496.384, Total count    =       615407]
#[Buckets =           27, SubBuckets     =         2048]
----------------------------------------------------------
  932767 requests in 30.00s, 175.24MB read
Requests/sec:  31092.70
Transfer/sec:      5.84MB
