Running 30s test @ http://10.116.0.2:8080/json
  4 threads and 256 connections
  Thread calibration: mean lat.: 3644.251ms, rate sampling interval: 13303ms
  Thread calibration: mean lat.: 3615.295ms, rate sampling interval: 13221ms
  Thread calibration: mean lat.: 3644.368ms, rate sampling interval: 13311ms
  Thread calibration: mean lat.: 3785.206ms, rate sampling interval: 13713ms
  Thread Stats   Avg      Stdev     Max   +/- Stdev
    Latency    14.72s     4.24s   25.76s    58.58%
    Req/Sec     7.73k   294.07     7.96k    75.00%
  Latency Distribution (HdrHistogram - Recorded Latency)
 50.000%   14.69s 
 75.000%   18.33s 
 90.000%   20.51s 
 99.000%   22.99s 
 99.900%   23.84s 
 99.990%   24.87s 
 99.999%   25.66s 
100.000%   25.77s 

  Detailed Percentile spectrum:
       Value   Percentile   TotalCount 1/(1-Percentile)

    7184.383     0.000000            2         1.00
    8904.703     0.100000        60869         1.11
   10354.687     0.200000       121823         1.25
   11804.671     0.300000       182531         1.43
   13238.271     0.400000       243073         1.67
   14688.255     0.500000       303810         2.00
   15417.343     0.550000       334261         2.22
   16146.431     0.600000       364718         2.50
   16875.519     0.650000       395260         2.86
   17596.415     0.700000       425313         3.33
   18333.695     0.750000       456081         4.00
   18694.143     0.775000       471234         4.44
   19054.591     0.800000       486355         5.00
   19415.039     0.825000       501559         5.71
   19775.487     0.850000       516594         6.67
   20135.935     0.875000       531672         8.00
   20316.159     0.887500       539237         8.89
   20512.767     0.900000       547462        10.00
   20692.991     0.912500       555044        11.43
   20873.215     0.925000       562626        13.33
   21053.439     0.937500       570211        16.00
   21135.359     0.943750       573431        17.78
   21233.663     0.950000       577463        20.00
   21331.967     0.956250       581412        22.86
   21446.655     0.962500       584917        26.67
   21594.111     0.968750       588840        32.00
   21757.951     0.971875       590602        35.56
   21938.175     0.975000       592418        40.00
   22151.167     0.978125       594421        45.71
   22364.159     0.981250       596274        53.33
   22577.151     0.984375       598151        64.00
   22691.839     0.985938       599138        71.11
   22806.527     0.987500       600107        80.00
   22921.215     0.989062       601055        91.43
   23035.903     0.990625       601979       106.67
   23150.591     0.992188       602893       128.00
   23216.127     0.992969       603396       142.22
   23281.663     0.993750       603911       160.00
   23330.815     0.994531       604290       182.86
   23396.351     0.995313       604787       213.33
   23461.887     0.996094       605278       256.00
   23494.655     0.996484       605523       284.44
   23527.423     0.996875       605774       320.00
   23560.191     0.997266       606016       365.71
   23592.959     0.997656       606262       426.67
   23625.727     0.998047       606488       512.00
   23642.111     0.998242       606587       568.89
   23658.495     0.998437       606675       640.00
   23691.263     0.998633       606820       731.43
   23740.415     0.998828       606880       853.33
   23855.103     0.999023       607014      1024.00
   23904.255     0.999121       607071      1137.78
   23953.407     0.999219       607121      1280.00
   24018.943     0.999316       607178      1462.86
   24084.479     0.999414       607238      1706.67
   24182.783     0.999512       607299      2048.00
   24248.319     0.999561       607327      2275.56
   24313.855     0.999609       607356      2560.00
   24379.391     0.999658       607384      2925.71
   24444.927     0.999707       607413      3413.33
   24526.847     0.999756       607444      4096.00
   24559.615     0.999780       607457      4551.11
   24608.767     0.999805       607475      5120.00
   24657.919     0.999829       607489      5851.43
   24707.071     0.999854       607502      6826.67
   24805.375     0.999878       607518      8192.00
   24838.143     0.999890       607525      9102.22
   24887.295     0.999902       607531     10240.00
   24920.063     0.999915       607538     11702.86
   24969.215     0.999927       607545     13653.33
   25100.287     0.999939       607552     16384.00
   25165.823     0.999945       607556     18204.44
   25247.743     0.999951       607560     20480.00
   25313.279     0.999957       607564     23405.71
   25362.431     0.999963       607567     27306.67
   25444.351     0.999969       607571     32768.00
   25477.119     0.999973       607573     36408.89
   25509.887     0.999976       607575     40960.00
   25542.655     0.999979       607577     46811.43
   25559.039     0.999982       607578     54613.33
   25608.191     0.999985       607580     65536.00
   25624.575     0.999986       607581     72817.78
   25640.959     0.999988       607582     81920.00
   25657.343     0.999989       607583     93622.86
   25673.727     0.999991       607584    109226.67
   25690.111     0.999992       607585    131072.00
   25690.111     0.999993       607585    145635.56
   25706.495     0.999994       607586    163840.00
   25706.495     0.999995       607586    187245.71
   25722.879     0.999995       607587    218453.33
   25722.879     0.999996       607587    262144.00
   25722.879     0.999997       607587    291271.11
   25755.647     0.999997       607588    327680.00
   25755.647     0.999997       607588    374491.43
   25755.647     0.999998       607588    436906.67
   25755.647     0.999998       607588    524288.00
   25755.647     0.999998       607588    582542.22
   25772.031     0.999998       607589    655360.00
   25772.031     1.000000       607589          inf
#[Mean    =    14720.622, StdDeviation   =     4244.083]
#[Max     =    25755.648, Total count    =       607589]
#[Buckets =           27, SubBuckets     =         2048]
----------------------------------------------------------
  926162 requests in 30.00s, 174.00MB read
Requests/sec:  30872.66
Transfer/sec:      5.80MB
