Running 30s test @ http://10.116.0.2:8080/json
  4 threads and 256 connections
  Thread calibration: mean lat.: 2811.397ms, rate sampling interval: 10575ms
  Thread calibration: mean lat.: 2975.266ms, rate sampling interval: 10502ms
  Thread calibration: mean lat.: 2802.754ms, rate sampling interval: 10567ms
  Thread calibration: mean lat.: 2774.182ms, rate sampling interval: 10452ms
  Thread Stats   Avg      Stdev     Max   +/- Stdev
    Latency    11.86s     3.56s   23.89s    60.08%
    Req/Sec     7.79k   299.56     8.08k    75.00%
  Latency Distribution (HdrHistogram - Recorded Latency)
 50.000%   11.81s 
 75.000%   14.77s 
 90.000%   16.61s 
 99.000%   19.37s 
 99.900%   20.92s 
 99.990%   23.20s 
 99.999%   23.81s 
100.000%   23.90s 

  Detailed Percentile spectrum:
       Value   Percentile   TotalCount 1/(1-Percentile)

    5181.439     0.000000            2         1.00
    7065.599     0.100000        61573         1.11
    8253.439     0.200000       122942         1.25
    9428.991     0.300000       184262         1.43
   10625.023     0.400000       245656         1.67
   11812.863     0.500000       306977         2.00
   12402.687     0.550000       337770         2.22
   12992.511     0.600000       368546         2.50
   13582.335     0.650000       399104         2.86
   14180.351     0.700000       430019         3.33
   14770.175     0.750000       460703         4.00
   15065.087     0.775000       475966         4.44
   15359.999     0.800000       491479         5.00
   15654.911     0.825000       506540         5.71
   15949.823     0.850000       522031         6.67
   16244.735     0.875000       537280         8.00
   16408.575     0.887500       545085         8.89
   16605.183     0.900000       552701        10.00
   16809.983     0.912500       560459        11.43
   17022.975     0.925000       568268        13.33
   17252.351     0.937500       575795        16.00
   17399.807     0.943750       579421        17.78
   17563.647     0.950000       583443        20.00
   17743.871     0.956250       587394        22.86
   17907.711     0.962500       591128        26.67
   18104.319     0.968750       594856        32.00
   18268.159     0.971875       596756        35.56
   18431.999     0.975000       598603        40.00
   18612.223     0.978125       600582        45.71
   18792.447     0.981250       602499        53.33
   18989.055     0.984375       604445        64.00
   19087.359     0.985938       605373        71.11
   19185.663     0.987500       606276        80.00
   19300.351     0.989062       607312        91.43
   19398.655     0.990625       608204       106.67
   19513.343     0.992188       609187       128.00
   19562.495     0.992969       609610       142.22
   19628.031     0.993750       610137       160.00
   19693.567     0.994531       610644       182.86
   19759.103     0.995313       611146       213.33
   19824.639     0.996094       611631       256.00
   19857.407     0.996484       611880       284.44
   19890.175     0.996875       612125       320.00
   19922.943     0.997266       612363       365.71
   19955.711     0.997656       612598       426.67
   19988.479     0.998047       612802       512.00
   20004.863     0.998242       612877       568.89
   20103.167     0.998437       612971       640.00
   20348.927     0.998633       613083       731.43
   20660.223     0.998828       613209       853.33
   20955.135     0.999023       613326      1024.00
   21102.591     0.999121       613385      1137.78
   21233.663     0.999219       613444      1280.00
   21364.735     0.999316       613504      1462.86
   21528.575     0.999414       613565      1706.67
   21708.799     0.999512       613628      2048.00
   21790.719     0.999561       613653      2275.56
   21889.023     0.999609       613683      2560.00
   22036.479     0.999658       613715      2925.71
   22265.855     0.999707       613743      3413.33
   22511.615     0.999756       613776      4096.00
   22609.919     0.999780       613789      4551.11
   22724.607     0.999805       613803      5120.00
   22855.679     0.999829       613819      5851.43
   22970.367     0.999854       613833      6826.67
   23101.439     0.999878       613849      8192.00
   23150.591     0.999890       613856      9102.22
   23216.127     0.999902       613864     10240.00
   23265.279     0.999915       613870     11702.86
   23347.199     0.999927       613879     13653.33
   23396.351     0.999939       613885     16384.00
   23429.119     0.999945       613891     18204.44
   23461.887     0.999951       613895     20480.00
   23478.271     0.999957       613896     23405.71
   23543.807     0.999963       613900     27306.67
   23609.343     0.999969       613904     32768.00
   23642.111     0.999973       613906     36408.89
   23674.879     0.999976       613908     40960.00
   23691.263     0.999979       613909     46811.43
   23724.031     0.999982       613911     54613.33
   23756.799     0.999985       613913     65536.00
   23773.183     0.999986       613914     72817.78
   23789.567     0.999988       613915     81920.00
   23805.951     0.999989       613916     93622.86
   23822.335     0.999991       613917    109226.67
   23838.719     0.999992       613918    131072.00
   23838.719     0.999993       613918    145635.56
   23855.103     0.999994       613919    163840.00
   23855.103     0.999995       613919    187245.71
   23871.487     0.999995       613920    218453.33
   23871.487     0.999996       613920    262144.00
   23871.487     0.999997       613920    291271.11
   23887.871     0.999997       613921    327680.00
   23887.871     0.999997       613921    374491.43
   23887.871     0.999998       613921    436906.67
   23887.871     0.999998       613921    524288.00
   23887.871     0.999998       613921    582542.22
   23904.255     0.999998       613922    655360.00
   23904.255     1.000000       613922          inf
#[Mean    =    11863.920, StdDeviation   =     3561.023]
#[Max     =    23887.872, Total count    =       613922]
#[Buckets =           27, SubBuckets     =         2048]
----------------------------------------------------------
  932423 requests in 30.00s, 175.18MB read
Requests/sec:  31079.61
Transfer/sec:      5.84MB
