Running 30s test @ http://10.116.0.2:8080/block?ms=100
  4 threads and 1000 connections
  Thread calibration: mean lat.: 106.007ms, rate sampling interval: 221ms
  Thread calibration: mean lat.: 105.388ms, rate sampling interval: 220ms
  Thread calibration: mean lat.: 105.522ms, rate sampling interval: 219ms
  Thread calibration: mean lat.: 105.992ms, rate sampling interval: 220ms
  Thread Stats   Avg      Stdev     Max   +/- Stdev
    Latency   105.54ms    3.80ms 129.54ms   69.40%
    Req/Sec     2.25k    49.47     2.34k    83.78%
  Latency Distribution (HdrHistogram - Recorded Latency)
 50.000%  105.02ms
 75.000%  107.52ms
 90.000%  110.46ms
 99.000%  117.69ms
 99.900%  122.37ms
 99.990%  126.40ms
 99.999%  127.29ms
100.000%  129.60ms

  Detailed Percentile spectrum:
       Value   Percentile   TotalCount 1/(1-Percentile)

      98.879     0.000000            1         1.00
     101.247     0.100000        18276         1.11
     102.143     0.200000        34006         1.25
     103.231     0.300000        51030         1.43
     104.127     0.400000        67429         1.67
     105.023     0.500000        85145         2.00
     105.407     0.550000        92863         2.22
     105.855     0.600000       101235         2.50
     106.367     0.650000       110343         2.86
     106.879     0.700000       118260         3.33
     107.519     0.750000       126923         4.00
     107.839     0.775000       130934         4.44
     108.223     0.800000       135270         5.00
     108.607     0.825000       138910         5.71
     109.183     0.850000       143479         6.67
     109.759     0.875000       147541         8.00
     110.079     0.887500       149654         8.89
     110.463     0.900000       151745        10.00
     110.847     0.912500       153712        11.43
     111.423     0.925000       155927        13.33
     112.191     0.937500       157942        16.00
     112.703     0.943750       158917        17.78
     113.215     0.950000       160015        20.00
     113.663     0.956250       161068        22.86
     114.111     0.962500       162098        26.67
     114.623     0.968750       163147        32.00
     114.943     0.971875       163688        35.56
     115.263     0.975000       164209        40.00
     115.647     0.978125       164706        45.71
     116.095     0.981250       165265        53.33
     116.607     0.984375       165740        64.00
     116.927     0.985938       166047        71.11
     117.183     0.987500       166282        80.00
     117.503     0.989062       166558        91.43
     117.823     0.990625       166793       106.67
     118.207     0.992188       167062       128.00
     118.463     0.992969       167213       142.22
     118.719     0.993750       167337       160.00
     118.975     0.994531       167468       182.86
     119.295     0.995313       167595       213.33
     119.679     0.996094       167723       256.00
     119.935     0.996484       167790       284.44
     120.127     0.996875       167843       320.00
     120.447     0.997266       167917       365.71
     120.703     0.997656       167979       426.67
     120.959     0.998047       168038       512.00
     121.279     0.998242       168085       568.89
     121.407     0.998437       168106       640.00
     121.599     0.998633       168136       731.43
     121.983     0.998828       168170       853.33
     122.431     0.999023       168206      1024.00
     122.687     0.999121       168220      1137.78
     122.943     0.999219       168236      1280.00
     123.263     0.999316       168251      1462.86
     123.711     0.999414       168272      1706.67
     124.031     0.999512       168286      2048.00
     124.287     0.999561       168293      2275.56
     124.607     0.999609       168301      2560.00
     124.799     0.999658       168310      2925.71
     124.927     0.999707       168317      3413.33
     125.183     0.999756       168325      4096.00
     125.311     0.999780       168330      4551.11
     125.503     0.999805       168335      5120.00
     125.631     0.999829       168338      5851.43
     126.015     0.999854       168343      6826.67
     126.271     0.999878       168346      8192.00
     126.399     0.999890       168349      9102.22
     126.463     0.999902       168352     10240.00
     126.463     0.999915       168352     11702.86
     126.527     0.999927       168356     13653.33
     126.527     0.999939       168356     16384.00
     126.591     0.999945       168357     18204.44
     126.719     0.999951       168358     20480.00
     126.783     0.999957       168359     23405.71
     126.975     0.999963       168360     27306.67
     127.103     0.999969       168361     32768.00
     127.167     0.999973       168363     36408.89
     127.167     0.999976       168363     40960.00
     127.167     0.999979       168363     46811.43
     127.167     0.999982       168363     54613.33
     127.295     0.999985       168364     65536.00
     127.295     0.999986       168364     72817.78
     127.295     0.999988       168364     81920.00
     129.535     0.999989       168365     93622.86
     129.535     0.999991       168365    109226.67
     129.535     0.999992       168365    131072.00
     129.535     0.999993       168365    145635.56
     129.535     0.999994       168365    163840.00
     129.599     0.999995       168366    187245.71
     129.599     1.000000       168366          inf
#[Mean    =      105.536, StdDeviation   =        3.804]
#[Max     =      129.536, Total count    =       168366]
#[Buckets =           27, SubBuckets     =         2048]
----------------------------------------------------------
  260122 requests in 30.00s, 45.65MB read
Requests/sec:   8670.77
Transfer/sec:      1.52MB
