Running 30s test @ http://10.116.0.2:8080/json
  4 threads and 256 connections
  Thread calibration: mean lat.: 2.527ms, rate sampling interval: 10ms
  Thread calibration: mean lat.: 2.568ms, rate sampling interval: 10ms
  Thread calibration: mean lat.: 2.742ms, rate sampling interval: 10ms
  Thread calibration: mean lat.: 2.577ms, rate sampling interval: 10ms
  Thread Stats   Avg      Stdev     Max   +/- Stdev
    Latency     2.53ms    2.52ms  50.78ms   90.90%
    Req/Sec    15.84k     2.44k   26.22k    72.18%
  Latency Distribution (HdrHistogram - Recorded Latency)
 50.000%    1.81ms
 75.000%    2.78ms
 90.000%    4.78ms
 99.000%   13.35ms
 99.900%   26.17ms
 99.990%   37.09ms
 99.999%   44.13ms
100.000%   50.81ms

  Detailed Percentile spectrum:
       Value   Percentile   TotalCount 1/(1-Percentile)

       0.193     0.000000            1         1.00
       0.881     0.100000       118234         1.11
       1.147     0.200000       236357         1.25
       1.373     0.300000       354935         1.43
       1.584     0.400000       472988         1.67
       1.812     0.500000       590769         2.00
       1.947     0.550000       650202         2.22
       2.099     0.600000       708959         2.50
       2.279     0.650000       768301         2.86
       2.501     0.700000       827211         3.33
       2.777     0.750000       886143         4.00
       2.951     0.775000       915729         4.44
       3.157     0.800000       945346         5.00
       3.413     0.825000       974718         5.71
       3.747     0.850000      1004372         6.67
       4.187     0.875000      1033825         8.00
       4.459     0.887500      1048603         8.89
       4.779     0.900000      1063309        10.00
       5.155     0.912500      1078062        11.43
       5.603     0.925000      1092873        13.33
       6.135     0.937500      1107627        16.00
       6.451     0.943750      1115052        17.78
       6.815     0.950000      1122415        20.00
       7.223     0.956250      1129788        22.86
       7.703     0.962500      1137127        26.67
       8.311     0.968750      1144562        32.00
       8.695     0.971875      1148240        35.56
       9.127     0.975000      1151894        40.00
       9.663     0.978125      1155640        45.71
      10.295     0.981250      1159298        53.33
      11.119     0.984375      1162990        64.00
      11.631     0.985938      1164834        71.11
      12.215     0.987500      1166663        80.00
      12.903     0.989062      1168508        91.43
      13.703     0.990625      1170362       106.67
      14.711     0.992188      1172210       128.00
      15.247     0.992969      1173135       142.22
      15.847     0.993750      1174046       160.00
      16.543     0.994531      1174970       182.86
      17.375     0.995313      1175894       213.33
      18.415     0.996094      1176825       256.00
      19.007     0.996484      1177278       284.44
      19.647     0.996875      1177744       320.00
      20.399     0.997266      1178200       365.71
      21.231     0.997656      1178663       426.67
      22.351     0.998047      1179124       512.00
      22.991     0.998242      1179353       568.89
      23.631     0.998437      1179585       640.00
      24.367     0.998633      1179818       731.43
      25.231     0.998828      1180050       853.33
      26.319     0.999023      1180276      1024.00
      26.975     0.999121      1180391      1137.78
      27.583     0.999219      1180508      1280.00
      28.383     0.999316      1180623      1462.86
      29.231     0.999414      1180737      1706.67
      30.191     0.999512      1180856      2048.00
      30.655     0.999561      1180911      2275.56
      31.295     0.999609      1180968      2560.00
      31.887     0.999658      1181026      2925.71
      32.575     0.999707      1181083      3413.33
      33.343     0.999756      1181142      4096.00
      33.791     0.999780      1181172      4551.11
      34.207     0.999805      1181200      5120.00
      34.655     0.999829      1181228      5851.43
      35.423     0.999854      1181256      6826.67
      36.319     0.999878      1181286      8192.00
      36.703     0.999890      1181300      9102.22
      37.151     0.999902      1181314     10240.00
      37.823     0.999915      1181329     11702.86
      38.431     0.999927      1181343     13653.33
      38.943     0.999939      1181357     16384.00
      39.231     0.999945      1181365     18204.44
      39.551     0.999951      1181372     20480.00
      39.839     0.999957      1181380     23405.71
      40.287     0.999963      1181386     27306.67
      40.959     0.999969      1181393     32768.00
      41.343     0.999973      1181397     36408.89
      42.079     0.999976      1181401     40960.00
      42.399     0.999979      1181404     46811.43
      43.263     0.999982      1181408     54613.33
      43.519     0.999985      1181411     65536.00
      43.583     0.999986      1181413     72817.78
      43.807     0.999988      1181415     81920.00
      44.127     0.999989      1181417     93622.86
      44.479     0.999991      1181419    109226.67
      44.543     0.999992      1181420    131072.00
      44.575     0.999993      1181421    145635.56
      44.831     0.999994      1181422    163840.00
      45.279     0.999995      1181423    187245.71
      45.599     0.999995      1181424    218453.33
      45.823     0.999996      1181425    262144.00
      45.823     0.999997      1181425    291271.11
      46.207     0.999997      1181426    327680.00
      46.207     0.999997      1181426    374491.43
      46.879     0.999998      1181427    436906.67
      46.879     0.999998      1181427    524288.00
      46.879     0.999998      1181427    582542.22
      47.263     0.999998      1181428    655360.00
      47.263     0.999999      1181428    748982.86
      47.263     0.999999      1181428    873813.33
      47.263     0.999999      1181428   1048576.00
      47.263     0.999999      1181428   1165084.44
      50.815     0.999999      1181429   1310720.00
      50.815     1.000000      1181429          inf
#[Mean    =        2.526, StdDeviation   =        2.516]
#[Max     =       50.784, Total count    =      1181429]
#[Buckets =           27, SubBuckets     =         2048]
----------------------------------------------------------
  1777832 requests in 30.00s, 254.32MB read
Requests/sec:  59260.45
Transfer/sec:      8.48MB
