Running 30s test @ http://10.116.0.2:8080/block?ms=100
  4 threads and 8000 connections
  Thread calibration: mean lat.: 1590.375ms, rate sampling interval: 6889ms
  Thread calibration: mean lat.: 1593.171ms, rate sampling interval: 6897ms
  Thread calibration: mean lat.: 1589.838ms, rate sampling interval: 6893ms
  Thread calibration: mean lat.: 1999.232ms, rate sampling interval: 9052ms
  Thread Stats   Avg      Stdev     Max   +/- Stdev
    Latency     5.88s     1.34s   10.72s    68.15%
    Req/Sec    11.95k   788.75    12.42k    75.00%
  Latency Distribution (HdrHistogram - Recorded Latency)
 50.000%    5.77s 
 75.000%    6.69s 
 90.000%    7.72s 
 99.000%    9.34s 
 99.900%    9.90s 
 99.990%   10.24s 
 99.999%   10.46s 
100.000%   10.72s 

  Detailed Percentile spectrum:
       Value   Percentile   TotalCount 1/(1-Percentile)

    2347.007     0.000000            1         1.00
    4239.359     0.100000        47670         1.11
    4677.631     0.200000        94910         1.25
    5066.751     0.300000       142627         1.43
    5427.199     0.400000       189774         1.67
    5771.263     0.500000       237363         2.00
    5939.199     0.550000       260946         2.22
    6115.327     0.600000       284731         2.50
    6295.551     0.650000       308503         2.86
    6483.967     0.700000       331890         3.33
    6692.863     0.750000       355829         4.00
    6807.551     0.775000       367462         4.44
    6934.527     0.800000       379447         5.00
    7077.887     0.825000       391347         5.71
    7245.823     0.850000       403184         6.67
    7450.623     0.875000       415018         8.00
    7573.503     0.887500       420917         8.89
    7716.863     0.900000       426755        10.00
    7884.799     0.912500       432653        11.43
    8077.311     0.925000       438643        13.33
    8286.207     0.937500       444525        16.00
    8396.799     0.943750       447509        17.78
    8511.487     0.950000       450558        20.00
    8617.983     0.956250       453450        22.86
    8732.671     0.962500       456392        26.67
    8855.551     0.968750       459458        32.00
    8912.895     0.971875       460826        35.56
    8978.431     0.975000       462311        40.00
    9043.967     0.978125       463847        45.71
    9109.503     0.981250       465321        53.33
    9183.231     0.984375       466829        64.00
    9224.191     0.985938       467503        71.11
    9265.151     0.987500       468220        80.00
    9306.111     0.989062       468939        91.43
    9363.455     0.990625       469764       106.67
    9412.607     0.992188       470417       128.00
    9453.567     0.992969       470833       142.22
    9486.335     0.993750       471166       160.00
    9527.295     0.994531       471574       182.86
    9568.255     0.995313       471959       213.33
    9609.215     0.996094       472301       256.00
    9633.791     0.996484       472486       284.44
    9658.367     0.996875       472654       320.00
    9699.327     0.997266       472864       365.71
    9732.095     0.997656       473015       426.67
    9773.055     0.998047       473232       512.00
    9789.439     0.998242       473298       568.89
    9814.015     0.998437       473393       640.00
    9838.591     0.998633       473474       731.43
    9863.167     0.998828       473568       853.33
    9904.127     0.999023       473671      1024.00
    9920.511     0.999121       473710      1137.78
    9936.895     0.999219       473750      1280.00
    9961.471     0.999316       473796      1462.86
    9994.239     0.999414       473855      1706.67
   10027.007     0.999512       473902      2048.00
   10043.391     0.999561       473924      2275.56
   10051.583     0.999609       473940      2560.00
   10067.967     0.999658       473964      2925.71
   10084.351     0.999707       473984      3413.33
   10108.927     0.999756       474017      4096.00
   10108.927     0.999780       474017      4551.11
   10133.503     0.999805       474028      5120.00
   10149.887     0.999829       474040      5851.43
   10190.847     0.999854       474056      6826.67
   10207.231     0.999878       474063      8192.00
   10215.423     0.999890       474069      9102.22
   10239.999     0.999902       474076     10240.00
   10248.191     0.999915       474080     11702.86
   10272.767     0.999927       474086     13653.33
   10305.535     0.999939       474093     16384.00
   10321.919     0.999945       474095     18204.44
   10330.111     0.999951       474097     20480.00
   10346.495     0.999957       474100     23405.71
   10354.687     0.999963       474103     27306.67
   10379.263     0.999969       474107     32768.00
   10379.263     0.999973       474107     36408.89
   10387.455     0.999976       474111     40960.00
   10387.455     0.999979       474111     46811.43
   10403.839     0.999982       474112     54613.33
   10452.991     0.999985       474113     65536.00
   10461.183     0.999986       474115     72817.78
   10461.183     0.999988       474115     81920.00
   10461.183     0.999989       474115     93622.86
   10493.951     0.999991       474116    109226.67
   10510.335     0.999992       474117    131072.00
   10510.335     0.999993       474117    145635.56
   10551.295     0.999994       474118    163840.00
   10551.295     0.999995       474118    187245.71
   10551.295     0.999995       474118    218453.33
   10616.831     0.999996       474119    262144.00
   10616.831     0.999997       474119    291271.11
   10616.831     0.999997       474119    327680.00
   10616.831     0.999997       474119    374491.43
   10616.831     0.999998       474119    436906.67
   10723.327     0.999998       474120    524288.00
   10723.327     1.000000       474120          inf
#[Mean    =     5880.449, StdDeviation   =     1343.122]
#[Max     =    10715.136, Total count    =       474120]
#[Buckets =           27, SubBuckets     =         2048]
----------------------------------------------------------
  1249803 requests in 30.00s, 163.29MB read
Requests/sec:  41657.61
Transfer/sec:      5.44MB
