Running 30s test @ http://10.116.0.2:8080/json
  4 threads and 256 connections
  Thread calibration: mean lat.: 522.503ms, rate sampling interval: 2072ms
  Thread calibration: mean lat.: 438.542ms, rate sampling interval: 1811ms
  Thread calibration: mean lat.: 472.426ms, rate sampling interval: 1828ms
  Thread calibration: mean lat.: 486.839ms, rate sampling interval: 1818ms
  Thread Stats   Avg      Stdev     Max   +/- Stdev
    Latency     2.16s   698.99ms   4.12s    60.30%
    Req/Sec    17.70k   152.56    18.05k    69.23%
  Latency Distribution (HdrHistogram - Recorded Latency)
 50.000%    2.15s 
 75.000%    2.73s 
 90.000%    3.11s 
 99.000%    3.57s 
 99.900%    3.79s 
 99.990%    4.06s 
 99.999%    4.11s 
100.000%    4.12s 

  Detailed Percentile spectrum:
       Value   Percentile   TotalCount 1/(1-Percentile)

     619.519     0.000000            3         1.00
    1232.895     0.100000       139538         1.11
    1459.199     0.200000       278901         1.25
    1688.575     0.300000       418152         1.43
    1923.071     0.400000       557029         1.67
    2154.495     0.500000       696267         2.00
    2275.327     0.550000       765906         2.22
    2392.063     0.600000       836176         2.50
    2508.799     0.650000       905962         2.86
    2619.391     0.700000       975484         3.33
    2734.079     0.750000      1045251         4.00
    2793.471     0.775000      1080023         4.44
    2850.815     0.800000      1114302         5.00
    2910.207     0.825000      1149048         5.71
    2975.743     0.850000      1184404         6.67
    3039.231     0.875000      1218563         8.00
    3071.999     0.887500      1235619         8.89
    3110.911     0.900000      1253354        10.00
    3151.871     0.912500      1271178        11.43
    3192.831     0.925000      1287929        13.33
    3235.839     0.937500      1305878        16.00
    3258.367     0.943750      1313888        17.78
    3289.087     0.950000      1323125        20.00
    3315.711     0.956250      1331580        22.86
    3346.431     0.962500      1340216        26.67
    3381.247     0.968750      1349016        32.00
    3401.727     0.971875      1353258        35.56
    3426.303     0.975000      1357510        40.00
    3450.879     0.978125      1361875        45.71
    3477.503     0.981250      1366391        53.33
    3506.175     0.984375      1370565        64.00
    3520.511     0.985938      1372713        71.11
    3536.895     0.987500      1374856        80.00
    3557.375     0.989062      1376976        91.43
    3575.807     0.990625      1379118       106.67
    3598.335     0.992188      1381368       128.00
    3608.575     0.992969      1382386       142.22
    3622.911     0.993750      1383582       160.00
    3633.151     0.994531      1384623       182.86
    3645.439     0.995313      1385659       213.33
    3665.919     0.996094      1386812       256.00
    3676.159     0.996484      1387287       284.44
    3690.495     0.996875      1387859       320.00
    3702.783     0.997266      1388366       365.71
    3717.119     0.997656      1388947       426.67
    3731.455     0.998047      1389465       512.00
    3743.743     0.998242      1389755       568.89
    3756.031     0.998437      1390033       640.00
    3770.367     0.998633      1390299       731.43
    3784.703     0.998828      1390552       853.33
    3796.991     0.999023      1390815      1024.00
    3809.279     0.999121      1390959      1137.78
    3821.567     0.999219      1391088      1280.00
    3856.383     0.999316      1391224      1462.86
    3885.055     0.999414      1391364      1706.67
    3911.679     0.999512      1391496      2048.00
    3923.967     0.999561      1391561      2275.56
    3930.111     0.999609      1391632      2560.00
    3936.255     0.999658      1391698      2925.71
    3952.639     0.999707      1391765      3413.33
    3977.215     0.999756      1391835      4096.00
    3993.599     0.999780      1391867      4551.11
    4005.887     0.999805      1391898      5120.00
    4032.511     0.999829      1391932      5851.43
    4042.751     0.999854      1391968      6826.67
    4052.991     0.999878      1392003      8192.00
    4057.087     0.999890      1392023      9102.22
    4061.183     0.999902      1392034     10240.00
    4071.423     0.999915      1392059     11702.86
    4081.663     0.999927      1392068     13653.33
    4093.951     0.999939      1392086     16384.00
    4095.999     0.999945      1392098     18204.44
    4098.047     0.999951      1392108     20480.00
    4100.095     0.999957      1392116     23405.71
    4102.143     0.999963      1392124     27306.67
    4104.191     0.999969      1392130     32768.00
    4106.239     0.999973      1392134     36408.89
    4108.287     0.999976      1392144     40960.00
    4108.287     0.999979      1392144     46811.43
    4108.287     0.999982      1392144     54613.33
    4110.335     0.999985      1392150     65536.00
    4110.335     0.999986      1392150     72817.78
    4112.383     0.999988      1392155     81920.00
    4112.383     0.999989      1392155     93622.86
    4114.431     0.999991      1392159    109226.67
    4114.431     0.999992      1392159    131072.00
    4116.479     0.999993      1392163    145635.56
    4116.479     0.999994      1392163    163840.00
    4116.479     0.999995      1392163    187245.71
    4116.479     0.999995      1392163    218453.33
    4118.527     0.999996      1392167    262144.00
    4118.527     0.999997      1392167    291271.11
    4118.527     0.999997      1392167    327680.00
    4118.527     0.999997      1392167    374491.43
    4118.527     0.999998      1392167    436906.67
    4118.527     0.999998      1392167    524288.00
    4118.527     0.999998      1392167    582542.22
    4118.527     0.999998      1392167    655360.00
    4120.575     0.999999      1392169    748982.86
    4120.575     1.000000      1392169          inf
#[Mean    =     2164.727, StdDeviation   =      698.986]
#[Max     =     4118.528, Total count    =      1392169]
#[Buckets =           27, SubBuckets     =         2048]
----------------------------------------------------------
  2087666 requests in 30.00s, 298.64MB read
Requests/sec:  69589.74
Transfer/sec:      9.95MB
