Linux 6.8.0-142-generic (cafeai-bench-loadgen) 	10/01/26 	_x86_64_	(4 CPU)

19:41:24     CPU    %usr   %nice    %sys %iowait    %irq   %soft  %steal  %guest  %gnice   %idle
19:41:25     all    4.77    0.00    6.28    0.00    0.00    5.03    0.00    0.00    0.00   83.92
19:41:26     all    4.53    0.00    7.05    0.00    0.00    4.53    0.00    0.00    0.00   83.88
19:41:27     all    4.71    0.00    6.95    0.00    0.00    5.71    0.25    0.00    0.00   82.38
19:41:28     all    4.79    0.00    6.80    0.00    0.00    5.04    0.00    0.00    0.00   83.38
19:41:29     all    4.46    0.00    7.67    0.25    0.00    5.45    0.00    0.00    0.00   82.18
19:41:30     all    4.48    0.00    7.71    0.00    0.00    4.98    0.00    0.00    0.00   82.84
19:41:31     all    4.77    0.00    7.04    0.00    0.00    4.77    0.00    0.00    0.00   83.42
19:41:32     all    4.04    0.00    6.82    0.00    0.00    5.30    0.00    0.00    0.00   83.84
19:41:33     all    4.74    0.00    6.98    0.00    0.00    5.74    0.00    0.00    0.00   82.54
19:41:34     all    5.21    0.00    7.44    0.00    0.00    4.71    0.00    0.00    0.00   82.63
19:41:35     all    4.94    0.00    7.41    0.00    0.00    5.19    0.00    0.00    0.00   82.47
19:41:36     all    3.28    0.00    7.58    0.00    0.00    5.30    0.25    0.00    0.00   83.59
19:41:37     all    5.25    0.00    7.00    0.00    0.00    4.50    0.00    0.00    0.00   83.25
19:41:38     all    4.25    0.00    6.75    0.00    0.00    5.50    0.00    0.00    0.00   83.50
19:41:39     all    4.49    0.00    6.98    0.00    0.00    5.74    0.00    0.00    0.00   82.79
19:41:40     all    4.71    0.00    7.44    0.00    0.00    4.96    0.00    0.00    0.00   82.88
19:41:41     all    4.50    0.00    7.50    0.00    0.00    5.00    0.00    0.00    0.00   83.00
19:41:42     all    4.99    0.00    7.48    0.00    0.00    4.49    0.00    0.00    0.00   83.04
19:41:43     all    4.76    0.00    6.52    0.00    0.00    5.76    0.00    0.00    0.00   82.96
19:41:44     all    4.50    0.00    7.00    0.00    0.00    5.00    0.00    0.00    0.00   83.50
19:41:45     all    4.30    0.00    7.34    0.00    0.00    4.05    0.00    0.00    0.00   84.30
19:41:46     all    4.50    0.00    7.00    0.00    0.00    5.50    0.00    0.00    0.00   83.00
19:41:47     all    5.46    0.00    6.95    0.00    0.00    4.96    0.00    0.00    0.00   82.63
19:41:48     all    4.26    0.00    7.77    0.00    0.00    5.26    0.25    0.00    0.00   82.46
19:41:49     all    4.50    0.00    7.00    0.00    0.00    5.50    0.00    0.00    0.00   83.00
19:41:50     all    4.24    0.00    7.23    0.00    0.00    5.74    0.00    0.00    0.00   82.79
19:41:51     all    4.33    0.00    6.36    0.00    0.00    4.58    0.00    0.00    0.00   84.73
19:41:52     all    5.21    0.00    7.44    0.00    0.00    4.71    0.25    0.00    0.00   82.38
19:41:53     all    4.29    0.00    7.07    0.00    0.00    4.80    0.00    0.00    0.00   83.84
19:41:54     all    5.37    0.00    8.05    0.00    0.00    4.88    0.00    0.00    0.00   81.71
19:41:55     all    1.51    0.00    0.76    0.25    0.00    0.00    0.00    0.00    0.00   97.48
19:41:56     all    2.30    0.00    3.83    0.00    0.00    2.81    0.00    0.00    0.00   91.07
19:41:57     all    2.27    0.00    3.79    0.00    0.00    3.03    0.00    0.00    0.00   90.91
19:41:58     all    3.02    0.00    4.03    0.00    0.00    2.77    0.00    0.00    0.00   90.18
19:41:59     all    2.04    0.00    3.31    0.00    0.00    3.05    0.00    0.00    0.00   91.60
19:42:00     all    2.30    0.00    3.32    0.00    0.00    3.06    0.00    0.00    0.00   91.33
19:42:01     all    1.77    0.00    3.04    0.00    0.00    3.54    0.00    0.00    0.00   91.65
19:42:02     all    2.30    0.00    3.57    0.00    0.00    3.06    0.26    0.00    0.00   90.82
19:42:03     all    2.27    0.00    3.54    0.00    0.00    3.28    0.00    0.00    0.00   90.91
19:42:04     all    2.03    0.00    3.55    0.00    0.00    3.05    0.00    0.00    0.00   91.37
19:42:05     all    2.53    0.00    3.79    0.00    0.00    2.78    0.00    0.00    0.00   90.91
19:42:06     all    2.28    0.00    3.55    0.00    0.00    2.79    0.00    0.00    0.00   91.37
19:42:07     all    2.28    0.00    3.55    0.00    0.00    2.79    0.25    0.00    0.00   91.12
19:42:08     all    2.77    0.00    3.53    0.00    0.00    3.02    0.00    0.00    0.00   90.68
19:42:09     all    2.53    0.00    3.54    0.00    0.00    3.29    0.00    0.00    0.00   90.63
19:42:10     all    2.03    0.00    3.55    0.00    0.00    3.05    0.00    0.00    0.00   91.37
19:42:11     all    3.02    0.00    3.02    0.00    0.00    3.53    0.00    0.00    0.00   90.43
19:42:12     all    2.30    0.00    3.07    0.00    0.00    3.07    0.00    0.00    0.00   91.56
19:42:13     all    2.26    0.00    4.01    0.00    0.00    3.26    0.00    0.00    0.00   90.48
19:42:14     all    2.80    0.00    3.31    0.00    0.00    2.80    0.00    0.00    0.00   91.09
19:42:15     all    2.53    0.00    4.29    0.00    0.00    2.53    0.00    0.00    0.00   90.66
19:42:16     all    2.78    0.00    3.28    0.00    0.00    3.28    0.00    0.00    0.00   90.66
19:42:17     all    3.05    0.00    3.30    0.00    0.00    2.54    0.00    0.00    0.00   91.12
19:42:18     all    2.79    0.00    3.05    0.00    0.00    3.05    0.00    0.00    0.00   91.12
19:42:19     all    2.53    0.00    3.28    0.00    0.00    3.54    0.00    0.00    0.00   90.66
19:42:20     all    2.27    0.00    3.54    0.00    0.00    3.03    0.00    0.00    0.00   91.16
19:42:21     all    3.03    0.00    3.79    0.00    0.00    2.53    0.00    0.00    0.00   90.66
19:42:22     all    2.30    0.00    3.32    0.00    0.00    2.81    0.00    0.00    0.00   91.58
19:42:23     all    2.54    0.00    3.30    0.00    0.00    2.54    0.00    0.00    0.00   91.62
19:42:24     all    2.77    0.00    3.78    0.00    0.00    3.27    0.00    0.00    0.00   90.18
19:42:25     all    2.78    0.00    4.56    0.00    0.00    0.76    0.00    0.00    0.00   91.90
19:42:26     all    5.54    0.00    7.30    0.00    0.00    2.52    0.00    0.00    0.00   84.63
19:42:27     all    6.17    0.00    5.66    0.00    0.00    2.83    0.00    0.00    0.00   85.35
19:42:28     all    5.60    0.00    6.87    0.00    0.00    2.80    0.00    0.00    0.00   84.73
19:42:29     all    6.05    0.00    6.80    0.00    0.00    3.02    0.25    0.00    0.00   83.88
19:42:30     all    6.30    0.00    6.55    0.00    0.00    3.02    0.00    0.00    0.00   84.13
19:42:31     all    6.11    0.00    6.62    0.00    0.00    3.31    0.00    0.00    0.00   83.97
19:42:32     all    5.37    0.00    7.42    0.00    0.00    2.56    0.00    0.00    0.00   84.65
19:42:33     all    6.27    0.00    7.02    0.00    0.00    3.76    0.00    0.00    0.00   82.96
19:42:34     all    5.37    0.00    6.65    0.00    0.00    2.56    0.00    0.00    0.00   85.42
19:42:35     all    5.41    0.00    6.70    0.00    0.00    2.58    0.00    0.00    0.00   85.31
19:42:36     all    6.58    0.00    6.84    0.00    0.00    3.29    0.00    0.00    0.00   83.29
19:42:37     all    5.54    0.00    6.55    0.00    0.00    4.03    0.50    0.00    0.00   83.38
19:42:38     all    5.87    0.00    6.89    0.00    0.00    2.81    0.00    0.00    0.00   84.44
19:42:39     all    5.33    0.00    7.11    0.00    0.00    3.81    0.00    0.00    0.00   83.76
19:42:40     all    6.35    0.00    6.09    0.00    0.00    3.55    0.25    0.00    0.00   83.76
19:42:41     all    5.82    0.00    7.09    0.00    0.00    3.04    0.00    0.00    0.00   84.05
19:42:42     all    5.54    0.00    7.56    0.00    0.00    3.27    0.00    0.00    0.00   83.63
19:42:43     all    5.82    0.00    7.09    0.00    0.00    3.29    0.00    0.00    0.00   83.80
19:42:44     all    6.33    0.00    6.84    0.00    0.00    3.29    0.00    0.00    0.00   83.54
19:42:45     all    6.31    0.00    6.57    0.00    0.00    2.78    0.00    0.00    0.00   84.34
19:42:46     all    5.63    0.00    7.16    0.00    0.00    2.56    0.00    0.00    0.00   84.65
19:42:47     all    6.36    0.00    6.11    0.00    0.00    3.05    0.25    0.00    0.00   84.22
19:42:48     all    5.54    0.00    7.56    0.00    0.00    3.27    0.50    0.00    0.00   83.12
19:42:49     all    5.93    0.00    6.19    0.00    0.00    2.84    0.00    0.00    0.00   85.05
19:42:50     all    6.78    0.00    6.03    0.00    0.00    3.77    0.00    0.00    0.00   83.42
19:42:51     all    6.60    0.00    6.35    0.00    0.00    2.54    0.00    0.00    0.00   84.52
19:42:52     all    5.56    0.00    6.82    0.00    0.00    3.79    0.00    0.00    0.00   83.84
19:42:53     all    5.36    0.00    6.89    0.00    0.00    2.81    0.00    0.00    0.00   84.95
19:42:54     all    5.63    0.00    6.91    0.00    0.00    2.81    0.00    0.00    0.00   84.65
19:42:55     all    6.62    0.00    8.91    0.00    0.00    4.33    0.00    0.00    0.00   80.15
19:42:56     all    9.45    0.00   12.60    0.00    0.00    6.82    0.00    0.00    0.00   71.13
19:42:57     all    9.47    0.00   13.42    0.00    0.00    7.37    0.00    0.00    0.00   69.74
19:42:58     all   11.08    0.00   14.18    0.00    0.00    7.22    0.00    0.00    0.00   67.53
19:42:59     all    9.87    0.00   13.77    0.00    0.00    7.27    0.26    0.00    0.00   68.83
19:43:00     all   10.68    0.00   13.80    0.00    0.00    7.55    0.00    0.00    0.00   67.97
19:43:01     all   10.48    0.00   12.37    0.00    0.00    6.72    0.00    0.00    0.00   70.43
19:43:02     all   11.70    0.00   12.77    0.00    0.00    5.59    0.00    0.00    0.00   69.95
19:43:03     all   11.35    0.00   13.19    0.00    0.00    6.07    0.00    0.00    0.00   69.39
19:43:04     all   10.55    0.00   13.19    0.00    0.00    6.33    0.00    0.00    0.00   69.92
19:43:05     all   10.37    0.00   13.83    0.00    0.00    6.12    0.00    0.00    0.00   69.68
19:43:06     all   11.05    0.00   13.42    0.00    0.00    6.32    0.00    0.00    0.00   69.21
19:43:07     all   10.55    0.00   13.46    0.00    0.00    6.60    0.26    0.00    0.00   69.13
19:43:08     all   11.05    0.00   13.16    0.00    0.00    6.32    0.00    0.00    0.00   69.47
19:43:09     all   10.90    0.00   13.30    0.00    0.00    6.12    0.00    0.00    0.00   69.68
19:43:10     all   11.97    0.00   12.23    0.00    0.00    6.12    0.00    0.00    0.00   69.68
19:43:11     all    9.89    0.00   13.37    0.00    0.00    6.68    0.00    0.00    0.00   70.05
19:43:12     all   11.64    0.00   12.17    0.00    0.00    6.61    0.00    0.00    0.00   69.58
19:43:13     all   12.18    0.00   12.69    0.00    0.00    6.99    0.00    0.00    0.00   68.13
19:43:14     all   10.47    0.00   13.35    0.00    0.00    7.33    0.00    0.00    0.00   68.85
19:43:15     all   10.65    0.00   13.25    0.00    0.00    7.27    0.00    0.00    0.00   68.83
19:43:16     all   10.44    0.00   13.05    0.00    0.00    7.31    0.00    0.00    0.00   69.19
19:43:17     all   10.42    0.00   13.80    0.00    0.00    7.29    0.00    0.00    0.00   68.49
19:43:18     all   10.65    0.00   13.25    0.00    0.00    7.01    0.00    0.00    0.00   69.09
19:43:19     all    9.57    0.00   13.83    0.00    0.00    6.91    0.00    0.00    0.00   69.68
19:43:20     all   10.44    0.00   14.10    0.00    0.00    6.27    0.00    0.00    0.00   69.19
19:43:21     all   10.76    0.00   12.60    0.00    0.00    7.35    0.00    0.00    0.00   69.29
19:43:22     all   10.16    0.00   14.32    0.00    0.00    7.29    0.00    0.00    0.00   68.23
19:43:23     all   11.14    0.00   12.95    0.00    0.00    7.51    0.00    0.00    0.00   68.39
19:43:24     all   10.62    0.00   12.95    0.00    0.00    7.51    0.52    0.00    0.00   68.39
19:43:25     all    9.71    0.00   10.76    0.26    0.00    6.82    0.00    0.00    0.00   72.44
19:43:26     all   13.44    0.00   17.47    0.00    0.00   11.83    0.00    0.00    0.00   57.26
19:43:27     all   15.93    0.00   17.58    0.00    0.00   12.09    0.00    0.00    0.00   54.40
19:43:28     all   15.66    0.00   17.31    0.00    0.00   12.91    0.00    0.00    0.00   54.12
19:43:29     all   16.12    0.00   16.94    0.00    0.00   12.84    0.27    0.00    0.00   53.83
19:43:30     all   15.45    0.00   18.16    0.00    0.00   13.01    0.00    0.00    0.00   53.39
19:43:31     all   14.96    0.00   17.45    0.00    0.00   12.74    0.00    0.00    0.00   54.85
19:43:32     all   16.11    0.00   16.94    0.00    0.00   12.50    0.00    0.00    0.00   54.44
19:43:33     all   16.76    0.00   17.03    0.00    0.00   12.70    0.00    0.00    0.00   53.51
19:43:34     all   15.79    0.00   16.90    0.00    0.00   13.02    0.00    0.00    0.00   54.29
19:43:35     all   15.70    0.00   17.08    0.00    0.00   12.95    0.00    0.00    0.00   54.27
19:43:36     all   17.12    0.00   17.12    0.00    0.00   12.50    0.00    0.00    0.00   53.26
19:43:37     all   15.89    0.00   17.26    0.00    0.00   12.88    0.00    0.00    0.00   53.97
19:43:38     all   15.75    0.00   17.40    0.00    0.00   12.43    0.00    0.00    0.00   54.42
19:43:39     all   16.67    0.00   17.22    0.00    0.00   11.94    0.00    0.00    0.00   54.17
19:43:40     all   15.57    0.00   17.76    0.00    0.00   12.84    0.00    0.00    0.00   53.83
19:43:41     all   16.21    0.00   17.31    0.00    0.00   12.09    0.27    0.00    0.00   54.12
19:43:42     all   16.39    0.00   17.49    0.00    0.00   12.84    0.27    0.00    0.00   53.01
19:43:43     all   16.89    0.00   17.71    0.00    0.00   11.99    0.00    0.00    0.00   53.41
19:43:44     all   16.48    0.00   17.86    0.00    0.00   11.81    0.00    0.00    0.00   53.85
19:43:45     all   16.67    0.00   17.22    0.00    0.00   11.67    0.00    0.00    0.00   54.44
19:43:46     all   17.26    0.00   17.26    0.00    0.00   11.51    0.00    0.00    0.00   53.97
19:43:47     all   16.49    0.00   17.57    0.00    0.00   12.43    0.00    0.00    0.00   53.51
19:43:48     all   16.03    0.00   18.75    0.00    0.00   11.68    0.00    0.00    0.00   53.53
19:43:49     all   16.67    0.00   17.74    0.00    0.00   12.37    0.00    0.00    0.00   53.23
19:43:50     all   17.76    0.00   16.94    0.00    0.00   11.48    0.00    0.00    0.00   53.83
19:43:51     all   15.73    0.00   16.57    0.00    0.00   12.36    0.00    0.00    0.00   55.34
19:43:52     all   16.94    0.00   16.94    0.00    0.00   12.02    0.00    0.00    0.00   54.10
19:43:53     all   17.91    0.00   16.25    0.00    0.00   11.85    0.00    0.00    0.00   53.99
19:43:54     all   16.85    0.00   17.39    0.00    0.00   12.23    0.00    0.00    0.00   53.53
19:43:55     all    8.33    0.00   10.42    0.00    0.00    4.95    0.00    0.00    0.00   76.30
19:43:56     all   11.60    0.00   23.45    0.00    0.00   12.11    0.00    0.00    0.00   52.84
19:43:57     all   10.31    0.00   28.35    0.00    0.00   14.95    0.00    0.00    0.00   46.39
19:43:58     all   12.02    0.00   27.62    0.00    0.00   15.35    0.00    0.00    0.00   45.01
19:43:59     all   10.85    0.00   28.31    0.00    0.00   14.29    0.00    0.00    0.00   46.56
19:44:00     all   11.40    0.00   25.91    0.00    0.00   15.28    0.26    0.00    0.00   47.15
19:44:01     all   10.65    0.00   27.53    0.00    0.00   15.06    0.00    0.00    0.00   46.75
19:44:02     all   11.55    0.00   27.03    0.00    0.00   14.70    0.00    0.00    0.00   46.72
19:44:03     all   11.17    0.00   27.53    0.00    0.00   14.29    0.00    0.00    0.00   47.01
19:44:04     all   12.37    0.00   27.32    0.00    0.00   14.18    0.00    0.00    0.00   46.13
19:44:05     all   12.53    0.00   28.39    0.00    0.00   13.81    0.00    0.00    0.00   45.27
19:44:06     all   11.95    0.00   26.23    0.00    0.00   14.55    0.00    0.00    0.00   47.27
19:44:07     all   11.05    0.00   28.28    0.00    0.00   15.17    0.00    0.00    0.00   45.50
19:44:08     all   11.46    0.00   27.34    0.00    0.00   14.06    0.00    0.00    0.00   47.14
19:44:09     all   11.40    0.00   28.76    0.00    0.00   13.99    0.00    0.00    0.00   45.85
19:44:10     all   10.73    0.00   26.70    0.00    0.00   15.45    0.00    0.00    0.00   47.12
19:44:11     all   11.58    0.00   27.89    0.00    0.00   13.42    0.00    0.00    0.00   47.11
19:44:12     all   10.36    0.00   27.72    0.00    0.00   15.03    0.00    0.00    0.00   46.89
19:44:13     all   10.85    0.00   28.17    0.00    0.00   14.47    0.00    0.00    0.00   46.51
19:44:14     all   11.66    0.00   28.24    0.00    0.00   13.47    0.00    0.00    0.00   46.63
19:44:15     all   12.21    0.00   28.05    0.00    0.00   13.51    0.00    0.00    0.00   46.23
19:44:16     all    9.92    0.00   28.46    0.00    0.00   15.14    0.00    0.00    0.00   46.48
19:44:17     all   11.46    0.00   26.82    0.00    0.00   14.84    0.00    0.00    0.00   46.88
19:44:18     all   10.97    0.00   26.37    0.00    0.00   15.40    0.00    0.00    0.00   47.26
19:44:19     all   11.46    0.00   27.34    0.00    0.00   14.58    0.00    0.00    0.00   46.61
19:44:20     all   11.63    0.00   27.91    0.00    0.00   13.95    0.00    0.00    0.00   46.51
19:44:21     all   11.37    0.00   27.65    0.00    0.00   14.21    0.26    0.00    0.00   46.51
19:44:22     all   11.37    0.00   26.87    0.00    0.00   14.99    0.00    0.00    0.00   46.77
19:44:23     all   11.63    0.00   27.65    0.00    0.00   13.95    0.00    0.00    0.00   46.77
19:44:24     all    9.92    0.00   27.68    0.00    0.00   14.62    0.00    0.00    0.00   47.78
19:44:25     all    9.35    0.00   19.48    0.26    0.00    9.87    0.00    0.00    0.00   61.04
19:44:26     all   10.88    0.00   25.91    0.00    0.00   13.47    0.00    0.00    0.00   49.74
19:44:27     all   11.05    0.00   27.25    0.00    0.00   15.17    0.26    0.00    0.00   46.27
19:44:28     all   11.40    0.00   26.17    0.00    0.00   15.03    0.00    0.00    0.00   47.41
19:44:29     all   11.08    0.00   27.58    0.00    0.00   14.43    0.00    0.00    0.00   46.91
19:44:30     all   10.82    0.00   27.58    0.00    0.00   14.43    0.00    0.00    0.00   47.16
19:44:31     all   11.37    0.00   26.61    0.00    0.00   14.99    0.26    0.00    0.00   46.77
19:44:32     all   10.76    0.00   27.30    0.00    0.00   14.17    0.00    0.00    0.00   47.77
19:44:33     all   10.26    0.00   28.21    0.00    0.00   14.62    0.00    0.00    0.00   46.92
19:44:34     all   11.20    0.00   27.08    0.00    0.00   14.84    0.00    0.00    0.00   46.88
19:44:35     all   11.75    0.00   25.07    0.00    0.00   15.40    0.00    0.00    0.00   47.78
19:44:36     all   11.72    0.00   25.78    0.00    0.00   14.84    0.00    0.00    0.00   47.66
19:44:37     all   10.16    0.00   27.08    0.00    0.00   15.36    0.00    0.00    0.00   47.40
19:44:38     all   11.95    0.00   27.01    0.00    0.00   14.29    0.00    0.00    0.00   46.75
19:44:39     all   10.18    0.00   27.42    0.00    0.00   14.88    0.00    0.00    0.00   47.52
19:44:40     all   10.44    0.00   26.89    0.00    0.00   14.88    0.00    0.00    0.00   47.78
19:44:41     all   10.91    0.00   28.05    0.00    0.00   14.29    0.00    0.00    0.00   46.75
19:44:42     all   12.01    0.00   26.63    0.00    0.00   14.36    0.00    0.00    0.00   47.00
19:44:43     all   11.46    0.00   26.30    0.00    0.00   14.58    0.00    0.00    0.00   47.66
19:44:44     all   11.40    0.00   26.68    0.00    0.00   15.03    0.00    0.00    0.00   46.89
19:44:45     all   11.57    0.00   26.74    0.00    0.00   15.42    0.00    0.00    0.00   46.27
19:44:46     all   11.23    0.00   27.15    0.00    0.00   14.88    0.00    0.00    0.00   46.74
19:44:47     all   10.80    0.00   28.53    0.00    0.00   14.65    0.00    0.00    0.00   46.02
19:44:48     all   11.20    0.00   27.08    0.00    0.00   14.06    0.00    0.00    0.00   47.66
19:44:49     all   11.25    0.00   27.62    0.00    0.00   14.83    0.00    0.00    0.00   46.29
19:44:50     all   11.37    0.00   27.13    0.00    0.00   14.21    0.00    0.00    0.00   47.29
19:44:51     all   10.59    0.00   27.91    0.00    0.00   14.73    0.00    0.00    0.00   46.77
19:44:52     all   11.43    0.00   27.01    0.00    0.00   14.55    0.00    0.00    0.00   47.01
19:44:53     all   10.91    0.00   26.49    0.00    0.00   15.06    0.00    0.00    0.00   47.53
19:44:54     all   10.94    0.00   26.82    0.00    0.00   15.62    0.26    0.00    0.00   46.35
19:44:55     all    8.88    0.00   16.45    0.52    0.00    9.14    0.00    0.00    0.00   65.01
19:44:56     all    9.97    0.00   22.31    0.00    0.00   12.86    0.00    0.00    0.00   54.86
19:44:57     all   11.17    0.00   26.49    0.00    0.00   14.55    0.00    0.00    0.00   47.79
19:44:58     all   10.47    0.00   26.70    0.00    0.00   15.45    0.00    0.00    0.00   47.38
19:44:59     all   11.49    0.00   26.11    0.00    0.00   14.10    0.26    0.00    0.00   48.04
19:45:00     all   11.46    0.00   26.30    0.00    0.00   14.84    0.00    0.00    0.00   47.40
19:45:01     all   10.65    0.00   27.27    0.00    0.00   15.32    0.00    0.00    0.00   46.75
19:45:02     all   10.68    0.00   27.60    0.00    0.00   14.32    0.00    0.00    0.00   47.40
19:45:03     all   10.62    0.00   27.46    0.00    0.00   15.03    0.00    0.00    0.00   46.89
19:45:04     all    9.74    0.00   28.46    0.00    0.00   14.87    0.00    0.00    0.00   46.92
19:45:05     all   10.53    0.00   27.63    0.00    0.00   14.74    0.00    0.00    0.00   47.11
19:45:06     all   10.85    0.00   28.17    0.00    0.00   14.47    0.00    0.00    0.00   46.51
19:45:07     all   10.57    0.00   27.84    0.00    0.00   14.95    0.00    0.00    0.00   46.65
19:45:08     all    9.82    0.00   28.42    0.00    0.00   15.25    0.00    0.00    0.00   46.51
19:45:09     all   11.83    0.00   27.25    0.00    0.00   14.65    0.00    0.00    0.00   46.27
19:45:10     all   10.42    0.00   27.86    0.00    0.00   14.84    0.00    0.00    0.00   46.88
19:45:11     all   11.08    0.00   27.58    0.00    0.00   14.43    0.00    0.00    0.00   46.91
19:45:12     all   10.94    0.00   27.86    0.00    0.00   14.32    0.00    0.00    0.00   46.88
19:45:13     all   10.36    0.00   28.24    0.00    0.00   14.25    0.00    0.00    0.00   47.15
19:45:14     all   11.37    0.00   27.65    0.00    0.00   13.95    0.00    0.00    0.00   47.03
19:45:15     all   10.34    0.00   26.10    0.00    0.00   15.76    0.00    0.00    0.00   47.80
19:45:16     all   10.26    0.00   26.84    0.00    0.00   15.00    0.00    0.00    0.00   47.89
19:45:17     all   10.44    0.00   26.89    0.00    0.00   15.40    0.00    0.00    0.00   47.26
19:45:18     all   10.51    0.00   28.46    0.00    0.00   15.38    0.00    0.00    0.00   45.64
19:45:19     all   10.76    0.00   27.03    0.00    0.00   14.70    0.00    0.00    0.00   47.51
19:45:20     all    9.84    0.00   27.72    0.00    0.00   15.28    0.00    0.00    0.00   47.15
19:45:21     all   10.34    0.00   27.39    0.00    0.00   15.50    0.00    0.00    0.00   46.77
19:45:22     all   10.94    0.00   26.56    0.00    0.00   14.58    0.00    0.00    0.00   47.92
19:45:23     all   10.18    0.00   27.15    0.00    0.00   15.40    0.00    0.00    0.00   47.26
19:45:24     all    9.33    0.00   27.72    0.00    0.00   14.77    0.00    0.00    0.00   48.19
19:45:25     all    3.83    0.00    9.69    0.00    0.00    4.59    0.00    0.00    0.00   81.89
19:45:26     all    1.52    0.00    2.02    0.00    0.00    2.02    0.51    0.00    0.00   93.94
19:45:27     all    2.02    0.00    3.79    0.00    0.00    2.53    0.25    0.00    0.00   91.41
19:45:28     all    2.54    0.00    3.05    0.00    0.00    2.80    0.00    0.00    0.00   91.60
19:45:29     all    2.05    0.00    3.08    0.00    0.00    2.31    0.00    0.00    0.00   92.56
19:45:30     all    2.52    0.00    3.78    0.00    0.00    3.02    0.00    0.00    0.00   90.68
19:45:31     all    2.29    0.00    3.31    0.00    0.00    2.80    0.00    0.00    0.00   91.60
19:45:32     all    2.28    0.00    3.29    0.00    0.00    3.04    0.00    0.00    0.00   91.39
19:45:33     all    2.54    0.00    3.05    0.00    0.00    2.80    0.00    0.00    0.00   91.60
19:45:34     all    2.53    0.00    3.29    0.00    0.00    2.78    0.00    0.00    0.00   91.39
19:45:35     all    2.30    0.00    3.07    0.00    0.00    2.56    0.00    0.00    0.00   92.07
19:45:36     all    3.03    0.00    3.28    0.00    0.00    2.53    0.00    0.00    0.00   91.16
19:45:37     all    2.04    0.00    2.81    0.00    0.00    3.06    0.00    0.00    0.00   92.09
19:45:38     all    2.54    0.00    3.30    0.00    0.00    2.54    0.00    0.00    0.00   91.62
19:45:39     all    1.78    0.00    3.56    0.00    0.00    3.05    0.00    0.00    0.00   91.60
19:45:40     all    2.29    0.00    3.56    0.00    0.00    2.29    0.25    0.00    0.00   91.60
19:45:41     all    2.04    0.00    3.06    0.00    0.00    2.81    0.26    0.00    0.00   91.84
19:45:42     all    2.03    0.00    3.81    0.00    0.00    2.28    0.25    0.00    0.00   91.62
19:45:43     all    2.28    0.00    3.05    0.00    0.00    3.05    0.00    0.00    0.00   91.62
19:45:44     all    2.30    0.00    3.07    0.00    0.00    2.56    0.00    0.00    0.00   92.07
19:45:45     all    2.80    0.00    2.80    0.00    0.00    2.80    0.00    0.00    0.00   91.60
19:45:46     all    2.04    0.00    3.31    0.00    0.00    2.54    0.25    0.00    0.00   91.86
19:45:47     all    2.30    0.00    2.81    0.00    0.00    3.06    0.00    0.00    0.00   91.84
19:45:48     all    3.05    0.00    3.30    0.00    0.00    3.05    0.00    0.00    0.00   90.61
19:45:49     all    2.28    0.00    3.30    0.00    0.00    2.79    0.00    0.00    0.00   91.62
19:45:50     all    2.54    0.00    3.56    0.00    0.00    2.29    0.00    0.00    0.00   91.60
19:45:51     all    2.28    0.00    3.04    0.00    0.00    3.04    0.00    0.00    0.00   91.65
19:45:52     all    2.55    0.00    2.55    0.00    0.00    3.06    0.00    0.00    0.00   91.84
19:45:53     all    2.53    0.00    3.54    0.00    0.00    2.78    0.00    0.00    0.00   91.14
19:45:54     all    2.30    0.00    3.06    0.00    0.00    2.55    0.00    0.00    0.00   92.09
19:45:55     all    1.50    0.00    2.76    0.00    0.00    1.50    0.00    0.00    0.00   94.24
19:45:56     all    3.30    0.00    2.54    0.00    0.00    2.03    0.00    0.00    0.00   92.13
19:45:57     all    5.40    0.00    6.94    0.00    0.00    5.40    0.51    0.00    0.00   81.75
19:45:58     all    4.94    0.00    6.49    0.00    0.00    5.71    0.00    0.00    0.00   82.86
19:45:59     all    4.72    0.00    6.56    0.00    0.00    5.25    0.00    0.00    0.00   83.46
19:46:00     all    5.67    0.00    6.96    0.00    0.00    5.41    0.00    0.00    0.00   81.96
19:46:01     all    5.17    0.00    6.72    0.00    0.00    5.43    0.00    0.00    0.00   82.69
19:46:02     all    4.90    0.00    7.22    0.00    0.00    5.41    0.26    0.00    0.00   82.22
19:46:03     all    5.10    0.00    7.14    0.00    0.00    5.87    0.00    0.00    0.00   81.89
19:46:04     all    6.38    0.00    6.12    0.00    0.00    5.87    0.00    0.00    0.00   81.63
19:46:05     all    5.66    0.00    7.20    0.00    0.00    5.40    0.00    0.00    0.00   81.75
19:46:06     all    4.91    0.00    6.20    0.00    0.00    6.20    0.00    0.00    0.00   82.69
19:46:07     all    5.67    0.00    5.93    0.00    0.00    5.67    0.52    0.00    0.00   82.22
19:46:08     all    5.17    0.00    6.98    0.00    0.00    5.68    0.00    0.00    0.00   82.17
19:46:09     all    5.87    0.00    6.63    0.00    0.00    6.12    0.26    0.00    0.00   81.12
19:46:10     all    5.38    0.00    7.18    0.00    0.00    5.38    0.00    0.00    0.00   82.05
19:46:11     all    5.17    0.00    6.98    0.26    0.00    5.68    0.00    0.00    0.00   81.91
19:46:12     all    5.60    0.00    6.62    0.00    0.00    6.36    0.25    0.00    0.00   81.17
19:46:13     all    4.65    0.00    6.72    0.00    0.00    5.94    0.00    0.00    0.00   82.69
19:46:14     all    5.66    0.00    6.43    0.00    0.00    6.17    0.00    0.00    0.00   81.75
19:46:15     all    5.41    0.00    6.44    0.00    0.00    6.19    0.00    0.00    0.00   81.96
19:46:16     all    5.91    0.00    7.20    0.00    0.00    5.66    0.00    0.00    0.00   81.23
19:46:17     all    5.93    0.00    6.44    0.00    0.00    5.67    0.00    0.00    0.00   81.96
19:46:18     all    6.14    0.00    6.65    0.00    0.00    5.63    0.26    0.00    0.00   81.33
19:46:19     all    5.66    0.00    5.91    0.00    0.00    6.43    0.26    0.00    0.00   81.75
19:46:20     all    5.43    0.00    6.46    0.00    0.00    5.94    0.00    0.00    0.00   82.17
19:46:21     all    5.18    0.00    5.96    0.00    0.00    5.70    0.00    0.00    0.00   83.16
19:46:22     all    5.17    0.00    7.24    0.00    0.00    5.94    0.00    0.00    0.00   81.65
19:46:23     all    5.38    0.00    7.18    0.00    0.00    5.90    0.00    0.00    0.00   81.54
19:46:24     all    4.40    0.00    6.74    0.00    0.00    5.70    0.00    0.00    0.00   83.16
19:46:25     all    2.76    0.00    4.26    0.00    0.00    3.76    0.00    0.00    0.00   89.22
19:46:26     all    5.53    0.00    2.51    0.00    0.00    1.26    0.25    0.00    0.00   90.45
19:46:27     all   16.33    0.00    5.61    0.00    0.00    4.59    0.00    0.00    0.00   73.47
19:46:28     all   17.74    0.00    8.23    0.00    0.00    6.94    0.00    0.00    0.00   67.10
19:46:29     all   16.67    0.00   10.94    0.00    0.00    9.38    0.00    0.00    0.00   63.02
19:46:30     all   10.90    0.00   13.30    0.00    0.00   10.64    0.00    0.00    0.00   65.16
19:46:31     all    9.28    0.00   13.26    0.00    0.00   11.14    0.00    0.00    0.00   66.31
19:46:32     all    9.33    0.00   13.07    0.00    0.00   12.00    0.00    0.00    0.00   65.60
19:46:33     all   10.34    0.00   13.00    0.00    0.00   11.41    0.53    0.00    0.00   64.72
19:46:34     all   11.90    0.00   13.23    0.00    0.00   11.90    0.00    0.00    0.00   62.96
19:46:35     all   11.20    0.00   11.75    0.00    0.00   11.48    0.00    0.00    0.00   65.57
19:46:36     all   10.87    0.00   12.23    0.00    0.00   10.60    0.00    0.00    0.00   66.30
19:46:37     all    8.71    0.00   13.72    0.00    0.00   11.08    0.00    0.00    0.00   66.49
19:46:38     all   11.26    0.00   12.57    0.00    0.00   11.78    0.00    0.00    0.00   64.40
19:46:39     all    8.97    0.00   13.98    0.00    0.00   10.82    0.00    0.00    0.00   66.23
19:46:40     all    9.95    0.00   13.17    0.00    0.00   11.29    0.00    0.00    0.00   65.59
19:46:41     all   10.22    0.00   12.37    0.00    0.00   11.02    0.00    0.00    0.00   66.40
19:46:42     all   10.43    0.00   13.64    0.00    0.00   12.03    0.00    0.00    0.00   63.90
19:46:43     all   10.72    0.00   12.60    0.00    0.00   12.06    0.00    0.00    0.00   64.61
19:46:44     all   12.27    0.00   12.00    0.00    0.00   11.47    0.00    0.00    0.00   64.27
19:46:45     all    9.28    0.00   13.79    0.00    0.00    9.81    0.00    0.00    0.00   67.11
19:46:46     all    8.49    0.00   13.53    0.00    0.00   11.41    0.00    0.00    0.00   66.58
19:46:47     all    9.19    0.00   13.24    0.00    0.00   10.81    0.27    0.00    0.00   66.49
19:46:48     all   10.88    0.00   13.26    0.00    0.00   11.67    0.00    0.00    0.00   64.19
19:46:49     all   11.67    0.00   12.73    0.00    0.00   11.14    0.53    0.00    0.00   63.93
19:46:50     all   11.05    0.00   12.13    0.00    0.00   11.86    0.00    0.00    0.00   64.96
19:46:51     all   10.35    0.00   11.99    0.00    0.00   11.17    0.00    0.00    0.00   66.49
19:46:52     all   10.39    0.00   13.25    0.00    0.00   11.95    0.00    0.00    0.00   64.42
19:46:53     all    8.97    0.00   12.66    0.00    0.00   12.66    0.00    0.00    0.00   65.70
19:46:54     all    9.70    0.00   12.40    0.00    0.00   11.59    0.00    0.00    0.00   66.31
19:46:55     all    5.15    0.00    9.54    0.00    0.00    6.44    0.00    0.00    0.00   78.87
19:46:56     all    6.78    0.00    1.51    0.00    0.00    1.76    0.00    0.00    0.00   89.95
19:46:57     all   29.22    0.00    5.54    0.00    0.00    4.28    0.00    0.00    0.00   60.96
19:46:58     all   34.52    0.00    7.36    0.00    0.00    5.84    0.25    0.00    0.00   52.03
19:46:59     all   39.34    0.00    9.14    0.00    0.00    8.12    0.00    0.00    0.00   43.40
19:47:00     all   41.97    0.00    9.59    0.00    0.00   10.10    0.00    0.00    0.00   38.34
19:47:01     all   40.05    0.00   15.31    0.00    0.00   12.76    0.00    0.00    0.00   31.89
19:47:02     all   37.69    0.00   17.44    0.00    0.00   13.33    0.00    0.00    0.00   31.54
19:47:03     all   29.82    0.00   17.74    0.00    0.00   14.14    0.00    0.00    0.00   38.30
19:47:04     all   20.36    0.00   18.81    0.00    0.00   15.21    0.00    0.00    0.00   45.62
19:47:05     all    9.79    0.00   18.81    0.00    0.00   15.46    0.00    0.00    0.00   55.93
19:47:06     all    8.55    0.00   20.47    0.00    0.00   16.06    0.00    0.00    0.00   54.92
19:47:07     all    7.40    0.00   20.92    0.00    0.00   16.84    0.00    0.00    0.00   54.85
19:47:08     all    8.65    0.00   20.87    0.00    0.00   16.54    0.00    0.00    0.00   53.94
19:47:09     all    8.01    0.00   19.90    0.00    0.00   17.05    0.00    0.00    0.00   55.04
19:47:10     all    7.65    0.00   18.62    0.00    0.00   15.05    0.00    0.00    0.00   58.67
19:47:11     all    7.71    0.00   20.31    0.00    0.00   14.91    0.00    0.00    0.00   57.07
19:47:12     all    7.71    0.00   20.31    0.00    0.00   15.42    0.00    0.00    0.00   56.56
19:47:13     all    7.95    0.00   20.00    0.00    0.00   16.15    0.00    0.00    0.00   55.90
19:47:14     all    8.40    0.00   18.37    0.00    0.00   15.22    0.26    0.00    0.00   57.74
19:47:15     all    8.14    0.00   19.85    0.00    0.00   15.52    0.00    0.00    0.00   56.49
19:47:16     all    7.99    0.00   20.62    0.00    0.00   14.43    0.00    0.00    0.00   56.96
19:47:17     all    7.44    0.00   18.97    0.00    0.00   15.90    0.26    0.00    0.00   57.44
19:47:18     all    8.23    0.00   20.31    0.00    0.00   16.71    0.00    0.00    0.00   54.76
19:47:19     all    8.46    0.00   19.74    0.00    0.00   15.13    0.00    0.00    0.00   56.67
19:47:20     all    8.40    0.00   19.59    0.00    0.00   15.52    0.00    0.00    0.00   56.49
19:47:21     all    6.99    0.00   19.69    0.00    0.00   15.28    0.00    0.00    0.00   58.03
19:47:22     all    8.21    0.00   20.00    0.00    0.00   14.87    0.00    0.00    0.00   56.92
19:47:23     all    8.55    0.00   21.50    0.00    0.00   13.47    0.00    0.00    0.00   56.48
19:47:24     all    8.05    0.00   21.30    0.00    0.00   13.25    0.00    0.00    0.00   57.40
