Running 30s test @ http://10.116.0.2:8080/json
  4 threads and 256 connections
  Thread calibration: mean lat.: 1679.536ms, rate sampling interval: 6811ms
  Thread calibration: mean lat.: 1971.307ms, rate sampling interval: 7036ms
  Thread calibration: mean lat.: 1948.107ms, rate sampling interval: 6967ms
  Thread calibration: mean lat.: 1679.280ms, rate sampling interval: 6889ms
  Thread Stats   Avg      Stdev     Max   +/- Stdev
    Latency     7.90s     2.35s   12.46s    57.81%
    Req/Sec    17.66k   160.79    17.93k    75.00%
  Latency Distribution (HdrHistogram - Recorded Latency)
 50.000%    7.90s 
 75.000%    9.94s 
 90.000%   11.16s 
 99.000%   11.96s 
 99.900%   12.19s 
 99.990%   12.35s 
 99.999%   12.43s 
100.000%   12.47s 

  Detailed Percentile spectrum:
       Value   Percentile   TotalCount 1/(1-Percentile)

    3661.823     0.000000            3         1.00
    4669.439     0.100000       138991         1.11
    5464.063     0.200000       278454         1.25
    6258.687     0.300000       416997         1.43
    7073.791     0.400000       556090         1.67
    7897.087     0.500000       695327         2.00
    8310.783     0.550000       764379         2.22
    8724.479     0.600000       834858         2.50
    9125.887     0.650000       903676         2.86
    9535.487     0.700000       973791         3.33
    9936.895     0.750000      1042879         4.00
   10141.695     0.775000      1078163         4.44
   10346.495     0.800000      1112843         5.00
   10543.103     0.825000      1146427         5.71
   10747.903     0.850000      1181268         6.67
   10960.895     0.875000      1217303         8.00
   11059.199     0.887500      1233777         8.89
   11157.503     0.900000      1251229        10.00
   11263.999     0.912500      1268860        11.43
   11362.303     0.925000      1285621        13.33
   11468.799     0.937500      1303677        16.00
   11517.951     0.943750      1312063        17.78
   11567.103     0.950000      1320180        20.00
   11624.447     0.956250      1329485        22.86
   11681.791     0.962500      1338507        26.67
   11739.135     0.968750      1347426        32.00
   11763.711     0.971875      1351079        35.56
   11796.479     0.975000      1355776        40.00
   11829.247     0.978125      1360203        45.71
   11862.015     0.981250      1364457        53.33
   11894.783     0.984375      1368454        64.00
   11911.167     0.985938      1370566        71.11
   11927.551     0.987500      1372308        80.00
   11952.127     0.989062      1374937        91.43
   11976.703     0.990625      1377190       106.67
   12001.279     0.992188      1379225       128.00
   12009.471     0.992969      1379975       142.22
   12025.855     0.993750      1381074       160.00
   12042.239     0.994531      1382128       182.86
   12066.815     0.995313      1383516       213.33
   12083.199     0.996094      1384348       256.00
   12091.391     0.996484      1384760       284.44
   12107.775     0.996875      1385531       320.00
   12115.967     0.997266      1385886       365.71
   12132.351     0.997656      1386569       426.67
   12148.735     0.998047      1387179       512.00
   12148.735     0.998242      1387179       568.89
   12156.927     0.998437      1387481       640.00
   12165.119     0.998633      1387717       731.43
   12181.503     0.998828      1388129       853.33
   12189.695     0.999023      1388270      1024.00
   12197.887     0.999121      1388412      1137.78
   12206.079     0.999219      1388542      1280.00
   12222.463     0.999316      1388706      1462.86
   12230.655     0.999414      1388799      1706.67
   12255.231     0.999512      1388966      2048.00
   12263.423     0.999561      1389031      2275.56
   12271.615     0.999609      1389080      2560.00
   12279.807     0.999658      1389141      2925.71
   12296.191     0.999707      1389239      3413.33
   12304.383     0.999756      1389273      4096.00
   12312.575     0.999780      1389330      4551.11
   12320.767     0.999805      1389356      5120.00
   12328.959     0.999829      1389377      5851.43
   12337.151     0.999854      1389410      6826.67
   12345.343     0.999878      1389450      8192.00
   12353.535     0.999890      1389467      9102.22
   12361.727     0.999902      1389494     10240.00
   12361.727     0.999915      1389494     11702.86
   12369.919     0.999927      1389506     13653.33
   12378.111     0.999939      1389527     16384.00
   12386.303     0.999945      1389539     18204.44
   12386.303     0.999951      1389539     20480.00
   12394.495     0.999957      1389546     23405.71
   12402.687     0.999963      1389555     27306.67
   12410.879     0.999969      1389577     32768.00
   12410.879     0.999973      1389577     36408.89
   12410.879     0.999976      1389577     40960.00
   12410.879     0.999979      1389577     46811.43
   12419.071     0.999982      1389581     54613.33
   12427.263     0.999985      1389593     65536.00
   12427.263     0.999986      1389593     72817.78
   12427.263     0.999988      1389593     81920.00
   12427.263     0.999989      1389593     93622.86
   12427.263     0.999991      1389593    109226.67
   12435.455     0.999992      1389595    131072.00
   12451.839     0.999993      1389598    145635.56
   12451.839     0.999994      1389598    163840.00
   12451.839     0.999995      1389598    187245.71
   12460.031     0.999995      1389602    218453.33
   12460.031     0.999996      1389602    262144.00
   12460.031     0.999997      1389602    291271.11
   12460.031     0.999997      1389602    327680.00
   12460.031     0.999997      1389602    374491.43
   12460.031     0.999998      1389602    436906.67
   12468.223     0.999998      1389605    524288.00
   12468.223     1.000000      1389605          inf
#[Mean    =     7902.963, StdDeviation   =     2350.266]
#[Max     =    12460.032, Total count    =      1389605]
#[Buckets =           27, SubBuckets     =         2048]
----------------------------------------------------------
  2093923 requests in 30.00s, 299.54MB read
Requests/sec:  69798.44
Transfer/sec:      9.98MB
