Linux 6.8.0-142-generic (cafeai-bench-server) 	10/01/26 	_x86_64_	(4 CPU)

19:41:23     CPU    %usr   %nice    %sys %iowait    %irq   %soft  %steal  %guest  %gnice   %idle
19:41:24     all    1.00    0.00    1.00    0.00    0.00    0.25    0.00    0.00    0.00   97.76
19:41:25     all   10.09    0.00    8.36    0.00    0.00    4.32    0.29    0.00    0.00   76.95
19:41:26     all    9.77    0.00    6.90    0.86    0.00    4.89    0.29    0.00    0.00   77.30
19:41:27     all   10.70    0.00    8.17    0.00    0.00    5.92    0.00    0.00    0.00   75.21
19:41:28     all   10.57    0.00    7.43    0.00    0.00    4.86    0.29    0.00    0.00   76.86
19:41:29     all   11.80    0.00    7.30    0.00    0.00    5.62    0.00    0.00    0.00   75.28
19:41:30     all    9.48    0.00    7.76    0.00    0.00    5.17    0.00    0.00    0.00   77.59
19:41:31     all   10.60    0.00    8.02    0.00    0.00    4.58    0.00    0.00    0.00   76.79
19:41:32     all   12.01    0.00    8.38    0.00    0.00    5.03    0.00    0.00    0.00   74.58
19:41:33     all   11.42    0.00    8.36    0.00    0.00    4.74    0.28    0.00    0.00   75.21
19:41:34     all   11.98    0.00    7.80    0.00    0.00    5.29    0.28    0.00    0.00   74.65
19:41:35     all   12.01    0.00    8.38    0.00    0.00    4.75    0.28    0.00    0.00   74.58
19:41:36     all   10.76    0.00    7.37    0.00    0.00    5.67    0.00    0.00    0.00   76.20
19:41:37     all   10.92    0.00    9.24    0.00    0.00    4.76    0.28    0.00    0.00   74.79
19:41:38     all   10.99    0.00    8.17    0.00    0.00    5.35    0.00    0.00    0.00   75.49
19:41:39     all   10.29    0.00    7.71    0.00    0.00    5.14    0.00    0.00    0.00   76.86
19:41:40     all   12.53    0.00    8.64    0.00    0.00    4.74    0.28    0.00    0.00   73.82
19:41:41     all   10.51    0.00    8.24    0.00    0.00    5.11    0.00    0.00    0.00   76.14
19:41:42     all   11.45    0.00    7.82    0.00    0.00    5.59    0.00    0.00    0.00   75.14
19:41:43     all   11.48    0.00    8.12    0.00    0.00    4.76    0.28    0.00    0.00   75.35
19:41:44     all   11.39    0.00    8.06    0.00    0.00    6.39    0.00    0.00    0.00   74.17
19:41:45     all   11.05    0.00    7.93    0.00    0.00    5.67    0.00    0.00    0.00   75.35
19:41:46     all   10.70    0.00    8.45    0.00    0.00    4.79    0.28    0.00    0.00   75.77
19:41:47     all   11.88    0.00    8.01    0.00    0.00    5.25    0.28    0.00    0.00   74.59
19:41:48     all   12.05    0.00    8.77    0.00    0.00    5.75    0.27    0.00    0.00   73.15
19:41:49     all   11.20    0.00    7.56    0.00    0.00    5.88    0.00    0.00    0.00   75.35
19:41:50     all   10.83    0.00    5.98    0.00    0.00    4.84    0.28    0.00    0.00   78.06
19:41:51     all   12.12    0.00    9.09    0.00    0.00    5.23    0.00    0.00    0.00   73.55
19:41:52     all   12.64    0.00    9.07    0.00    0.00    4.95    0.00    0.00    0.00   73.35
19:41:53     all   10.45    0.00    7.91    0.00    0.00    5.93    0.00    0.00    0.00   75.71
19:41:54     all   11.99    0.00    7.90    0.00    0.00    5.99    0.27    0.00    0.00   73.84
19:41:55     all    2.78    0.00    2.53    0.00    0.00    1.01    0.00    0.00    0.00   93.69
19:41:56     all   10.13    0.00    7.27    0.00    0.00    4.16    0.00    0.00    0.00   78.44
19:41:57     all   10.00    0.00    7.44    0.00    0.00    4.10    0.00    0.00    0.00   78.46
19:41:58     all    9.56    0.00    8.01    0.00    0.00    3.88    0.26    0.00    0.00   78.29
19:41:59     all   10.74    0.00    8.44    0.00    0.00    2.81    0.00    0.00    0.00   78.01
19:42:00     all    9.35    0.00    7.53    0.00    0.00    3.38    0.00    0.00    0.00   79.74
19:42:01     all    9.90    0.00    7.11    0.00    0.00    3.30    0.25    0.00    0.00   79.44
19:42:02     all    8.83    0.00    7.53    0.00    0.00    3.12    0.26    0.00    0.00   80.26
19:42:03     all    9.54    0.00    6.44    0.00    0.00    3.35    0.00    0.00    0.00   80.67
19:42:04     all   10.03    0.00    7.97    0.26    0.00    3.34    0.00    0.00    0.00   78.41
19:42:05     all    9.49    0.00    7.44    0.00    0.00    3.85    0.00    0.00    0.00   79.23
19:42:06     all   10.00    0.00    8.97    0.00    0.00    3.08    0.00    0.00    0.00   77.95
19:42:07     all    9.07    0.00    7.77    0.00    0.00    3.37    0.26    0.00    0.00   79.53
19:42:08     all   10.43    0.00    8.40    0.00    0.00    3.31    0.00    0.00    0.00   77.86
19:42:09     all   10.00    0.00    7.18    0.00    0.00    3.59    0.00    0.00    0.00   79.23
19:42:10     all   10.26    0.00    8.46    0.00    0.00    2.82    0.00    0.00    0.00   78.46
19:42:11     all    9.35    0.00    8.05    0.00    0.00    3.38    0.00    0.00    0.00   79.22
19:42:12     all   10.34    0.00    7.49    0.00    0.00    3.36    0.26    0.00    0.00   78.55
19:42:13     all    9.74    0.00    7.95    0.00    0.00    3.59    0.00    0.00    0.00   78.72
19:42:14     all    9.74    0.00    8.46    0.00    0.00    3.33    0.00    0.00    0.00   78.46
19:42:15     all    9.56    0.00    7.24    0.00    0.00    3.10    0.52    0.00    0.00   79.59
19:42:16     all    9.25    0.00    8.48    0.00    0.00    3.34    0.00    0.00    0.00   78.92
19:42:17     all    9.72    0.00    7.42    0.00    0.00    2.56    0.00    0.00    0.00   80.31
19:42:18     all    9.54    0.00    7.22    0.00    0.00    3.09    0.00    0.00    0.00   80.15
19:42:19     all    9.97    0.00    6.14    0.00    0.00    3.07    0.26    0.00    0.00   80.56
19:42:20     all    9.30    0.00    7.24    0.00    0.00    2.84    0.00    0.00    0.00   80.62
19:42:21     all   10.26    0.00    7.95    0.00    0.00    3.08    0.00    0.00    0.00   78.72
19:42:22     all   10.03    0.00    8.23    0.00    0.00    3.34    0.00    0.00    0.00   78.41
19:42:23     all   10.34    0.00    7.49    0.00    0.00    3.10    0.00    0.00    0.00   79.07
19:42:24     all    9.59    0.00    6.99    0.00    0.00    3.11    0.00    0.00    0.00   80.31
19:42:25     all    5.80    0.00    5.80    0.00    0.00    3.69    0.00    0.00    0.00   84.70
19:42:26     all   15.24    0.00    9.89    0.00    0.00    3.74    0.00    0.00    0.00   71.12
19:42:27     all   16.27    0.00    9.19    0.00    0.00    4.20    0.52    0.00    0.00   69.82
19:42:28     all   15.32    0.00   10.13    0.00    0.00    4.42    0.52    0.00    0.00   69.61
19:42:29     all   15.71    0.00    9.42    0.00    0.00    4.97    0.00    0.00    0.00   69.90
19:42:30     all   14.89    0.00    9.84    0.00    0.00    4.79    0.00    0.00    0.00   70.48
19:42:31     all   15.75    0.00    9.97    0.00    0.00    4.46    0.00    0.00    0.00   69.82
19:42:32     all   15.08    0.00    9.26    0.00    0.00    4.76    0.00    0.00    0.00   70.90
19:42:33     all   15.73    0.00    9.33    0.00    0.00    4.80    0.00    0.00    0.00   70.13
19:42:34     all   14.55    0.00   10.58    0.00    0.00    5.03    0.00    0.00    0.00   69.84
19:42:35     all   14.97    0.00    9.36    0.00    0.00    4.28    0.27    0.00    0.00   71.12
19:42:36     all   14.96    0.00    9.71    0.00    0.00    4.72    0.26    0.00    0.00   70.34
19:42:37     all   14.36    0.00   10.11    0.00    0.00    4.52    0.00    0.00    0.00   71.01
19:42:38     all   15.16    0.00    9.04    0.00    0.00    4.79    0.27    0.00    0.00   70.74
19:42:39     all   15.97    0.00    9.42    0.00    0.00    5.24    0.26    0.00    0.00   69.11
19:42:40     all   15.34    0.00    9.26    0.00    0.00    4.76    0.00    0.00    0.00   70.63
19:42:41     all   15.67    0.00   10.18    0.00    0.00    4.96    0.00    0.00    0.00   69.19
19:42:42     all   15.22    0.00   10.76    0.00    0.00    4.46    0.00    0.00    0.00   69.55
19:42:43     all   15.34    0.00    9.79    0.00    0.00    4.50    0.00    0.00    0.00   70.37
19:42:44     all   15.10    0.00    9.90    0.00    0.00    5.21    0.52    0.00    0.00   69.27
19:42:45     all   15.57    0.00    9.50    0.00    0.00    5.01    0.00    0.00    0.00   69.92
19:42:46     all   14.51    0.00   10.03    0.00    0.00    4.22    0.53    0.00    0.00   70.71
19:42:47     all   15.30    0.00    9.23    0.00    0.00    4.49    0.00    0.00    0.00   70.98
19:42:48     all   16.45    0.00   10.54    0.00    0.00    4.63    0.00    0.00    0.00   68.38
19:42:49     all   15.58    0.00   10.13    0.00    0.00    5.19    0.26    0.00    0.00   68.83
19:42:50     all   14.93    0.00    9.87    0.00    0.00    4.27    0.27    0.00    0.00   70.67
19:42:51     all   15.97    0.00    9.69    0.00    0.00    4.71    0.00    0.00    0.00   69.63
19:42:52     all   16.05    0.00    9.47    0.00    0.00    4.47    0.00    0.00    0.00   70.00
19:42:53     all   15.89    0.00   10.16    0.00    0.00    4.69    0.00    0.00    0.00   69.27
19:42:54     all   15.34    0.00    9.79    0.00    0.00    4.50    0.00    0.00    0.00   70.37
19:42:55     all   16.71    0.00   11.67    0.00    0.00    3.45    0.27    0.00    0.00   67.90
19:42:56     all   29.41    0.00   17.65    0.00    0.00    4.55    0.53    0.00    0.00   47.86
19:42:57     all   31.76    0.00   18.90    0.00    0.00    4.20    0.26    0.00    0.00   44.88
19:42:58     all   30.71    0.00   19.95    0.00    0.00    5.25    0.00    0.00    0.00   44.09
19:42:59     all   31.09    0.00   19.69    0.00    0.00    5.18    0.00    0.00    0.00   44.04
19:43:00     all   30.75    0.00   19.64    0.00    0.00    5.17    0.00    0.00    0.00   44.44
19:43:01     all   30.97    0.00   17.85    0.00    0.00    6.04    0.79    0.00    0.00   44.36
19:43:02     all   30.39    0.00   19.22    0.00    0.00    5.71    0.00    0.00    0.00   44.68
19:43:03     all   31.62    0.00   19.79    0.00    0.00    5.40    0.00    0.00    0.00   43.19
19:43:04     all   30.34    0.00   19.00    0.00    0.00    5.80    0.00    0.00    0.00   44.85
19:43:05     all   31.03    0.00   18.57    0.00    0.00    5.57    0.00    0.00    0.00   44.83
19:43:06     all   31.19    0.00   19.07    0.00    0.00    5.41    0.77    0.00    0.00   43.56
19:43:07     all   30.26    0.00   19.21    0.00    0.00    5.53    0.26    0.00    0.00   44.74
19:43:08     all   31.66    0.00   19.26    0.00    0.00    5.01    0.00    0.00    0.00   44.06
19:43:09     all   30.45    0.00   19.69    0.00    0.00    5.25    0.00    0.00    0.00   44.62
19:43:10     all   30.83    0.00   18.91    0.00    0.00    5.96    0.00    0.00    0.00   44.30
19:43:11     all   30.27    0.00   19.46    0.00    0.00    5.41    0.00    0.00    0.00   44.86
19:43:12     all   30.23    0.00   19.64    0.00    0.00    5.68    0.26    0.00    0.00   44.19
19:43:13     all   31.25    0.00   19.79    0.00    0.00    4.69    0.26    0.00    0.00   44.01
19:43:14     all   31.25    0.00   20.31    0.00    0.00    4.17    0.26    0.00    0.00   44.01
19:43:15     all   30.69    0.00   18.52    0.00    0.00    4.76    0.00    0.00    0.00   46.03
19:43:16     all   30.59    0.00   20.31    0.00    0.00    4.63    0.26    0.00    0.00   44.22
19:43:17     all   31.17    0.00   19.74    0.00    0.00    4.42    0.26    0.00    0.00   44.42
19:43:18     all   31.43    0.00   18.96    0.00    0.00    5.45    0.00    0.00    0.00   44.16
19:43:19     all   30.97    0.00   19.42    0.00    0.00    4.72    0.26    0.00    0.00   44.62
19:43:20     all   30.67    0.00   18.67    0.00    0.00    5.60    0.27    0.00    0.00   44.80
19:43:21     all   31.15    0.00   19.63    0.00    0.00    4.45    0.00    0.00    0.00   44.76
19:43:22     all   32.09    0.00   19.25    0.00    0.00    4.55    0.00    0.00    0.00   44.12
19:43:23     all   32.05    0.00   19.49    0.00    0.00    5.13    0.26    0.00    0.00   43.08
19:43:24     all   31.68    0.00   18.32    0.00    0.00    5.24    0.00    0.00    0.00   44.76
19:43:25     all   30.91    0.00   18.03    0.00    0.00    3.98    0.23    0.00    0.00   46.84
19:43:26     all   43.24    0.00   24.88    0.00    0.00    8.21    0.24    0.00    0.00   23.43
19:43:27     all   44.53    0.00   27.01    0.00    0.00    9.00    0.24    0.00    0.00   19.22
19:43:28     all   44.96    0.00   27.76    0.00    0.00    9.09    0.00    0.00    0.00   18.18
19:43:29     all   44.69    0.00   27.05    0.00    0.00    8.70    0.00    0.00    0.00   19.57
19:43:30     all   45.10    0.00   27.21    0.00    0.00    8.82    0.00    0.00    0.00   18.87
19:43:31     all   45.15    0.00   27.43    0.00    0.00    8.50    0.24    0.00    0.00   18.69
19:43:32     all   43.63    0.00   28.43    0.00    0.00    9.31    0.00    0.00    0.00   18.63
19:43:33     all   45.52    0.00   27.85    0.00    0.00    8.96    0.00    0.00    0.00   17.68
19:43:34     all   44.85    0.00   26.72    0.00    0.00    9.80    0.00    0.00    0.00   18.63
19:43:35     all   43.66    0.00   28.05    0.00    0.00    9.27    0.00    0.00    0.00   19.02
19:43:36     all   44.20    0.00   27.16    0.00    0.00   10.12    0.00    0.00    0.00   18.52
19:43:37     all   44.74    0.00   26.65    0.00    0.00    9.29    0.24    0.00    0.00   19.07
19:43:38     all   43.17    0.00   26.34    0.00    0.00   10.49    0.24    0.00    0.00   19.76
19:43:39     all   43.28    0.00   26.65    0.00    0.00   11.00    0.00    0.00    0.00   19.07
19:43:40     all   44.01    0.00   26.89    0.00    0.00    9.78    0.24    0.00    0.00   19.07
19:43:41     all   45.48    0.00   26.89    0.00    0.00    9.78    0.00    0.00    0.00   17.85
19:43:42     all   42.09    0.00   27.49    0.00    0.00   11.44    0.00    0.00    0.00   18.98
19:43:43     all   43.55    0.00   26.76    0.00    0.00   10.95    0.00    0.00    0.00   18.73
19:43:44     all   44.02    0.00   26.79    0.00    0.00   10.77    0.00    0.00    0.00   18.42
19:43:45     all   45.04    0.00   24.94    0.00    0.00   10.41    0.00    0.00    0.00   19.61
19:43:46     all   43.37    0.00   26.27    0.00    0.00   10.60    0.24    0.00    0.00   19.52
19:43:47     all   44.71    0.00   25.96    0.00    0.00   10.82    0.00    0.00    0.00   18.51
19:43:48     all   43.37    0.00   26.99    0.00    0.00   11.81    0.24    0.00    0.00   17.59
19:43:49     all   43.58    0.00   26.88    0.00    0.00   11.14    0.24    0.00    0.00   18.16
19:43:50     all   43.41    0.00   26.83    0.00    0.00   10.98    0.00    0.00    0.00   18.78
19:43:51     all   42.89    0.00   25.78    0.00    0.00   12.29    0.00    0.00    0.00   19.04
19:43:52     all   42.34    0.00   26.32    0.00    0.00   12.44    0.24    0.00    0.00   18.66
19:43:53     all   42.86    0.00   25.42    0.00    0.00   12.59    0.00    0.00    0.00   19.13
19:43:54     all   43.55    0.00   25.06    0.00    0.00   13.38    0.00    0.00    0.00   18.00
19:43:55     all   28.50    0.00   17.81    0.00    0.00    5.23    0.00    0.00    0.00   48.46
19:43:56     all   48.15    0.00   27.90    0.00    0.00   13.58    0.00    0.00    0.00   10.37
19:43:57     all   50.25    0.00   28.64    0.00    0.00   15.58    0.25    0.00    0.00    5.28
19:43:58     all   53.15    0.00   27.96    0.00    0.00   16.12    0.00    0.00    0.00    2.77
19:43:59     all   52.53    0.00   29.55    0.00    0.00   15.91    0.00    0.00    0.00    2.02
19:44:00     all   49.87    0.00   29.57    0.00    0.00   16.79    0.00    0.00    0.00    3.76
19:44:01     all   52.26    0.00   28.14    0.00    0.00   16.08    0.25    0.00    0.00    3.27
19:44:02     all   50.00    0.00   31.50    0.00    0.00   16.75    0.25    0.00    0.00    1.50
19:44:03     all   51.14    0.00   28.10    0.00    0.00   17.22    0.00    0.00    0.00    3.54
19:44:04     all   50.50    0.00   30.60    0.00    0.00   15.92    0.00    0.00    0.00    2.99
19:44:05     all   50.88    0.00   29.97    0.00    0.00   16.88    0.00    0.00    0.00    2.27
19:44:06     all   51.89    0.00   28.21    0.00    0.00   16.37    0.00    0.00    0.00    3.53
19:44:07     all   52.12    0.00   29.18    0.00    0.00   16.71    0.25    0.00    0.00    1.75
19:44:08     all   52.15    0.00   28.61    0.00    0.00   15.95    0.00    0.00    0.00    3.29
19:44:09     all   51.39    0.00   29.22    0.00    0.00   17.13    0.00    0.00    0.00    2.27
19:44:10     all   50.51    0.00   29.55    0.00    0.00   17.42    0.00    0.00    0.00    2.53
19:44:11     all   50.50    0.00   28.64    0.00    0.00   17.09    0.00    0.00    0.00    3.77
19:44:12     all   50.75    0.00   29.15    0.00    0.00   16.83    0.00    0.00    0.00    3.27
19:44:13     all   50.13    0.00   29.32    0.00    0.00   16.29    0.25    0.00    0.00    4.01
19:44:14     all   50.00    0.00   29.04    0.00    0.00   16.92    0.00    0.00    0.00    4.04
19:44:15     all   51.26    0.00   30.56    0.00    0.00   15.91    0.00    0.00    0.00    2.27
19:44:16     all   50.38    0.00   29.57    0.00    0.00   16.54    0.25    0.00    0.00    3.26
19:44:17     all   51.77    0.00   28.54    0.00    0.00   16.41    0.00    0.00    0.00    3.28
19:44:18     all   50.88    0.00   28.82    0.00    0.00   16.29    0.00    0.00    0.00    4.01
19:44:19     all   50.76    0.00   30.30    0.00    0.00   16.41    0.00    0.00    0.00    2.53
19:44:20     all   50.50    0.00   30.75    0.00    0.00   16.00    0.00    0.00    0.00    2.75
19:44:21     all   50.25    0.00   29.15    0.00    0.00   16.33    0.00    0.00    0.00    4.27
19:44:22     all   51.52    0.00   28.54    0.00    0.00   16.67    0.25    0.00    0.00    3.03
19:44:23     all   52.14    0.00   28.21    0.00    0.00   15.87    0.25    0.00    0.00    3.53
19:44:24     all   49.75    0.00   29.80    0.00    0.00   16.41    0.00    0.00    0.00    4.04
19:44:25     all   40.00    0.00   24.05    0.00    0.00   13.16    0.00    0.00    0.00   22.78
19:44:26     all   51.39    0.00   27.46    0.00    0.00   13.85    0.00    0.00    0.00    7.30
19:44:27     all   52.02    0.00   28.28    0.00    0.00   14.90    0.00    0.00    0.00    4.80
19:44:28     all   50.75    0.00   28.39    0.00    0.00   16.33    0.25    0.00    0.00    4.27
19:44:29     all   51.52    0.00   28.03    0.00    0.00   16.67    0.25    0.00    0.00    3.54
19:44:30     all   50.38    0.00   29.97    0.25    0.00   16.12    0.00    0.00    0.00    3.27
19:44:31     all   51.25    0.00   28.00    0.00    0.00   16.50    0.25    0.00    0.00    4.00
19:44:32     all   51.78    0.00   28.17    0.00    0.00   16.24    0.00    0.00    0.00    3.81
19:44:33     all   50.38    0.00   28.82    0.00    0.00   16.54    0.00    0.00    0.00    4.26
19:44:34     all   50.63    0.00   29.72    0.00    0.00   16.88    0.00    0.00    0.00    2.77
19:44:35     all   51.39    0.00   28.97    0.00    0.00   16.12    0.00    0.00    0.00    3.53
19:44:36     all   50.38    0.00   29.47    0.00    0.00   16.37    0.00    0.00    0.00    3.78
19:44:37     all   49.11    0.00   29.87    0.00    0.00   16.96    0.00    0.00    0.00    4.05
19:44:38     all   50.63    0.00   30.48    0.00    0.00   16.62    0.00    0.00    0.00    2.27
19:44:39     all   50.00    0.00   29.40    0.00    0.00   16.83    0.00    0.00    0.00    3.77
19:44:40     all   49.49    0.00   30.30    0.00    0.00   15.66    0.25    0.00    0.00    4.29
19:44:41     all   51.63    0.00   29.32    0.00    0.00   17.04    0.00    0.00    0.00    2.01
19:44:42     all   51.14    0.00   29.62    0.00    0.00   16.96    0.00    0.00    0.00    2.28
19:44:43     all   51.01    0.00   31.16    0.00    0.00   16.58    0.00    0.00    0.00    1.26
19:44:44     all   51.12    0.00   29.68    0.00    0.00   15.71    0.00    0.00    0.00    3.49
19:44:45     all   49.75    0.00   29.95    0.00    0.00   17.01    0.00    0.00    0.00    3.30
19:44:46     all   50.50    0.00   30.75    0.00    0.00   16.50    0.00    0.00    0.00    2.25
19:44:47     all   51.89    0.00   27.96    0.00    0.00   16.62    0.00    0.00    0.00    3.53
19:44:48     all   49.87    0.00   29.62    0.00    0.00   15.70    0.51    0.00    0.00    4.30
19:44:49     all   50.89    0.00   29.87    0.00    0.00   16.46    0.00    0.00    0.00    2.78
19:44:50     all   50.51    0.00   30.46    0.00    0.00   16.75    0.00    0.00    0.00    2.28
19:44:51     all   50.13    0.00   29.57    0.00    0.00   16.29    0.00    0.00    0.00    4.01
19:44:52     all   52.41    0.00   29.11    0.00    0.00   15.95    0.25    0.00    0.00    2.28
19:44:53     all   49.62    0.00   28.97    0.00    0.00   16.62    0.25    0.00    0.00    4.53
19:44:54     all   52.87    0.00   29.18    0.00    0.00   16.21    0.00    0.00    0.00    1.75
19:44:55     all   35.63    0.00   21.38    0.00    0.00   14.99    0.00    0.00    0.00   28.01
19:44:56     all   46.87    0.00   27.07    0.00    0.00   18.05    0.00    0.00    0.00    8.02
19:44:57     all   49.49    0.00   29.04    0.00    0.00   16.41    0.00    0.00    0.00    5.05
19:44:58     all   50.25    0.00   29.90    0.00    0.00   17.09    0.00    0.00    0.00    2.76
19:44:59     all   51.01    0.00   29.65    0.00    0.00   15.83    0.00    0.00    0.00    3.52
19:45:00     all   50.75    0.00   29.65    0.00    0.00   16.58    0.00    0.00    0.00    3.02
19:45:01     all   50.75    0.00   29.40    0.00    0.00   16.83    0.00    0.00    0.00    3.02
19:45:02     all   51.13    0.00   29.47    0.00    0.00   17.13    0.00    0.00    0.00    2.27
19:45:03     all   49.50    0.00   29.50    0.00    0.00   17.00    0.50    0.00    0.00    3.50
19:45:04     all   49.37    0.00   30.48    0.00    0.00   16.88    0.00    0.00    0.00    3.27
19:45:05     all   51.25    0.00   29.50    0.00    0.00   17.00    0.00    0.00    0.00    2.25
19:45:06     all   50.13    0.00   30.13    0.00    0.00   16.46    0.00    0.00    0.00    3.29
19:45:07     all   51.13    0.00   28.97    0.00    0.00   16.62    0.00    0.00    0.00    3.27
19:45:08     all   51.14    0.00   28.86    0.00    0.00   17.22    0.00    0.00    0.00    2.78
19:45:09     all   50.89    0.00   30.38    0.00    0.00   15.95    0.00    0.00    0.00    2.78
19:45:10     all   50.25    0.00   30.00    0.00    0.00   16.50    0.25    0.00    0.00    3.00
19:45:11     all   51.89    0.00   28.46    0.00    0.00   16.12    0.00    0.00    0.00    3.53
19:45:12     all   51.14    0.00   28.35    0.00    0.00   17.22    0.00    0.00    0.00    3.29
19:45:13     all   49.87    0.00   30.08    0.00    0.00   16.54    0.00    0.00    0.00    3.51
19:45:14     all   51.01    0.00   29.40    0.00    0.00   16.33    0.00    0.00    0.00    3.27
19:45:15     all   50.63    0.00   29.07    0.00    0.00   16.79    0.00    0.00    0.00    3.51
19:45:16     all   51.90    0.00   28.86    0.00    0.00   15.95    0.00    0.00    0.00    3.29
19:45:17     all   50.13    0.00   28.97    0.00    0.00   15.87    0.25    0.00    0.00    4.79
19:45:18     all   49.75    0.00   30.40    0.00    0.00   17.59    0.25    0.00    0.00    2.01
19:45:19     all   50.75    0.00   28.14    0.00    0.00   17.34    0.00    0.00    0.00    3.77
19:45:20     all   51.27    0.00   28.43    0.00    0.00   16.50    0.00    0.00    0.00    3.81
19:45:21     all   52.38    0.00   29.07    0.00    0.00   15.54    0.00    0.00    0.00    3.01
19:45:22     all   50.63    0.00   29.22    0.00    0.00   16.12    0.00    0.00    0.00    4.03
19:45:23     all   51.64    0.00   28.21    0.00    0.00   16.12    0.25    0.00    0.00    3.78
19:45:24     all   50.38    0.00   29.97    0.00    0.00   16.12    0.00    0.00    0.00    3.53
19:45:25     all   12.53    0.00    7.27    0.00    0.00    4.01    0.00    0.00    0.00   76.19
19:45:26     all    7.63    0.00    6.11    0.00    0.00    3.05    0.25    0.00    0.00   82.95
19:45:27     all   10.86    0.00    5.56    0.00    0.00    3.28    0.00    0.00    0.00   80.30
19:45:28     all    9.92    0.00    8.40    0.00    0.00    2.54    0.00    0.00    0.00   79.13
19:45:29     all    9.67    0.00    7.89    0.00    0.00    2.80    0.00    0.00    0.00   79.64
19:45:30     all    9.92    0.00    7.63    0.00    0.00    3.05    0.00    0.00    0.00   79.39
19:45:31     all    9.74    0.00    7.18    0.26    0.00    2.82    0.00    0.00    0.00   80.00
19:45:32     all    9.34    0.00    7.83    0.00    0.00    3.54    0.00    0.00    0.00   79.29
19:45:33     all   10.03    0.00    7.20    0.00    0.00    2.83    0.00    0.00    0.00   79.95
19:45:34     all    9.56    0.00    7.49    0.00    0.00    3.10    0.00    0.00    0.00   79.84
19:45:35     all    9.69    0.00    7.91    0.00    0.00    2.81    0.00    0.00    0.00   79.59
19:45:36     all   10.00    0.00    7.18    0.00    0.00    2.56    0.00    0.00    0.00   80.26
19:45:37     all    9.69    0.00    7.14    0.00    0.00    3.06    0.00    0.00    0.00   80.10
19:45:38     all    9.67    0.00    7.89    0.00    0.00    3.31    0.25    0.00    0.00   78.88
19:45:39     all    9.74    0.00    7.69    0.00    0.00    3.08    0.00    0.00    0.00   79.49
19:45:40     all    9.44    0.00    7.91    0.00    0.00    3.57    0.00    0.00    0.00   79.08
19:45:41     all   10.13    0.00    7.34    0.00    0.00    3.04    0.00    0.00    0.00   79.49
19:45:42     all    8.79    0.00    6.72    0.00    0.00    3.10    0.00    0.00    0.00   81.40
19:45:43     all    9.62    0.00    7.59    0.00    0.00    3.54    0.76    0.00    0.00   78.48
19:45:44     all   10.61    0.00    8.33    0.00    0.00    2.78    0.25    0.00    0.00   78.03
19:45:45     all   10.08    0.00    7.81    0.00    0.00    3.02    0.00    0.00    0.00   79.09
19:45:46     all    9.69    0.00    7.91    0.00    0.00    2.81    0.00    0.00    0.00   79.59
19:45:47     all    9.54    0.00    7.73    0.00    0.00    2.58    0.00    0.00    0.00   80.15
19:45:48     all    9.87    0.00    8.10    0.00    0.00    3.29    0.00    0.00    0.00   78.73
19:45:49     all    9.23    0.00    8.21    0.00    0.00    2.82    0.00    0.00    0.00   79.74
19:45:50     all    9.00    0.00    7.97    0.00    0.00    3.08    0.00    0.00    0.00   79.95
19:45:51     all   10.23    0.00    7.42    0.00    0.00    2.81    0.00    0.00    0.00   79.54
19:45:52     all   10.00    0.00    7.69    0.00    0.00    2.82    0.00    0.00    0.00   79.49
19:45:53     all    9.21    0.00    8.18    0.00    0.00    2.56    0.00    0.00    0.00   80.05
19:45:54     all    9.97    0.00    7.42    0.00    0.00    3.07    0.00    0.00    0.00   79.54
19:45:55     all    3.26    0.00    3.51    0.00    0.00    1.25    0.00    0.00    0.00   91.98
19:45:56     all    7.89    0.00    5.34    0.00    0.00    3.31    0.25    0.00    0.00   83.21
19:45:57     all   17.01    0.00   10.05    0.00    0.00    5.67    0.26    0.00    0.00   67.01
19:45:58     all   17.05    0.00   12.14    0.00    0.00    7.49    0.00    0.00    0.00   63.31
19:45:59     all   17.49    0.00   11.75    0.00    0.00    7.05    0.00    0.00    0.00   63.71
19:46:00     all   17.66    0.00   11.95    0.00    0.00    6.23    0.26    0.00    0.00   63.90
19:46:01     all   17.78    0.00   12.37    0.00    0.00    6.19    0.00    0.00    0.00   63.66
19:46:02     all   16.75    0.00   12.57    0.00    0.00    7.07    0.26    0.00    0.00   63.35
19:46:03     all   16.58    0.00   13.16    0.00    0.00    6.58    0.26    0.00    0.00   63.42
19:46:04     all   18.41    0.00   12.79    0.00    0.00    6.65    0.00    0.00    0.00   62.15
19:46:05     all   17.32    0.00   12.34    0.00    0.00    6.30    0.00    0.00    0.00   64.04
19:46:06     all   18.28    0.00   13.32    0.00    0.00    5.22    0.00    0.00    0.00   63.19
19:46:07     all   18.37    0.00   12.86    0.00    0.00    4.72    0.26    0.00    0.00   63.78
19:46:08     all   19.54    0.00   12.60    0.00    0.00    5.40    0.26    0.00    0.00   62.21
19:46:09     all   18.59    0.00   13.87    0.00    0.00    4.71    0.26    0.00    0.00   62.57
19:46:10     all   19.27    0.00   11.20    0.00    0.00    5.73    0.00    0.00    0.00   63.80
19:46:11     all   18.11    0.00   12.86    0.00    0.00    5.25    0.00    0.00    0.00   63.78
19:46:12     all   19.42    0.00   11.81    0.00    0.00    5.25    0.00    0.00    0.00   63.52
19:46:13     all   19.16    0.00   13.39    0.00    0.00    4.20    0.26    0.00    0.00   62.99
19:46:14     all   18.30    0.00   13.14    0.00    0.00    4.90    0.26    0.00    0.00   63.40
19:46:15     all   17.19    0.00   13.80    0.00    0.00    4.95    0.00    0.00    0.00   64.06
19:46:16     all   19.58    0.00   13.32    0.00    0.00    3.92    0.00    0.00    0.00   63.19
19:46:17     all   18.90    0.00   13.39    0.00    0.00    4.72    0.00    0.00    0.00   62.99
19:46:18     all   17.63    0.00   13.42    0.00    0.00    3.95    0.26    0.00    0.00   64.74
19:46:19     all   19.12    0.00   13.95    0.00    0.00    4.13    0.00    0.00    0.00   62.79
19:46:20     all   17.59    0.00   14.17    0.00    0.00    3.94    0.26    0.00    0.00   64.04
19:46:21     all   19.43    0.00   13.73    0.00    0.00    4.40    0.00    0.00    0.00   62.44
19:46:22     all   19.63    0.00   12.83    0.00    0.00    4.19    0.00    0.00    0.00   63.35
19:46:23     all   19.79    0.00   13.37    0.00    0.00    4.37    0.26    0.00    0.00   62.21
19:46:24     all   18.54    0.00   14.62    0.00    0.00    4.18    0.00    0.00    0.00   62.66
19:46:25     all    7.83    0.00    5.30    0.00    0.00    2.27    0.00    0.00    0.00   84.60
19:46:26     all    7.93    0.00    5.37    0.00    0.00    2.81    0.00    0.00    0.00   83.89
19:46:27     all   16.97    0.00    9.92    0.00    0.00    6.53    0.26    0.00    0.00   66.32
19:46:28     all   25.93    0.00   15.34    0.00    0.00    6.61    0.00    0.00    0.00   52.12
19:46:29     all   31.84    0.00   19.47    0.00    0.00    7.89    0.00    0.00    0.00   40.79
19:46:30     all   37.28    0.00   24.42    0.00    0.00    8.48    0.00    0.00    0.00   29.82
19:46:31     all   36.92    0.00   24.87    0.00    0.00    9.74    0.00    0.00    0.00   28.46
19:46:32     all   39.03    0.00   26.28    0.00    0.00    8.93    0.26    0.00    0.00   25.51
19:46:33     all   37.89    0.00   25.53    0.00    0.00    8.16    0.26    0.00    0.00   28.16
19:46:34     all   37.17    0.00   24.87    0.00    0.00    7.33    0.00    0.00    0.00   30.63
19:46:35     all   37.37    0.00   26.05    0.00    0.00    6.84    0.00    0.00    0.00   29.74
19:46:36     all   37.73    0.00   25.32    0.00    0.00    8.53    0.00    0.00    0.00   28.42
19:46:37     all   39.28    0.00   24.03    0.00    0.00    9.82    0.00    0.00    0.00   26.87
19:46:38     all   37.60    0.00   26.09    0.00    0.00    8.95    0.26    0.00    0.00   27.11
19:46:39     all   38.21    0.00   26.41    0.00    0.00    9.49    0.26    0.00    0.00   25.64
19:46:40     all   37.01    0.00   25.20    0.00    0.00    8.92    0.00    0.00    0.00   28.87
19:46:41     all   38.11    0.00   25.58    0.00    0.00    8.70    0.00    0.00    0.00   27.62
19:46:42     all   37.44    0.00   26.15    0.00    0.00    8.72    0.00    0.00    0.00   27.69
19:46:43     all   38.34    0.00   25.91    0.00    0.00    7.77    0.00    0.00    0.00   27.98
19:46:44     all   37.17    0.00   25.39    0.00    0.00    7.33    0.26    0.00    0.00   29.84
19:46:45     all   38.21    0.00   24.62    0.00    0.00    8.72    0.26    0.00    0.00   28.21
19:46:46     all   39.09    0.00   26.40    0.00    0.00    9.64    0.00    0.00    0.00   24.87
19:46:47     all   40.26    0.00   24.16    0.00    0.00    9.35    0.00    0.00    0.00   26.23
19:46:48     all   39.33    0.00   25.19    0.00    0.00    8.23    0.00    0.00    0.00   27.25
19:46:49     all   37.63    0.00   25.52    0.00    0.00    7.22    0.00    0.00    0.00   29.64
19:46:50     all   38.05    0.00   26.48    0.00    0.00    8.23    0.00    0.00    0.00   27.25
19:46:51     all   38.56    0.00   26.48    0.00    0.00    8.23    0.00    0.00    0.00   26.74
19:46:52     all   37.66    0.00   25.71    0.26    0.00    8.57    0.00    0.00    0.00   27.79
19:46:53     all   37.02    0.00   24.68    0.00    0.00    9.00    0.26    0.00    0.00   29.05
19:46:54     all   38.30    0.00   25.45    0.00    0.00    9.25    0.00    0.00    0.00   26.99
19:46:55     all   18.48    0.00   12.15    0.00    0.00    5.32    0.00    0.00    0.00   64.05
19:46:56     all    5.61    0.00    4.34    0.00    0.00    2.81    0.00    0.00    0.00   87.24
19:46:57     all   16.62    0.00    8.31    0.00    0.00    6.43    0.00    0.00    0.00   68.63
19:46:58     all   24.26    0.00   13.75    0.00    0.00    6.47    0.27    0.00    0.00   55.26
19:46:59     all   31.84    0.00   20.79    0.00    0.00    6.58    0.26    0.00    0.00   40.53
19:47:00     all   41.07    0.00   23.72    0.00    0.00    8.67    0.26    0.00    0.00   26.28
19:47:01     all   44.92    0.00   28.68    0.00    0.00   14.21    0.00    0.00    0.00   12.18
19:47:02     all   48.74    0.00   27.39    0.00    0.00   15.08    0.25    0.00    0.00    8.54
19:47:03     all   47.10    0.00   26.70    0.00    0.00   17.63    0.00    0.00    0.00    8.56
19:47:04     all   50.50    0.00   23.50    0.00    0.00   20.00    0.00    0.00    0.00    6.00
19:47:05     all   47.99    0.00   25.63    0.00    0.00   20.60    0.00    0.00    0.00    5.78
19:47:06     all   47.73    0.00   25.76    0.00    0.00   20.71    0.00    0.00    0.00    5.81
19:47:07     all   50.38    0.00   24.81    0.00    0.00   21.80    0.00    0.00    0.00    3.01
19:47:08     all   48.35    0.00   25.32    0.00    0.00   21.27    0.00    0.00    0.00    5.06
19:47:09     all   51.50    0.00   23.75    0.00    0.00   20.00    0.00    0.00    0.00    4.75
19:47:10     all   48.37    0.00   24.31    0.00    0.00   20.30    0.00    0.00    0.00    7.02
19:47:11     all   49.12    0.00   23.93    0.00    0.00   21.66    0.00    0.00    0.00    5.29
19:47:12     all   49.00    0.00   23.50    0.00    0.00   21.50    0.00    0.00    0.00    6.00
19:47:13     all   48.51    0.00   23.38    0.00    0.00   21.39    0.50    0.00    0.00    6.22
19:47:14     all   49.87    0.00   24.94    0.00    0.00   22.17    0.00    0.00    0.00    3.02
19:47:15     all   49.12    0.00   24.69    0.00    0.00   20.40    0.25    0.00    0.00    5.54
19:47:16     all   48.49    0.00   25.63    0.00    0.00   20.85    0.00    0.00    0.00    5.03
19:47:17     all   48.49    0.00   24.37    0.00    0.00   20.60    0.00    0.00    0.00    6.53
19:47:18     all   48.87    0.00   23.81    0.00    0.00   21.30    0.25    0.00    0.00    5.76
19:47:19     all   49.75    0.00   23.62    0.00    0.00   20.85    0.00    0.00    0.00    5.78
19:47:20     all   49.37    0.00   23.31    0.00    0.00   20.30    0.00    0.00    0.00    7.02
19:47:21     all   49.75    0.00   25.38    0.00    0.00   21.61    0.00    0.00    0.00    3.27
19:47:22     all   48.24    0.00   23.37    0.00    0.00   21.86    0.00    0.00    0.00    6.53
19:47:23     all   48.36    0.00   24.69    0.00    0.00   20.40    0.00    0.00    0.00    6.55
19:47:24     all   50.13    0.00   22.78    0.00    0.00   21.52    0.00    0.00    0.00    5.57
19:47:25     all   29.90    0.00   18.84    0.00    0.00   13.82    0.00    0.00    0.00   37.44
