Running 30s test @ http://10.116.0.2:8080/block?ms=100
  4 threads and 1000 connections
  Thread calibration: mean lat.: 102.910ms, rate sampling interval: 210ms
  Thread calibration: mean lat.: 102.702ms, rate sampling interval: 209ms
  Thread calibration: mean lat.: 102.685ms, rate sampling interval: 209ms
  Thread calibration: mean lat.: 102.861ms, rate sampling interval: 210ms
  Thread Stats   Avg      Stdev     Max   +/- Stdev
    Latency   102.65ms    2.20ms 130.62ms   89.61%
    Req/Sec     2.25k   208.37     2.38k    82.87%
  Latency Distribution (HdrHistogram - Recorded Latency)
 50.000%  102.01ms
 75.000%  103.23ms
 90.000%  104.89ms
 99.000%  112.70ms
 99.900%  119.55ms
 99.990%  127.49ms
 99.999%  130.37ms
100.000%  130.69ms

  Detailed Percentile spectrum:
       Value   Percentile   TotalCount 1/(1-Percentile)

     100.287     0.000000            7         1.00
     100.991     0.100000        16880         1.11
     101.311     0.200000        36162         1.25
     101.567     0.300000        54484         1.43
     101.759     0.400000        68112         1.67
     102.015     0.500000        84366         2.00
     102.207     0.550000        94306         2.22
     102.399     0.600000       102809         2.50
     102.591     0.650000       109687         2.86
     102.911     0.700000       119454         3.33
     103.231     0.750000       127529         4.00
     103.423     0.775000       131565         4.44
     103.615     0.800000       135335         5.00
     103.871     0.825000       139704         5.71
     104.127     0.850000       143439         6.67
     104.447     0.875000       147441         8.00
     104.639     0.887500       149464         8.89
     104.895     0.900000       151810        10.00
     105.151     0.912500       153726        11.43
     105.471     0.925000       155838        13.33
     105.855     0.937500       157929        16.00
     106.111     0.943750       159066        17.78
     106.367     0.950000       160050        20.00
     106.687     0.956250       161031        22.86
     107.135     0.962500       162209        26.67
     107.583     0.968750       163137        32.00
     107.903     0.971875       163682        35.56
     108.287     0.975000       164209        40.00
     108.735     0.978125       164786        45.71
     109.183     0.981250       165244        53.33
     109.951     0.984375       165780        64.00
     110.399     0.985938       166032        71.11
     111.039     0.987500       166309        80.00
     111.935     0.989062       166556        91.43
     113.151     0.990625       166835       106.67
     113.919     0.992188       167095       128.00
     114.303     0.992969       167213       142.22
     114.879     0.993750       167364       160.00
     115.455     0.994531       167490       182.86
     115.967     0.995313       167613       213.33
     116.479     0.996094       167758       256.00
     116.735     0.996484       167811       284.44
     117.055     0.996875       167876       320.00
     117.375     0.997266       167941       365.71
     117.759     0.997656       168018       426.67
     118.079     0.998047       168076       512.00
     118.271     0.998242       168103       568.89
     118.527     0.998437       168146       640.00
     118.719     0.998633       168171       731.43
     118.975     0.998828       168203       853.33
     119.615     0.999023       168233      1024.00
     119.999     0.999121       168249      1137.78
     120.575     0.999219       168268      1280.00
     120.895     0.999316       168285      1462.86
     121.407     0.999414       168300      1706.67
     122.047     0.999512       168316      2048.00
     122.495     0.999561       168324      2275.56
     123.903     0.999609       168332      2560.00
     124.159     0.999658       168340      2925.71
     124.607     0.999707       168350      3413.33
     124.927     0.999756       168357      4096.00
     125.119     0.999780       168360      4551.11
     125.695     0.999805       168365      5120.00
     125.887     0.999829       168370      5851.43
     126.783     0.999854       168373      6826.67
     127.039     0.999878       168377      8192.00
     127.103     0.999890       168379      9102.22
     127.551     0.999902       168381     10240.00
     128.063     0.999915       168383     11702.86
     129.279     0.999927       168385     13653.33
     129.471     0.999939       168387     16384.00
     129.535     0.999945       168388     18204.44
     129.599     0.999951       168389     20480.00
     129.727     0.999957       168391     23405.71
     129.727     0.999963       168391     27306.67
     129.791     0.999969       168392     32768.00
     129.919     0.999973       168393     36408.89
     129.919     0.999976       168393     40960.00
     129.983     0.999979       168394     46811.43
     129.983     0.999982       168394     54613.33
     130.367     0.999985       168396     65536.00
     130.367     0.999986       168396     72817.78
     130.367     0.999988       168396     81920.00
     130.367     0.999989       168396     93622.86
     130.367     0.999991       168396    109226.67
     130.367     0.999992       168396    131072.00
     130.367     0.999993       168396    145635.56
     130.367     0.999994       168396    163840.00
     130.687     0.999995       168397    187245.71
     130.687     1.000000       168397          inf
#[Mean    =      102.655, StdDeviation   =        2.202]
#[Max     =      130.624, Total count    =       168397]
#[Buckets =           27, SubBuckets     =         2048]
----------------------------------------------------------
  260153 requests in 30.00s, 33.99MB read
Requests/sec:   8671.62
Transfer/sec:      1.13MB
