Running 30s test @ http://10.116.0.2:8080/block?ms=100
  4 threads and 4000 connections
  Thread calibration: mean lat.: 110.279ms, rate sampling interval: 259ms
  Thread calibration: mean lat.: 110.824ms, rate sampling interval: 262ms
  Thread calibration: mean lat.: 109.948ms, rate sampling interval: 257ms
  Thread calibration: mean lat.: 110.260ms, rate sampling interval: 259ms
  Thread Stats   Avg      Stdev     Max   +/- Stdev
    Latency   110.63ms   14.12ms 233.22ms   86.40%
    Req/Sec     9.01k   399.42     9.92k    65.07%
  Latency Distribution (HdrHistogram - Recorded Latency)
 50.000%  104.06ms
 75.000%  114.56ms
 90.000%  129.60ms
 99.000%  164.48ms
 99.900%  193.02ms
 99.990%  210.43ms
 99.999%  221.31ms
100.000%  233.34ms

  Detailed Percentile spectrum:
       Value   Percentile   TotalCount 1/(1-Percentile)

     100.287     0.000000           44         1.00
     101.055     0.100000        55347         1.11
     101.439     0.200000       108615         1.25
     101.887     0.300000       162572         1.43
     102.591     0.400000       216456         1.67
     104.063     0.500000       269860         2.00
     105.279     0.550000       297209         2.22
     106.815     0.600000       324253         2.50
     108.735     0.650000       350571         2.86
     111.359     0.700000       377623         3.33
     114.559     0.750000       404582         4.00
     116.351     0.775000       417960         4.44
     118.527     0.800000       431680         5.00
     120.831     0.825000       444979         5.71
     123.327     0.850000       458699         6.67
     126.143     0.875000       471897         8.00
     127.807     0.887500       478823         8.89
     129.599     0.900000       485345        10.00
     131.711     0.912500       492231        11.43
     134.143     0.925000       499077        13.33
     136.959     0.937500       505728        16.00
     138.751     0.943750       508981        17.78
     140.799     0.950000       512387        20.00
     143.103     0.956250       515815        22.86
     145.535     0.962500       519156        26.67
     148.351     0.968750       522474        32.00
     149.887     0.971875       524121        35.56
     151.679     0.975000       525875        40.00
     153.599     0.978125       527528        45.71
     155.647     0.981250       529158        53.33
     158.335     0.984375       530863        64.00
     159.743     0.985938       531691        71.11
     161.407     0.987500       532544        80.00
     163.327     0.989062       533426        91.43
     165.247     0.990625       534243       106.67
     167.551     0.992188       535067       128.00
     169.087     0.992969       535484       142.22
     170.623     0.993750       535916       160.00
     172.287     0.994531       536333       182.86
     174.079     0.995313       536756       213.33
     176.255     0.996094       537175       256.00
     177.535     0.996484       537378       284.44
     178.943     0.996875       537583       320.00
     180.863     0.997266       537802       365.71
     182.655     0.997656       538005       426.67
     185.215     0.998047       538215       512.00
     186.751     0.998242       538326       568.89
     188.287     0.998437       538429       640.00
     189.695     0.998633       538533       731.43
     191.615     0.998828       538641       853.33
     193.151     0.999023       538744      1024.00
     194.559     0.999121       538796      1137.78
     195.839     0.999219       538853      1280.00
     197.119     0.999316       538903      1462.86
     198.527     0.999414       538959      1706.67
     199.551     0.999512       539005      2048.00
     200.447     0.999561       539033      2275.56
     201.727     0.999609       539059      2560.00
     203.007     0.999658       539085      2925.71
     204.031     0.999707       539113      3413.33
     204.927     0.999756       539137      4096.00
     205.439     0.999780       539153      4551.11
     205.951     0.999805       539163      5120.00
     206.847     0.999829       539177      5851.43
     208.127     0.999854       539192      6826.67
     209.791     0.999878       539205      8192.00
     210.047     0.999890       539209      9102.22
     210.687     0.999902       539217     10240.00
     211.071     0.999915       539223     11702.86
     211.583     0.999927       539229     13653.33
     212.479     0.999939       539236     16384.00
     212.991     0.999945       539239     18204.44
     213.247     0.999951       539242     20480.00
     213.759     0.999957       539247     23405.71
     213.887     0.999963       539249     27306.67
     214.271     0.999969       539252     32768.00
     214.527     0.999973       539255     36408.89
     214.527     0.999976       539255     40960.00
     215.295     0.999979       539257     46811.43
     215.807     0.999982       539259     54613.33
     215.935     0.999985       539260     65536.00
     217.471     0.999986       539261     72817.78
     217.599     0.999988       539262     81920.00
     221.311     0.999989       539263     93622.86
     221.567     0.999991       539264    109226.67
     221.567     0.999992       539264    131072.00
     225.023     0.999993       539265    145635.56
     225.023     0.999994       539265    163840.00
     230.271     0.999995       539266    187245.71
     230.271     0.999995       539266    218453.33
     230.271     0.999996       539266    262144.00
     231.167     0.999997       539267    291271.11
     231.167     0.999997       539267    327680.00
     231.167     0.999997       539267    374491.43
     231.167     0.999998       539267    436906.67
     231.167     0.999998       539267    524288.00
     233.343     0.999998       539268    582542.22
     233.343     1.000000       539268          inf
#[Mean    =      110.627, StdDeviation   =       14.117]
#[Max     =      233.216, Total count    =       539268]
#[Buckets =           27, SubBuckets     =         2048]
----------------------------------------------------------
  983877 requests in 30.00s, 128.55MB read
Requests/sec:  32795.73
Transfer/sec:      4.28MB
