Running 30s test @ http://10.116.0.2:8080/json
  4 threads and 256 connections
  Thread calibration: mean lat.: 1.192ms, rate sampling interval: 10ms
  Thread calibration: mean lat.: 1.544ms, rate sampling interval: 10ms
  Thread calibration: mean lat.: 1.194ms, rate sampling interval: 10ms
  Thread calibration: mean lat.: 1.559ms, rate sampling interval: 10ms
  Thread Stats   Avg      Stdev     Max   +/- Stdev
    Latency     1.37ms  685.71us  10.63ms   73.52%
    Req/Sec     5.26k     1.46k   10.56k    78.74%
  Latency Distribution (HdrHistogram - Recorded Latency)
 50.000%    1.28ms
 75.000%    1.73ms
 90.000%    2.18ms
 99.000%    3.65ms
 99.900%    5.77ms
 99.990%    8.22ms
 99.999%    9.88ms
100.000%   10.64ms

  Detailed Percentile spectrum:
       Value   Percentile   TotalCount 1/(1-Percentile)

       0.206     0.000000            1         1.00
       0.608     0.100000        39491         1.11
       0.798     0.200000        78768         1.25
       0.965     0.300000       118308         1.43
       1.126     0.400000       157640         1.67
       1.284     0.500000       197063         2.00
       1.365     0.550000       216710         2.22
       1.450     0.600000       236327         2.50
       1.538     0.650000       256031         2.86
       1.629     0.700000       275683         3.33
       1.725     0.750000       295389         4.00
       1.776     0.775000       305137         4.44
       1.833     0.800000       315026         5.00
       1.898     0.825000       324827         5.71
       1.976     0.850000       334639         6.67
       2.069     0.875000       344609         8.00
       2.123     0.887500       349545         8.89
       2.181     0.900000       354369        10.00
       2.247     0.912500       359269        11.43
       2.321     0.925000       364123        13.33
       2.413     0.937500       369142        16.00
       2.463     0.943750       371506        17.78
       2.525     0.950000       374009        20.00
       2.597     0.956250       376474        22.86
       2.683     0.962500       378910        26.67
       2.787     0.968750       381352        32.00
       2.847     0.971875       382582        35.56
       2.923     0.975000       383820        40.00
       3.007     0.978125       385048        45.71
       3.115     0.981250       386272        53.33
       3.261     0.984375       387503        64.00
       3.345     0.985938       388108        71.11
       3.451     0.987500       388724        80.00
       3.571     0.989062       389342        91.43
       3.715     0.990625       389953       106.67
       3.887     0.992188       390566       128.00
       3.989     0.992969       390875       142.22
       4.093     0.993750       391182       160.00
       4.219     0.994531       391489       182.86
       4.351     0.995313       391796       213.33
       4.491     0.996094       392106       256.00
       4.587     0.996484       392258       284.44
       4.707     0.996875       392410       320.00
       4.827     0.997266       392566       365.71
       4.971     0.997656       392723       426.67
       5.123     0.998047       392875       512.00
       5.227     0.998242       392950       568.89
       5.335     0.998437       393026       640.00
       5.443     0.998633       393103       731.43
       5.587     0.998828       393180       853.33
       5.795     0.999023       393256      1024.00
       5.887     0.999121       393296      1137.78
       5.999     0.999219       393333      1280.00
       6.147     0.999316       393371      1462.86
       6.287     0.999414       393410      1706.67
       6.407     0.999512       393448      2048.00
       6.475     0.999561       393468      2275.56
       6.575     0.999609       393487      2560.00
       6.715     0.999658       393506      2925.71
       6.811     0.999707       393525      3413.33
       6.999     0.999756       393545      4096.00
       7.099     0.999780       393555      4551.11
       7.243     0.999805       393564      5120.00
       7.343     0.999829       393573      5851.43
       7.595     0.999854       393583      6826.67
       7.819     0.999878       393592      8192.00
       8.015     0.999890       393597      9102.22
       8.231     0.999902       393602     10240.00
       8.471     0.999915       393607     11702.86
       8.559     0.999927       393612     13653.33
       8.663     0.999939       393616     16384.00
       8.767     0.999945       393619     18204.44
       8.871     0.999951       393621     20480.00
       8.983     0.999957       393624     23405.71
       9.127     0.999963       393626     27306.67
       9.279     0.999969       393628     32768.00
       9.399     0.999973       393630     36408.89
       9.415     0.999976       393631     40960.00
       9.487     0.999979       393632     46811.43
       9.607     0.999982       393633     54613.33
       9.679     0.999985       393634     65536.00
       9.711     0.999986       393635     72817.78
       9.879     0.999988       393636     81920.00
       9.879     0.999989       393636     93622.86
       9.903     0.999991       393637    109226.67
       9.903     0.999992       393637    131072.00
       9.951     0.999993       393638    145635.56
       9.951     0.999994       393638    163840.00
       9.951     0.999995       393638    187245.71
      10.255     0.999995       393639    218453.33
      10.255     0.999996       393639    262144.00
      10.255     0.999997       393639    291271.11
      10.255     0.999997       393639    327680.00
      10.255     0.999997       393639    374491.43
      10.639     0.999998       393640    436906.67
      10.639     1.000000       393640          inf
#[Mean    =        1.371, StdDeviation   =        0.686]
#[Max     =       10.632, Total count    =       393640]
#[Buckets =           27, SubBuckets     =         2048]
----------------------------------------------------------
  588514 requests in 30.01s, 84.19MB read
Requests/sec:  19613.09
Transfer/sec:      2.81MB
