Running 30s test @ http://10.116.0.2:8080/json
  4 threads and 256 connections
  Thread calibration: mean lat.: 1.491ms, rate sampling interval: 10ms
  Thread calibration: mean lat.: 1.502ms, rate sampling interval: 10ms
  Thread calibration: mean lat.: 1.514ms, rate sampling interval: 10ms
  Thread calibration: mean lat.: 1.729ms, rate sampling interval: 10ms
  Thread Stats   Avg      Stdev     Max   +/- Stdev
    Latency     1.55ms    0.86ms  18.26ms   79.25%
    Req/Sec    10.55k     1.48k   18.33k    76.23%
  Latency Distribution (HdrHistogram - Recorded Latency)
 50.000%    1.42ms
 75.000%    1.94ms
 90.000%    2.45ms
 99.000%    4.59ms
 99.900%    8.54ms
 99.990%   14.08ms
 99.999%   16.54ms
100.000%   18.27ms

  Detailed Percentile spectrum:
       Value   Percentile   TotalCount 1/(1-Percentile)

       0.212     0.000000            1         1.00
       0.688     0.100000        78731         1.11
       0.890     0.200000       157856         1.25
       1.071     0.300000       236501         1.43
       1.244     0.400000       315248         1.67
       1.416     0.500000       393734         2.00
       1.508     0.550000       433240         2.22
       1.605     0.600000       472450         2.50
       1.710     0.650000       511961         2.86
       1.820     0.700000       551029         3.33
       1.941     0.750000       590642         4.00
       2.006     0.775000       610080         4.44
       2.077     0.800000       629940         5.00
       2.153     0.825000       649582         5.71
       2.239     0.850000       669385         6.67
       2.337     0.875000       688942         8.00
       2.391     0.887500       698653         8.89
       2.453     0.900000       708503        10.00
       2.525     0.912500       718535        11.43
       2.607     0.925000       728270        13.33
       2.713     0.937500       738031        16.00
       2.779     0.943750       742900        17.78
       2.859     0.950000       747851        20.00
       2.957     0.956250       752806        22.86
       3.081     0.962500       757701        26.67
       3.237     0.968750       762586        32.00
       3.337     0.971875       765032        35.56
       3.461     0.975000       767485        40.00
       3.609     0.978125       769970        45.71
       3.787     0.981250       772406        53.33
       4.023     0.984375       774880        64.00
       4.155     0.985938       776121        71.11
       4.303     0.987500       777334        80.00
       4.475     0.989062       778573        91.43
       4.667     0.990625       779797       106.67
       4.899     0.992188       781027       128.00
       5.039     0.992969       781649       142.22
       5.203     0.993750       782261       160.00
       5.399     0.994531       782860       182.86
       5.619     0.995313       783486       213.33
       5.883     0.996094       784094       256.00
       6.035     0.996484       784397       284.44
       6.243     0.996875       784707       320.00
       6.495     0.997266       785013       365.71
       6.787     0.997656       785320       426.67
       7.131     0.998047       785626       512.00
       7.347     0.998242       785781       568.89
       7.579     0.998437       785934       640.00
       7.859     0.998633       786087       731.43
       8.199     0.998828       786246       853.33
       8.591     0.999023       786395      1024.00
       8.831     0.999121       786472      1137.78
       9.151     0.999219       786549      1280.00
       9.519     0.999316       786626      1462.86
       9.967     0.999414       786703      1706.67
      10.431     0.999512       786780      2048.00
      10.695     0.999561       786819      2275.56
      11.031     0.999609       786856      2560.00
      11.351     0.999658       786896      2925.71
      11.935     0.999707       786934      3413.33
      12.399     0.999756       786971      4096.00
      12.975     0.999780       786991      4551.11
      13.263     0.999805       787010      5120.00
      13.383     0.999829       787030      5851.43
      13.615     0.999854       787048      6826.67
      13.823     0.999878       787067      8192.00
      13.975     0.999890       787078      9102.22
      14.135     0.999902       787087     10240.00
      14.447     0.999915       787096     11702.86
      14.863     0.999927       787106     13653.33
      15.191     0.999939       787115     16384.00
      15.439     0.999945       787120     18204.44
      15.655     0.999951       787125     20480.00
      15.743     0.999957       787130     23405.71
      15.927     0.999963       787135     27306.67
      15.983     0.999969       787139     32768.00
      16.079     0.999973       787142     36408.89
      16.127     0.999976       787144     40960.00
      16.319     0.999979       787147     46811.43
      16.447     0.999982       787150     54613.33
      16.463     0.999985       787151     65536.00
      16.479     0.999986       787153     72817.78
      16.495     0.999988       787154     81920.00
      16.543     0.999989       787155     93622.86
      16.623     0.999991       787157    109226.67
      16.623     0.999992       787157    131072.00
      16.639     0.999993       787158    145635.56
      16.671     0.999994       787159    163840.00
      16.671     0.999995       787159    187245.71
      16.735     0.999995       787160    218453.33
      16.735     0.999996       787160    262144.00
      16.847     0.999997       787161    291271.11
      16.847     0.999997       787161    327680.00
      16.847     0.999997       787161    374491.43
      17.503     0.999998       787162    436906.67
      17.503     0.999998       787162    524288.00
      17.503     0.999998       787162    582542.22
      17.503     0.999998       787162    655360.00
      17.503     0.999999       787162    748982.86
      18.271     0.999999       787163    873813.33
      18.271     1.000000       787163          inf
#[Mean    =        1.551, StdDeviation   =        0.862]
#[Max     =       18.256, Total count    =       787163]
#[Buckets =           27, SubBuckets     =         2048]
----------------------------------------------------------
  1185276 requests in 30.00s, 169.56MB read
Requests/sec:  39509.14
Transfer/sec:      5.65MB
