1790883683 9448
1790883684 14636
1790883685 16976
1790883686 16532
1790883687 16900
1790883688 17004
1790883689 16892
1790883690 16892
1790883691 16608
1790883693 16596
1790883694 16620
1790883695 16580
1790883696 16668
1790883697 16868
1790883698 16692
1790883699 16956
1790883700 16884
1790883701 16852
1790883702 16988
1790883703 16432
1790883704 16984
1790883705 16768
1790883706 16704
1790883707 17040
1790883708 16840
1790883709 16896
1790883710 17144
1790883711 17072
1790883712 16580
1790883713 16848
1790883714 16564
1790883715 41728
1790883716 55772
1790883717 56780
1790883718 57784
1790883720 58340
1790883721 58500
1790883722 58504
1790883723 58524
1790883724 58524
1790883725 58536
1790883726 58540
1790883727 58540
1790883728 58544
1790883729 58548
1790883730 58548
1790883731 58552
1790883732 58552
1790883733 59064
1790883734 59064
1790883735 59064
1790883736 59064
1790883737 59068
1790883738 59068
1790883739 59068
1790883740 59068
1790883741 59068
1790883742 59068
1790883743 59068
1790883744 59080
1790883745 26632
1790883746 25800
1790883747 25536
1790883749 25504
1790883750 25336
1790883751 25232
1790883752 25264
1790883753 25288
1790883754 25288
1790883755 25576
1790883756 25384
1790883757 25192
1790883758 25512
1790883759 25704
1790883760 25256
1790883761 25320
1790883762 25128
1790883763 25512
1790883764 25128
1790883765 25256
1790883766 25512
1790883767 25552
1790883768 25336
1790883769 25192
1790883770 25256
1790883771 25128
1790883772 25192
1790883773 24804
1790883774 22164
1790883776 24980
1790883777 24884
1790883778 24892
1790883779 25236
1790883780 24828
1790883781 25108
1790883782 25108
1790883783 25204
1790883784 25116
1790883785 24852
1790883786 25340
1790883787 25172
1790883788 24700
1790883789 24980
1790883790 25076
1790883791 25236
1790883792 24980
1790883793 25236
1790883794 24852
1790883795 24940
1790883797 24804
1790883798 24988
1790883799 24812
1790883800 24980
1790883801 25236
1790883802 25236
1790883803 24756
1790883804 25236
1790883805 23404
1790883806 24952
1790883807 25152
1790883808 25216
1790883809 25080
1790883810 24904
1790883811 24888
1790883812 25520
1790883814 25200
1790883815 25224
1790883816 25008
1790883817 24944
1790883818 25200
1790883819 25296
1790883820 25264
1790883821 25240
1790883822 25144
1790883823 25080
1790883824 25208
1790883825 25168
1790883826 25328
1790883827 25128
1790883828 24872
1790883829 25200
1790883831 24936
1790883832 25000
1790883833 25096
1790883834 25164
1790883835 21700
1790883836 25540
1790883837 24948
1790883838 25228
1790883839 25164
1790883840 24892
1790883841 24980
1790883842 24972
1790883843 24956
1790883845 25044
1790883846 25148
1790883847 25228
1790883848 25268
1790883849 24948
1790883850 24908
1790883851 25204
1790883852 25204
1790883853 24996
1790883854 25076
1790883855 25044
1790883856 25052
1790883857 25420
1790883858 25092
1790883859 25204
1790883860 25076
1790883862 25156
1790883863 25204
1790883864 25204
1790883865 23720
1790883866 25076
1790883867 25100
1790883868 25076
1790883869 25028
1790883870 25412
1790883871 25084
1790883872 25084
1790883873 25132
1790883874 25148
1790883875 25364
1790883876 25084
1790883878 25164
1790883879 25084
1790883880 25396
1790883881 25084
1790883882 25428
1790883883 24780
1790883884 25532
1790883885 25076
1790883886 24948
1790883887 24948
1790883888 25140
1790883889 25140
1790883891 25140
1790883892 25012
1790883893 25140
1790883894 25212
1790883895 21396
1790883896 25800
1790883897 25304
1790883898 25000
1790883899 25232
1790883900 25336
1790883901 25000
1790883902 24992
1790883903 24968
1790883904 24984
1790883905 25000
1790883906 25016
1790883908 24776
1790883909 25000
1790883910 25024
1790883911 25000
1790883912 25420
1790883913 25040
1790883914 24848
1790883915 25008
1790883916 25000
1790883917 24872
1790883918 24848
1790883919 24968
1790883920 25392
1790883921 25296
1790883923 25360
1790883924 24992
1790883925 24968
1790883926 44132
1790883927 56140
1790883928 56588
1790883929 60172
1790883930 61200
1790883931 61204
1790883932 61204
1790883933 61204
1790883934 60636
1790883935 60636
1790883936 60636
1790883937 60444
1790883938 60444
1790883939 60444
1790883940 60320
1790883941 60000
1790883942 59744
1790883943 59616
1790883944 59616
1790883945 59620
1790883946 59620
1790883947 59628
1790883948 59628
1790883949 59700
1790883951 59700
1790883952 59700
1790883953 59700
1790883954 59700
1790883955 59716
1790883956 54344
1790883957 75708
1790883958 99336
1790883959 102204
1790883960 102364
1790883961 102364
1790883962 102368
1790883963 102368
1790883964 103404
1790883965 103408
1790883966 103408
1790883967 103408
1790883968 103408
1790883969 103408
1790883970 103408
1790883971 103408
1790883972 103408
1790883973 103408
1790883974 103408
1790883975 103408
1790883977 103408
1790883978 103408
1790883979 103408
1790883980 103408
1790883981 103408
1790883982 103408
1790883983 103408
1790883984 103408
1790883985 103408
1790883986 103408
1790883987 99752
1790883988 111520
1790883989 141248
1790883990 174816
1790883991 191780
1790883992 191876
1790883993 192012
1790883994 192028
1790883995 192032
1790883996 192032
1790883997 192048
1790883999 192048
1790884000 192048
1790884001 192048
1790884002 192048
1790884003 192048
1790884004 192048
1790884005 192048
1790884006 192048
1790884007 192048
1790884008 192048
1790884009 192048
1790884010 192060
1790884011 192060
1790884012 192064
1790884013 192064
1790884014 192064
1790884015 192064
1790884016 192064
1790884017 173188
1790884019 159220
1790884020 169652
1790884021 201272
1790884022 239556
1790884023 280332
1790884024 304500
1790884025 352972
1790884026 371372
1790884027 371600
1790884028 371676
1790884029 371764
1790884030 371768
1790884031 371768
1790884032 371772
1790884034 371776
1790884035 371776
1790884036 371784
1790884037 371784
1790884038 371784
1790884039 371784
1790884040 371784
1790884041 371784
1790884042 371792
1790884043 371800
1790884045 371800
1790884046 371800
