Running 30s test @ http://10.116.0.2:8080/json
  4 threads and 256 connections
  Thread calibration: mean lat.: 1286.759ms, rate sampling interval: 5107ms
  Thread calibration: mean lat.: 1345.951ms, rate sampling interval: 4907ms
  Thread calibration: mean lat.: 1240.527ms, rate sampling interval: 4939ms
  Thread calibration: mean lat.: 1234.915ms, rate sampling interval: 4952ms
  Thread Stats   Avg      Stdev     Max   +/- Stdev
    Latency     5.71s     1.69s    9.33s    58.15%
    Req/Sec    17.60k   120.58    17.76k    76.92%
  Latency Distribution (HdrHistogram - Recorded Latency)
 50.000%    5.71s 
 75.000%    7.16s 
 90.000%    8.02s 
 99.000%    8.71s 
 99.900%    9.01s 
 99.990%    9.27s 
 99.999%    9.34s 
100.000%    9.34s 

  Detailed Percentile spectrum:
       Value   Percentile   TotalCount 1/(1-Percentile)

    2412.543     0.000000            1         1.00
    3379.199     0.100000       138963         1.11
    3958.783     0.200000       277305         1.25
    4550.655     0.300000       416718         1.43
    5128.191     0.400000       554968         1.67
    5705.727     0.500000       693906         2.00
    5996.543     0.550000       763198         2.22
    6287.359     0.600000       832805         2.50
    6574.079     0.650000       901324         2.86
    6873.087     0.700000       970685         3.33
    7159.807     0.750000      1040673         4.00
    7303.167     0.775000      1075066         4.44
    7450.623     0.800000      1109855         5.00
    7593.983     0.825000      1144471         5.71
    7737.343     0.850000      1179139         6.67
    7880.703     0.875000      1213537         8.00
    7950.335     0.887500      1230674         8.89
    8024.063     0.900000      1248356        10.00
    8097.791     0.912500      1265628        11.43
    8175.615     0.925000      1283069        13.33
    8253.439     0.937500      1300322        16.00
    8294.399     0.943750      1309425        17.78
    8335.359     0.950000      1317937        20.00
    8376.319     0.956250      1325976        22.86
    8421.375     0.962500      1334533        26.67
    8470.527     0.968750      1343671        32.00
    8495.103     0.971875      1347716        35.56
    8527.871     0.975000      1352428        40.00
    8560.639     0.978125      1356952        45.71
    8593.407     0.981250      1361263        53.33
    8626.175     0.984375      1365200        64.00
    8650.751     0.985938      1367836        71.11
    8667.135     0.987500      1369573        80.00
    8691.711     0.989062      1371846        91.43
    8716.287     0.990625      1373820       106.67
    8749.055     0.992188      1375970       128.00
    8765.439     0.992969      1376864       142.22
    8781.823     0.993750      1377829       160.00
    8806.399     0.994531      1379047       182.86
    8830.975     0.995313      1380175       213.33
    8855.551     0.996094      1381153       256.00
    8871.935     0.996484      1381850       284.44
    8880.127     0.996875      1382226       320.00
    8896.511     0.997266      1382936       365.71
    8912.895     0.997656      1383394       426.67
    8937.471     0.998047      1383921       512.00
    8945.663     0.998242      1384076       568.89
    8962.047     0.998437      1384427       640.00
    8978.431     0.998633      1384651       731.43
    8994.815     0.998828      1384932       853.33
    9011.199     0.999023      1385164      1024.00
    9027.583     0.999121      1385345      1137.78
    9035.775     0.999219      1385472      1280.00
    9043.967     0.999316      1385550      1462.86
    9060.351     0.999414      1385710      1706.67
    9076.735     0.999512      1385811      2048.00
    9101.311     0.999561      1385893      2275.56
    9117.695     0.999609      1385957      2560.00
    9142.271     0.999658      1386022      2925.71
    9158.655     0.999707      1386079      3413.33
    9183.231     0.999756      1386149      4096.00
    9191.423     0.999780      1386176      4551.11
    9207.807     0.999805      1386213      5120.00
    9240.575     0.999829      1386273      5851.43
    9248.767     0.999854      1386307      6826.67
    9256.959     0.999878      1386314      8192.00
    9265.151     0.999890      1386331      9102.22
    9273.343     0.999902      1386349     10240.00
    9281.535     0.999915      1386361     11702.86
    9297.919     0.999927      1386377     13653.33
    9306.111     0.999939      1386395     16384.00
    9314.303     0.999945      1386413     18204.44
    9314.303     0.999951      1386413     20480.00
    9322.495     0.999957      1386429     23405.71
    9322.495     0.999963      1386429     27306.67
    9330.687     0.999969      1386451     32768.00
    9330.687     0.999973      1386451     36408.89
    9330.687     0.999976      1386451     40960.00
    9330.687     0.999979      1386451     46811.43
    9338.879     0.999982      1386477     54613.33
    9338.879     1.000000      1386477          inf
#[Mean    =     5707.172, StdDeviation   =     1689.275]
#[Max     =     9330.688, Total count    =      1386477]
#[Buckets =           27, SubBuckets     =         2048]
----------------------------------------------------------
  2102617 requests in 30.00s, 300.78MB read
Requests/sec:  70087.95
Transfer/sec:     10.03MB
