Running 30s test @ http://10.116.0.2:8080/block?ms=100
  4 threads and 2000 connections
  Thread calibration: mean lat.: 103.144ms, rate sampling interval: 212ms
  Thread calibration: mean lat.: 103.357ms, rate sampling interval: 214ms
  Thread calibration: mean lat.: 103.275ms, rate sampling interval: 214ms
  Thread calibration: mean lat.: 103.360ms, rate sampling interval: 214ms
  Thread Stats   Avg      Stdev     Max   +/- Stdev
    Latency   102.64ms    2.93ms 143.36ms   91.18%
    Req/Sec     4.51k   158.74     4.84k    83.08%
  Latency Distribution (HdrHistogram - Recorded Latency)
 50.000%  101.82ms
 75.000%  102.78ms
 90.000%  105.28ms
 99.000%  115.97ms
 99.900%  130.18ms
 99.990%  136.57ms
 99.999%  142.85ms
100.000%  143.49ms

  Detailed Percentile spectrum:
       Value   Percentile   TotalCount 1/(1-Percentile)

     100.287     0.000000           40         1.00
     100.863     0.100000        32732         1.11
     101.119     0.200000        64050         1.25
     101.375     0.300000       100720         1.43
     101.567     0.400000       129120         1.67
     101.823     0.500000       164805         2.00
     101.951     0.550000       180447         2.22
     102.079     0.600000       194054         2.50
     102.207     0.650000       205570         2.86
     102.463     0.700000       223372         3.33
     102.783     0.750000       237601         4.00
     103.039     0.775000       245526         4.44
     103.295     0.800000       251925         5.00
     103.679     0.825000       259920         5.71
     104.127     0.850000       267865         6.67
     104.639     0.875000       275545         8.00
     104.959     0.887500       279748         8.89
     105.279     0.900000       283556        10.00
     105.663     0.912500       287677        11.43
     106.047     0.925000       291254        13.33
     106.559     0.937500       295167        16.00
     106.943     0.943750       297350        17.78
     107.391     0.950000       299307        20.00
     107.903     0.956250       301154        22.86
     108.543     0.962500       302998        26.67
     109.503     0.968750       304996        32.00
     110.079     0.971875       305960        35.56
     110.847     0.975000       306967        40.00
     111.679     0.978125       307938        45.71
     112.703     0.981250       308911        53.33
     113.727     0.984375       309889        64.00
     114.367     0.985938       310398        71.11
     115.007     0.987500       310908        80.00
     115.583     0.989062       311380        91.43
     116.223     0.990625       311868       106.67
     117.055     0.992188       312363       128.00
     117.567     0.992969       312595       142.22
     118.207     0.993750       312848       160.00
     118.975     0.994531       313075       182.86
     119.743     0.995313       313321       213.33
     120.575     0.996094       313567       256.00
     121.279     0.996484       313696       284.44
     122.111     0.996875       313814       320.00
     124.095     0.997266       313935       365.71
     125.503     0.997656       314062       426.67
     126.335     0.998047       314189       512.00
     126.911     0.998242       314243       568.89
     127.935     0.998437       314305       640.00
     128.639     0.998633       314366       731.43
     129.407     0.998828       314431       853.33
     130.367     0.999023       314489      1024.00
     130.943     0.999121       314524      1137.78
     131.327     0.999219       314553      1280.00
     131.711     0.999316       314583      1462.86
     132.223     0.999414       314611      1706.67
     133.759     0.999512       314643      2048.00
     134.271     0.999561       314661      2275.56
     134.655     0.999609       314673      2560.00
     135.167     0.999658       314693      2925.71
     135.423     0.999707       314708      3413.33
     135.679     0.999756       314722      4096.00
     135.807     0.999780       314730      4551.11
     135.935     0.999805       314740      5120.00
     136.063     0.999829       314748      5851.43
     136.063     0.999854       314748      6826.67
     136.447     0.999878       314762      8192.00
     136.447     0.999890       314762      9102.22
     136.575     0.999902       314767     10240.00
     136.703     0.999915       314770     11702.86
     136.831     0.999927       314772     13653.33
     136.959     0.999939       314775     16384.00
     137.215     0.999945       314777     18204.44
     137.727     0.999951       314779     20480.00
     138.367     0.999957       314782     23405.71
     138.495     0.999963       314785     27306.67
     138.495     0.999969       314785     32768.00
     139.135     0.999973       314786     36408.89
     140.927     0.999976       314787     40960.00
     141.183     0.999979       314788     46811.43
     141.311     0.999982       314789     54613.33
     142.719     0.999985       314790     65536.00
     142.719     0.999986       314790     72817.78
     142.847     0.999988       314791     81920.00
     142.847     0.999989       314791     93622.86
     142.975     0.999991       314792    109226.67
     142.975     0.999992       314792    131072.00
     142.975     0.999993       314792    145635.56
     143.359     0.999994       314793    163840.00
     143.359     0.999995       314793    187245.71
     143.359     0.999995       314793    218453.33
     143.359     0.999996       314793    262144.00
     143.359     0.999997       314793    291271.11
     143.487     0.999997       314794    327680.00
     143.487     1.000000       314794          inf
#[Mean    =      102.636, StdDeviation   =        2.928]
#[Max     =      143.360, Total count    =       314794]
#[Buckets =           27, SubBuckets     =         2048]
----------------------------------------------------------
  512847 requests in 30.00s, 67.01MB read
Requests/sec:  17094.48
Transfer/sec:      2.23MB
