Running 30s test @ http://10.116.0.2:8080/json
  4 threads and 64 connections
  Thread calibration: mean lat.: 936.629ms, rate sampling interval: 4030ms
  Thread calibration: mean lat.: 968.912ms, rate sampling interval: 4063ms
  Thread calibration: mean lat.: 986.681ms, rate sampling interval: 4210ms
  Thread calibration: mean lat.: 967.791ms, rate sampling interval: 4124ms
  Thread Stats   Avg      Stdev     Max   +/- Stdev
    Latency     1.22ms  529.30us  15.49ms   67.74%
    Req/Sec     5.00k     0.97     5.00k    93.75%
  Latency Distribution (HdrHistogram - Recorded Latency)
 50.000%    1.17ms
 75.000%    1.58ms
 90.000%    1.88ms
 99.000%    2.44ms
 99.900%    4.73ms
 99.990%    8.21ms
 99.999%   11.13ms
100.000%   15.49ms

  Detailed Percentile spectrum:
       Value   Percentile   TotalCount 1/(1-Percentile)

       0.226     0.000000            1         1.00
       0.584     0.100000        39979         1.11
       0.742     0.200000        79916         1.25
       0.884     0.300000       119781         1.43
       1.023     0.400000       159524         1.67
       1.166     0.500000       199216         2.00
       1.242     0.550000       219179         2.22
       1.321     0.600000       239133         2.50
       1.403     0.650000       259008         2.86
       1.489     0.700000       278954         3.33
       1.579     0.750000       298945         4.00
       1.624     0.775000       308905         4.44
       1.669     0.800000       318801         5.00
       1.715     0.825000       328694         5.71
       1.765     0.850000       338779         6.67
       1.816     0.875000       348609         8.00
       1.845     0.887500       353645         8.89
       1.875     0.900000       358656        10.00
       1.907     0.912500       363544        11.43
       1.944     0.925000       368545        13.33
       1.986     0.937500       373518        16.00
       2.010     0.943750       376025        17.78
       2.036     0.950000       378504        20.00
       2.065     0.956250       380978        22.86
       2.097     0.962500       383461        26.67
       2.137     0.968750       386060        32.00
       2.159     0.971875       387290        35.56
       2.185     0.975000       388494        40.00
       2.217     0.978125       389739        45.71
       2.253     0.981250       390956        53.33
       2.301     0.984375       392197        64.00
       2.329     0.985938       392817        71.11
       2.365     0.987500       393434        80.00
       2.407     0.989062       394054        91.43
       2.461     0.990625       394662       106.67
       2.531     0.992188       395281       128.00
       2.583     0.992969       395603       142.22
       2.637     0.993750       395910       160.00
       2.719     0.994531       396221       182.86
       2.827     0.995313       396529       213.33
       2.983     0.996094       396838       256.00
       3.083     0.996484       396991       284.44
       3.201     0.996875       397149       320.00
       3.339     0.997266       397302       365.71
       3.519     0.997656       397458       426.67
       3.743     0.998047       397613       512.00
       3.891     0.998242       397691       568.89
       4.063     0.998437       397771       640.00
       4.267     0.998633       397848       731.43
       4.455     0.998828       397926       853.33
       4.767     0.999023       398002      1024.00
       4.959     0.999121       398041      1137.78
       5.163     0.999219       398081      1280.00
       5.379     0.999316       398119      1462.86
       5.715     0.999414       398158      1706.67
       5.979     0.999512       398197      2048.00
       6.171     0.999561       398216      2275.56
       6.407     0.999609       398237      2560.00
       6.603     0.999658       398255      2925.71
       6.831     0.999707       398275      3413.33
       7.195     0.999756       398294      4096.00
       7.339     0.999780       398304      4551.11
       7.463     0.999805       398314      5120.00
       7.615     0.999829       398323      5851.43
       7.835     0.999854       398334      6826.67
       8.019     0.999878       398343      8192.00
       8.095     0.999890       398348      9102.22
       8.247     0.999902       398353     10240.00
       8.279     0.999915       398357     11702.86
       8.399     0.999927       398363     13653.33
       8.615     0.999939       398367     16384.00
       8.855     0.999945       398370     18204.44
       8.975     0.999951       398372     20480.00
       9.015     0.999957       398374     23405.71
       9.095     0.999963       398377     27306.67
       9.247     0.999969       398379     32768.00
       9.455     0.999973       398381     36408.89
       9.463     0.999976       398382     40960.00
      10.239     0.999979       398383     46811.43
      10.375     0.999982       398384     54613.33
      10.567     0.999985       398385     65536.00
      10.743     0.999986       398386     72817.78
      11.127     0.999988       398387     81920.00
      11.127     0.999989       398387     93622.86
      12.423     0.999991       398388    109226.67
      12.423     0.999992       398388    131072.00
      12.463     0.999993       398389    145635.56
      12.463     0.999994       398389    163840.00
      12.463     0.999995       398389    187245.71
      13.287     0.999995       398390    218453.33
      13.287     0.999996       398390    262144.00
      13.287     0.999997       398390    291271.11
      13.287     0.999997       398390    327680.00
      13.287     0.999997       398390    374491.43
      15.495     0.999998       398391    436906.67
      15.495     1.000000       398391          inf
#[Mean    =        1.216, StdDeviation   =        0.529]
#[Max     =       15.488, Total count    =       398391]
#[Buckets =           27, SubBuckets     =         2048]
----------------------------------------------------------
  599249 requests in 30.00s, 77.15MB read
Requests/sec:  19974.52
Transfer/sec:      2.57MB
