Running 30s test @ http://10.116.0.2:8080/block?ms=100
  4 threads and 1000 connections
  Thread calibration: mean lat.: 141.337ms, rate sampling interval: 241ms
  Thread calibration: mean lat.: 102.164ms, rate sampling interval: 206ms
  Thread calibration: mean lat.: 151.177ms, rate sampling interval: 257ms
  Thread calibration: mean lat.: 134.381ms, rate sampling interval: 243ms
  Thread Stats   Avg      Stdev     Max   +/- Stdev
    Latency   103.25ms    7.21ms 280.32ms   99.52%
    Req/Sec     2.25k   222.35     2.96k    71.20%
  Latency Distribution (HdrHistogram - Recorded Latency)
 50.000%  102.33ms
 75.000%  104.25ms
 90.000%  105.60ms
 99.000%  108.16ms
 99.900%  237.44ms
 99.990%  277.50ms
 99.999%  278.27ms
100.000%  280.58ms

  Detailed Percentile spectrum:
       Value   Percentile   TotalCount 1/(1-Percentile)

     100.351     0.000000           12         1.00
     100.927     0.100000        19814         1.11
     101.183     0.200000        34595         1.25
     101.439     0.300000        50631         1.43
     101.823     0.400000        69850         1.67
     102.335     0.500000        85578         2.00
     102.655     0.550000        92995         2.22
     103.039     0.600000       101447         2.50
     103.423     0.650000       109646         2.86
     103.871     0.700000       118801         3.33
     104.255     0.750000       126672         4.00
     104.447     0.775000       130699         4.44
     104.703     0.800000       135943         5.00
     104.895     0.825000       139817         5.71
     105.087     0.850000       143591         6.67
     105.343     0.875000       148269         8.00
     105.471     0.887500       150361         8.89
     105.599     0.900000       152327        10.00
     105.727     0.912500       154155        11.43
     105.919     0.925000       156596        13.33
     106.047     0.937500       158033        16.00
     106.175     0.943750       159269        17.78
     106.303     0.950000       160407        20.00
     106.431     0.956250       161351        22.86
     106.623     0.962500       162567        26.67
     106.751     0.968750       163258        32.00
     106.879     0.971875       163892        35.56
     107.007     0.975000       164404        40.00
     107.135     0.978125       164907        45.71
     107.327     0.981250       165443        53.33
     107.583     0.984375       166010        64.00
     107.711     0.985938       166250        71.11
     107.839     0.987500       166480        80.00
     108.031     0.989062       166744        91.43
     108.223     0.990625       166962       106.67
     108.543     0.992188       167227       128.00
     108.799     0.992969       167355       142.22
     109.183     0.993750       167473       160.00
     109.631     0.994531       167610       182.86
     110.783     0.995313       167733       213.33
     134.783     0.996094       167863       256.00
     145.791     0.996484       167930       284.44
     166.015     0.996875       168000       320.00
     177.279     0.997266       168061       365.71
     189.183     0.997656       168127       426.67
     208.383     0.998047       168192       512.00
     218.495     0.998242       168229       568.89
     219.135     0.998437       168261       640.00
     228.223     0.998633       168293       731.43
     235.647     0.998828       168326       853.33
     242.431     0.999023       168357      1024.00
     245.887     0.999121       168373      1137.78
     246.271     0.999219       168391      1280.00
     255.487     0.999316       168406      1462.86
     256.511     0.999414       168424      1706.67
     257.023     0.999512       168439      2048.00
     260.351     0.999561       168447      2275.56
     266.495     0.999609       168459      2560.00
     267.007     0.999658       168466      2925.71
     267.263     0.999707       168473      3413.33
     267.519     0.999756       168481      4096.00
     267.775     0.999780       168487      4551.11
     268.031     0.999805       168489      5120.00
     271.103     0.999829       168493      5851.43
     277.247     0.999854       168500      6826.67
     277.503     0.999878       168504      8192.00
     277.503     0.999890       168504      9102.22
     277.759     0.999902       168516     10240.00
     277.759     0.999915       168516     11702.86
     277.759     0.999927       168516     13653.33
     277.759     0.999939       168516     16384.00
     277.759     0.999945       168516     18204.44
     277.759     0.999951       168516     20480.00
     277.759     0.999957       168516     23405.71
     277.759     0.999963       168516     27306.67
     277.759     0.999969       168516     32768.00
     278.015     0.999973       168518     36408.89
     278.015     0.999976       168518     40960.00
     278.015     0.999979       168518     46811.43
     278.015     0.999982       168518     54613.33
     278.271     0.999985       168519     65536.00
     278.271     0.999986       168519     72817.78
     278.271     0.999988       168519     81920.00
     280.319     0.999989       168520     93622.86
     280.319     0.999991       168520    109226.67
     280.319     0.999992       168520    131072.00
     280.319     0.999993       168520    145635.56
     280.319     0.999994       168520    163840.00
     280.575     0.999995       168521    187245.71
     280.575     1.000000       168521          inf
#[Mean    =      103.246, StdDeviation   =        7.210]
#[Max     =      280.320, Total count    =       168521]
#[Buckets =           27, SubBuckets     =         2048]
----------------------------------------------------------
  261060 requests in 30.00s, 30.37MB read
Requests/sec:   8702.02
Transfer/sec:      1.01MB
