Linux 6.8.0-142-generic (cafeai-bench-server) 	10/01/26 	_x86_64_	(4 CPU)

19:13:04     CPU    %usr   %nice    %sys %iowait    %irq   %soft  %steal  %guest  %gnice   %idle
19:13:05     all    7.29    0.00    1.01    0.25    0.00    0.25    0.00    0.00    0.00   91.21
19:13:06     all   88.78    0.00    7.23    0.00    0.00    2.24    0.00    0.00    0.00    1.75
19:13:07     all   83.17    0.00   11.06    0.00    0.00    4.77    0.00    0.00    0.00    1.01
19:13:08     all   80.05    0.00   12.72    0.00    0.00    5.99    0.00    0.00    0.00    1.25
19:13:09     all   78.25    0.00   14.00    0.00    0.00    6.75    0.00    0.00    0.00    1.00
19:13:10     all   75.87    0.00   15.67    0.00    0.00    7.46    0.00    0.00    0.00    1.00
19:13:11     all   68.51    0.00   20.15    0.00    0.00    9.07    0.00    0.00    0.00    2.27
19:13:12     all   53.62    0.00   29.93    0.00    0.00   12.47    0.25    0.00    0.00    3.74
19:13:13     all   27.12    0.00   18.63    0.00    0.00    3.30    0.00    0.00    0.00   50.94
19:13:14     all   27.14    0.00   18.57    0.00    0.00    3.33    0.24    0.00    0.00   50.71
19:13:15     all   28.98    0.00   19.24    0.00    0.00    3.56    0.24    0.00    0.00   47.98
19:13:16     all   25.83    0.00   20.14    0.00    0.00    3.55    0.00    0.00    0.00   50.47
19:13:17     all   24.70    0.00   19.48    0.00    0.00    3.80    0.24    0.00    0.00   51.78
19:13:18     all   26.15    0.00   18.16    0.00    0.00    2.91    0.00    0.00    0.00   52.78
19:13:19     all   25.42    0.00   18.71    0.00    0.00    3.84    0.24    0.00    0.00   51.80
19:13:20     all   23.79    0.00   19.66    0.00    0.00    3.40    0.24    0.00    0.00   52.91
19:13:21     all   25.60    0.00   18.42    0.00    0.00    3.11    0.00    0.00    0.00   52.87
19:13:22     all   24.82    0.00   16.71    0.00    0.00    3.58    0.00    0.00    0.00   54.89
19:13:23     all   24.16    0.00   17.46    0.00    0.00    3.35    0.00    0.00    0.00   55.02
19:13:24     all   24.64    0.00   17.54    0.00    0.00    3.55    0.00    0.00    0.00   54.27
19:13:25     all   25.85    0.00   18.12    0.00    0.00    3.62    0.00    0.00    0.00   52.42
19:13:26     all   25.18    0.00   18.83    0.00    0.00    2.69    0.49    0.00    0.00   52.81
19:13:27     all   24.94    0.00   18.40    0.24    0.00    2.66    0.00    0.00    0.00   53.75
19:13:28     all   23.19    0.00   18.36    0.00    0.00    3.86    0.00    0.00    0.00   54.59
19:13:29     all   24.01    0.00   19.31    0.00    0.00    3.22    0.00    0.00    0.00   53.47
19:13:30     all   24.47    0.00   18.35    0.00    0.00    3.29    0.00    0.00    0.00   53.88
19:13:31     all   24.17    0.00   17.30    0.00    0.00    3.79    0.47    0.00    0.00   54.27
19:13:32     all   24.94    0.00   18.27    0.00    0.00    2.72    0.00    0.00    0.00   54.07
19:13:33     all   24.32    0.00   18.61    0.00    0.00    3.47    0.00    0.00    0.00   53.60
19:13:34     all   24.04    0.00   17.55    0.00    0.00    3.61    0.00    0.00    0.00   54.81
19:13:35     all   23.36    0.00   16.79    0.00    0.00    2.68    0.24    0.00    0.00   56.93
19:13:36     all    3.26    0.00    0.75    0.00    0.00    0.50    0.00    0.00    0.00   95.49
19:13:37     all   71.00    0.00    8.75    0.00    0.00    3.00    0.00    0.00    0.00   17.25
19:13:38     all   45.04    0.00   11.45    0.00    0.00    4.33    0.00    0.00    0.00   39.19
19:13:39     all   19.07    0.00   11.60    0.00    0.00    4.12    0.00    0.00    0.00   65.21
19:13:40     all   17.48    0.00   11.05    0.00    0.00    3.34    0.26    0.00    0.00   67.87
19:13:41     all   20.97    0.00   12.53    0.00    0.00    3.58    0.00    0.00    0.00   62.92
19:13:42     all   17.35    0.00   12.50    0.00    0.00    3.83    0.00    0.00    0.00   66.33
19:13:43     all   17.68    0.00   13.64    0.00    0.00    3.28    0.00    0.00    0.00   65.40
19:13:44     all   16.07    0.00   12.76    0.00    0.00    3.32    0.00    0.00    0.00   67.86
19:13:45     all   16.71    0.00   12.34    0.00    0.00    3.34    0.00    0.00    0.00   67.61
19:13:46     all   17.00    0.00   13.25    0.00    0.00    3.75    0.00    0.00    0.00   66.00
19:13:47     all   17.44    0.00   12.31    0.00    0.00    3.08    0.00    0.00    0.00   67.18
19:13:48     all   16.20    0.00   12.85    0.00    0.00    3.08    0.00    0.00    0.00   67.87
19:13:49     all   16.37    0.00   11.76    0.00    0.00    3.84    0.00    0.00    0.00   68.03
19:13:50     all   16.03    0.00   11.70    0.00    0.00    3.56    0.00    0.00    0.00   68.70
19:13:51     all   15.25    0.00   11.50    0.00    0.00    3.50    0.25    0.00    0.00   69.50
19:13:52     all   16.71    0.00    9.62    0.25    0.00    3.80    0.00    0.00    0.00   69.62
19:13:53     all   14.57    0.00   11.06    0.00    0.00    3.27    0.25    0.00    0.00   70.85
19:13:54     all   15.05    0.00   10.20    0.00    0.00    3.06    0.00    0.00    0.00   71.68
19:13:55     all   15.75    0.00   11.50    0.00    0.00    2.75    0.25    0.00    0.00   69.75
19:13:56     all   13.96    0.00   10.15    0.00    0.00    3.55    0.25    0.00    0.00   72.08
19:13:57     all   15.27    0.00    9.92    0.00    0.00    3.31    0.00    0.00    0.00   71.50
19:13:58     all   14.32    0.00   10.74    0.00    0.00    3.84    0.00    0.00    0.00   71.10
19:13:59     all   15.37    0.00   10.58    0.00    0.00    3.27    0.00    0.00    0.00   70.78
19:14:00     all   15.23    0.00   10.66    0.00    0.00    3.55    0.00    0.00    0.00   70.56
19:14:01     all   15.29    0.00   10.53    0.00    0.00    3.76    0.00    0.00    0.00   70.43
19:14:02     all   15.05    0.00   10.97    0.00    0.00    2.55    0.00    0.00    0.00   71.43
19:14:03     all   14.61    0.00   11.34    0.00    0.00    3.27    0.00    0.00    0.00   70.78
19:14:04     all   14.97    0.00   10.41    0.00    0.00    3.30    0.25    0.00    0.00   71.07
19:14:05     all   15.86    0.00   11.51    0.00    0.00    2.81    0.00    0.00    0.00   69.82
19:14:06     all   29.28    0.00   13.90    0.00    0.00    3.23    0.00    0.00    0.00   53.60
19:14:07     all   25.31    0.00   18.80    0.00    0.00    4.01    0.00    0.00    0.00   51.88
19:14:08     all   25.25    0.00   17.68    0.00    0.00    3.79    0.25    0.00    0.00   53.03
19:14:09     all   24.94    0.00   17.92    0.00    0.00    3.64    0.26    0.00    0.00   53.25
19:14:10     all   25.39    0.00   17.62    0.00    0.00    2.85    0.00    0.00    0.00   54.15
19:14:11     all   23.75    0.00   18.00    0.00    0.00    4.25    0.00    0.00    0.00   54.00
19:14:12     all   23.47    0.00   17.60    0.00    0.00    3.57    0.00    0.00    0.00   55.36
19:14:13     all   23.62    0.00   18.37    0.00    0.00    3.41    0.26    0.00    0.00   54.33
19:14:14     all   24.02    0.00   18.28    0.00    0.00    3.39    0.00    0.00    0.00   54.31
19:14:15     all   24.68    0.00   17.81    0.00    0.00    3.56    0.00    0.00    0.00   53.94
19:14:16     all   25.38    0.00   16.92    0.00    0.00    3.85    0.00    0.00    0.00   53.85
19:14:17     all   23.90    0.00   18.44    0.00    0.00    3.12    0.26    0.00    0.00   54.29
19:14:18     all   24.80    0.00   16.98    0.00    0.00    2.96    0.00    0.00    0.00   55.26
19:14:19     all   25.07    0.00   17.49    0.00    0.00    3.39    0.00    0.00    0.00   54.05
19:14:20     all   25.58    0.00   17.57    0.00    0.00    3.10    0.00    0.00    0.00   53.75
19:14:21     all   24.07    0.00   17.46    0.00    0.00    3.17    0.53    0.00    0.00   54.76
19:14:22     all   24.94    0.00   17.92    0.00    0.00    3.38    0.26    0.00    0.00   53.51
19:14:23     all   25.38    0.00   16.24    0.00    0.00    4.57    0.00    0.00    0.00   53.81
19:14:24     all   24.20    0.00   18.35    0.00    0.00    3.19    0.00    0.00    0.00   54.26
19:14:25     all   25.40    0.00   16.67    0.00    0.00    3.17    0.00    0.00    0.00   54.76
19:14:26     all   23.72    0.00   17.25    0.00    0.00    3.50    0.00    0.00    0.00   55.53
19:14:27     all   24.80    0.00   17.33    0.00    0.00    2.67    0.00    0.00    0.00   55.20
19:14:28     all   23.32    0.00   17.69    0.00    0.00    3.49    0.27    0.00    0.00   55.23
19:14:29     all   24.03    0.00   16.57    0.00    0.00    2.76    0.00    0.00    0.00   56.63
19:14:30     all   22.55    0.00   17.12    0.27    0.00    3.53    0.00    0.00    0.00   56.52
19:14:31     all   22.16    0.00   17.17    0.00    0.00    3.32    0.55    0.00    0.00   56.79
19:14:32     all   24.05    0.00   17.03    0.00    0.00    3.24    0.00    0.00    0.00   55.68
19:14:33     all   23.84    0.00   16.44    0.00    0.00    3.01    0.27    0.00    0.00   56.44
19:14:34     all   25.19    0.00   16.62    0.00    0.00    3.38    0.00    0.00    0.00   54.81
19:14:35     all   21.73    0.00   16.99    0.00    0.00    3.34    0.00    0.00    0.00   57.94
19:14:36     all   39.02    0.00   25.93    0.00    0.00    5.61    0.00    0.00    0.00   29.44
19:14:37     all   44.44    0.00   29.11    0.00    0.00    4.89    0.00    0.00    0.00   21.56
19:14:38     all   43.50    0.00   30.04    0.00    0.00    5.38    0.00    0.00    0.00   21.08
19:14:39     all   44.07    0.00   28.41    0.00    0.00    5.37    0.00    0.00    0.00   22.15
19:14:40     all   45.19    0.00   27.29    0.00    0.00    5.37    0.22    0.00    0.00   21.92
19:14:41     all   45.76    0.00   29.24    0.00    0.00    4.24    0.22    0.00    0.00   20.54
19:14:42     all   44.49    0.00   29.52    0.00    0.00    3.96    0.44    0.00    0.00   21.59
19:14:43     all   44.32    0.00   29.40    0.00    0.00    4.90    0.00    0.00    0.00   21.38
19:14:44     all   44.47    0.00   29.57    0.00    0.00    4.51    0.00    0.00    0.00   21.44
19:14:45     all   43.24    0.00   29.49    0.00    0.00    3.99    0.00    0.00    0.00   23.28
19:14:46     all   45.70    0.00   27.83    0.00    0.00    4.75    0.00    0.00    0.00   21.72
19:14:47     all   45.29    0.00   28.48    0.00    0.00    4.71    0.00    0.00    0.00   21.52
19:14:48     all   44.02    0.00   30.02    0.00    0.00    4.29    0.00    0.00    0.00   21.67
19:14:49     all   46.65    0.00   27.46    0.00    0.00    4.02    0.00    0.00    0.00   21.88
19:14:50     all   44.87    0.00   28.57    0.00    0.00    4.69    0.22    0.00    0.00   21.65
19:14:51     all   44.12    0.00   29.19    0.00    0.00    4.30    0.23    0.00    0.00   22.17
19:14:52     all   45.12    0.00   29.71    0.00    0.00    4.76    0.23    0.00    0.00   20.18
19:14:53     all   45.66    0.00   29.40    0.00    0.00    4.45    0.00    0.00    0.00   20.49
19:14:54     all   44.47    0.00   30.25    0.00    0.00    4.74    0.23    0.00    0.00   20.32
19:14:55     all   45.52    0.00   29.82    0.00    0.00    4.04    0.00    0.00    0.00   20.63
19:14:56     all   45.72    0.00   29.50    0.00    0.00    3.83    0.00    0.00    0.00   20.95
19:14:57     all   45.74    0.00   29.15    0.00    0.00    4.26    0.00    0.00    0.00   20.85
19:14:58     all   45.39    0.00   29.21    0.00    0.00    4.04    0.00    0.00    0.00   21.35
19:14:59     all   44.30    0.00   30.20    0.00    0.00    4.03    0.45    0.00    0.00   21.03
19:15:00     all   45.50    0.00   29.05    0.00    0.00    4.05    0.00    0.00    0.00   21.40
19:15:01     all   44.98    0.00   29.91    0.00    0.00    4.11    0.23    0.00    0.00   20.78
19:15:02     all   45.07    0.00   29.37    0.00    0.00    4.71    0.00    0.00    0.00   20.85
19:15:03     all   45.37    0.00   29.12    0.00    0.00    4.06    0.23    0.00    0.00   21.22
19:15:04     all   45.05    0.00   29.73    0.00    0.00    4.28    1.13    0.00    0.00   19.82
19:15:05     all   45.89    0.00   29.91    0.00    0.00    3.88    0.00    0.00    0.00   20.32
19:15:06     all   31.84    0.00   18.87    0.00    0.00    2.83    0.24    0.00    0.00   46.23
19:15:07     all   50.00    0.00   33.08    0.00    0.00   11.19    0.00    0.00    0.00    5.72
19:15:08     all   53.00    0.00   32.00    0.00    0.00   14.00    0.25    0.00    0.00    0.75
19:15:09     all   53.62    0.00   30.67    0.00    0.00   14.71    0.00    0.00    0.00    1.00
19:15:10     all   53.00    0.00   31.25    0.00    0.00   14.00    0.00    0.00    0.00    1.75
19:15:11     all   52.02    0.00   31.57    0.00    0.00   14.14    0.00    0.00    0.00    2.27
19:15:12     all   52.87    0.00   32.67    0.00    0.00   13.22    0.00    0.00    0.00    1.25
19:15:13     all   53.54    0.00   32.07    0.00    0.00   13.38    0.00    0.00    0.00    1.01
19:15:14     all   53.88    0.00   31.08    0.00    0.00   13.78    0.00    0.00    0.00    1.25
19:15:15     all   52.88    0.00   32.08    0.00    0.00   13.78    0.00    0.00    0.00    1.25
19:15:16     all   53.77    0.00   30.65    0.00    0.00   13.32    0.00    0.00    0.00    2.26
19:15:17     all   51.00    0.00   32.59    0.00    0.00   14.18    0.25    0.00    0.00    1.99
19:15:18     all   53.38    0.00   31.83    0.00    0.00   14.04    0.00    0.00    0.00    0.75
19:15:19     all   54.75    0.00   31.00    0.00    0.00   13.25    0.25    0.00    0.00    0.75
19:15:20     all   53.73    0.00   30.35    0.00    0.00   13.68    0.25    0.00    0.00    1.99
19:15:21     all   52.91    0.00   32.15    0.00    0.00   14.18    0.00    0.00    0.00    0.76
19:15:22     all   53.38    0.00   30.83    0.00    0.00   13.78    0.00    0.00    0.00    2.01
19:15:23     all   52.12    0.00   31.42    0.00    0.00   15.21    0.25    0.00    0.00    1.00
19:15:24     all   52.63    0.00   32.58    0.00    0.00   13.53    0.00    0.00    0.00    1.25
19:15:25     all   53.52    0.00   31.91    0.00    0.00   13.82    0.00    0.00    0.00    0.75
19:15:26     all   52.50    0.00   32.00    0.00    0.00   14.00    0.00    0.00    0.00    1.50
19:15:27     all   52.75    0.00   32.00    0.00    0.00   14.00    0.00    0.00    0.00    1.25
19:15:28     all   53.25    0.00   31.00    0.00    0.00   14.00    0.00    0.00    0.00    1.75
19:15:29     all   52.51    0.00   31.66    0.00    0.00   14.32    0.25    0.00    0.00    1.26
19:15:30     all   53.27    0.00   31.91    0.00    0.00   13.57    0.00    0.00    0.00    1.26
19:15:31     all   52.85    0.00   30.02    0.00    0.00   14.64    0.00    0.00    0.00    2.48
19:15:32     all   55.14    0.00   29.82    0.00    0.00   13.78    0.00    0.00    0.00    1.25
19:15:33     all   53.03    0.00   31.06    0.00    0.00   13.89    0.00    0.00    0.00    2.02
19:15:34     all   53.52    0.00   31.16    0.00    0.00   13.57    0.25    0.00    0.00    1.51
19:15:35     all   52.50    0.00   31.50    0.00    0.00   14.50    0.00    0.00    0.00    1.50
19:15:36     all   48.35    0.00   26.33    0.00    0.00   11.39    0.00    0.00    0.00   13.92
19:15:37     all   53.25    0.00   31.25    0.00    0.00   14.25    0.00    0.00    0.00    1.25
19:15:38     all   52.37    0.00   32.42    0.00    0.00   14.71    0.00    0.00    0.00    0.50
19:15:39     all   52.64    0.00   30.98    0.00    0.00   15.11    0.00    0.00    0.00    1.26
19:15:40     all   53.38    0.00   31.33    0.00    0.00   13.53    0.00    0.00    0.00    1.75
19:15:41     all   52.00    0.00   32.00    0.00    0.00   14.75    0.50    0.00    0.00    0.75
19:15:42     all   51.87    0.00   32.17    0.00    0.00   13.97    0.25    0.00    0.00    1.75
19:15:43     all   52.64    0.00   32.24    0.00    0.00   14.61    0.00    0.00    0.00    0.50
19:15:44     all   53.62    0.00   30.67    0.00    0.00   14.21    0.00    0.00    0.00    1.50
19:15:45     all   52.90    0.00   32.75    0.00    0.00   13.60    0.00    0.00    0.00    0.76
19:15:46     all   52.12    0.00   31.67    0.00    0.00   14.46    0.00    0.00    0.00    1.75
19:15:47     all   53.65    0.00   30.98    0.00    0.00   14.36    0.00    0.00    0.00    1.01
19:15:48     all   52.13    0.00   32.58    0.00    0.00   14.29    0.00    0.00    0.00    1.00
19:15:49     all   53.63    0.00   30.33    0.00    0.00   14.79    0.00    0.00    0.00    1.25
19:15:50     all   52.63    0.00   31.58    0.00    0.00   15.04    0.00    0.00    0.00    0.75
19:15:51     all   53.87    0.00   30.92    0.00    0.00   14.21    0.00    0.00    0.00    1.00
19:15:52     all   52.50    0.00   31.25    0.00    0.00   15.00    0.25    0.00    0.00    1.00
19:15:53     all   53.40    0.00   30.48    0.00    0.00   14.36    0.00    0.00    0.00    1.76
19:15:54     all   53.25    0.00   31.50    0.00    0.00   14.25    0.00    0.00    0.00    1.00
19:15:55     all   52.26    0.00   31.91    0.00    0.00   15.08    0.00    0.00    0.00    0.75
19:15:56     all   52.48    0.00   31.19    0.00    0.00   14.36    0.25    0.00    0.00    1.73
19:15:57     all   54.55    0.00   30.05    0.00    0.00   14.65    0.00    0.00    0.00    0.76
19:15:58     all   54.02    0.00   30.15    0.00    0.00   14.82    0.25    0.00    0.00    0.75
19:15:59     all   53.25    0.00   31.00    0.00    0.00   14.00    0.00    0.00    0.00    1.75
19:16:00     all   52.12    0.00   31.67    0.00    0.00   14.96    0.25    0.00    0.00    1.00
19:16:01     all   52.75    0.00   32.00    0.00    0.00   14.50    0.00    0.00    0.00    0.75
19:16:02     all   52.64    0.00   31.99    0.00    0.00   14.86    0.00    0.00    0.00    0.50
19:16:03     all   53.75    0.00   30.25    0.00    0.00   14.75    0.00    0.00    0.00    1.25
19:16:04     all   53.48    0.00   30.10    0.00    0.00   14.18    0.00    0.00    0.00    2.24
19:16:05     all   53.65    0.00   31.49    0.00    0.00   14.61    0.00    0.00    0.00    0.25
19:16:06     all   47.13    0.00   28.93    0.00    0.00   10.97    0.00    0.00    0.00   12.97
19:16:07     all   52.38    0.00   33.33    0.00    0.00   13.03    0.00    0.00    0.00    1.25
19:16:08     all   52.63    0.00   31.08    0.00    0.00   15.04    0.00    0.00    0.00    1.25
19:16:09     all   52.88    0.00   30.33    0.00    0.00   15.54    0.00    0.00    0.00    1.25
19:16:10     all   50.75    0.00   31.91    0.00    0.00   14.82    0.50    0.00    0.00    2.01
19:16:11     all   52.24    0.00   31.34    0.00    0.00   14.93    0.00    0.00    0.00    1.49
19:16:12     all   52.88    0.00   31.08    0.00    0.00   14.79    0.00    0.00    0.00    1.25
19:16:13     all   53.50    0.00   31.00    0.00    0.00   14.25    0.00    0.00    0.00    1.25
19:16:14     all   52.88    0.00   31.33    0.00    0.00   13.78    0.25    0.00    0.00    1.75
19:16:15     all   52.74    0.00   32.59    0.00    0.00   13.43    0.00    0.00    0.00    1.24
19:16:16     all   54.14    0.00   31.08    0.00    0.00   14.29    0.00    0.00    0.00    0.50
19:16:17     all   52.88    0.00   31.83    0.00    0.00   14.29    0.25    0.00    0.00    0.75
19:16:18     all   52.63    0.00   32.08    0.00    0.00   13.53    0.00    0.00    0.00    1.75
19:16:19     all   53.12    0.00   31.67    0.00    0.00   14.21    0.00    0.00    0.00    1.00
19:16:20     all   53.02    0.00   32.16    0.00    0.00   13.82    0.00    0.00    0.00    1.01
19:16:21     all   54.64    0.00   30.58    0.00    0.00   14.29    0.00    0.00    0.00    0.50
19:16:22     all   51.25    0.00   33.00    0.00    0.00   14.50    0.00    0.00    0.00    1.25
19:16:23     all   52.50    0.00   32.00    0.00    0.00   14.25    0.00    0.00    0.00    1.25
19:16:24     all   54.25    0.00   30.25    0.00    0.00   14.25    0.25    0.00    0.00    1.00
19:16:25     all   53.12    0.00   31.42    0.00    0.00   14.71    0.00    0.00    0.00    0.75
19:16:26     all   52.25    0.00   32.00    0.00    0.00   14.00    0.00    0.00    0.00    1.75
19:16:27     all   52.88    0.00   32.58    0.00    0.00   13.53    0.00    0.00    0.00    1.00
19:16:28     all   54.52    0.00   30.15    0.00    0.00   14.57    0.00    0.00    0.00    0.75
19:16:29     all   52.62    0.00   32.42    0.00    0.00   13.97    0.00    0.00    0.00    1.00
19:16:30     all   53.37    0.00   30.42    0.00    0.00   14.71    0.00    0.00    0.00    1.50
19:16:31     all   51.25    0.00   32.00    0.00    0.00   15.00    0.00    0.00    0.00    1.75
19:16:32     all   51.63    0.00   31.58    0.00    0.00   15.79    0.00    0.00    0.00    1.00
19:16:33     all   51.13    0.00   33.08    0.00    0.00   14.54    0.00    0.00    0.00    1.25
19:16:34     all   52.11    0.00   31.27    0.00    0.00   15.14    0.50    0.00    0.00    0.99
19:16:35     all   53.13    0.00   30.83    0.00    0.00   14.79    0.25    0.00    0.00    1.00
19:16:36     all   44.86    0.00   26.57    0.00    0.00   11.03    0.00    0.00    0.00   17.54
19:16:37     all   53.27    0.00   31.16    0.00    0.00   14.07    0.00    0.00    0.00    1.51
19:16:38     all   52.75    0.00   32.00    0.00    0.00   13.75    0.00    0.00    0.00    1.50
19:16:39     all   51.99    0.00   32.09    0.00    0.00   14.68    0.25    0.00    0.00    1.00
19:16:40     all   53.50    0.00   30.25    0.00    0.00   14.75    0.00    0.00    0.00    1.50
19:16:41     all   53.52    0.00   29.65    0.00    0.00   15.33    0.00    0.00    0.00    1.51
19:16:42     all   52.37    0.00   31.42    0.00    0.00   14.46    0.00    0.00    0.00    1.75
19:16:43     all   52.64    0.00   31.49    0.00    0.00   14.86    0.00    0.00    0.00    1.01
19:16:44     all   53.27    0.00   30.65    0.00    0.00   14.57    0.00    0.00    0.00    1.51
19:16:45     all   51.99    0.00   31.59    0.00    0.00   15.42    0.00    0.00    0.00    1.00
19:16:46     all   52.88    0.00   31.33    0.00    0.00   14.54    0.00    0.00    0.00    1.25
19:16:47     all   53.40    0.00   30.73    0.00    0.00   14.36    0.00    0.00    0.00    1.51
19:16:48     all   53.12    0.00   31.67    0.00    0.00   13.72    0.00    0.00    0.00    1.50
19:16:49     all   52.25    0.00   32.25    0.00    0.00   15.00    0.00    0.00    0.00    0.50
19:16:50     all   53.50    0.00   29.25    0.00    0.00   15.25    0.25    0.00    0.00    1.75
19:16:51     all   52.63    0.00   32.08    0.00    0.00   14.29    0.00    0.00    0.00    1.00
19:16:52     all   52.75    0.00   31.50    0.00    0.00   14.00    0.00    0.00    0.00    1.75
19:16:53     all   52.87    0.00   31.92    0.00    0.00   13.97    0.25    0.00    0.00    1.00
19:16:54     all   53.87    0.00   30.92    0.00    0.00   13.97    0.25    0.00    0.00    1.00
19:16:55     all   53.13    0.00   30.58    0.00    0.00   15.04    0.00    0.00    0.00    1.25
19:16:56     all   53.13    0.00   30.83    0.00    0.00   14.79    0.25    0.00    0.00    1.00
19:16:57     all   53.10    0.00   30.52    0.00    0.00   15.14    0.00    0.00    0.00    1.24
19:16:58     all   52.66    0.00   31.90    0.00    0.00   14.68    0.00    0.00    0.00    0.76
19:16:59     all   53.38    0.00   30.33    0.00    0.00   14.79    0.00    0.00    0.00    1.50
19:17:00     all   50.50    0.00   33.25    0.00    0.00   14.50    0.00    0.00    0.00    1.75
19:17:01     all   52.62    0.00   31.67    0.00    0.00   14.71    0.00    0.00    0.00    1.00
19:17:02     all   52.63    0.00   30.83    0.00    0.00   15.29    0.00    0.00    0.00    1.25
19:17:03     all   53.12    0.00   31.67    0.00    0.00   14.21    0.00    0.00    0.00    1.00
19:17:04     all   52.26    0.00   31.66    0.00    0.00   14.82    0.00    0.00    0.00    1.26
19:17:05     all   52.64    0.00   31.99    0.00    0.00   14.61    0.00    0.00    0.00    0.76
19:17:06     all   13.07    0.00    7.29    0.00    0.00    3.27    0.00    0.00    0.00   76.38
19:17:07     all   15.15    0.00    9.60    0.00    0.00    4.55    0.00    0.00    0.00   70.71
19:17:08     all   19.59    0.00   10.57    0.00    0.00    4.90    0.00    0.00    0.00   64.95
19:17:09     all   16.97    0.00   12.08    0.00    0.00    3.08    0.26    0.00    0.00   67.61
19:17:10     all   16.24    0.00   12.89    0.00    0.00    3.35    0.52    0.00    0.00   67.01
19:17:11     all   15.26    0.00   11.05    0.00    0.00    3.42    0.00    0.00    0.00   70.26
19:17:12     all   16.28    0.00   11.63    0.00    0.00    3.88    0.26    0.00    0.00   67.96
19:17:13     all   15.28    0.00   12.44    0.00    0.00    3.11    0.26    0.00    0.00   68.91
19:17:14     all   16.97    0.00   12.34    0.00    0.00    3.86    0.00    0.00    0.00   66.84
19:17:15     all   16.75    0.00   11.52    0.00    0.00    3.40    0.00    0.00    0.00   68.32
19:17:16     all   15.32    0.00   13.77    0.00    0.00    3.64    0.26    0.00    0.00   67.01
19:17:17     all   15.93    0.00   12.27    0.00    0.00    3.66    0.00    0.00    0.00   68.15
19:17:18     all   15.76    0.00   11.37    0.00    0.00    3.36    0.00    0.00    0.00   69.51
19:17:19     all   15.46    0.00   13.14    0.00    0.00    3.61    0.00    0.00    0.00   67.78
19:17:20     all   16.84    0.00   11.99    0.00    0.00    3.57    0.26    0.00    0.00   67.35
19:17:21     all   17.41    0.00   10.82    0.00    0.00    3.17    0.00    0.00    0.00   68.60
19:17:22     all   17.69    0.00   11.28    0.00    0.00    3.59    0.26    0.00    0.00   67.18
19:17:23     all   16.06    0.00   11.14    0.00    0.00    3.63    0.26    0.00    0.00   68.91
19:17:24     all   17.05    0.00   12.47    0.00    0.00    2.80    0.51    0.00    0.00   67.18
19:17:25     all   16.88    0.00   11.95    0.00    0.00    3.90    0.00    0.00    0.00   67.27
19:17:26     all   15.00    0.00   12.11    0.00    0.00    3.16    0.00    0.00    0.00   69.74
19:17:27     all   15.94    0.00   11.83    0.26    0.00    4.11    0.00    0.00    0.00   67.87
19:17:28     all   15.40    0.00   12.27    0.00    0.00    3.13    0.00    0.00    0.00   69.19
19:17:29     all   17.30    0.00   11.45    0.00    0.00    3.56    0.00    0.00    0.00   67.68
19:17:30     all   16.15    0.00   11.72    0.00    0.00    3.65    0.00    0.00    0.00   68.49
19:17:31     all   16.37    0.00   12.28    0.00    0.00    3.84    0.00    0.00    0.00   67.52
19:17:32     all   15.31    0.00   13.27    0.00    0.00    4.08    0.00    0.00    0.00   67.35
19:17:33     all   15.76    0.00   12.14    0.52    0.00    3.88    0.00    0.00    0.00   67.70
19:17:34     all   15.89    0.00   11.20    0.00    0.00    3.39    0.00    0.00    0.00   69.53
19:17:35     all   16.41    0.00   11.46    0.00    0.00    3.39    0.26    0.00    0.00   68.49
19:17:36     all    4.52    0.00    3.77    0.00    0.00    1.01    0.50    0.00    0.00   90.20
19:17:37     all   18.32    0.00    9.92    0.00    0.00    4.58    0.00    0.00    0.00   67.18
19:17:38     all   40.92    0.00   17.14    0.00    0.00    8.70    0.00    0.00    0.00   33.25
19:17:39     all   32.40    0.00   25.51    0.00    0.00    6.38    0.00    0.00    0.00   35.71
19:17:40     all   31.07    0.00   22.19    0.00    0.00    7.31    0.26    0.00    0.00   39.16
19:17:41     all   31.35    0.00   22.80    0.00    0.00    6.74    0.00    0.00    0.00   39.12
19:17:42     all   31.94    0.00   21.99    0.00    0.00    6.81    0.00    0.00    0.00   39.27
19:17:43     all   31.05    0.00   22.37    0.00    0.00    6.32    0.26    0.00    0.00   40.00
19:17:44     all   31.75    0.00   20.63    0.00    0.00    6.35    0.00    0.00    0.00   41.27
19:17:45     all   30.77    0.00   23.33    0.00    0.00    6.92    0.00    0.00    0.00   38.97
19:17:46     all   30.89    0.00   23.30    0.00    0.00    6.54    0.00    0.00    0.00   39.27
19:17:47     all   35.70    0.00   21.26    0.00    0.00    6.56    0.00    0.00    0.00   36.48
19:17:48     all   31.17    0.00   22.60    0.00    0.00    7.01    0.26    0.00    0.00   38.96
19:17:49     all   30.23    0.00   22.48    0.00    0.00    5.68    0.00    0.00    0.00   41.60
19:17:50     all   31.78    0.00   21.45    0.00    0.00    6.46    0.26    0.00    0.00   40.05
19:17:51     all   31.89    0.00   21.68    0.00    0.00    6.38    0.26    0.00    0.00   39.80
19:17:52     all   30.79    0.00   22.63    0.00    0.00    6.58    0.00    0.00    0.00   40.00
19:17:53     all   31.63    0.00   22.45    0.00    0.00    6.12    0.00    0.00    0.00   39.80
19:17:54     all   29.74    0.00   21.84    0.00    0.00    6.58    0.00    0.00    0.00   41.84
19:17:55     all   30.91    0.00   21.30    0.00    0.00    6.23    0.26    0.00    0.00   41.30
19:17:56     all   30.59    0.00   22.62    0.00    0.00    6.68    0.00    0.00    0.00   40.10
19:17:57     all   31.25    0.00   21.35    0.00    0.00    6.51    0.26    0.00    0.00   40.62
19:17:58     all   30.63    0.00   20.94    0.00    0.00    6.54    0.00    0.00    0.00   41.88
19:17:59     all   31.96    0.00   21.65    0.00    0.00    6.44    0.00    0.00    0.00   39.95
19:18:00     all   32.04    0.00   22.74    0.00    0.00    6.46    0.00    0.00    0.00   38.76
19:18:01     all   31.97    0.00   22.51    0.00    0.00    6.39    0.00    0.00    0.00   39.13
19:18:02     all   30.63    0.00   21.73    0.00    0.00    6.81    0.26    0.00    0.00   40.58
19:18:03     all   30.59    0.00   22.11    0.00    0.00    6.43    0.00    0.00    0.00   40.87
19:18:04     all   31.43    0.00   22.34    0.00    0.00    5.71    0.26    0.00    0.00   40.26
19:18:05     all   32.65    0.00   22.11    0.00    0.00    5.66    0.26    0.00    0.00   39.33
19:18:06     all   12.31    0.00    8.29    0.00    0.00    2.51    0.00    0.00    0.00   76.88
19:18:07     all   19.08    0.00    8.65    0.00    0.00    3.31    0.00    0.00    0.00   68.96
19:18:08     all   35.66    0.00   18.35    0.00    0.00    6.98    0.00    0.00    0.00   39.02
19:18:09     all   48.98    0.00   21.32    0.00    0.00    8.12    0.00    0.00    0.00   21.57
19:18:10     all   48.60    0.00   23.41    0.00    0.00    9.16    0.00    0.00    0.00   18.83
19:18:11     all   50.25    0.00   35.32    0.00    0.00   11.94    0.25    0.00    0.00    2.24
19:18:12     all   51.77    0.00   30.56    0.00    0.00   11.87    0.00    0.00    0.00    5.81
19:18:13     all   49.75    0.00   33.42    0.00    0.00   11.31    0.00    0.00    0.00    5.53
19:18:14     all   50.62    0.00   33.17    0.00    0.00   10.72    0.00    0.00    0.00    5.49
19:18:15     all   54.68    0.00   28.86    0.00    0.00   10.38    0.00    0.00    0.00    6.08
19:18:16     all   52.75    0.00   31.25    0.00    0.00   11.25    0.00    0.00    0.00    4.75
19:18:17     all   56.14    0.00   29.82    0.00    0.00   10.78    0.00    0.00    0.00    3.26
19:18:18     all   50.51    0.00   32.07    0.00    0.00   10.35    0.00    0.00    0.00    7.07
19:18:19     all   55.75    0.00   29.25    0.00    0.00   11.25    0.00    0.00    0.00    3.75
19:18:20     all   51.75    0.00   31.75    0.00    0.00   10.75    0.00    0.00    0.00    5.75
19:18:21     all   50.63    0.00   30.48    0.00    0.00   12.34    0.25    0.00    0.00    6.30
19:18:22     all   54.27    0.00   27.14    0.00    0.00    9.30    0.25    0.00    0.00    9.05
19:18:23     all   54.64    0.00   32.08    0.00    0.00   10.28    0.00    0.00    0.00    3.01
19:18:24     all   50.75    0.00   33.00    0.00    0.00   10.75    0.25    0.00    0.00    5.25
19:18:25     all   53.88    0.00   29.32    0.00    0.00   10.78    0.00    0.00    0.00    6.02
19:18:26     all   47.25    0.00   34.00    0.00    0.00   12.00    0.00    0.00    0.00    6.75
19:18:27     all   49.62    0.00   32.49    0.00    0.00   11.34    0.00    0.00    0.00    6.55
19:18:28     all   50.87    0.00   33.75    0.00    0.00   11.66    0.00    0.00    0.00    3.72
19:18:29     all   50.00    0.00   33.42    0.00    0.00   10.80    0.00    0.00    0.00    5.78
19:18:30     all   51.26    0.00   32.16    0.00    0.00   11.56    0.00    0.00    0.00    5.03
19:18:31     all   49.62    0.00   31.49    0.00    0.00   11.34    0.00    0.00    0.00    7.56
19:18:32     all   51.88    0.00   31.08    0.00    0.00   10.78    0.00    0.00    0.00    6.27
19:18:33     all   52.87    0.00   33.42    0.00    0.00   10.97    0.25    0.00    0.00    2.49
19:18:34     all   49.87    0.00   33.33    0.00    0.00   12.03    0.00    0.00    0.00    4.76
19:18:35     all   51.13    0.00   32.75    0.00    0.00   11.59    0.00    0.00    0.00    4.53
19:18:36     all   26.75    0.00   13.00    0.00    0.00    4.75    0.00    0.00    0.00   55.50
19:18:37     all   13.55    0.00    6.39    0.00    0.00    4.09    0.00    0.00    0.00   75.96
19:18:38     all   31.69    0.00   17.40    0.00    0.00    8.05    0.00    0.00    0.00   42.86
19:18:39     all   43.15    0.00   23.26    0.00    0.00    8.79    0.00    0.00    0.00   24.81
19:18:40     all   48.60    0.00   26.46    0.00    0.00   10.43    0.00    0.00    0.00   14.50
19:18:41     all   55.50    0.00   27.50    0.00    0.00   11.50    0.00    0.00    0.00    5.50
19:18:42     all   59.50    0.00   25.25    0.00    0.00   10.50    0.25    0.00    0.00    4.50
19:18:43     all   58.75    0.00   25.75    0.00    0.00   12.50    0.00    0.00    0.00    3.00
19:18:44     all   58.35    0.00   24.94    0.00    0.00   15.21    0.25    0.00    0.00    1.25
19:18:45     all   64.50    0.00   21.50    0.00    0.00   13.50    0.25    0.00    0.00    0.25
19:18:46     all   60.25    0.00   24.25    0.00    0.00   14.75    0.00    0.00    0.00    0.75
19:18:47     all   56.89    0.00   26.07    0.00    0.00   15.79    0.00    0.00    0.00    1.25
19:18:48     all   56.39    0.00   25.31    0.00    0.00   17.79    0.00    0.00    0.00    0.50
19:18:49     all   57.39    0.00   25.81    0.00    0.00   15.79    0.00    0.00    0.00    1.00
19:18:50     all   59.09    0.00   24.75    0.00    0.00   15.91    0.00    0.00    0.00    0.25
19:18:51     all   60.05    0.00   24.32    0.00    0.00   14.89    0.00    0.00    0.00    0.74
19:18:52     all   59.05    0.00   23.37    0.00    0.00   16.83    0.00    0.00    0.00    0.75
19:18:53     all   61.35    0.00   23.19    0.00    0.00   14.71    0.00    0.00    0.00    0.75
19:18:54     all   55.89    0.00   25.81    0.00    0.00   18.30    0.00    0.00    0.00    0.00
19:18:55     all   62.09    0.00   21.20    0.00    0.00   15.71    0.00    0.00    0.00    1.00
19:18:56     all   55.89    0.00   26.32    0.00    0.00   17.54    0.00    0.00    0.00    0.25
19:18:57     all   57.25    0.00   25.00    0.00    0.00   17.25    0.25    0.00    0.00    0.25
19:18:58     all   56.64    0.00   26.32    0.00    0.00   16.54    0.00    0.00    0.00    0.50
19:18:59     all   59.00    0.00   25.00    0.00    0.00   15.75    0.00    0.00    0.00    0.25
19:19:00     all   57.07    0.00   25.31    0.00    0.00   16.38    0.00    0.00    0.00    1.24
19:19:01     all   59.49    0.00   23.54    0.00    0.00   16.96    0.00    0.00    0.00    0.00
19:19:02     all   58.60    0.00   25.69    0.00    0.00   15.46    0.00    0.00    0.00    0.25
19:19:03     all   55.53    0.00   23.62    0.00    0.00   17.34    0.00    0.00    0.00    3.52
19:19:04     all   54.89    0.00   26.07    0.00    0.00   18.30    0.00    0.00    0.00    0.75
19:19:05     all   59.10    0.00   24.19    0.00    0.00   16.21    0.00    0.00    0.00    0.50
19:19:06     all   38.10    0.00   17.04    0.00    0.00    9.27    0.00    0.00    0.00   35.59
