Running 30s test @ http://10.116.0.2:8080/json
  4 threads and 256 connections
  Thread calibration: mean lat.: 1484.566ms, rate sampling interval: 5681ms
  Thread calibration: mean lat.: 1577.206ms, rate sampling interval: 5951ms
  Thread calibration: mean lat.: 1506.210ms, rate sampling interval: 5718ms
  Thread calibration: mean lat.: 1543.044ms, rate sampling interval: 5754ms
  Thread Stats   Avg      Stdev     Max   +/- Stdev
    Latency     6.08s     2.13s   12.03s    64.34%
    Req/Sec    13.80k   164.06    14.04k    66.67%
  Latency Distribution (HdrHistogram - Recorded Latency)
 50.000%    5.85s 
 75.000%    7.61s 
 90.000%    9.14s 
 99.000%   10.98s 
 99.900%   11.57s 
 99.990%   11.84s 
 99.999%   12.00s 
100.000%   12.03s 

  Detailed Percentile spectrum:
       Value   Percentile   TotalCount 1/(1-Percentile)

    1517.567     0.000000            1         1.00
    3448.831     0.100000       108807         1.11
    4112.383     0.200000       217831         1.25
    4689.919     0.300000       326516         1.43
    5251.071     0.400000       435060         1.67
    5849.087     0.500000       544059         2.00
    6164.479     0.550000       598290         2.22
    6492.159     0.600000       652791         2.50
    6840.319     0.650000       706927         2.86
    7213.055     0.700000       761305         3.33
    7614.463     0.750000       815604         4.00
    7831.551     0.775000       843104         4.44
    8056.831     0.800000       870189         5.00
    8294.399     0.825000       897426         5.71
    8544.255     0.850000       924399         6.67
    8830.975     0.875000       951710         8.00
    8986.623     0.887500       965188         8.89
    9142.271     0.900000       978651        10.00
    9322.495     0.912500       992439        11.43
    9519.103     0.925000      1005897        13.33
    9723.903     0.937500      1019628        16.00
    9830.399     0.943750      1026301        17.78
    9945.087     0.950000      1033278        20.00
   10059.775     0.956250      1040091        22.86
   10182.655     0.962500      1046796        26.67
   10321.919     0.968750      1053605        32.00
   10395.647     0.971875      1056870        35.56
   10477.567     0.975000      1060340        40.00
   10559.487     0.978125      1063619        45.71
   10657.791     0.981250      1067128        53.33
   10756.095     0.984375      1070304        64.00
   10821.631     0.985938      1072128        71.11
   10878.975     0.987500      1073782        80.00
   10936.319     0.989062      1075388        91.43
   11010.047     0.990625      1077151       106.67
   11083.775     0.992188      1078949       128.00
   11116.543     0.992969      1079721       142.22
   11157.503     0.993750      1080580       160.00
   11198.463     0.994531      1081474       182.86
   11239.423     0.995313      1082305       213.33
   11280.383     0.996094      1083057       256.00
   11313.151     0.996484      1083548       284.44
   11337.727     0.996875      1083903       320.00
   11370.495     0.997266      1084326       365.71
   11403.263     0.997656      1084761       426.67
   11444.223     0.998047      1085201       512.00
   11468.799     0.998242      1085439       568.89
   11485.183     0.998437      1085611       640.00
   11509.759     0.998633      1085824       731.43
   11542.527     0.998828      1086051       853.33
   11567.103     0.999023      1086221      1024.00
   11583.487     0.999121      1086321      1137.78
   11608.063     0.999219      1086450      1280.00
   11632.639     0.999316      1086560      1462.86
   11657.215     0.999414      1086653      1706.67
   11681.791     0.999512      1086768      2048.00
   11689.983     0.999561      1086806      2275.56
   11706.367     0.999609      1086865      2560.00
   11722.751     0.999658      1086925      2925.71
   11739.135     0.999707      1086963      3413.33
   11755.519     0.999756      1087019      4096.00
   11763.711     0.999780      1087041      4551.11
   11780.095     0.999805      1087079      5120.00
   11788.287     0.999829      1087094      5851.43
   11804.671     0.999854      1087119      6826.67
   11821.055     0.999878      1087145      8192.00
   11829.247     0.999890      1087157      9102.22
   11837.439     0.999902      1087170     10240.00
   11845.631     0.999915      1087186     11702.86
   11853.823     0.999927      1087199     13653.33
   11862.015     0.999939      1087208     16384.00
   11870.207     0.999945      1087216     18204.44
   11886.591     0.999951      1087221     20480.00
   11902.975     0.999957      1087235     23405.71
   11902.975     0.999963      1087235     27306.67
   11919.359     0.999969      1087242     32768.00
   11935.743     0.999973      1087246     36408.89
   11943.935     0.999976      1087248     40960.00
   11952.127     0.999979      1087251     46811.43
   11968.511     0.999982      1087256     54613.33
   11976.703     0.999985      1087258     65536.00
   11984.895     0.999986      1087260     72817.78
   11993.087     0.999988      1087262     81920.00
   12001.279     0.999989      1087264     93622.86
   12009.471     0.999991      1087266    109226.67
   12009.471     0.999992      1087266    131072.00
   12017.663     0.999993      1087270    145635.56
   12017.663     0.999994      1087270    163840.00
   12017.663     0.999995      1087270    187245.71
   12017.663     0.999995      1087270    218453.33
   12017.663     0.999996      1087270    262144.00
   12025.855     0.999997      1087272    291271.11
   12025.855     0.999997      1087272    327680.00
   12025.855     0.999997      1087272    374491.43
   12025.855     0.999998      1087272    436906.67
   12025.855     0.999998      1087272    524288.00
   12034.047     0.999998      1087274    582542.22
   12034.047     1.000000      1087274          inf
#[Mean    =     6084.794, StdDeviation   =     2128.774]
#[Max     =    12025.856, Total count    =      1087274]
#[Buckets =           27, SubBuckets     =         2048]
----------------------------------------------------------
  1651869 requests in 30.00s, 212.67MB read
Requests/sec:  55063.21
Transfer/sec:      7.09MB
