1790881984 149504
1790881985 162548
1790881986 211512
1790881987 243832
1790881988 276308
1790881989 276672
1790881990 277520
1790881991 362048
1790881992 362088
1790881993 362100
1790881994 362132
1790881995 362152
1790881997 362164
1790881998 362204
1790881999 362204
1790882000 362212
1790882001 362212
1790882002 362216
1790882003 362224
1790882004 362228
1790882005 362232
1790882006 362236
1790882007 362244
1790882008 362264
1790882009 362268
1790882010 362268
1790882011 362268
1790882012 362348
1790882013 362348
1790882014 362348
1790882015 362444
1790882016 363708
1790882017 402096
1790882018 485324
1790882019 485440
1790882020 485460
1790882022 485476
1790882023 485476
1790882024 485484
1790882025 485488
1790882026 485488
1790882027 485488
1790882028 485488
1790882029 485488
1790882030 485488
1790882031 485488
1790882032 485488
1790882033 485488
1790882034 485488
1790882035 485488
1790882036 485488
1790882037 485488
1790882038 485488
1790882039 485488
1790882040 485492
1790882041 485492
1790882042 485492
1790882043 485492
1790882044 485496
1790882045 485804
1790882046 335344
1790882047 376300
1790882049 376304
1790882050 376304
1790882051 376304
1790882052 376304
1790882053 376304
1790882054 376304
1790882055 376308
1790882056 376308
1790882057 376308
1790882058 376308
1790882059 376308
1790882060 376308
1790882061 376308
1790882062 376308
1790882063 376312
1790882064 376312
1790882065 376320
1790882066 376320
1790882067 376324
1790882068 376324
1790882069 376336
1790882070 376336
1790882071 376336
1790882073 376336
1790882074 376340
1790882075 376340
1790882076 443176
1790882077 443256
1790882078 443260
1790882079 443260
1790882080 443264
1790882081 443264
1790882082 443264
1790882083 443268
1790882084 443272
1790882085 443276
1790882086 443280
1790882087 443280
1790882088 443284
1790882089 443284
1790882090 443288
1790882092 443288
1790882093 443292
1790882094 443296
1790882095 443300
1790882096 443300
1790882097 443300
1790882098 443304
1790882099 443308
1790882100 443312
1790882101 443316
1790882102 443320
1790882103 443320
1790882104 443324
1790882105 443340
1790882106 443356
1790882108 505952
1790882109 505952
1790882110 505956
1790882111 505964
1790882112 505968
1790882113 505976
1790882114 505976
1790882115 505980
1790882116 505984
1790882117 505984
1790882118 505984
1790882119 505984
1790882121 505988
1790882122 506000
1790882123 506004
1790882124 506008
1790882125 506012
1790882126 506012
1790882127 506016
1790882128 506016
1790882129 506024
1790882130 506028
1790882131 506032
1790882133 506764
1790882134 506768
1790882135 506764
1790882136 573608
1790882137 573648
1790882138 573648
1790882139 573648
1790882140 573656
1790882141 573656
1790882142 573656
1790882143 573664
1790882145 573668
1790882146 573668
1790882147 573668
1790882148 573668
1790882149 573668
1790882150 573668
1790882151 573668
1790882152 573672
1790882153 573676
1790882154 573680
1790882155 573680
1790882156 573680
1790882157 573684
1790882159 573684
1790882160 573688
1790882161 573688
1790882162 573692
1790882163 573692
1790882164 573696
1790882165 573724
1790882166 573760
1790882167 638468
1790882168 638488
1790882169 638488
1790882171 638492
1790882172 638496
1790882173 638496
1790882174 638496
1790882175 638496
1790882176 638496
1790882177 638496
1790882178 638500
1790882179 638500
1790882180 638500
1790882182 638500
1790882183 638512
1790882184 638512
1790882185 638512
1790882186 638516
1790882187 638516
1790882188 638516
1790882189 638520
1790882190 638524
1790882191 638524
1790882192 638524
1790882193 638532
1790882194 638532
1790882195 638548
1790882197 638564
1790882198 638576
1790882199 638604
1790882200 638608
1790882201 638608
1790882202 638616
1790882203 638628
1790882204 638632
1790882205 638636
1790882206 638648
1790882207 638648
1790882209 638648
1790882210 638652
1790882211 638656
1790882212 638660
1790882213 638660
1790882214 638660
1790882215 638664
1790882216 638668
1790882217 638672
1790882218 638672
1790882219 638676
1790882220 638680
1790882222 638684
1790882223 638684
1790882224 638684
1790882225 638692
1790882226 638712
1790882227 715020
1790882228 635204
1790882229 635204
1790882230 635212
1790882231 635216
1790882232 635232
1790882233 635232
1790882234 635232
1790882235 635232
1790882236 635232
1790882237 635304
1790882238 635304
1790882239 635304
1790882240 635304
1790882241 635304
1790882242 635304
1790882243 635304
1790882245 635304
1790882246 635304
1790882247 635304
1790882248 635304
1790882249 635312
1790882250 635316
1790882251 635316
1790882252 635316
1790882253 635316
1790882254 635316
1790882255 635316
1790882256 635320
1790882257 675920
1790882258 788520
1790882259 978240
1790882260 980192
1790882261 980236
1790882262 980260
1790882263 980264
1790882264 980268
1790882265 980268
1790882266 985880
1790882267 985880
1790882269 985880
1790882270 985880
1790882271 985880
1790882272 985880
1790882273 985880
1790882274 985880
1790882275 985880
1790882276 985880
1790882277 985880
1790882278 985880
1790882279 985880
1790882280 985880
1790882281 985880
1790882282 985880
1790882283 985880
1790882284 985880
1790882285 985880
1790882286 985880
1790882287 1063896
1790882288 1074572
1790882290 1077704
1790882291 1411064
1790882292 1412108
1790882293 1412388
1790882294 1412496
1790882295 1418388
1790882296 1419544
1790882297 1421844
1790882298 1421964
1790882299 1421964
1790882300 1422220
1790882301 1422312
1790882302 1422532
1790882303 1422544
1790882304 1422664
1790882306 1575808
1790882307 1576436
1790882308 1576788
1790882309 1576840
1790882310 1576852
1790882311 1576864
1790882312 1576872
1790882313 1576876
1790882314 1576876
1790882315 1576876
1790882316 1576952
1790882317 1589908
1790882318 1604272
1790882319 1606116
1790882320 1606308
1790882321 1640352
1790882322 1640724
1790882324 1673944
1790882325 1675160
1790882326 1806572
1790882327 1807336
1790882328 1854540
1790882329 1886384
1790882330 1889940
1790882331 1911600
1790882332 1912536
1790882333 1944612
1790882334 1944752
1790882335 1944852
1790882336 1964316
1790882338 1964672
1790882339 1964704
1790882340 1964740
1790882341 1974948
1790882342 1975132
1790882343 1975268
1790882344 1975276
1790882345 1997692
1790882346 1998100
