Running 30s test @ http://10.116.0.2:8080/json
  4 threads and 256 connections
  Thread calibration: mean lat.: 389.890ms, rate sampling interval: 2069ms
  Thread calibration: mean lat.: 328.738ms, rate sampling interval: 1842ms
  Thread calibration: mean lat.: 466.117ms, rate sampling interval: 2351ms
  Thread calibration: mean lat.: 389.376ms, rate sampling interval: 2082ms
  Thread Stats   Avg      Stdev     Max   +/- Stdev
    Latency     1.59s     1.41s    6.03s    58.27%
    Req/Sec    13.65k   195.57    14.04k    66.67%
  Latency Distribution (HdrHistogram - Recorded Latency)
 50.000%    1.35s 
 75.000%    2.56s 
 90.000%    3.67s 
 99.000%    5.17s 
 99.900%    5.72s 
 99.990%    5.98s 
 99.999%    6.02s 
100.000%    6.03s 

  Detailed Percentile spectrum:
       Value   Percentile   TotalCount 1/(1-Percentile)

       0.284     0.000000            1         1.00
      20.479     0.100000       107413         1.11
      85.055     0.200000       214806         1.25
     425.983     0.300000       322198         1.43
     888.831     0.400000       429541         1.67
    1349.631     0.500000       537052         2.00
    1584.127     0.550000       590808         2.22
    1805.311     0.600000       644363         2.50
    2032.639     0.650000       698101         2.86
    2269.183     0.700000       751703         3.33
    2555.903     0.750000       805399         4.00
    2707.455     0.775000       832306         4.44
    2869.247     0.800000       859328         5.00
    3043.327     0.825000       886154         5.71
    3227.647     0.850000       912930         6.67
    3428.351     0.875000       939626         8.00
    3549.183     0.887500       953210         8.89
    3667.967     0.900000       966482        10.00
    3796.991     0.912500       980013        11.43
    3936.255     0.925000       993415        13.33
    4091.903     0.937500      1006718        16.00
    4186.111     0.943750      1013523        17.78
    4284.415     0.950000      1020172        20.00
    4390.911     0.956250      1026992        22.86
    4505.599     0.962500      1033563        26.67
    4628.479     0.968750      1040356        32.00
    4694.015     0.971875      1043688        35.56
    4759.551     0.975000      1046965        40.00
    4829.183     0.978125      1050335        45.71
    4907.007     0.981250      1053695        53.33
    4993.023     0.984375      1057039        64.00
    5042.175     0.985938      1058798        71.11
    5095.423     0.987500      1060514        80.00
    5140.479     0.989062      1062090        91.43
    5197.823     0.990625      1063775       106.67
    5259.263     0.992188      1065465       128.00
    5287.935     0.992969      1066275       142.22
    5316.607     0.993750      1067163       160.00
    5353.471     0.994531      1068030       182.86
    5394.431     0.995313      1068820       213.33
    5435.391     0.996094      1069663       256.00
    5459.967     0.996484      1070099       284.44
    5484.543     0.996875      1070491       320.00
    5513.215     0.997266      1070899       365.71
    5545.983     0.997656      1071306       426.67
    5586.943     0.998047      1071713       512.00
    5607.423     0.998242      1071924       568.89
    5631.999     0.998437      1072146       640.00
    5648.383     0.998633      1072345       731.43
    5681.151     0.998828      1072559       853.33
    5730.303     0.999023      1072764      1024.00
    5767.167     0.999121      1072865      1137.78
    5791.743     0.999219      1072973      1280.00
    5812.223     0.999316      1073072      1462.86
    5840.895     0.999414      1073183      1706.67
    5869.567     0.999512      1073291      2048.00
    5877.759     0.999561      1073337      2275.56
    5894.143     0.999609      1073389      2560.00
    5906.431     0.999658      1073441      2925.71
    5918.719     0.999707      1073528      3413.33
    5922.815     0.999756      1073565      4096.00
    5926.911     0.999780      1073584      4551.11
    5935.103     0.999805      1073599      5120.00
    5955.583     0.999829      1073622      5851.43
    5967.871     0.999854      1073647      6826.67
    5971.967     0.999878      1073675      8192.00
    5976.063     0.999890      1073699      9102.22
    5980.159     0.999902      1073713     10240.00
    5980.159     0.999915      1073713     11702.86
    5984.255     0.999927      1073732     13653.33
    5988.351     0.999939      1073743     16384.00
    5992.447     0.999945      1073747     18204.44
    5996.543     0.999951      1073752     20480.00
    6000.639     0.999957      1073762     23405.71
    6004.735     0.999963      1073771     27306.67
    6008.831     0.999969      1073777     32768.00
    6008.831     0.999973      1073777     36408.89
    6012.927     0.999976      1073782     40960.00
    6012.927     0.999979      1073782     46811.43
    6017.023     0.999982      1073790     54613.33
    6017.023     0.999985      1073790     65536.00
    6017.023     0.999986      1073790     72817.78
    6021.119     0.999988      1073793     81920.00
    6021.119     0.999989      1073793     93622.86
    6025.215     0.999991      1073803    109226.67
    6025.215     0.999992      1073803    131072.00
    6025.215     0.999993      1073803    145635.56
    6025.215     0.999994      1073803    163840.00
    6025.215     0.999995      1073803    187245.71
    6025.215     0.999995      1073803    218453.33
    6025.215     0.999996      1073803    262144.00
    6025.215     0.999997      1073803    291271.11
    6025.215     0.999997      1073803    327680.00
    6025.215     0.999997      1073803    374491.43
    6025.215     0.999998      1073803    436906.67
    6025.215     0.999998      1073803    524288.00
    6025.215     0.999998      1073803    582542.22
    6025.215     0.999998      1073803    655360.00
    6025.215     0.999999      1073803    748982.86
    6025.215     0.999999      1073803    873813.33
    6025.215     0.999999      1073803   1048576.00
    6029.311     0.999999      1073804   1165084.44
    6029.311     1.000000      1073804          inf
#[Mean    =     1585.188, StdDeviation   =     1412.393]
#[Max     =     6025.216, Total count    =      1073804]
#[Buckets =           27, SubBuckets     =         2048]
----------------------------------------------------------
  1609402 requests in 30.00s, 207.20MB read
Requests/sec:  53647.42
Transfer/sec:      6.91MB
