Running 30s test @ http://10.116.0.2:8080/block?ms=100
  4 threads and 1000 connections
  Thread calibration: mean lat.: 243.859ms, rate sampling interval: 1541ms
  Thread calibration: mean lat.: 341.171ms, rate sampling interval: 1863ms
  Thread calibration: mean lat.: 390.082ms, rate sampling interval: 1907ms
  Thread calibration: mean lat.: 567.685ms, rate sampling interval: 2463ms
  Thread Stats   Avg      Stdev     Max   +/- Stdev
    Latency   115.27ms   57.18ms 927.74ms   95.27%
    Req/Sec     2.26k    39.54     2.37k    73.68%
  Latency Distribution (HdrHistogram - Recorded Latency)
 50.000%  103.17ms
 75.000%  105.41ms
 90.000%  109.69ms
 99.000%  436.48ms
 99.900%  647.17ms
 99.990%  761.85ms
 99.999%  906.75ms
100.000%  928.26ms

  Detailed Percentile spectrum:
       Value   Percentile   TotalCount 1/(1-Percentile)

     100.351     0.000000            8         1.00
     101.119     0.100000        18185         1.11
     101.503     0.200000        34068         1.25
     102.015     0.300000        52029         1.43
     102.527     0.400000        67823         1.67
     103.167     0.500000        85906         2.00
     103.487     0.550000        94310         2.22
     103.807     0.600000       101998         2.50
     104.191     0.650000       110089         2.86
     104.703     0.700000       118964         3.33
     105.407     0.750000       127374         4.00
     105.855     0.775000       131272         4.44
     106.431     0.800000       135559         5.00
     107.071     0.825000       139811         5.71
     107.839     0.850000       144201         6.67
     108.671     0.875000       148468         8.00
     109.119     0.887500       150419         8.89
     109.695     0.900000       152583        10.00
     110.399     0.912500       154605        11.43
     111.615     0.925000       156660        13.33
     114.943     0.937500       158742        16.00
     122.559     0.943750       159794        17.78
     156.927     0.950000       160851        20.00
     192.127     0.956250       161908        22.86
     222.207     0.962500       162966        26.67
     258.175     0.968750       164027        32.00
     280.319     0.971875       164554        35.56
     306.943     0.975000       165090        40.00
     330.495     0.978125       165613        45.71
     357.887     0.981250       166141        53.33
     388.095     0.984375       166673        64.00
     401.151     0.985938       166937        71.11
     417.023     0.987500       167200        80.00
     429.567     0.989062       167465        91.43
     443.903     0.990625       167732       106.67
     459.007     0.992188       167993       128.00
     468.991     0.992969       168126       142.22
     479.743     0.993750       168257       160.00
     495.103     0.994531       168391       182.86
     510.975     0.995313       168523       213.33
     533.503     0.996094       168655       256.00
     546.303     0.996484       168720       284.44
     562.175     0.996875       168787       320.00
     577.023     0.997266       168854       365.71
     594.431     0.997656       168922       426.67
     608.767     0.998047       168985       512.00
     616.959     0.998242       169018       568.89
     626.175     0.998437       169053       640.00
     632.319     0.998633       169084       731.43
     639.999     0.998828       169121       853.33
     647.167     0.999023       169152      1024.00
     651.263     0.999121       169167      1137.78
     656.383     0.999219       169183      1280.00
     658.431     0.999316       169202      1462.86
     664.063     0.999414       169216      1706.67
     669.695     0.999512       169233      2048.00
     673.279     0.999561       169241      2275.56
     678.399     0.999609       169249      2560.00
     680.447     0.999658       169260      2925.71
     683.519     0.999707       169266      3413.33
     690.687     0.999756       169276      4096.00
     691.199     0.999780       169279      4551.11
     698.367     0.999805       169282      5120.00
     702.463     0.999829       169287      5851.43
     712.191     0.999854       169292      6826.67
     730.111     0.999878       169295      8192.00
     751.615     0.999890       169297      9102.22
     770.559     0.999902       169299     10240.00
     791.551     0.999915       169301     11702.86
     812.543     0.999927       169303     13653.33
     833.535     0.999939       169305     16384.00
     844.287     0.999945       169306     18204.44
     854.527     0.999951       169307     20480.00
     865.279     0.999957       169308     23405.71
     872.959     0.999963       169309     27306.67
     881.151     0.999969       169310     32768.00
     888.831     0.999973       169311     36408.89
     888.831     0.999976       169311     40960.00
     898.047     0.999979       169312     46811.43
     898.047     0.999982       169312     54613.33
     906.751     0.999985       169313     65536.00
     906.751     0.999986       169313     72817.78
     906.751     0.999988       169313     81920.00
     917.503     0.999989       169314     93622.86
     917.503     0.999991       169314    109226.67
     917.503     0.999992       169314    131072.00
     917.503     0.999993       169314    145635.56
     917.503     0.999994       169314    163840.00
     928.255     0.999995       169315    187245.71
     928.255     1.000000       169315          inf
#[Mean    =      115.267, StdDeviation   =       57.181]
#[Max     =      927.744, Total count    =       169315]
#[Buckets =           27, SubBuckets     =         2048]
----------------------------------------------------------
  260038 requests in 30.00s, 30.25MB read
Requests/sec:   8668.04
Transfer/sec:      1.01MB
