Running 30s test @ http://10.116.0.2:8080/json
  4 threads and 256 connections
  Thread calibration: mean lat.: 1.275ms, rate sampling interval: 10ms
  Thread calibration: mean lat.: 1.296ms, rate sampling interval: 10ms
  Thread calibration: mean lat.: 1.511ms, rate sampling interval: 10ms
  Thread calibration: mean lat.: 1.281ms, rate sampling interval: 10ms
  Thread Stats   Avg      Stdev     Max   +/- Stdev
    Latency     1.30ms  574.70us  13.70ms   69.19%
    Req/Sec     5.27k     1.04k    9.30k    81.14%
  Latency Distribution (HdrHistogram - Recorded Latency)
 50.000%    1.25ms
 75.000%    1.66ms
 90.000%    2.01ms
 99.000%    2.85ms
 99.900%    4.50ms
 99.990%    8.40ms
 99.999%   10.28ms
100.000%   13.71ms

  Detailed Percentile spectrum:
       Value   Percentile   TotalCount 1/(1-Percentile)

       0.245     0.000000            1         1.00
       0.616     0.100000        39558         1.11
       0.788     0.200000        78737         1.25
       0.945     0.300000       118295         1.43
       1.098     0.400000       157545         1.67
       1.250     0.500000       196992         2.00
       1.327     0.550000       216694         2.22
       1.404     0.600000       236186         2.50
       1.486     0.650000       255933         2.86
       1.573     0.700000       275748         3.33
       1.664     0.750000       295360         4.00
       1.712     0.775000       305130         4.44
       1.761     0.800000       314978         5.00
       1.813     0.825000       324858         5.71
       1.869     0.850000       334621         6.67
       1.933     0.875000       344491         8.00
       1.968     0.887500       349432         8.89
       2.006     0.900000       354251        10.00
       2.051     0.912500       359217        11.43
       2.103     0.925000       364127        13.33
       2.165     0.937500       369094        16.00
       2.201     0.943750       371573        17.78
       2.241     0.950000       373925        20.00
       2.287     0.956250       376391        22.86
       2.343     0.962500       378887        26.67
       2.407     0.968750       381357        32.00
       2.445     0.971875       382557        35.56
       2.489     0.975000       383804        40.00
       2.539     0.978125       385015        45.71
       2.599     0.981250       386250        53.33
       2.667     0.984375       387485        64.00
       2.709     0.985938       388076        71.11
       2.755     0.987500       388714        80.00
       2.805     0.989062       389305        91.43
       2.875     0.990625       389925       106.67
       2.955     0.992188       390531       128.00
       3.007     0.992969       390847       142.22
       3.067     0.993750       391146       160.00
       3.153     0.994531       391463       182.86
       3.241     0.995313       391767       213.33
       3.359     0.996094       392068       256.00
       3.431     0.996484       392223       284.44
       3.509     0.996875       392375       320.00
       3.603     0.997266       392529       365.71
       3.721     0.997656       392683       426.67
       3.887     0.998047       392839       512.00
       3.969     0.998242       392916       568.89
       4.079     0.998437       392990       640.00
       4.215     0.998633       393068       731.43
       4.363     0.998828       393145       853.33
       4.539     0.999023       393224      1024.00
       4.647     0.999121       393261      1137.78
       4.787     0.999219       393298      1280.00
       5.015     0.999316       393336      1462.86
       5.327     0.999414       393375      1706.67
       5.679     0.999512       393413      2048.00
       5.963     0.999561       393433      2275.56
       6.191     0.999609       393452      2560.00
       6.447     0.999658       393471      2925.71
       6.863     0.999707       393490      3413.33
       7.439     0.999756       393509      4096.00
       7.687     0.999780       393519      4551.11
       7.859     0.999805       393529      5120.00
       7.979     0.999829       393538      5851.43
       8.123     0.999854       393548      6826.67
       8.295     0.999878       393557      8192.00
       8.375     0.999890       393562      9102.22
       8.431     0.999902       393569     10240.00
       8.511     0.999915       393572     11702.86
       8.647     0.999927       393577     13653.33
       8.719     0.999939       393581     16384.00
       8.791     0.999945       393584     18204.44
       8.807     0.999951       393586     20480.00
       8.919     0.999957       393589     23405.71
       8.991     0.999963       393591     27306.67
       9.031     0.999969       393593     32768.00
       9.071     0.999973       393595     36408.89
       9.103     0.999976       393596     40960.00
       9.167     0.999979       393597     46811.43
       9.287     0.999982       393599     54613.33
       9.287     0.999985       393599     65536.00
      10.007     0.999986       393600     72817.78
      10.279     0.999988       393601     81920.00
      10.279     0.999989       393601     93622.86
      10.959     0.999991       393602    109226.67
      10.959     0.999992       393602    131072.00
      11.567     0.999993       393603    145635.56
      11.567     0.999994       393603    163840.00
      11.567     0.999995       393603    187245.71
      12.207     0.999995       393604    218453.33
      12.207     0.999996       393604    262144.00
      12.207     0.999997       393604    291271.11
      12.207     0.999997       393604    327680.00
      12.207     0.999997       393604    374491.43
      13.711     0.999998       393605    436906.67
      13.711     1.000000       393605          inf
#[Mean    =        1.301, StdDeviation   =        0.575]
#[Max     =       13.704, Total count    =       393605]
#[Buckets =           27, SubBuckets     =         2048]
----------------------------------------------------------
  592721 requests in 30.00s, 76.31MB read
Requests/sec:  19757.04
Transfer/sec:      2.54MB
