Running 30s test @ http://10.116.0.2:8080/json
  4 threads and 256 connections
  Thread calibration: mean lat.: 1.649ms, rate sampling interval: 10ms
  Thread calibration: mean lat.: 1.671ms, rate sampling interval: 10ms
  Thread calibration: mean lat.: 1.671ms, rate sampling interval: 10ms
  Thread calibration: mean lat.: 1.630ms, rate sampling interval: 10ms
  Thread Stats   Avg      Stdev     Max   +/- Stdev
    Latency     1.64ms    0.89ms  20.21ms   80.62%
    Req/Sec    10.55k     1.02k   18.00k    76.46%
  Latency Distribution (HdrHistogram - Recorded Latency)
 50.000%    1.48ms
 75.000%    2.01ms
 90.000%    2.59ms
 99.000%    4.79ms
 99.900%    9.06ms
 99.990%   15.45ms
 99.999%   18.96ms
100.000%   20.22ms

  Detailed Percentile spectrum:
       Value   Percentile   TotalCount 1/(1-Percentile)

       0.269     0.000000            1         1.00
       0.796     0.100000        79035         1.11
       0.985     0.200000       157477         1.25
       1.155     0.300000       236187         1.43
       1.319     0.400000       314992         1.67
       1.484     0.500000       393929         2.00
       1.569     0.550000       433000         2.22
       1.662     0.600000       472459         2.50
       1.762     0.650000       511782         2.86
       1.877     0.700000       551147         3.33
       2.010     0.750000       590486         4.00
       2.085     0.775000       610341         4.44
       2.165     0.800000       629923         5.00
       2.255     0.825000       649645         5.71
       2.353     0.850000       669392         6.67
       2.463     0.875000       688911         8.00
       2.523     0.887500       698645         8.89
       2.589     0.900000       708473        10.00
       2.665     0.912500       718387        11.43
       2.753     0.925000       728149        13.33
       2.865     0.937500       737981        16.00
       2.931     0.943750       742895        17.78
       3.009     0.950000       747870        20.00
       3.095     0.956250       752767        22.86
       3.203     0.962500       757718        26.67
       3.351     0.968750       762602        32.00
       3.451     0.971875       765061        35.56
       3.569     0.975000       767487        40.00
       3.713     0.978125       769947        45.71
       3.901     0.981250       772401        53.33
       4.139     0.984375       774871        64.00
       4.295     0.985938       776100        71.11
       4.463     0.987500       777320        80.00
       4.659     0.989062       778551        91.43
       4.883     0.990625       779785       106.67
       5.159     0.992188       781011       128.00
       5.327     0.992969       781626       142.22
       5.511     0.993750       782247       160.00
       5.731     0.994531       782855       182.86
       6.003     0.995313       783471       213.33
       6.315     0.996094       784092       256.00
       6.483     0.996484       784393       284.44
       6.691     0.996875       784701       320.00
       6.919     0.997266       785007       365.71
       7.195     0.997656       785315       426.67
       7.599     0.998047       785624       512.00
       7.791     0.998242       785778       568.89
       8.047     0.998437       785930       640.00
       8.343     0.998633       786085       731.43
       8.703     0.998828       786239       853.33
       9.111     0.999023       786393      1024.00
       9.351     0.999121       786470      1137.78
       9.631     0.999219       786547      1280.00
       9.927     0.999316       786621      1462.86
      10.343     0.999414       786698      1706.67
      10.799     0.999512       786775      2048.00
      11.031     0.999561       786814      2275.56
      11.295     0.999609       786852      2560.00
      11.719     0.999658       786890      2925.71
      12.119     0.999707       786930      3413.33
      12.639     0.999756       786967      4096.00
      12.967     0.999780       786987      4551.11
      13.527     0.999805       787006      5120.00
      13.983     0.999829       787025      5851.43
      14.559     0.999854       787044      6826.67
      14.999     0.999878       787064      8192.00
      15.135     0.999890       787073      9102.22
      15.583     0.999902       787083     10240.00
      16.007     0.999915       787092     11702.86
      16.143     0.999927       787102     13653.33
      16.287     0.999939       787111     16384.00
      16.527     0.999945       787116     18204.44
      17.007     0.999951       787121     20480.00
      17.087     0.999957       787126     23405.71
      17.343     0.999963       787131     27306.67
      17.551     0.999969       787135     32768.00
      17.695     0.999973       787138     36408.89
      17.823     0.999976       787140     40960.00
      18.143     0.999979       787143     46811.43
      18.367     0.999982       787145     54613.33
      18.543     0.999985       787147     65536.00
      18.671     0.999986       787149     72817.78
      18.879     0.999988       787150     81920.00
      18.959     0.999989       787151     93622.86
      19.135     0.999991       787152    109226.67
      19.247     0.999992       787153    131072.00
      19.471     0.999993       787154    145635.56
      19.535     0.999994       787155    163840.00
      19.535     0.999995       787155    187245.71
      19.631     0.999995       787156    218453.33
      19.631     0.999996       787156    262144.00
      20.015     0.999997       787157    291271.11
      20.015     0.999997       787157    327680.00
      20.015     0.999997       787157    374491.43
      20.111     0.999998       787158    436906.67
      20.111     0.999998       787158    524288.00
      20.111     0.999998       787158    582542.22
      20.111     0.999998       787158    655360.00
      20.111     0.999999       787158    748982.86
      20.223     0.999999       787159    873813.33
      20.223     1.000000       787159          inf
#[Mean    =        1.642, StdDeviation   =        0.886]
#[Max     =       20.208, Total count    =       787159]
#[Buckets =           27, SubBuckets     =         2048]
----------------------------------------------------------
  1193731 requests in 30.00s, 153.69MB read
Requests/sec:  39790.94
Transfer/sec:      5.12MB
