Running 30s test @ http://10.116.0.2:8080/block?ms=100
  4 threads and 8000 connections
  Thread calibration: mean lat.: 2950.324ms, rate sampling interval: 12943ms
  Thread calibration: mean lat.: 2944.320ms, rate sampling interval: 12943ms
  Thread calibration: mean lat.: 2909.662ms, rate sampling interval: 12943ms
  Thread calibration: mean lat.: 2933.538ms, rate sampling interval: 12951ms
  Thread Stats   Avg      Stdev     Max   +/- Stdev
    Latency     9.92s     1.67s   14.15s    61.40%
    Req/Sec       -nan      -nan   0.00      0.00%
  Latency Distribution (HdrHistogram - Recorded Latency)
 50.000%    9.93s 
 75.000%   11.30s 
 90.000%   12.18s 
 99.000%   13.11s 
 99.900%   13.52s 
 99.990%   13.74s 
 99.999%   14.01s 
100.000%   14.16s 

  Detailed Percentile spectrum:
       Value   Percentile   TotalCount 1/(1-Percentile)

    5427.199     0.000000            1         1.00
    7770.111     0.100000        33588         1.11
    8286.207     0.200000        67038         1.25
    8839.167     0.300000       100680         1.43
    9371.647     0.400000       134160         1.67
    9928.703     0.500000       167943         2.00
   10190.847     0.550000       184389         2.22
   10469.375     0.600000       201197         2.50
   10756.095     0.650000       218197         2.86
   11034.623     0.700000       235099         3.33
   11296.767     0.750000       251737         4.00
   11427.839     0.775000       259930         4.44
   11567.103     0.800000       268534         5.00
   11706.367     0.825000       276819         5.71
   11853.823     0.850000       285118         6.67
   12009.471     0.875000       293311         8.00
   12091.391     0.887500       297574         8.89
   12181.503     0.900000       301973        10.00
   12271.615     0.912500       306196        11.43
   12361.727     0.925000       310263        13.33
   12460.031     0.937500       314376        16.00
   12509.183     0.943750       316337        17.78
   12566.527     0.950000       318531        20.00
   12623.871     0.956250       320602        22.86
   12689.407     0.962500       322726        26.67
   12763.135     0.968750       324887        32.00
   12795.903     0.971875       325797        35.56
   12845.055     0.975000       326928        40.00
   12886.015     0.978125       327924        45.71
   12926.975     0.981250       328876        53.33
   12984.319     0.984375       329955        64.00
   13017.087     0.985938       330510        71.11
   13049.855     0.987500       331037        80.00
   13082.623     0.989062       331537        91.43
   13123.583     0.990625       332120       106.67
   13164.543     0.992188       332618       128.00
   13189.119     0.992969       332858       142.22
   13213.695     0.993750       333136       160.00
   13238.271     0.994531       333331       182.86
   13271.039     0.995313       333600       213.33
   13303.807     0.996094       333864       256.00
   13320.191     0.996484       333979       284.44
   13352.959     0.996875       334127       320.00
   13377.535     0.997266       334263       365.71
   13402.111     0.997656       334382       426.67
   13426.687     0.998047       334507       512.00
   13443.071     0.998242       334569       568.89
   13467.647     0.998437       334646       640.00
   13484.031     0.998633       334712       731.43
   13500.415     0.998828       334768       853.33
   13524.991     0.999023       334833      1024.00
   13541.375     0.999121       334870      1137.78
   13549.567     0.999219       334891      1280.00
   13574.143     0.999316       334930      1462.86
   13590.527     0.999414       334957      1706.67
   13615.103     0.999512       335001      2048.00
   13623.295     0.999561       335014      2275.56
   13631.487     0.999609       335024      2560.00
   13647.871     0.999658       335045      2925.71
   13664.255     0.999707       335060      3413.33
   13680.639     0.999756       335078      4096.00
   13688.831     0.999780       335084      4551.11
   13697.023     0.999805       335093      5120.00
   13705.215     0.999829       335097      5851.43
   13713.407     0.999854       335104      6826.67
   13729.791     0.999878       335114      8192.00
   13737.983     0.999890       335120      9102.22
   13737.983     0.999902       335120     10240.00
   13754.367     0.999915       335124     11702.86
   13787.135     0.999927       335130     13653.33
   13795.327     0.999939       335133     16384.00
   13803.519     0.999945       335134     18204.44
   13811.711     0.999951       335136     20480.00
   13828.095     0.999957       335139     23405.71
   13836.287     0.999963       335141     27306.67
   13860.863     0.999969       335142     32768.00
   13869.055     0.999973       335144     36408.89
   13869.055     0.999976       335144     40960.00
   13901.823     0.999979       335145     46811.43
   13918.207     0.999982       335146     54613.33
   13967.359     0.999985       335148     65536.00
   13967.359     0.999986       335148     72817.78
   13967.359     0.999988       335148     81920.00
   14008.319     0.999989       335149     93622.86
   14008.319     0.999991       335149    109226.67
   14024.703     0.999992       335150    131072.00
   14024.703     0.999993       335150    145635.56
   14024.703     0.999994       335150    163840.00
   14057.471     0.999995       335151    187245.71
   14057.471     0.999995       335151    218453.33
   14057.471     0.999996       335151    262144.00
   14057.471     0.999997       335151    291271.11
   14057.471     0.999997       335151    327680.00
   14155.775     0.999997       335152    374491.43
   14155.775     1.000000       335152          inf
#[Mean    =     9922.542, StdDeviation   =     1673.891]
#[Max     =    14147.584, Total count    =       335152]
#[Buckets =           27, SubBuckets     =         2048]
----------------------------------------------------------
  888182 requests in 30.00s, 103.34MB read
Requests/sec:  29604.40
Transfer/sec:      3.44MB
