Running 30s test @ http://10.116.0.2:8080/block?ms=100
  4 threads and 4000 connections
  Thread calibration: mean lat.: 627.235ms, rate sampling interval: 2275ms
  Thread calibration: mean lat.: 615.626ms, rate sampling interval: 2242ms
  Thread calibration: mean lat.: 615.689ms, rate sampling interval: 2240ms
  Thread calibration: mean lat.: 619.006ms, rate sampling interval: 2252ms
  Thread Stats   Avg      Stdev     Max   +/- Stdev
    Latency     1.94s   399.45ms   3.87s    65.54%
    Req/Sec     8.26k   216.08     8.59k    50.00%
  Latency Distribution (HdrHistogram - Recorded Latency)
 50.000%    1.96s 
 75.000%    2.23s 
 90.000%    2.45s 
 99.000%    2.84s 
 99.900%    3.28s 
 99.990%    3.68s 
 99.999%    3.83s 
100.000%    3.87s 

  Detailed Percentile spectrum:
       Value   Percentile   TotalCount 1/(1-Percentile)

     858.623     0.000000            1         1.00
    1401.855     0.100000        49773         1.11
    1569.791     0.200000        99559         1.25
    1713.151     0.300000       149146         1.43
    1844.223     0.400000       198796         1.67
    1955.839     0.500000       248675         2.00
    2007.039     0.550000       273112         2.22
    2061.311     0.600000       298342         2.50
    2115.583     0.650000       323656         2.86
    2168.831     0.700000       347583         3.33
    2228.223     0.750000       372696         4.00
    2258.943     0.775000       385135         4.44
    2289.663     0.800000       397230         5.00
    2322.431     0.825000       409717         5.71
    2359.295     0.850000       422416         6.67
    2400.255     0.875000       434758         8.00
    2422.783     0.887500       441205         8.89
    2445.311     0.900000       447064        10.00
    2471.935     0.912500       453488        11.43
    2500.607     0.925000       459576        13.33
    2533.375     0.937500       465605        16.00
    2553.855     0.943750       468859        17.78
    2574.335     0.950000       471751        20.00
    2600.959     0.956250       475015        22.86
    2627.583     0.962500       477965        26.67
    2662.399     0.968750       481045        32.00
    2682.879     0.971875       482599        35.56
    2705.407     0.975000       484237        40.00
    2727.935     0.978125       485738        45.71
    2752.511     0.981250       487240        53.33
    2783.231     0.984375       488838        64.00
    2797.567     0.985938       489632        71.11
    2813.951     0.987500       490371        80.00
    2832.383     0.989062       491134        91.43
    2852.863     0.990625       491909       106.67
    2877.439     0.992188       492668       128.00
    2891.775     0.992969       493046       142.22
    2908.159     0.993750       493430       160.00
    2928.639     0.994531       493835       182.86
    2953.215     0.995313       494201       213.33
    2981.887     0.996094       494583       256.00
    3002.367     0.996484       494773       284.44
    3024.895     0.996875       494980       320.00
    3051.519     0.997266       495164       365.71
    3082.239     0.997656       495364       426.67
    3119.103     0.998047       495560       512.00
    3139.583     0.998242       495651       568.89
    3164.159     0.998437       495746       640.00
    3196.927     0.998633       495844       731.43
    3241.983     0.998828       495938       853.33
    3289.087     0.999023       496038      1024.00
    3323.903     0.999121       496085      1137.78
    3354.623     0.999219       496133      1280.00
    3383.295     0.999316       496181      1462.86
    3418.111     0.999414       496229      1706.67
    3463.167     0.999512       496276      2048.00
    3475.455     0.999561       496301      2275.56
    3506.175     0.999609       496326      2560.00
    3532.799     0.999658       496352      2925.71
    3557.375     0.999707       496376      3413.33
    3579.903     0.999756       496398      4096.00
    3594.239     0.999780       496411      4551.11
    3612.671     0.999805       496424      5120.00
    3627.007     0.999829       496434      5851.43
    3639.295     0.999854       496447      6826.67
    3655.679     0.999878       496458      8192.00
    3676.159     0.999890       496465      9102.22
    3686.399     0.999902       496472     10240.00
    3698.687     0.999915       496476     11702.86
    3727.359     0.999927       496482     13653.33
    3739.647     0.999939       496488     16384.00
    3756.031     0.999945       496491     18204.44
    3772.415     0.999951       496494     20480.00
    3790.847     0.999957       496497     23405.71
    3796.991     0.999963       496502     27306.67
    3801.087     0.999969       496504     32768.00
    3807.231     0.999973       496505     36408.89
    3811.327     0.999976       496507     40960.00
    3813.375     0.999979       496508     46811.43
    3817.471     0.999982       496510     54613.33
    3819.519     0.999985       496511     65536.00
    3821.567     0.999986       496512     72817.78
    3821.567     0.999988       496512     81920.00
    3825.663     0.999989       496513     93622.86
    3835.903     0.999991       496514    109226.67
    3839.999     0.999992       496515    131072.00
    3839.999     0.999993       496515    145635.56
    3839.999     0.999994       496515    163840.00
    3842.047     0.999995       496516    187245.71
    3842.047     0.999995       496516    218453.33
    3858.431     0.999996       496517    262144.00
    3858.431     0.999997       496517    291271.11
    3858.431     0.999997       496517    327680.00
    3858.431     0.999997       496517    374491.43
    3858.431     0.999998       496517    436906.67
    3872.767     0.999998       496518    524288.00
    3872.767     1.000000       496518          inf
#[Mean    =     1940.952, StdDeviation   =      399.455]
#[Max     =     3870.720, Total count    =       496518]
#[Buckets =           27, SubBuckets     =         2048]
----------------------------------------------------------
  900007 requests in 30.00s, 104.71MB read
Requests/sec:  29999.50
Transfer/sec:      3.49MB
