Running 30s test @ http://10.116.0.2:8080/block?ms=100
  4 threads and 2000 connections
  Thread calibration: mean lat.: 119.057ms, rate sampling interval: 256ms
  Thread calibration: mean lat.: 118.116ms, rate sampling interval: 248ms
  Thread calibration: mean lat.: 124.587ms, rate sampling interval: 239ms
  Thread calibration: mean lat.: 123.636ms, rate sampling interval: 245ms
  Thread Stats   Avg      Stdev     Max   +/- Stdev
    Latency   104.75ms   10.95ms 449.79ms   94.77%
    Req/Sec     4.51k   239.18     5.31k    70.21%
  Latency Distribution (HdrHistogram - Recorded Latency)
 50.000%  102.27ms
 75.000%  104.83ms
 90.000%  111.42ms
 99.000%  127.49ms
 99.900%  297.98ms
 99.990%  399.10ms
 99.999%  443.90ms
100.000%  450.05ms

  Detailed Percentile spectrum:
       Value   Percentile   TotalCount 1/(1-Percentile)

     100.351     0.000000           18         1.00
     100.927     0.100000        36985         1.11
     101.183     0.200000        66111         1.25
     101.439     0.300000        97004         1.43
     101.759     0.400000       128904         1.67
     102.271     0.500000       159977         2.00
     102.655     0.550000       175174         2.22
     103.103     0.600000       190432         2.50
     103.615     0.650000       206195         2.86
     104.191     0.700000       222022         3.33
     104.831     0.750000       236951         4.00
     105.215     0.775000       244227         4.44
     105.791     0.800000       252624         5.00
     106.495     0.825000       260004         5.71
     107.583     0.850000       267709         6.67
     109.311     0.875000       275677         8.00
     110.271     0.887500       279515         8.89
     111.423     0.900000       283565        10.00
     112.511     0.912500       287561        11.43
     113.599     0.925000       291445        13.33
     114.751     0.937500       295210        16.00
     115.391     0.943750       297344        17.78
     115.967     0.950000       299177        20.00
     116.671     0.956250       301199        22.86
     117.503     0.962500       303091        26.67
     118.591     0.968750       305152        32.00
     119.167     0.971875       306078        35.56
     119.935     0.975000       307085        40.00
     120.767     0.978125       307997        45.71
     121.983     0.981250       309011        53.33
     123.519     0.984375       309974        64.00
     124.479     0.985938       310472        71.11
     125.503     0.987500       310971        80.00
     126.591     0.989062       311444        91.43
     128.255     0.990625       311932       106.67
     130.175     0.992188       312436       128.00
     131.007     0.992969       312676       142.22
     131.839     0.993750       312932       160.00
     132.735     0.994531       313163       182.86
     134.143     0.995313       313405       213.33
     136.831     0.996094       313654       256.00
     139.647     0.996484       313775       284.44
     157.311     0.996875       313898       320.00
     188.671     0.997266       314021       365.71
     216.447     0.997656       314142       426.67
     233.599     0.998047       314266       512.00
     242.303     0.998242       314328       568.89
     249.855     0.998437       314388       640.00
     263.679     0.998633       314450       731.43
     279.295     0.998828       314511       853.33
     299.519     0.999023       314576      1024.00
     308.735     0.999121       314604      1137.78
     317.439     0.999219       314635      1280.00
     326.143     0.999316       314666      1462.86
     331.263     0.999414       314696      1706.67
     335.615     0.999512       314728      2048.00
     337.919     0.999561       314742      2275.56
     340.991     0.999609       314757      2560.00
     342.783     0.999658       314773      2925.71
     351.487     0.999707       314790      3413.33
     359.679     0.999756       314804      4096.00
     365.567     0.999780       314811      4551.11
     373.503     0.999805       314821      5120.00
     380.159     0.999829       314827      5851.43
     384.511     0.999854       314834      6826.67
     394.495     0.999878       314843      8192.00
     395.007     0.999890       314846      9102.22
     401.663     0.999902       314850     10240.00
     405.503     0.999915       314856     11702.86
     409.599     0.999927       314858     13653.33
     420.095     0.999939       314861     16384.00
     426.495     0.999945       314863     18204.44
     428.287     0.999951       314865     20480.00
     428.799     0.999957       314867     23405.71
     430.847     0.999963       314869     27306.67
     434.431     0.999969       314871     32768.00
     434.687     0.999973       314872     36408.89
     441.599     0.999976       314873     40960.00
     441.855     0.999979       314874     46811.43
     443.391     0.999982       314876     54613.33
     443.391     0.999985       314876     65536.00
     443.391     0.999986       314876     72817.78
     443.903     0.999988       314878     81920.00
     443.903     0.999989       314878     93622.86
     443.903     0.999991       314878    109226.67
     443.903     0.999992       314878    131072.00
     443.903     0.999993       314878    145635.56
     449.791     0.999994       314879    163840.00
     449.791     0.999995       314879    187245.71
     449.791     0.999995       314879    218453.33
     449.791     0.999996       314879    262144.00
     449.791     0.999997       314879    291271.11
     450.047     0.999997       314880    327680.00
     450.047     1.000000       314880          inf
#[Mean    =      104.748, StdDeviation   =       10.946]
#[Max     =      449.792, Total count    =       314880]
#[Buckets =           27, SubBuckets     =         2048]
----------------------------------------------------------
  512841 requests in 30.00s, 59.67MB read
Requests/sec:  17094.73
Transfer/sec:      1.99MB
