Running 30s test @ http://10.116.0.2:8080/json
  4 threads and 256 connections
  Thread calibration: mean lat.: 1.293ms, rate sampling interval: 10ms
  Thread calibration: mean lat.: 1.283ms, rate sampling interval: 10ms
  Thread calibration: mean lat.: 1.283ms, rate sampling interval: 10ms
  Thread calibration: mean lat.: 1.499ms, rate sampling interval: 10ms
  Thread Stats   Avg      Stdev     Max   +/- Stdev
    Latency     1.36ms  652.69us  12.52ms   74.32%
    Req/Sec     5.27k     0.96k    9.80k    79.62%
  Latency Distribution (HdrHistogram - Recorded Latency)
 50.000%    1.28ms
 75.000%    1.72ms
 90.000%    2.11ms
 99.000%    3.24ms
 99.900%    6.61ms
 99.990%    9.46ms
 99.999%   11.41ms
100.000%   12.53ms

  Detailed Percentile spectrum:
       Value   Percentile   TotalCount 1/(1-Percentile)

       0.234     0.000000            1         1.00
       0.653     0.100000        39434         1.11
       0.824     0.200000        78940         1.25
       0.975     0.300000       118095         1.43
       1.126     0.400000       157553         1.67
       1.280     0.500000       196828         2.00
       1.359     0.550000       216521         2.22
       1.442     0.600000       236184         2.50
       1.530     0.650000       255846         2.86
       1.624     0.700000       275631         3.33
       1.724     0.750000       295314         4.00
       1.776     0.775000       305183         4.44
       1.828     0.800000       314899         5.00
       1.886     0.825000       324848         5.71
       1.949     0.850000       334699         6.67
       2.020     0.875000       344441         8.00
       2.061     0.887500       349485         8.89
       2.105     0.900000       354315        10.00
       2.157     0.912500       359305        11.43
       2.215     0.925000       364189        13.33
       2.285     0.937500       369112        16.00
       2.325     0.943750       371514        17.78
       2.371     0.950000       374023        20.00
       2.423     0.956250       376437        22.86
       2.485     0.962500       378857        26.67
       2.565     0.968750       381320        32.00
       2.611     0.971875       382552        35.56
       2.665     0.975000       383766        40.00
       2.731     0.978125       385032        45.71
       2.813     0.981250       386237        53.33
       2.921     0.984375       387461        64.00
       2.989     0.985938       388073        71.11
       3.067     0.987500       388692        80.00
       3.169     0.989062       389298        91.43
       3.309     0.990625       389915       106.67
       3.523     0.992188       390528       128.00
       3.683     0.992969       390836       142.22
       3.847     0.993750       391146       160.00
       4.049     0.994531       391452       182.86
       4.287     0.995313       391758       213.33
       4.571     0.996094       392068       256.00
       4.759     0.996484       392220       284.44
       4.939     0.996875       392374       320.00
       5.151     0.997266       392529       365.71
       5.411     0.997656       392685       426.67
       5.659     0.998047       392836       512.00
       5.831     0.998242       392914       568.89
       5.995     0.998437       392988       640.00
       6.175     0.998633       393067       731.43
       6.395     0.998828       393143       853.33
       6.631     0.999023       393219      1024.00
       6.755     0.999121       393262      1137.78
       6.839     0.999219       393296      1280.00
       7.019     0.999316       393337      1462.86
       7.159     0.999414       393374      1706.67
       7.387     0.999512       393411      2048.00
       7.523     0.999561       393432      2275.56
       7.675     0.999609       393450      2560.00
       7.843     0.999658       393469      2925.71
       8.007     0.999707       393488      3413.33
       8.175     0.999756       393507      4096.00
       8.255     0.999780       393519      4551.11
       8.367     0.999805       393527      5120.00
       8.487     0.999829       393536      5851.43
       8.711     0.999854       393546      6826.67
       8.911     0.999878       393556      8192.00
       9.039     0.999890       393560      9102.22
       9.487     0.999902       393565     10240.00
       9.791     0.999915       393570     11702.86
       9.943     0.999927       393575     13653.33
      10.255     0.999939       393579     16384.00
      10.343     0.999945       393583     18204.44
      10.415     0.999951       393584     20480.00
      10.527     0.999957       393587     23405.71
      10.647     0.999963       393589     27306.67
      10.975     0.999969       393591     32768.00
      10.999     0.999973       393593     36408.89
      11.063     0.999976       393594     40960.00
      11.071     0.999979       393595     46811.43
      11.287     0.999982       393596     54613.33
      11.399     0.999985       393598     65536.00
      11.399     0.999986       393598     72817.78
      11.415     0.999988       393599     81920.00
      11.415     0.999989       393599     93622.86
      11.527     0.999991       393600    109226.67
      11.527     0.999992       393600    131072.00
      11.623     0.999993       393601    145635.56
      11.623     0.999994       393601    163840.00
      11.623     0.999995       393601    187245.71
      11.639     0.999995       393602    218453.33
      11.639     0.999996       393602    262144.00
      11.639     0.999997       393602    291271.11
      11.639     0.999997       393602    327680.00
      11.639     0.999997       393602    374491.43
      12.527     0.999998       393603    436906.67
      12.527     1.000000       393603          inf
#[Mean    =        1.363, StdDeviation   =        0.653]
#[Max     =       12.520, Total count    =       393603]
#[Buckets =           27, SubBuckets     =         2048]
----------------------------------------------------------
  592732 requests in 30.00s, 75.29MB read
Requests/sec:  19755.73
Transfer/sec:      2.51MB
