Running 30s test @ http://10.116.0.2:8080/block?ms=100
  4 threads and 1000 connections
  Thread calibration: mean lat.: 521.191ms, rate sampling interval: 1731ms
  Thread calibration: mean lat.: 543.906ms, rate sampling interval: 1888ms
  Thread calibration: mean lat.: 568.774ms, rate sampling interval: 1858ms
  Thread calibration: mean lat.: 551.001ms, rate sampling interval: 1871ms
  Thread Stats   Avg      Stdev     Max   +/- Stdev
    Latency   117.20ms   50.23ms 683.01ms   94.53%
    Req/Sec     2.26k    50.48     2.36k    66.67%
  Latency Distribution (HdrHistogram - Recorded Latency)
 50.000%  104.06ms
 75.000%  107.78ms
 90.000%  125.50ms
 99.000%  394.75ms
 99.900%  543.23ms
 99.990%  641.53ms
 99.999%  663.04ms
100.000%  683.52ms

  Detailed Percentile spectrum:
       Value   Percentile   TotalCount 1/(1-Percentile)

     100.351     0.000000            3         1.00
     101.247     0.100000        17618         1.11
     101.823     0.200000        34298         1.25
     102.527     0.300000        50952         1.43
     103.295     0.400000        69017         1.67
     104.063     0.500000        85555         2.00
     104.511     0.550000        93853         2.22
     105.023     0.600000       102151         2.50
     105.663     0.650000       110720         2.86
     106.495     0.700000       119095         3.33
     107.775     0.750000       127152         4.00
     108.863     0.775000       131448         4.44
     110.911     0.800000       135509         5.00
     114.431     0.825000       139802         5.71
     118.207     0.850000       143996         6.67
     121.855     0.875000       148225         8.00
     123.583     0.887500       150330         8.89
     125.503     0.900000       152487        10.00
     127.871     0.912500       154554        11.43
     132.863     0.925000       156693        13.33
     140.927     0.937500       158789        16.00
     160.767     0.943750       159849        17.78
     185.599     0.950000       160907        20.00
     208.895     0.956250       161970        22.86
     229.887     0.962500       163025        26.67
     258.687     0.968750       164085        32.00
     275.967     0.971875       164613        35.56
     291.839     0.975000       165149        40.00
     310.015     0.978125       165676        45.71
     324.607     0.981250       166205        53.33
     343.807     0.984375       166729        64.00
     355.839     0.985938       166999        71.11
     369.919     0.987500       167259        80.00
     385.535     0.989062       167531        91.43
     401.407     0.990625       167787       106.67
     417.791     0.992188       168054       128.00
     424.191     0.992969       168187       142.22
     431.359     0.993750       168316       160.00
     439.807     0.994531       168449       182.86
     452.095     0.995313       168583       213.33
     465.663     0.996094       168713       256.00
     475.647     0.996484       168781       284.44
     486.143     0.996875       168845       320.00
     496.639     0.997266       168913       365.71
     507.647     0.997656       168978       426.67
     518.143     0.998047       169044       512.00
     524.287     0.998242       169080       568.89
     529.919     0.998437       169113       640.00
     534.015     0.998633       169148       731.43
     538.623     0.998828       169177       853.33
     543.231     0.999023       169209      1024.00
     548.863     0.999121       169228      1137.78
     551.935     0.999219       169242      1280.00
     557.567     0.999316       169259      1462.86
     566.271     0.999414       169276      1706.67
     575.999     0.999512       169292      2048.00
     583.679     0.999561       169300      2275.56
     590.335     0.999609       169309      2560.00
     599.039     0.999658       169317      2925.71
     606.719     0.999707       169325      3413.33
     614.911     0.999756       169333      4096.00
     621.055     0.999780       169337      4551.11
     624.127     0.999805       169341      5120.00
     630.783     0.999829       169346      5851.43
     633.855     0.999854       169350      6826.67
     637.439     0.999878       169354      8192.00
     641.535     0.999890       169357      9102.22
     643.583     0.999902       169358     10240.00
     644.607     0.999915       169360     11702.86
     646.143     0.999927       169363     13653.33
     646.655     0.999939       169364     16384.00
     648.703     0.999945       169365     18204.44
     649.727     0.999951       169366     20480.00
     652.287     0.999957       169367     23405.71
     652.799     0.999963       169368     27306.67
     653.823     0.999969       169369     32768.00
     654.335     0.999973       169370     36408.89
     654.335     0.999976       169370     40960.00
     660.479     0.999979       169371     46811.43
     660.479     0.999982       169371     54613.33
     663.039     0.999985       169372     65536.00
     663.039     0.999986       169372     72817.78
     663.039     0.999988       169372     81920.00
     672.767     0.999989       169373     93622.86
     672.767     0.999991       169373    109226.67
     672.767     0.999992       169373    131072.00
     672.767     0.999993       169373    145635.56
     672.767     0.999994       169373    163840.00
     683.519     0.999995       169374    187245.71
     683.519     1.000000       169374          inf
#[Mean    =      117.201, StdDeviation   =       50.225]
#[Max     =      683.008, Total count    =       169374]
#[Buckets =           27, SubBuckets     =         2048]
----------------------------------------------------------
  259968 requests in 30.02s, 29.75MB read
Requests/sec:   8661.04
Transfer/sec:      0.99MB
