Running 30s test @ http://10.116.0.2:8080/block?ms=100
  4 threads and 8000 connections
  Thread calibration: mean lat.: 4553.060ms, rate sampling interval: 19431ms
  Thread calibration: mean lat.: 4580.723ms, rate sampling interval: 19562ms
  Thread calibration: mean lat.: 4613.742ms, rate sampling interval: 19644ms
  Thread calibration: mean lat.: 4684.008ms, rate sampling interval: 19644ms
  Thread Stats   Avg      Stdev     Max   +/- Stdev
    Latency    14.48s     2.79s   23.63s    66.05%
    Req/Sec       -nan      -nan   0.00      0.00%
  Latency Distribution (HdrHistogram - Recorded Latency)
 50.000%   14.39s 
 75.000%   16.50s 
 90.000%   18.20s 
 99.000%   20.76s 
 99.900%   22.12s 
 99.990%   23.13s 
 99.999%   23.46s 
100.000%   23.64s 

  Detailed Percentile spectrum:
       Value   Percentile   TotalCount 1/(1-Percentile)

    6217.727     0.000000            1         1.00
   10862.591     0.100000        17555         1.11
   12066.815     0.200000        35138         1.25
   12935.167     0.300000        52691         1.43
   13680.639     0.400000        70198         1.67
   14393.343     0.500000        87793         2.00
   14753.791     0.550000        96685         2.22
   15122.431     0.600000       105313         2.50
   15532.031     0.650000       114130         2.86
   15990.783     0.700000       122812         3.33
   16498.687     0.750000       131634         4.00
   16744.447     0.775000       136078         4.44
   17006.591     0.800000       140509         5.00
   17268.735     0.825000       144759         5.71
   17547.263     0.850000       149254         6.67
   17842.175     0.875000       153570         8.00
   18006.015     0.887500       155758         8.89
   18202.623     0.900000       158104        10.00
   18382.847     0.912500       160102        11.43
   18595.839     0.925000       162289        13.33
   18841.599     0.937500       164519        16.00
   18972.671     0.943750       165594        17.78
   19120.127     0.950000       166762        20.00
   19267.583     0.956250       167824        22.86
   19447.807     0.962500       168881        26.67
   19660.799     0.968750       169986        32.00
   19775.487     0.971875       170523        35.56
   19906.559     0.975000       171088        40.00
   20054.015     0.978125       171655        45.71
   20217.855     0.981250       172192        53.33
   20381.695     0.984375       172719        64.00
   20463.615     0.985938       172994        71.11
   20561.919     0.987500       173276        80.00
   20676.607     0.989062       173537        91.43
   20807.679     0.990625       173805       106.67
   20955.135     0.992188       174082       128.00
   21037.055     0.992969       174232       142.22
   21118.975     0.993750       174377       160.00
   21217.279     0.994531       174500       182.86
   21299.199     0.995313       174623       213.33
   21430.271     0.996094       174764       256.00
   21495.807     0.996484       174831       284.44
   21561.343     0.996875       174900       320.00
   21643.263     0.997266       174969       365.71
   21708.799     0.997656       175034       426.67
   21807.103     0.998047       175109       512.00
   21856.255     0.998242       175147       568.89
   21905.407     0.998437       175182       640.00
   21954.559     0.998633       175210       731.43
   22036.479     0.998828       175241       853.33
   22134.783     0.999023       175276      1024.00
   22200.319     0.999121       175290      1137.78
   22265.855     0.999219       175311      1280.00
   22380.543     0.999316       175327      1462.86
   22478.847     0.999414       175343      1706.67
   22560.767     0.999512       175360      2048.00
   22609.919     0.999561       175367      2275.56
   22675.455     0.999609       175377      2560.00
   22740.991     0.999658       175387      2925.71
   22790.143     0.999707       175394      3413.33
   22839.295     0.999756       175402      4096.00
   22872.063     0.999780       175407      4551.11
   22904.831     0.999805       175410      5120.00
   22986.751     0.999829       175415      5851.43
   23035.903     0.999854       175419      6826.67
   23101.439     0.999878       175423      8192.00
   23117.823     0.999890       175425      9102.22
   23150.591     0.999902       175427     10240.00
   23216.127     0.999915       175430     11702.86
   23248.895     0.999927       175432     13653.33
   23265.279     0.999939       175434     16384.00
   23298.047     0.999945       175436     18204.44
   23298.047     0.999951       175436     20480.00
   23314.431     0.999957       175438     23405.71
   23314.431     0.999963       175438     27306.67
   23347.199     0.999969       175439     32768.00
   23379.967     0.999973       175440     36408.89
   23379.967     0.999976       175440     40960.00
   23429.119     0.999979       175441     46811.43
   23429.119     0.999982       175441     54613.33
   23461.887     0.999985       175442     65536.00
   23461.887     0.999986       175442     72817.78
   23461.887     0.999988       175442     81920.00
   23625.727     0.999989       175443     93622.86
   23625.727     0.999991       175443    109226.67
   23625.727     0.999992       175443    131072.00
   23625.727     0.999993       175443    145635.56
   23625.727     0.999994       175443    163840.00
   23642.111     0.999995       175444    187245.71
   23642.111     1.000000       175444          inf
#[Mean    =    14478.777, StdDeviation   =     2785.588]
#[Max     =    23625.728, Total count    =       175444]
#[Buckets =           27, SubBuckets     =         2048]
----------------------------------------------------------
  467597 requests in 30.00s, 53.51MB read
  Socket errors: connect 0, read 0, write 0, timeout 15103
Requests/sec:  15587.25
Transfer/sec:      1.78MB
