Running 30s test @ http://10.116.0.2:8080/json
  4 threads and 256 connections
  Thread calibration: mean lat.: 2931.120ms, rate sampling interval: 10657ms
  Thread calibration: mean lat.: 2939.084ms, rate sampling interval: 10674ms
  Thread calibration: mean lat.: 2945.039ms, rate sampling interval: 10682ms
  Thread calibration: mean lat.: 2928.109ms, rate sampling interval: 10682ms
  Thread Stats   Avg      Stdev     Max   +/- Stdev
    Latency    11.69s     3.34s   17.94s    57.89%
    Req/Sec    12.41k    41.33    12.49k    75.00%
  Latency Distribution (HdrHistogram - Recorded Latency)
 50.000%   11.70s 
 75.000%   14.59s 
 90.000%   16.33s 
 99.000%   17.40s 
 99.900%   17.66s 
 99.990%   17.79s 
 99.999%   17.92s 
100.000%   17.96s 

  Detailed Percentile spectrum:
       Value   Percentile   TotalCount 1/(1-Percentile)

    5705.727     0.000000            1         1.00
    7049.215     0.100000        98058         1.11
    8191.999     0.200000       195692         1.25
    9396.223     0.300000       293806         1.43
   10559.487     0.400000       391200         1.67
   11698.175     0.500000       489264         2.00
   12296.191     0.550000       538281         2.22
   12894.207     0.600000       587003         2.50
   13434.879     0.650000       635647         2.86
   14008.319     0.700000       684670         3.33
   14589.951     0.750000       733232         4.00
   14868.479     0.775000       757975         4.44
   15138.815     0.800000       782251         5.00
   15433.727     0.825000       806787         5.71
   15728.639     0.850000       831076         6.67
   16023.551     0.875000       855441         8.00
   16179.199     0.887500       868106         8.89
   16326.655     0.900000       880407        10.00
   16465.919     0.912500       892275        11.43
   16613.375     0.925000       904814        13.33
   16752.639     0.937500       916803        16.00
   16826.367     0.943750       923977        17.78
   16875.519     0.950000       928719        20.00
   16957.439     0.956250       935747        22.86
   17022.975     0.962500       941291        26.67
   17088.511     0.968750       947163        32.00
   17137.663     0.971875       951041        35.56
   17170.431     0.975000       953485        40.00
   17219.583     0.978125       957129        45.71
   17252.351     0.981250       959419        53.33
   17301.503     0.984375       962599        64.00
   17334.271     0.985938       964666        71.11
   17350.655     0.987500       965650        80.00
   17383.423     0.989062       967511        91.43
   17399.807     0.990625       968433       106.67
   17432.575     0.992188       970158       128.00
   17448.959     0.992969       970967       142.22
   17465.343     0.993750       971674       160.00
   17481.727     0.994531       972321       182.86
   17514.495     0.995313       973587       213.33
   17530.879     0.996094       974137       256.00
   17547.263     0.996484       974619       284.44
   17547.263     0.996875       974619       320.00
   17563.647     0.997266       975100       365.71
   17580.031     0.997656       975506       426.67
   17596.415     0.998047       975858       512.00
   17612.799     0.998242       976148       568.89
   17612.799     0.998437       976148       640.00
   17629.183     0.998633       976383       731.43
   17645.567     0.998828       976590       853.33
   17661.951     0.999023       976786      1024.00
   17661.951     0.999121       976786      1137.78
   17678.335     0.999219       976960      1280.00
   17678.335     0.999316       976960      1462.86
   17694.719     0.999414       977086      1706.67
   17711.103     0.999512       977186      2048.00
   17711.103     0.999561       977186      2275.56
   17727.487     0.999609       977265      2560.00
   17727.487     0.999658       977265      2925.71
   17743.871     0.999707       977338      3413.33
   17760.255     0.999756       977394      4096.00
   17760.255     0.999780       977394      4551.11
   17760.255     0.999805       977394      5120.00
   17776.639     0.999829       977442      5851.43
   17776.639     0.999854       977442      6826.67
   17793.023     0.999878       977489      8192.00
   17793.023     0.999890       977489      9102.22
   17793.023     0.999902       977489     10240.00
   17809.407     0.999915       977516     11702.86
   17809.407     0.999927       977516     13653.33
   17825.791     0.999939       977539     16384.00
   17825.791     0.999945       977539     18204.44
   17825.791     0.999951       977539     20480.00
   17825.791     0.999957       977539     23405.71
   17842.175     0.999963       977546     27306.67
   17874.943     0.999969       977555     32768.00
   17874.943     0.999973       977555     36408.89
   17891.327     0.999976       977561     40960.00
   17891.327     0.999979       977561     46811.43
   17907.711     0.999982       977565     54613.33
   17924.095     0.999985       977571     65536.00
   17924.095     0.999986       977571     72817.78
   17924.095     0.999988       977571     81920.00
   17924.095     0.999989       977571     93622.86
   17940.479     0.999991       977576    109226.67
   17940.479     0.999992       977576    131072.00
   17940.479     0.999993       977576    145635.56
   17940.479     0.999994       977576    163840.00
   17940.479     0.999995       977576    187245.71
   17940.479     0.999995       977576    218453.33
   17956.863     0.999996       977580    262144.00
   17956.863     1.000000       977580          inf
#[Mean    =    11693.248, StdDeviation   =     3341.627]
#[Max     =    17940.480, Total count    =       977580]
#[Buckets =           27, SubBuckets     =         2048]
----------------------------------------------------------
  1485334 requests in 30.00s, 188.66MB read
Requests/sec:  49511.95
Transfer/sec:      6.29MB
