1790881249 198576
1790881250 202300
1790881251 215760
1790881252 228324
1790881253 229444
1790881254 229860
1790881255 240472
1790881256 244016
1790881257 259608
1790881258 263488
1790881259 279252
1790881260 297872
1790881261 297904
1790881263 297920
1790881264 297924
1790881265 297924
1790881266 297924
1790881267 297928
1790881268 297936
1790881269 297952
1790881270 297964
1790881271 297976
1790881272 297980
1790881273 297996
1790881274 297996
1790881275 297996
1790881276 298032
1790881277 298032
1790881278 298032
1790881279 298032
1790881280 298136
1790881281 327540
1790881282 527532
1790881283 655740
1790881284 684956
1790881285 773888
1790881286 908256
1790881288 1002484
1790881289 1002604
1790881290 1002604
1790881291 1002780
1790881292 1002780
1790881293 1016048
1790881294 1003132
1790881295 1003148
1790881296 1004348
1790881297 1004388
1790881298 1006096
1790881299 887372
1790881300 888440
1790881301 888496
1790881302 871836
1790881303 871852
1790881304 871896
1790881305 871912
1790881306 871940
1790881307 872004
1790881308 872016
1790881309 872536
1790881310 872600
1790881311 872600
1790881312 813192
1790881314 813192
1790881315 813208
1790881316 813208
1790881317 813304
1790881318 813304
1790881319 546624
1790881320 479852
1790881321 479856
1790881322 427656
1790881323 427656
1790881324 372376
1790881325 372376
1790881326 361928
1790881327 354624
1790881328 354624
1790881329 351480
1790881330 347304
1790881331 347316
1790881332 344184
1790881333 341056
1790881334 341060
1790881335 341068
1790881336 341084
1790881338 336916
1790881339 336920
1790881340 333792
1790881341 333796
1790881342 333804
1790881343 360436
1790881344 330636
1790881345 356296
1790881346 333796
1790881347 339692
1790881348 333816
1790881349 333816
1790881350 333812
1790881351 333820
1790881352 372804
1790881353 372804
1790881354 372816
1790881355 372816
1790881356 372816
1790881358 372816
1790881359 372816
1790881360 372816
1790881361 372816
1790881362 372816
1790881363 372816
1790881364 372816
1790881365 372816
1790881366 372816
1790881367 372816
1790881368 372820
1790881369 372820
1790881370 372856
1790881371 372864
1790881372 372868
1790881373 372868
1790881374 372868
1790881376 372872
1790881377 372876
1790881378 372876
1790881379 372876
1790881380 372876
1790881381 372876
1790881382 372876
1790881383 372876
1790881384 372876
1790881385 372876
1790881386 372880
1790881387 372880
1790881388 372880
1790881389 372888
1790881391 372888
1790881392 372888
1790881393 372896
1790881394 372904
1790881395 372904
1790881396 372904
1790881397 372904
1790881398 372904
1790881399 372904
1790881400 372904
1790881401 372904
1790881402 372904
1790881403 372904
1790881404 372908
1790881405 372912
1790881407 372912
1790881408 372912
1790881409 372916
1790881410 372916
1790881411 372920
1790881412 372928
1790881413 372932
1790881414 372936
1790881415 373544
1790881416 373556
1790881417 373564
1790881418 373576
1790881419 373580
1790881420 373580
1790881421 373580
1790881422 373588
1790881424 373588
1790881425 373592
1790881426 373592
1790881427 373596
1790881428 373600
1790881429 373600
1790881430 373604
1790881431 373608
1790881432 373608
1790881433 373608
1790881434 373616
1790881435 373620
1790881436 373620
1790881437 373624
1790881438 373632
1790881440 373632
1790881441 373632
1790881442 373632
1790881443 373636
1790881444 373636
1790881445 373636
1790881446 373640
1790881447 373640
1790881448 373640
1790881449 373640
1790881450 373644
1790881451 373648
1790881452 373652
1790881453 373652
1790881454 373660
1790881456 373664
1790881457 373672
1790881458 373672
1790881459 373672
1790881460 373672
1790881461 373672
1790881462 373680
1790881463 373688
1790881464 373692
1790881465 373692
1790881466 373696
1790881467 373696
1790881468 373696
1790881469 373700
1790881471 373700
1790881472 373700
1790881473 373700
1790881474 373712
1790881475 373716
1790881476 373720
1790881477 373728
1790881478 373736
1790881479 373740
1790881480 373748
1790881481 373748
1790881482 373752
1790881483 373760
1790881484 373768
1790881485 373776
1790881487 373780
1790881488 373780
1790881489 373780
1790881490 373784
1790881491 373788
1790881492 486816
1790881493 576016
1790881494 668824
1790881495 804480
1790881496 816400
1790881497 817284
1790881498 817376
1790881499 821244
1790881500 821324
1790881501 821460
1790881502 821548
1790881503 821640
1790881504 821692
1790881505 828844
1790881506 828948
1790881507 829016
1790881508 829040
1790881510 829048
1790881511 830128
1790881512 830140
1790881513 833216
1790881514 833216
1790881515 833252
1790881516 833256
1790881517 833276
1790881518 833280
1790881519 833280
1790881520 833300
1790881521 833300
1790881522 833464
1790881523 1015956
1790881524 1055096
1790881525 1141520
1790881526 1212508
1790881527 1271912
1790881528 1468848
1790881529 1468936
1790881530 1469196
1790881532 1469196
1790881533 1472360
1790881534 1472360
1790881535 1472368
1790881536 1472376
1790881537 1472452
1790881538 1474468
1790881539 1474468
1790881540 1474480
1790881541 1474496
1790881542 1474540
1790881543 1474540
1790881544 1474564
1790881545 1475360
1790881546 1475516
1790881547 1475572
1790881548 1475676
1790881549 1475680
1790881550 1475680
1790881551 1475712
1790881553 1475716
1790881554 1476556
1790881555 1477708
1790881556 1680940
1790881557 1862696
1790881558 2237032
1790881559 2247640
1790881560 2281756
1790881561 2282664
1790881562 2282800
1790881563 2283116
1790881564 2283232
1790881565 2283328
1790881566 2283464
1790881567 2283468
1790881569 2283500
1790881570 2283532
1790881571 2283556
1790881572 2283572
1790881573 2283588
1790881574 2283616
1790881575 2283616
1790881576 2283628
1790881577 2283656
1790881578 2283664
1790881579 2283664
1790881580 2283676
1790881581 2283676
1790881582 2283676
1790881584 2120996
1790881585 2121024
1790881586 2121028
1790881587 2131516
1790881588 2247620
1790881589 2282760
1790881590 2285204
1790881591 2287184
1790881592 2291084
1790881593 2296072
1790881594 2296152
1790881595 2299140
1790881596 2299204
1790881597 2303456
1790881598 2303800
1790881600 2303800
1790881601 2303856
1790881602 2303888
1790881603 2304232
1790881604 2304352
1790881605 2304428
1790881606 2305836
1790881607 2305840
1790881608 2305840
1790881609 2306164
1790881610 2306164
1790881611 0
