Linux 6.8.0-142-generic (cafeai-bench-loadgen) 	10/01/26 	_x86_64_	(4 CPU)

18:54:41     CPU    %usr   %nice    %sys %iowait    %irq   %soft  %steal  %guest  %gnice   %idle
18:54:42     all    0.00    0.00    1.51    0.00    0.00    1.01    0.00    0.00    0.00   97.49
18:54:43     all    1.01    0.00    2.03    0.00    0.00    1.77    0.00    0.00    0.00   95.19
18:54:44     all    1.51    0.00    3.52    0.00    0.00    3.02    0.00    0.00    0.00   91.96
18:54:45     all    1.53    0.00    4.07    0.00    0.00    2.80    0.00    0.00    0.00   91.60
18:54:46     all    2.30    0.00    5.61    0.00    0.00    3.32    0.00    0.00    0.00   88.78
18:54:47     all    2.35    0.00    8.88    0.52    0.00    2.61    0.00    0.00    0.00   85.64
18:54:48     all    3.56    0.00    8.14    0.00    0.00    4.58    0.00    0.00    0.00   83.72
18:54:49     all    3.50    0.00    9.75    0.00    0.00    6.50    0.00    0.00    0.00   80.25
18:54:50     all    4.98    0.00   11.94    0.00    0.00    8.96    0.00    0.00    0.00   74.13
18:54:51     all    5.36    0.00   15.56    0.00    0.00    9.69    0.00    0.00    0.00   69.39
18:54:52     all    7.71    0.00   17.99    0.00    0.00   10.80    0.00    0.00    0.00   63.50
18:54:53     all    4.08    0.00    7.14    0.00    0.00    4.34    0.00    0.00    0.00   84.44
18:54:54     all    3.57    0.00    7.65    0.00    0.00    4.59    0.00    0.00    0.00   84.18
18:54:55     all    3.84    0.00    7.67    0.00    0.00    4.35    0.00    0.00    0.00   84.14
18:54:56     all    3.84    0.00    7.42    0.00    0.00    3.84    0.00    0.00    0.00   84.91
18:54:57     all    3.84    0.00    7.16    0.00    0.00    4.60    0.00    0.00    0.00   84.40
18:54:58     all    3.34    0.00    7.46    0.00    0.00    4.37    0.00    0.00    0.00   84.83
18:54:59     all    3.84    0.00    7.16    0.00    0.00    4.60    0.26    0.00    0.00   84.14
18:55:00     all    3.33    0.00    7.44    0.00    0.00    4.87    0.00    0.00    0.00   84.36
18:55:01     all    3.85    0.00    7.44    0.00    0.00    3.59    0.00    0.00    0.00   85.13
18:55:02     all    3.34    0.00    7.71    0.00    0.00    4.88    0.77    0.00    0.00   83.29
18:55:03     all    2.60    0.00    7.03    0.00    0.00    4.43    0.00    0.00    0.00   85.94
18:55:04     all    3.88    0.00    6.72    0.00    0.00    4.13    0.00    0.00    0.00   85.27
18:55:05     all    2.81    0.00    7.91    0.00    0.00    4.34    0.26    0.00    0.00   84.69
18:55:06     all    3.86    0.00    6.68    0.00    0.00    4.63    0.00    0.00    0.00   84.83
18:55:07     all    3.35    0.00    6.70    0.26    0.00    4.90    0.00    0.00    0.00   84.79
18:55:08     all    3.61    0.00    7.22    0.00    0.00    4.12    0.00    0.00    0.00   85.05
18:55:09     all    3.85    0.00    7.95    0.00    0.00    3.59    0.26    0.00    0.00   84.36
18:55:10     all    3.55    0.00    7.87    0.00    0.00    4.82    0.00    0.00    0.00   83.76
18:55:11     all    4.10    0.00    6.41    0.00    0.00    4.87    0.00    0.00    0.00   84.62
18:55:12     all    0.76    0.00    1.27    0.00    0.00    0.00    0.00    0.00    0.00   97.97
18:55:13     all    1.02    0.00    2.79    0.00    0.00    2.28    0.00    0.00    0.00   93.91
18:55:14     all    1.50    0.00    4.24    0.00    0.00    3.74    0.00    0.00    0.00   90.52
18:55:15     all    1.01    0.00    4.29    0.00    0.00    3.54    0.00    0.00    0.00   91.16
18:55:16     all    1.79    0.00    3.57    0.00    0.00    2.55    0.26    0.00    0.00   91.84
18:55:17     all    1.76    0.00    4.53    0.00    0.00    3.27    0.00    0.00    0.00   90.43
18:55:18     all    2.52    0.00    3.53    0.00    0.00    3.27    0.00    0.00    0.00   90.68
18:55:19     all    2.02    0.00    3.78    0.00    0.00    3.27    0.00    0.00    0.00   90.93
18:55:20     all    2.27    0.00    3.28    0.00    0.00    3.54    0.00    0.00    0.00   90.91
18:55:21     all    1.81    0.00    3.10    0.00    0.00    2.33    0.00    0.00    0.00   92.76
18:55:22     all    2.02    0.00    3.53    0.00    0.00    3.53    0.00    0.00    0.00   90.93
18:55:23     all    2.29    0.00    3.56    0.00    0.00    3.05    0.00    0.00    0.00   91.09
18:55:24     all    2.03    0.00    4.31    0.00    0.00    3.81    0.00    0.00    0.00   89.85
18:55:25     all    2.02    0.00    4.04    0.00    0.00    2.78    0.00    0.00    0.00   91.16
18:55:26     all    2.53    0.00    3.03    0.00    0.00    3.03    0.00    0.00    0.00   91.41
18:55:27     all    2.04    0.00    3.32    0.00    0.00    2.81    0.00    0.00    0.00   91.84
18:55:28     all    2.01    0.00    3.52    0.00    0.00    3.52    0.00    0.00    0.00   90.95
18:55:29     all    2.54    0.00    3.30    0.00    0.00    2.54    0.00    0.00    0.00   91.62
18:55:30     all    1.52    0.00    3.54    0.00    0.00    3.54    0.00    0.00    0.00   91.39
18:55:31     all    2.28    0.00    3.30    0.00    0.00    3.05    0.00    0.00    0.00   91.37
18:55:32     all    2.53    0.00    3.54    0.00    0.00    3.03    0.00    0.00    0.00   90.91
18:55:33     all    1.79    0.00    3.32    0.00    0.00    2.81    0.00    0.00    0.00   92.09
18:55:34     all    2.05    0.00    3.32    0.00    0.00    3.07    0.00    0.00    0.00   91.56
18:55:35     all    2.78    0.00    3.79    0.00    0.00    4.04    0.00    0.00    0.00   89.39
18:55:36     all    2.03    0.00    3.55    0.00    0.00    2.79    0.00    0.00    0.00   91.62
18:55:37     all    2.51    0.00    4.01    0.00    0.00    3.01    0.00    0.00    0.00   90.48
18:55:38     all    2.04    0.00    3.31    0.00    0.00    3.05    0.00    0.00    0.00   91.60
18:55:39     all    1.52    0.00    3.30    0.00    0.00    3.30    0.00    0.00    0.00   91.88
18:55:40     all    2.04    0.00    3.05    0.25    0.00    3.05    0.00    0.00    0.00   91.60
18:55:41     all    1.79    0.00    3.32    0.00    0.00    3.32    0.00    0.00    0.00   91.58
18:55:42     all    4.39    0.00    4.65    0.00    0.00    1.55    0.26    0.00    0.00   89.15
18:55:43     all    4.80    0.00    5.60    0.00    0.00    2.93    0.00    0.00    0.00   86.67
18:55:44     all    5.26    0.00    6.58    0.00    0.00    2.89    0.00    0.00    0.00   85.26
18:55:45     all    5.01    0.00    5.80    0.00    0.00    3.43    0.00    0.00    0.00   85.75
18:55:46     all    4.49    0.00    6.33    0.00    0.00    3.96    0.00    0.00    0.00   85.22
18:55:47     all    4.69    0.00    6.51    0.00    0.00    3.65    0.00    0.00    0.00   85.16
18:55:48     all    5.77    0.00    7.35    0.00    0.00    3.15    0.00    0.00    0.00   83.73
18:55:49     all    5.24    0.00    6.81    0.00    0.00    3.40    0.00    0.00    0.00   84.55
18:55:50     all    4.52    0.00    5.32    0.00    0.00    3.46    0.00    0.00    0.00   86.70
18:55:51     all    5.03    0.00    6.35    0.00    0.00    3.70    0.00    0.00    0.00   84.92
18:55:52     all    5.97    0.00    5.71    0.00    0.00    4.68    0.00    0.00    0.00   83.64
18:55:53     all    5.41    0.00    5.93    0.00    0.00    5.41    0.00    0.00    0.00   83.25
18:55:54     all    5.24    0.00    6.02    0.00    0.00    3.93    0.00    0.00    0.00   84.82
18:55:55     all    5.43    0.00    6.72    0.00    0.00    4.39    0.26    0.00    0.00   83.20
18:55:56     all    4.99    0.00    6.04    0.00    0.00    4.46    0.26    0.00    0.00   84.25
18:55:57     all    5.24    0.00    6.54    0.00    0.00    4.45    0.26    0.00    0.00   83.51
18:55:58     all    4.72    0.00    6.30    0.00    0.00    3.94    0.00    0.00    0.00   85.04
18:55:59     all    5.18    0.00    6.48    0.00    0.00    4.66    0.78    0.00    0.00   82.90
18:56:00     all    5.47    0.00    5.99    0.00    0.00    4.69    0.00    0.00    0.00   83.85
18:56:01     all    5.68    0.00    6.72    0.00    0.00    4.39    0.00    0.00    0.00   83.20
18:56:02     all    4.63    0.00    6.17    0.00    0.00    5.40    0.26    0.00    0.00   83.55
18:56:03     all    5.74    0.00    6.01    0.00    0.00    3.92    0.00    0.00    0.00   84.33
18:56:04     all    4.64    0.00    6.19    0.00    0.00    5.15    0.00    0.00    0.00   84.02
18:56:05     all    5.67    0.00    6.96    0.00    0.00    4.64    0.00    0.00    0.00   82.73
18:56:06     all    5.40    0.00    6.43    0.00    0.00    4.88    0.00    0.00    0.00   83.29
18:56:07     all    5.19    0.00    5.97    0.00    0.00    4.94    0.00    0.00    0.00   83.90
18:56:08     all    5.88    0.00    5.63    0.00    0.00    5.12    0.00    0.00    0.00   83.38
18:56:09     all    4.74    0.00    6.32    0.00    0.00    4.21    0.00    0.00    0.00   84.74
18:56:10     all    5.74    0.00    6.53    0.00    0.00    3.66    0.00    0.00    0.00   84.07
18:56:11     all    5.87    0.00    6.12    0.00    0.00    5.10    0.26    0.00    0.00   82.65
18:56:12     all    7.61    0.00    8.38    0.00    0.00    4.06    0.25    0.00    0.00   79.70
18:56:13     all    9.97    0.00   12.60    0.00    0.00    9.19    0.00    0.00    0.00   68.24
18:56:14     all   11.17    0.00   12.73    0.00    0.00    8.83    0.00    0.00    0.00   67.27
18:56:15     all   10.99    0.00   12.04    0.00    0.00    9.42    0.00    0.00    0.00   67.54
18:56:16     all    9.84    0.00   12.50    0.00    0.00    9.84    0.00    0.00    0.00   67.82
18:56:17     all   11.35    0.00   12.14    0.00    0.00    9.23    0.00    0.00    0.00   67.28
18:56:18     all   10.24    0.00   13.39    0.00    0.00    9.45    0.00    0.00    0.00   66.93
18:56:19     all   11.95    0.00   12.21    0.00    0.00    9.35    0.00    0.00    0.00   66.49
18:56:20     all    9.71    0.00   13.91    0.00    0.00    9.19    0.00    0.00    0.00   67.19
18:56:21     all   11.05    0.00   13.16    0.00    0.00    9.21    0.00    0.00    0.00   66.58
18:56:22     all   11.26    0.00   12.30    0.26    0.00   10.21    0.00    0.00    0.00   65.97
18:56:23     all   10.18    0.00   13.32    0.00    0.00    9.92    0.00    0.00    0.00   66.58
18:56:24     all   11.20    0.00   13.02    0.00    0.00    9.38    0.00    0.00    0.00   66.41
18:56:25     all   11.20    0.00   14.06    0.00    0.00    8.59    0.00    0.00    0.00   66.15
18:56:26     all   11.46    0.00   13.54    0.00    0.00    8.07    0.00    0.00    0.00   66.93
18:56:27     all   11.58    0.00   13.16    0.00    0.00    8.68    0.00    0.00    0.00   66.58
18:56:28     all   11.58    0.00   13.95    0.00    0.00    7.89    0.00    0.00    0.00   66.58
18:56:29     all   12.44    0.00   12.44    0.00    0.00    9.33    0.00    0.00    0.00   65.80
18:56:30     all   11.49    0.00   13.05    0.00    0.00    8.09    0.26    0.00    0.00   67.10
18:56:31     all   11.55    0.00   13.12    0.00    0.00    7.61    0.00    0.00    0.00   67.72
18:56:32     all   10.99    0.00   13.61    0.00    0.00    8.90    0.00    0.00    0.00   66.49
18:56:33     all   11.86    0.00   12.89    0.00    0.00    8.76    0.00    0.00    0.00   66.49
18:56:34     all   11.55    0.00   13.65    0.00    0.00    8.40    0.00    0.00    0.00   66.40
18:56:35     all   12.69    0.00   12.44    0.00    0.00    9.07    0.00    0.00    0.00   65.80
18:56:36     all   13.21    0.00   12.95    0.00    0.00    8.55    0.00    0.00    0.00   65.28
18:56:37     all   12.04    0.00   12.57    0.00    0.00    8.64    0.26    0.00    0.00   66.49
18:56:38     all   11.52    0.00   13.09    0.00    0.00    8.64    0.26    0.00    0.00   66.49
18:56:39     all   12.89    0.00   12.89    0.00    0.00    8.76    0.00    0.00    0.00   65.46
18:56:40     all   11.73    0.00   11.73    0.00    0.00    9.07    0.00    0.00    0.00   67.47
18:56:41     all   12.21    0.00   12.73    0.00    0.00    9.09    0.00    0.00    0.00   65.97
18:56:42     all    6.96    0.00    8.51    0.00    0.00    4.38    0.00    0.00    0.00   80.15
18:56:43     all    8.59    0.00   16.67    0.00    0.00    9.90    0.00    0.00    0.00   64.84
18:56:44     all    8.72    0.00   21.54    0.00    0.00   11.54    0.00    0.00    0.00   58.21
18:56:45     all    7.63    0.00   21.12    0.00    0.00   12.21    0.00    0.00    0.00   59.03
18:56:46     all    8.29    0.00   19.43    0.00    0.00   12.18    0.00    0.00    0.00   60.10
18:56:47     all    8.10    0.00   20.76    0.00    0.00   12.41    0.00    0.00    0.00   58.73
18:56:48     all    7.99    0.00   21.13    0.00    0.00   12.37    0.00    0.00    0.00   58.51
18:56:49     all    7.81    0.00   21.35    0.00    0.00   11.20    0.00    0.00    0.00   59.64
18:56:50     all    7.87    0.00   20.56    0.00    0.00   11.93    0.00    0.00    0.00   59.64
18:56:51     all    7.59    0.00   19.37    0.00    0.00   12.57    0.00    0.00    0.00   60.47
18:56:52     all    8.01    0.00   20.16    0.00    0.00   11.63    0.00    0.00    0.00   60.21
18:56:53     all    7.93    0.00   20.20    0.00    0.00   12.02    0.00    0.00    0.00   59.85
18:56:54     all    8.03    0.00   21.24    0.00    0.00   11.14    0.00    0.00    0.00   59.59
18:56:55     all    7.77    0.00   21.50    0.00    0.00   11.14    0.00    0.00    0.00   59.59
18:56:56     all    8.48    0.00   21.59    0.00    0.00   12.08    0.00    0.00    0.00   57.84
18:56:57     all    7.87    0.00   20.81    0.00    0.00   11.42    0.00    0.00    0.00   59.90
18:56:58     all    8.53    0.00   20.67    0.00    0.00   11.89    0.00    0.00    0.00   58.91
18:56:59     all    8.25    0.00   19.85    0.00    0.00   11.86    0.00    0.00    0.00   60.05
18:57:00     all    7.67    0.00   21.23    0.00    0.00   12.02    0.00    0.00    0.00   59.08
18:57:01     all    8.18    0.00   19.95    0.00    0.00   12.53    0.00    0.00    0.00   59.34
18:57:02     all    7.67    0.00   19.95    0.00    0.00   12.28    0.00    0.00    0.00   60.10
18:57:03     all    8.67    0.00   20.41    0.00    0.00   11.99    0.26    0.00    0.00   58.67
18:57:04     all    7.88    0.00   19.21    0.00    0.00   13.79    0.00    0.00    0.00   59.11
18:57:05     all    6.98    0.00   19.45    0.00    0.00   12.97    0.00    0.00    0.00   60.60
18:57:06     all    7.65    0.00   20.41    0.00    0.00   13.01    0.00    0.00    0.00   58.93
18:57:07     all    7.44    0.00   22.05    0.00    0.00   11.28    0.00    0.00    0.00   59.23
18:57:08     all    8.16    0.00   21.17    0.00    0.00   12.24    0.00    0.00    0.00   58.42
18:57:09     all    7.71    0.00   20.57    0.00    0.00   12.85    0.00    0.00    0.00   58.87
18:57:10     all    7.69    0.00   20.26    0.00    0.00   13.33    0.00    0.00    0.00   58.72
18:57:11     all    7.95    0.00   20.77    0.00    0.00   12.82    0.00    0.00    0.00   58.46
18:57:12     all    8.29    0.00   17.88    0.00    0.00    9.33    0.00    0.00    0.00   64.51
18:57:13     all    7.71    0.00   21.34    0.00    0.00   11.05    0.00    0.00    0.00   59.90
18:57:14     all    7.20    0.00   20.31    0.00    0.00   12.85    0.00    0.00    0.00   59.64
18:57:15     all    7.73    0.00   21.13    0.00    0.00   12.11    0.00    0.00    0.00   59.02
18:57:16     all    8.09    0.00   21.67    0.00    0.00   11.23    0.00    0.00    0.00   59.01
18:57:17     all    8.46    0.00   19.74    0.00    0.00   12.82    0.00    0.00    0.00   58.97
18:57:18     all    8.16    0.00   19.90    0.00    0.00   12.50    0.00    0.00    0.00   59.44
18:57:19     all    6.96    0.00   21.39    0.00    0.00   12.11    0.00    0.00    0.00   59.54
18:57:20     all    7.65    0.00   21.17    0.00    0.00   11.73    0.00    0.00    0.00   59.44
18:57:21     all    7.40    0.00   19.90    0.00    0.00   12.50    0.00    0.00    0.00   60.20
18:57:22     all    7.91    0.00   21.17    0.00    0.00   11.99    0.00    0.00    0.00   58.93
18:57:23     all    7.44    0.00   20.00    0.00    0.00   12.56    0.26    0.00    0.00   59.74
18:57:24     all    8.18    0.00   20.72    0.00    0.00   13.04    0.00    0.00    0.00   58.06
18:57:25     all    8.25    0.00   20.62    0.00    0.00   12.11    0.00    0.00    0.00   59.02
18:57:26     all    8.12    0.00   20.56    0.00    0.00   12.44    0.00    0.00    0.00   58.88
18:57:27     all    7.42    0.00   20.46    0.00    0.00   12.53    0.00    0.00    0.00   59.59
18:57:28     all    7.55    0.00   21.09    0.00    0.00   11.46    0.00    0.00    0.00   59.90
18:57:29     all    7.42    0.00   20.46    0.00    0.00   13.55    0.26    0.00    0.00   58.31
18:57:30     all    8.21    0.00   21.79    0.00    0.00   11.79    0.00    0.00    0.00   58.21
18:57:31     all    7.25    0.00   19.00    0.00    0.00   14.00    0.00    0.00    0.00   59.75
18:57:32     all    8.42    0.00   19.90    0.00    0.00   12.50    0.00    0.00    0.00   59.18
18:57:33     all    7.87    0.00   21.32    0.00    0.00   12.18    0.00    0.00    0.00   58.63
18:57:34     all    8.18    0.00   20.72    0.00    0.00   11.76    0.00    0.00    0.00   59.34
18:57:35     all    7.75    0.00   18.86    0.00    0.00   13.18    0.00    0.00    0.00   60.21
18:57:36     all    7.69    0.00   21.28    0.00    0.00   11.79    0.00    0.00    0.00   59.23
18:57:37     all    8.72    0.00   20.51    0.00    0.00   11.79    0.00    0.00    0.00   58.97
18:57:38     all    8.31    0.00   19.74    0.26    0.00   12.99    0.00    0.00    0.00   58.70
18:57:39     all    7.55    0.00   19.79    0.00    0.00   11.46    0.00    0.00    0.00   61.20
18:57:40     all    8.67    0.00   20.66    0.00    0.00   11.22    0.00    0.00    0.00   59.44
18:57:41     all    7.95    0.00   21.03    0.00    0.00   12.31    0.00    0.00    0.00   58.72
18:57:42     all    7.86    0.00   17.89    0.00    0.00    6.50    0.00    0.00    0.00   67.75
18:57:43     all    8.49    0.00   21.75    0.00    0.00    7.69    0.00    0.00    0.00   62.07
18:57:44     all    7.67    0.00   19.95    0.00    0.00   13.04    0.00    0.00    0.00   59.34
18:57:45     all    7.71    0.00   21.85    0.00    0.00   11.31    0.00    0.00    0.00   59.13
18:57:46     all    9.16    0.00   19.59    0.00    0.00   12.21    0.00    0.00    0.00   59.03
18:57:47     all    8.27    0.00   21.19    0.00    0.00   11.37    0.00    0.00    0.00   59.17
18:57:48     all    8.38    0.00   21.83    0.00    0.00   12.44    0.00    0.00    0.00   57.36
18:57:49     all    8.16    0.00   21.68    0.00    0.00   11.99    0.00    0.00    0.00   58.16
18:57:50     all    7.38    0.00   21.12    0.00    0.00   12.72    0.00    0.00    0.00   58.78
18:57:51     all    7.67    0.00   20.46    0.00    0.00   12.53    0.26    0.00    0.00   59.08
18:57:52     all    8.65    0.00   20.10    0.25    0.00   11.96    0.00    0.00    0.00   59.03
18:57:53     all    7.27    0.00   19.22    0.00    0.00   11.95    0.00    0.00    0.00   61.56
18:57:54     all    7.36    0.00   20.56    0.00    0.00   12.44    0.25    0.00    0.00   59.39
18:57:55     all    8.75    0.00   22.25    0.00    0.00   11.75    0.00    0.00    0.00   57.25
18:57:56     all    7.18    0.00   21.28    0.00    0.00   13.08    0.00    0.00    0.00   58.46
18:57:57     all    8.25    0.00   21.65    0.00    0.00   11.60    0.00    0.00    0.00   58.51
18:57:58     all    8.03    0.00   19.43    0.00    0.00   11.92    0.00    0.00    0.00   60.62
18:57:59     all    7.44    0.00   21.03    0.00    0.00   12.05    0.00    0.00    0.00   59.49
18:58:00     all    8.25    0.00   20.10    0.00    0.00   12.89    0.00    0.00    0.00   58.76
18:58:01     all    8.95    0.00   20.72    0.00    0.00   12.53    0.00    0.00    0.00   57.80
18:58:02     all    8.12    0.00   20.30    0.00    0.00   12.69    0.00    0.00    0.00   58.88
18:58:03     all    7.79    0.00   18.96    0.00    0.00   11.69    0.26    0.00    0.00   61.30
18:58:04     all    8.02    0.00   21.55    0.00    0.00   11.78    0.00    0.00    0.00   58.65
18:58:05     all    7.99    0.00   20.62    0.00    0.00   11.08    0.00    0.00    0.00   60.31
18:58:06     all    8.35    0.00   20.76    0.00    0.00   12.15    0.00    0.00    0.00   58.73
18:58:07     all    7.67    0.00   20.97    0.00    0.00   12.79    0.00    0.00    0.00   58.57
18:58:08     all    7.93    0.00   20.97    0.00    0.00   11.51    0.00    0.00    0.00   59.59
18:58:09     all    8.25    0.00   19.85    0.00    0.00   13.14    0.00    0.00    0.00   58.76
18:58:10     all    8.14    0.00   21.12    0.00    0.00   11.70    0.00    0.00    0.00   59.03
18:58:11     all    8.16    0.00   20.66    0.00    0.00   12.50    0.00    0.00    0.00   58.67
18:58:12     all    9.04    0.00   17.83    0.00    0.00   11.11    0.00    0.00    0.00   62.02
18:58:13     all    7.71    0.00   20.31    0.00    0.00   12.60    0.00    0.00    0.00   59.38
18:58:14     all    8.48    0.00   20.82    0.00    0.00   11.83    0.00    0.00    0.00   58.87
18:58:15     all    7.00    0.00   19.50    0.00    0.00   13.50    0.00    0.00    0.00   60.00
18:58:16     all    6.95    0.00   16.87    0.00    0.00   15.88    0.00    0.00    0.00   60.30
18:58:17     all    7.96    0.00   17.91    0.00    0.00   14.68    0.00    0.00    0.00   59.45
18:58:18     all    7.49    0.00   19.90    0.00    0.00   12.14    0.00    0.00    0.00   60.47
18:58:19     all    7.29    0.00   20.31    0.00    0.00   12.76    0.00    0.00    0.00   59.64
18:58:20     all    8.25    0.00   20.62    0.00    0.00   12.63    0.00    0.00    0.00   58.51
18:58:21     all    7.42    0.00   21.23    0.00    0.00   13.04    0.00    0.00    0.00   58.31
18:58:22     all    8.97    0.00   20.77    0.00    0.00   12.31    0.00    0.00    0.00   57.95
18:58:23     all    7.31    0.00   20.63    0.00    0.00   12.79    0.00    0.00    0.00   59.27
18:58:24     all    8.23    0.00   20.31    0.00    0.00   13.11    0.00    0.00    0.00   58.35
18:58:25     all    8.79    0.00   19.12    0.00    0.00   12.66    0.00    0.00    0.00   59.43
18:58:26     all    7.20    0.00   19.79    0.00    0.00   12.08    0.00    0.00    0.00   60.93
18:58:27     all    7.81    0.00   20.05    0.00    0.00   11.98    0.00    0.00    0.00   60.16
18:58:28     all    7.81    0.00   22.17    0.00    0.00   12.34    0.00    0.00    0.00   57.68
18:58:29     all    9.21    0.00   19.95    0.00    0.00   12.02    0.00    0.00    0.00   58.82
18:58:30     all    8.12    0.00   20.56    0.00    0.00   12.44    0.00    0.00    0.00   58.88
18:58:31     all    6.65    0.00   17.49    0.00    0.00   14.78    0.00    0.00    0.00   61.08
18:58:32     all    7.81    0.00   18.89    0.00    0.00   13.60    0.00    0.00    0.00   59.70
18:58:33     all    6.98    0.00   19.90    0.00    0.00   11.89    0.00    0.00    0.00   61.24
18:58:34     all    7.36    0.00   21.57    0.00    0.00   11.68    0.25    0.00    0.00   59.14
18:58:35     all    7.95    0.00   21.79    0.00    0.00   12.31    0.00    0.00    0.00   57.95
18:58:36     all    8.10    0.00   20.00    0.00    0.00   13.16    0.00    0.00    0.00   58.73
18:58:37     all    8.01    0.00   21.19    0.00    0.00   11.89    0.00    0.00    0.00   58.91
18:58:38     all    7.91    0.00   21.43    0.00    0.00   11.99    0.00    0.00    0.00   58.67
18:58:39     all    8.08    0.00   20.96    0.00    0.00   12.12    0.00    0.00    0.00   58.84
18:58:40     all    6.96    0.00   21.91    0.00    0.00   11.34    0.00    0.00    0.00   59.79
18:58:41     all    7.71    0.00   20.57    0.00    0.00   13.11    0.00    0.00    0.00   58.61
18:58:42     all    3.02    0.00    7.30    0.00    0.00    3.78    0.00    0.00    0.00   85.89
18:58:43     all    0.76    0.00    2.28    0.00    0.00    2.28    0.00    0.00    0.00   94.68
18:58:44     all    2.01    0.00    3.77    0.00    0.00    3.27    0.00    0.00    0.00   90.95
18:58:45     all    2.04    0.00    3.31    0.00    0.00    2.80    0.00    0.00    0.00   91.86
18:58:46     all    1.79    0.00    3.32    0.00    0.00    2.81    0.00    0.00    0.00   92.07
18:58:47     all    2.81    0.00    3.07    0.00    0.00    2.05    0.00    0.00    0.00   92.07
18:58:48     all    2.28    0.00    3.81    0.00    0.00    2.79    0.00    0.00    0.00   91.12
18:58:49     all    1.53    0.00    3.32    0.00    0.00    3.32    0.00    0.00    0.00   91.84
18:58:50     all    2.03    0.00    3.30    0.00    0.00    3.30    0.00    0.00    0.00   91.37
18:58:51     all    2.03    0.00    3.55    0.00    0.00    2.79    0.00    0.00    0.00   91.62
18:58:52     all    2.56    0.00    3.07    0.26    0.00    2.56    0.00    0.00    0.00   91.56
18:58:53     all    2.04    0.00    3.05    0.00    0.00    3.05    0.00    0.00    0.00   91.86
18:58:54     all    1.54    0.00    4.36    0.00    0.00    3.08    0.00    0.00    0.00   91.03
18:58:55     all    2.28    0.00    3.29    0.00    0.00    3.29    0.00    0.00    0.00   91.14
18:58:56     all    2.04    0.00    3.06    0.00    0.00    3.06    0.00    0.00    0.00   91.84
18:58:57     all    2.51    0.00    3.76    0.00    0.00    3.51    0.25    0.00    0.00   89.97
18:58:58     all    2.06    0.00    3.34    0.00    0.00    2.31    0.00    0.00    0.00   92.29
18:58:59     all    1.78    0.00    3.30    0.00    0.00    3.30    0.00    0.00    0.00   91.62
18:59:00     all    2.54    0.00    3.31    0.00    0.00    2.80    0.00    0.00    0.00   91.35
18:59:01     all    2.30    0.00    2.81    0.00    0.00    3.07    0.00    0.00    0.00   91.82
18:59:02     all    2.53    0.00    3.28    0.00    0.00    3.03    0.00    0.00    0.00   91.16
18:59:03     all    1.79    0.00    3.58    0.00    0.00    2.81    0.00    0.00    0.00   91.82
18:59:04     all    2.30    0.00    2.81    0.00    0.00    3.07    0.00    0.00    0.00   91.82
18:59:05     all    2.79    0.00    4.06    0.00    0.00    4.06    0.00    0.00    0.00   89.09
18:59:06     all    1.28    0.00    3.06    0.00    0.00    3.32    0.00    0.00    0.00   92.35
18:59:07     all    1.79    0.00    3.32    0.00    0.00    2.81    0.00    0.00    0.00   92.07
18:59:08     all    2.81    0.00    3.06    0.00    0.00    2.81    0.00    0.00    0.00   91.33
18:59:09     all    2.51    0.00    4.27    0.00    0.00    3.02    0.00    0.00    0.00   90.20
18:59:10     all    2.54    0.00    3.31    0.00    0.00    2.80    0.00    0.00    0.00   91.35
18:59:11     all    2.78    0.00    4.04    0.00    0.00    2.27    0.00    0.00    0.00   90.91
18:59:12     all    0.76    0.00    2.53    0.00    0.00    1.27    0.00    0.00    0.00   95.44
18:59:13     all    2.77    0.00    2.27    0.00    0.00    2.52    0.00    0.00    0.00   92.44
18:59:14     all    5.66    0.00    6.17    0.00    0.00    4.88    0.00    0.00    0.00   83.29
18:59:15     all    2.78    0.00    7.09    0.00    0.00    5.57    0.00    0.00    0.00   84.56
18:59:16     all    3.03    0.00    7.58    0.00    0.00    7.07    0.00    0.00    0.00   82.32
18:59:17     all    2.78    0.00    6.82    0.00    0.00    6.06    0.00    0.00    0.00   84.34
18:59:18     all    3.05    0.00    7.89    0.00    0.00    5.34    0.00    0.00    0.00   83.72
18:59:19     all    2.76    0.00    8.29    0.00    0.00    6.53    0.00    0.00    0.00   82.41
18:59:20     all    3.52    0.00    7.54    0.00    0.00    7.04    0.25    0.00    0.00   81.66
18:59:21     all    3.81    0.00    7.36    0.00    0.00    6.60    0.00    0.00    0.00   82.23
18:59:22     all    3.62    0.00    6.20    0.00    0.00    6.72    0.00    0.00    0.00   83.46
18:59:23     all    4.35    0.00    7.16    0.00    0.00    5.63    0.26    0.00    0.00   82.61
18:59:24     all    3.38    0.00    6.75    0.00    0.00    6.75    0.00    0.00    0.00   83.12
18:59:25     all    3.59    0.00    7.69    0.00    0.00    5.90    0.00    0.00    0.00   82.82
18:59:26     all    3.30    0.00    6.85    0.00    0.00    7.87    0.00    0.00    0.00   81.98
18:59:27     all    3.34    0.00    7.71    0.00    0.00    6.17    0.00    0.00    0.00   82.78
18:59:28     all    3.08    0.00    7.18    0.00    0.00    6.15    0.00    0.00    0.00   83.59
18:59:29     all    4.13    0.00    6.46    0.00    0.00    6.20    0.00    0.00    0.00   83.20
18:59:30     all    3.86    0.00    6.68    0.00    0.00    6.43    0.00    0.00    0.00   83.03
18:59:31     all    4.60    0.00    6.91    0.00    0.00    6.39    0.00    0.00    0.00   82.10
18:59:32     all    4.63    0.00    6.43    0.00    0.00    6.43    0.00    0.00    0.00   82.52
18:59:33     all    3.60    0.00    6.17    0.00    0.00    6.68    0.00    0.00    0.00   83.55
18:59:34     all    4.15    0.00    6.48    0.00    0.00    6.22    0.00    0.00    0.00   83.16
18:59:35     all    3.80    0.00    8.35    0.00    0.00    6.08    0.00    0.00    0.00   81.77
18:59:36     all    3.55    0.00    8.63    0.00    0.00    7.61    0.00    0.00    0.00   80.20
18:59:37     all    2.81    0.00    7.42    0.00    0.00    6.65    0.00    0.00    0.00   83.12
18:59:38     all    4.09    0.00    6.91    0.00    0.00    6.14    0.00    0.00    0.00   82.86
18:59:39     all    4.04    0.00    8.08    0.00    0.00    5.30    0.25    0.00    0.00   82.32
18:59:40     all    4.28    0.00    7.30    0.00    0.00    6.30    0.25    0.00    0.00   81.86
18:59:41     all    3.89    0.00    6.99    0.00    0.00    6.48    0.00    0.00    0.00   82.64
18:59:42     all    2.28    0.00    4.05    0.00    0.00    4.05    0.00    0.00    0.00   89.62
18:59:43     all    4.31    0.00    2.28    0.00    0.00    1.52    0.00    0.00    0.00   91.88
18:59:44     all   13.37    0.00    5.91    0.00    0.00    5.40    0.00    0.00    0.00   75.32
18:59:45     all   16.67    0.00    8.84    0.00    0.00    7.58    0.00    0.00    0.00   66.92
18:59:46     all   11.45    0.00    8.65    0.00    0.00    7.63    0.00    0.00    0.00   72.26
18:59:47     all    3.82    0.00    7.63    0.00    0.00    6.87    0.25    0.00    0.00   81.42
18:59:48     all    3.55    0.00    7.36    0.00    0.00    6.09    0.00    0.00    0.00   82.99
18:59:49     all    3.04    0.00    9.11    0.00    0.00    5.82    0.00    0.00    0.00   82.03
18:59:50     all    3.82    0.00    9.92    0.00    0.00    7.12    0.00    0.00    0.00   79.13
18:59:51     all    3.02    0.00    8.06    0.00    0.00    6.30    0.00    0.00    0.00   82.62
18:59:52     all    4.05    0.00   10.38    0.00    0.00    8.61    0.00    0.00    0.00   76.96
18:59:53     all    3.27    0.00    8.31    0.00    0.00    7.05    0.00    0.00    0.00   81.36
18:59:54     all    4.07    0.00    8.40    0.00    0.00    7.63    0.00    0.00    0.00   79.90
18:59:55     all    3.81    0.00    8.12    0.00    0.00    7.61    0.00    0.00    0.00   80.46
18:59:56     all    3.31    0.00    8.91    0.00    0.00    6.87    0.00    0.00    0.00   80.92
18:59:57     all    3.77    0.00    8.29    0.00    0.00    7.79    0.00    0.00    0.00   80.15
18:59:58     all    3.03    0.00    8.84    0.00    0.00    6.31    0.00    0.00    0.00   81.82
18:59:59     all    3.88    0.00    9.56    0.00    0.00    6.98    0.00    0.00    0.00   79.59
19:00:00     all    3.31    0.00    8.65    0.00    0.00    6.36    0.00    0.00    0.00   81.68
19:00:01     all    3.27    0.00    9.82    0.00    0.00    9.07    0.00    0.00    0.00   77.83
19:00:02     all    4.38    0.00   11.08    0.00    0.00    8.51    0.52    0.00    0.00   75.52
19:00:03     all    3.85    0.00   10.77    0.00    0.00    7.44    0.00    0.00    0.00   77.95
19:00:04     all    3.97    0.00   11.11    0.00    0.00    6.61    0.79    0.00    0.00   77.51
19:00:05     all    4.36    0.00   11.03    0.00    0.00    9.23    0.00    0.00    0.00   75.38
19:00:06     all    3.79    0.00    8.33    0.00    0.00    6.57    0.00    0.00    0.00   81.31
19:00:07     all    3.56    0.00    9.67    0.00    0.00    8.14    0.00    0.00    0.00   78.63
19:00:08     all    3.02    0.00    8.56    0.00    0.00    6.80    0.00    0.00    0.00   81.61
19:00:09     all    3.04    0.00    8.61    0.00    0.00    5.82    0.00    0.00    0.00   82.53
19:00:10     all    3.27    0.00    7.56    0.00    0.00    6.30    0.25    0.00    0.00   82.62
19:00:11     all    3.05    0.00    7.36    0.00    0.00    6.85    0.00    0.00    0.00   82.74
19:00:12     all    2.52    0.00    5.04    0.00    0.00    4.53    0.00    0.00    0.00   87.91
19:00:13     all    4.01    0.00    1.25    0.00    0.00    0.75    0.00    0.00    0.00   93.98
19:00:14     all   20.35    0.00    3.77    0.25    0.00    3.77    0.00    0.00    0.00   71.86
19:00:15     all   33.00    0.00    6.75    0.00    0.00    6.50    0.00    0.00    0.00   53.75
19:00:16     all   31.12    0.00    8.16    0.00    0.00    7.14    0.00    0.00    0.00   53.57
19:00:17     all   30.12    0.00    7.65    0.00    0.00    7.16    0.00    0.00    0.00   55.06
19:00:18     all   25.00    0.00    8.33    0.00    0.00    7.07    0.00    0.00    0.00   59.60
19:00:19     all   17.56    0.00    6.11    0.00    0.00    6.11    0.00    0.00    0.00   70.23
19:00:20     all   13.99    0.00    7.12    0.00    0.00    5.09    0.00    0.00    0.00   73.79
19:00:21     all   10.18    0.00    7.38    0.00    0.00    6.62    0.00    0.00    0.00   75.83
19:00:22     all    3.32    0.00    6.63    0.00    0.00    4.59    0.00    0.00    0.00   85.46
19:00:23     all    2.28    0.00    5.58    0.00    0.00    4.31    0.00    0.00    0.00   87.82
19:00:24     all    3.02    0.00    9.07    0.00    0.00    6.80    0.00    0.00    0.00   81.11
19:00:25     all    2.53    0.00    5.57    0.00    0.00    5.06    0.00    0.00    0.00   86.84
19:00:26     all    1.01    0.00    4.02    0.00    0.00    2.76    0.00    0.00    0.00   92.21
19:00:27     all    4.06    0.00    8.63    0.00    0.00    6.85    0.25    0.00    0.00   80.20
19:00:28     all    3.31    0.00    9.92    0.00    0.00    7.12    0.00    0.00    0.00   79.64
19:00:29     all    2.77    0.00    7.81    0.00    0.00    5.54    0.00    0.00    0.00   83.88
19:00:30     all    3.02    0.00    7.05    0.00    0.00    4.53    0.00    0.00    0.00   85.39
19:00:31     all    3.96    0.00    8.97    0.00    0.00    2.90    0.00    0.00    0.00   84.17
19:00:32     all    2.29    0.00    7.89    0.00    0.00    6.36    0.00    0.00    0.00   83.46
19:00:33     all    3.51    0.00    7.02    0.00    0.00    6.27    0.00    0.00    0.00   83.21
19:00:34     all    2.78    0.00    6.82    0.00    0.00    5.30    0.00    0.00    0.00   85.10
19:00:35     all    3.93    0.00   10.47    0.00    0.00    5.24    0.00    0.00    0.00   80.37
19:00:36     all    3.15    0.00    9.19    0.00    0.00    4.46    0.00    0.00    0.00   83.20
19:00:37     all    2.78    0.00    8.08    0.00    0.00    6.82    0.00    0.00    0.00   82.32
19:00:38     all    2.77    0.00    4.79    0.00    0.00    3.78    0.00    0.00    0.00   88.66
19:00:39     all    3.08    0.00    8.72    0.00    0.00    6.41    0.00    0.00    0.00   81.79
19:00:40     all    3.79    0.00    8.59    0.00    0.00    7.07    0.00    0.00    0.00   80.56
19:00:41     all    2.05    0.00    5.90    0.00    0.00    3.85    0.00    0.00    0.00   88.21
