Running 30s test @ http://10.116.0.2:8080/block?ms=100
  4 threads and 4000 connections
  Thread calibration: mean lat.: 2275.133ms, rate sampling interval: 9117ms
  Thread calibration: mean lat.: 2255.252ms, rate sampling interval: 9043ms
  Thread calibration: mean lat.: 2260.220ms, rate sampling interval: 9084ms
  Thread calibration: mean lat.: 2256.306ms, rate sampling interval: 9035ms
  Thread Stats   Avg      Stdev     Max   +/- Stdev
    Latency     8.13s     1.84s   14.19s    62.75%
    Req/Sec     5.31k     7.68     5.32k    75.00%
  Latency Distribution (HdrHistogram - Recorded Latency)
 50.000%    8.03s 
 75.000%    9.52s 
 90.000%   10.71s 
 99.000%   12.07s 
 99.900%   12.85s 
 99.990%   13.47s 
 99.999%   13.99s 
100.000%   14.20s 

  Detailed Percentile spectrum:
       Value   Percentile   TotalCount 1/(1-Percentile)

    3833.855     0.000000            1         1.00
    5701.631     0.100000        30303         1.11
    6385.663     0.200000        60507         1.25
    6995.967     0.300000        90839         1.43
    7524.351     0.400000       121025         1.67
    8032.255     0.500000       151247         2.00
    8298.495     0.550000       166360         2.22
    8577.023     0.600000       181659         2.50
    8871.935     0.650000       196739         2.86
    9183.231     0.700000       211765         3.33
    9519.103     0.750000       226981         4.00
    9699.327     0.775000       234602         4.44
    9879.551     0.800000       242048         5.00
   10067.967     0.825000       249607         5.71
   10264.575     0.850000       257120         6.67
   10477.567     0.875000       264657         8.00
   10592.255     0.887500       268531         8.89
   10706.943     0.900000       272236        10.00
   10829.823     0.912500       276061        11.43
   10960.895     0.925000       279839        13.33
   11100.159     0.937500       283615        16.00
   11173.887     0.943750       285482        17.78
   11255.807     0.950000       287413        20.00
   11337.727     0.956250       289143        22.86
   11436.031     0.962500       291137        26.67
   11542.527     0.968750       293015        32.00
   11599.871     0.971875       293916        35.56
   11665.407     0.975000       294901        40.00
   11730.943     0.978125       295809        45.71
   11804.671     0.981250       296745        53.33
   11886.591     0.984375       297679        64.00
   11935.743     0.985938       298179        71.11
   11984.895     0.987500       298665        80.00
   12034.047     0.989062       299076        91.43
   12099.583     0.990625       299582       106.67
   12173.311     0.992188       300040       128.00
   12214.271     0.992969       300283       142.22
   12255.231     0.993750       300488       160.00
   12312.575     0.994531       300755       182.86
   12361.727     0.995313       300972       213.33
   12419.071     0.996094       301192       256.00
   12460.031     0.996484       301310       284.44
   12509.183     0.996875       301445       320.00
   12550.143     0.997266       301562       365.71
   12591.103     0.997656       301674       426.67
   12656.639     0.998047       301788       512.00
   12681.215     0.998242       301839       568.89
   12722.175     0.998437       301902       640.00
   12763.135     0.998633       301967       731.43
   12804.095     0.998828       302016       853.33
   12861.439     0.999023       302075      1024.00
   12894.207     0.999121       302109      1137.78
   12918.783     0.999219       302134      1280.00
   12967.935     0.999316       302165      1462.86
   13008.895     0.999414       302194      1706.67
   13066.239     0.999512       302225      2048.00
   13082.623     0.999561       302238      2275.56
   13123.583     0.999609       302254      2560.00
   13164.543     0.999658       302270      2925.71
   13197.311     0.999707       302281      3413.33
   13238.271     0.999756       302296      4096.00
   13271.039     0.999780       302304      4551.11
   13295.615     0.999805       302310      5120.00
   13328.383     0.999829       302319      5851.43
   13361.151     0.999854       302325      6826.67
   13410.303     0.999878       302335      8192.00
   13426.687     0.999890       302336      9102.22
   13475.839     0.999902       302340     10240.00
   13516.799     0.999915       302344     11702.86
   13557.759     0.999927       302347     13653.33
   13623.295     0.999939       302351     16384.00
   13639.679     0.999945       302353     18204.44
   13680.639     0.999951       302355     20480.00
   13762.559     0.999957       302359     23405.71
   13762.559     0.999963       302359     27306.67
   13811.711     0.999969       302360     32768.00
   13852.671     0.999973       302361     36408.89
   13877.247     0.999976       302362     40960.00
   13893.631     0.999979       302363     46811.43
   13910.015     0.999982       302365     54613.33
   13910.015     0.999985       302365     65536.00
   13910.015     0.999986       302365     72817.78
   13991.935     0.999988       302366     81920.00
   13991.935     0.999989       302366     93622.86
   14057.471     0.999991       302367    109226.67
   14057.471     0.999992       302367    131072.00
   14057.471     0.999993       302367    145635.56
   14123.007     0.999994       302368    163840.00
   14123.007     0.999995       302368    187245.71
   14123.007     0.999995       302368    218453.33
   14123.007     0.999996       302368    262144.00
   14123.007     0.999997       302368    291271.11
   14196.735     0.999997       302369    327680.00
   14196.735     1.000000       302369          inf
#[Mean    =     8133.028, StdDeviation   =     1839.714]
#[Max     =    14188.544, Total count    =       302369]
#[Buckets =           27, SubBuckets     =         2048]
----------------------------------------------------------
  567289 requests in 30.02s, 64.99MB read
Requests/sec:  18897.71
Transfer/sec:      2.17MB
