Running 30s test @ http://10.116.0.2:8080/json
  4 threads and 256 connections
  Thread calibration: mean lat.: 1655.183ms, rate sampling interval: 5918ms
  Thread calibration: mean lat.: 1451.025ms, rate sampling interval: 5779ms
  Thread calibration: mean lat.: 1432.014ms, rate sampling interval: 5758ms
  Thread calibration: mean lat.: 1646.575ms, rate sampling interval: 5873ms
  Thread Stats   Avg      Stdev     Max   +/- Stdev
    Latency     6.63s     2.09s   12.23s    60.73%
    Req/Sec    13.03k   102.21    13.15k    58.33%
  Latency Distribution (HdrHistogram - Recorded Latency)
 50.000%    6.55s 
 75.000%    8.28s 
 90.000%    9.48s 
 99.000%   11.08s 
 99.900%   11.72s 
 99.990%   12.11s 
 99.999%   12.22s 
100.000%   12.24s 

  Detailed Percentile spectrum:
       Value   Percentile   TotalCount 1/(1-Percentile)

    2404.351     0.000000            3         1.00
    3883.007     0.100000       102857         1.11
    4521.983     0.200000       205835         1.25
    5218.303     0.300000       309131         1.43
    5885.951     0.400000       411848         1.67
    6549.503     0.500000       514692         2.00
    6885.375     0.550000       565757         2.22
    7241.727     0.600000       617072         2.50
    7589.887     0.650000       668488         2.86
    7942.143     0.700000       720528         3.33
    8282.111     0.750000       771548         4.00
    8462.335     0.775000       797673         4.44
    8642.559     0.800000       823492         5.00
    8822.783     0.825000       848934         5.71
    9019.391     0.850000       874839         6.67
    9232.383     0.875000       900265         8.00
    9355.263     0.887500       913444         8.89
    9478.143     0.900000       925621        10.00
    9625.599     0.912500       938995        11.43
    9773.055     0.925000       951926        13.33
    9928.703     0.937500       964607        16.00
   10010.623     0.943750       970618        17.78
   10100.735     0.950000       977363        20.00
   10182.655     0.956250       984064        22.86
   10272.767     0.962500       989914        26.67
   10403.839     0.968750       996337        32.00
   10469.375     0.971875       999565        35.56
   10543.103     0.975000      1002764        40.00
   10641.407     0.978125      1006132        45.71
   10747.903     0.981250      1009320        53.33
   10862.591     0.984375      1012377        64.00
   10928.127     0.985938      1014085        71.11
   10985.471     0.987500      1015728        80.00
   11034.623     0.989062      1017171        91.43
   11100.159     0.990625      1018923       106.67
   11165.695     0.992188      1020519       128.00
   11198.463     0.992969      1021252       142.22
   11239.423     0.993750      1022056       160.00
   11288.575     0.994531      1022902       182.86
   11337.727     0.995313      1023709       213.33
   11395.071     0.996094      1024500       256.00
   11419.647     0.996484      1024808       284.44
   11460.607     0.996875      1025225       320.00
   11501.567     0.997266      1025608       365.71
   11542.527     0.997656      1026031       426.67
   11583.487     0.998047      1026418       512.00
   11608.063     0.998242      1026630       568.89
   11640.831     0.998437      1026831       640.00
   11673.599     0.998633      1027049       731.43
   11698.175     0.998828      1027230       853.33
   11730.943     0.999023      1027431      1024.00
   11755.519     0.999121      1027525      1137.78
   11780.095     0.999219      1027631      1280.00
   11796.479     0.999316      1027719      1462.86
   11821.055     0.999414      1027842      1706.67
   11837.439     0.999512      1027920      2048.00
   11853.823     0.999561      1027979      2275.56
   11862.015     0.999609      1028009      2560.00
   11886.591     0.999658      1028061      2925.71
   11927.551     0.999707      1028113      3413.33
   11952.127     0.999756      1028162      4096.00
   11984.895     0.999780      1028193      4551.11
   12009.471     0.999805      1028212      5120.00
   12042.239     0.999829      1028242      5851.43
   12066.815     0.999854      1028260      6826.67
   12083.199     0.999878      1028285      8192.00
   12099.583     0.999890      1028301      9102.22
   12107.775     0.999902      1028311     10240.00
   12115.967     0.999915      1028326     11702.86
   12124.159     0.999927      1028337     13653.33
   12140.543     0.999939      1028354     16384.00
   12140.543     0.999945      1028354     18204.44
   12148.735     0.999951      1028363     20480.00
   12156.927     0.999957      1028373     23405.71
   12156.927     0.999963      1028373     27306.67
   12189.695     0.999969      1028379     32768.00
   12197.887     0.999973      1028385     36408.89
   12197.887     0.999976      1028385     40960.00
   12206.079     0.999979      1028391     46811.43
   12214.271     0.999982      1028396     54613.33
   12214.271     0.999985      1028396     65536.00
   12214.271     0.999986      1028396     72817.78
   12222.463     0.999988      1028401     81920.00
   12222.463     0.999989      1028401     93622.86
   12222.463     0.999991      1028401    109226.67
   12230.655     0.999992      1028407    131072.00
   12230.655     0.999993      1028407    145635.56
   12230.655     0.999994      1028407    163840.00
   12230.655     0.999995      1028407    187245.71
   12230.655     0.999995      1028407    218453.33
   12230.655     0.999996      1028407    262144.00
   12230.655     0.999997      1028407    291271.11
   12230.655     0.999997      1028407    327680.00
   12238.847     0.999997      1028410    374491.43
   12238.847     1.000000      1028410          inf
#[Mean    =     6627.897, StdDeviation   =     2086.895]
#[Max     =    12230.656, Total count    =      1028410]
#[Buckets =           27, SubBuckets     =         2048]
----------------------------------------------------------
  1548287 requests in 30.00s, 196.38MB read
Requests/sec:  51610.16
Transfer/sec:      6.55MB
