Running 30s test @ http://10.116.0.2:8080/json
  4 threads and 256 connections
  Thread calibration: mean lat.: 1910.326ms, rate sampling interval: 6987ms
  Thread calibration: mean lat.: 1938.386ms, rate sampling interval: 7106ms
  Thread calibration: mean lat.: 1911.970ms, rate sampling interval: 6979ms
  Thread calibration: mean lat.: 1905.631ms, rate sampling interval: 7008ms
  Thread Stats   Avg      Stdev     Max   +/- Stdev
    Latency     7.66s     2.17s   11.94s    57.34%
    Req/Sec    12.39k    76.15    12.49k    50.00%
  Latency Distribution (HdrHistogram - Recorded Latency)
 50.000%    7.65s 
 75.000%    9.57s 
 90.000%   10.66s 
 99.000%   11.43s 
 99.900%   11.71s 
 99.990%   11.89s 
 99.999%   11.94s 
100.000%   11.95s 

  Detailed Percentile spectrum:
       Value   Percentile   TotalCount 1/(1-Percentile)

    3510.271     0.000000            1         1.00
    4681.727     0.100000        98212         1.11
    5390.335     0.200000       195484         1.25
    6160.383     0.300000       293125         1.43
    6873.087     0.400000       390902         1.67
    7651.327     0.500000       488859         2.00
    8036.351     0.550000       537495         2.22
    8404.991     0.600000       586167         2.50
    8798.207     0.650000       635753         2.86
    9183.231     0.700000       684052         3.33
    9568.255     0.750000       733487         4.00
    9748.479     0.775000       757515         4.44
    9928.703     0.800000       782121         5.00
   10100.735     0.825000       806685         5.71
   10280.959     0.850000       830989         6.67
   10461.183     0.875000       854779         8.00
   10559.487     0.887500       867599         8.89
   10657.791     0.900000       879967        10.00
   10747.903     0.912500       891975        11.43
   10838.015     0.925000       903954        13.33
   10936.319     0.937500       916601        16.00
   10985.471     0.943750       922960        17.78
   11034.623     0.950000       928920        20.00
   11075.583     0.956250       934218        22.86
   11124.735     0.962500       940353        26.67
   11182.079     0.968750       947081        32.00
   11206.655     0.971875       949674        35.56
   11239.423     0.975000       953113        40.00
   11272.191     0.978125       956256        45.71
   11304.959     0.981250       959145        53.33
   11337.727     0.984375       961688        64.00
   11362.303     0.985938       963476        71.11
   11386.879     0.987500       965040        80.00
   11411.455     0.989062       966521        91.43
   11436.031     0.990625       967925       106.67
   11468.799     0.992188       969598       128.00
   11485.183     0.992969       970331       142.22
   11501.567     0.993750       971065       160.00
   11517.951     0.994531       971720       182.86
   11542.527     0.995313       972590       213.33
   11558.911     0.996094       973096       256.00
   11575.295     0.996484       973531       284.44
   11591.679     0.996875       973885       320.00
   11608.063     0.997266       974290       365.71
   11624.447     0.997656       974705       426.67
   11640.831     0.998047       975023       512.00
   11657.215     0.998242       975311       568.89
   11665.407     0.998437       975456       640.00
   11673.599     0.998633       975571       731.43
   11689.983     0.998828       975777       853.33
   11706.367     0.999023       975940      1024.00
   11722.751     0.999121       976077      1137.78
   11730.943     0.999219       976138      1280.00
   11747.327     0.999316       976252      1462.86
   11763.711     0.999414       976341      1706.67
   11780.095     0.999512       976425      2048.00
   11788.287     0.999561       976468      2275.56
   11796.479     0.999609       976511      2560.00
   11812.863     0.999658       976565      2925.71
   11821.055     0.999707       976605      3413.33
   11837.439     0.999756       976661      4096.00
   11845.631     0.999780       976686      4551.11
   11853.823     0.999805       976707      5120.00
   11862.015     0.999829       976728      5851.43
   11870.207     0.999854       976748      6826.67
   11886.591     0.999878       976779      8192.00
   11894.783     0.999890       976800      9102.22
   11894.783     0.999902       976800     10240.00
   11902.975     0.999915       976819     11702.86
   11902.975     0.999927       976819     13653.33
   11911.167     0.999939       976843     16384.00
   11911.167     0.999945       976843     18204.44
   11911.167     0.999951       976843     20480.00
   11919.359     0.999957       976859     23405.71
   11919.359     0.999963       976859     27306.67
   11927.551     0.999969       976868     32768.00
   11927.551     0.999973       976868     36408.89
   11927.551     0.999976       976868     40960.00
   11935.743     0.999979       976877     46811.43
   11935.743     0.999982       976877     54613.33
   11935.743     0.999985       976877     65536.00
   11935.743     0.999986       976877     72817.78
   11943.935     0.999988       976886     81920.00
   11943.935     0.999989       976886     93622.86
   11943.935     0.999991       976886    109226.67
   11943.935     0.999992       976886    131072.00
   11943.935     0.999993       976886    145635.56
   11943.935     0.999994       976886    163840.00
   11943.935     0.999995       976886    187245.71
   11943.935     0.999995       976886    218453.33
   11952.127     0.999996       976890    262144.00
   11952.127     1.000000       976890          inf
#[Mean    =     7659.725, StdDeviation   =     2170.338]
#[Max     =    11943.936, Total count    =       976890]
#[Buckets =           27, SubBuckets     =         2048]
----------------------------------------------------------
  1475627 requests in 30.00s, 187.43MB read
Requests/sec:  49188.21
Transfer/sec:      6.25MB
