Linux 6.8.0-142-generic (cafeai-bench-server) 	10/01/26 	_x86_64_	(4 CPU)

18:54:40     CPU    %usr   %nice    %sys %iowait    %irq   %soft  %steal  %guest  %gnice   %idle
18:54:41     all   11.97    0.00    1.50    0.50    0.00    0.25    0.00    0.00    0.00   85.79
18:54:42     all   90.27    0.00    5.99    0.00    0.00    2.49    0.00    0.00    0.00    1.25
18:54:43     all   86.68    0.00    8.54    0.00    0.00    4.27    0.00    0.00    0.00    0.50
18:54:44     all   81.64    0.00   11.91    0.00    0.00    5.96    0.00    0.00    0.00    0.50
18:54:45     all   81.45    0.00   12.03    0.00    0.00    5.51    0.00    0.00    0.00    1.00
18:54:46     all   78.39    0.00   14.57    0.00    0.00    6.28    0.00    0.00    0.00    0.75
18:54:47     all   74.00    0.00   18.50    0.00    0.00    6.75    0.00    0.00    0.00    0.75
18:54:48     all   74.62    0.00   17.59    0.00    0.00    7.04    0.00    0.00    0.00    0.75
18:54:49     all   70.82    0.00   19.45    0.00    0.00    8.48    0.00    0.00    0.00    1.25
18:54:50     all   66.08    0.00   23.12    0.00    0.00    9.55    0.00    0.00    0.00    1.26
18:54:51     all   56.60    0.00   27.41    0.00    0.00   12.94    0.00    0.00    0.00    3.05
18:54:52     all   47.28    0.00   27.72    0.00    0.00   13.37    0.25    0.00    0.00   11.39
18:54:53     all   28.24    0.00   14.81    0.00    0.00    8.80    0.00    0.00    0.00   48.15
18:54:54     all   28.70    0.00   17.13    0.00    0.00    6.94    0.00    0.00    0.00   47.22
18:54:55     all   26.61    0.00   16.28    0.00    0.00    7.80    0.23    0.00    0.00   49.08
18:54:56     all   27.88    0.00   15.21    0.00    0.00    7.60    0.23    0.00    0.00   49.08
18:54:57     all   27.25    0.00   16.40    0.00    0.00    7.16    0.23    0.00    0.00   48.96
18:54:58     all   27.38    0.00   15.78    0.00    0.00    7.19    0.00    0.00    0.00   49.65
18:54:59     all   27.17    0.00   15.93    0.00    0.00    8.90    0.00    0.00    0.00   48.01
18:55:00     all   28.11    0.00   14.52    0.00    0.00    7.14    0.00    0.00    0.00   50.23
18:55:01     all   26.59    0.00   16.82    0.00    0.00    7.50    0.00    0.00    0.00   49.09
18:55:02     all   25.88    0.00   14.82    0.00    0.00    8.71    0.71    0.00    0.00   49.88
18:55:03     all   27.46    0.00   15.33    0.00    0.00    8.01    0.23    0.00    0.00   48.97
18:55:04     all   26.91    0.00   15.08    0.00    0.00    8.12    0.00    0.00    0.00   49.88
18:55:05     all   26.91    0.00   15.08    0.00    0.00    7.89    0.00    0.00    0.00   50.12
18:55:06     all   27.74    0.00   14.69    0.00    0.00    7.93    0.23    0.00    0.00   49.42
18:55:07     all   25.87    0.00   16.32    0.00    0.00    8.16    0.00    0.00    0.00   49.65
18:55:08     all   26.87    0.00   15.89    0.00    0.00    7.71    0.00    0.00    0.00   49.53
18:55:09     all   26.45    0.00   16.01    0.00    0.00    7.42    0.23    0.00    0.00   49.88
18:55:10     all   26.00    0.00   15.46    0.00    0.00    8.43    0.00    0.00    0.00   50.12
18:55:11     all   27.01    0.00   13.51    0.24    0.00    6.87    0.00    0.00    0.00   52.37
18:55:12     all   46.80    0.00    3.32    0.00    0.00    1.79    0.26    0.00    0.00   47.83
18:55:13     all   72.64    0.00   12.69    0.00    0.00    5.47    0.00    0.00    0.00    9.20
18:55:14     all   71.36    0.00   14.82    0.00    0.00    5.28    0.00    0.00    0.00    8.54
18:55:15     all   52.39    0.00   13.10    0.00    0.00    4.28    0.00    0.00    0.00   30.23
18:55:16     all   23.98    0.00   12.50    0.00    0.00    4.85    0.00    0.00    0.00   58.67
18:55:17     all   23.83    0.00   12.18    0.00    0.00    3.89    0.00    0.00    0.00   60.10
18:55:18     all   19.95    0.00   12.53    0.00    0.00    4.60    0.26    0.00    0.00   62.66
18:55:19     all   25.13    0.00   13.96    0.00    0.00    4.31    0.00    0.00    0.00   56.60
18:55:20     all   20.72    0.00   14.58    0.00    0.00    5.12    0.00    0.00    0.00   59.59
18:55:21     all   22.05    0.00   13.08    0.00    0.00    3.85    0.00    0.00    0.00   61.03
18:55:22     all   21.17    0.00   11.99    0.00    0.00    4.85    0.00    0.00    0.00   61.99
18:55:23     all   25.45    0.00   13.49    0.00    0.00    4.58    0.00    0.00    0.00   56.49
18:55:24     all   26.45    0.00   11.08    0.00    0.00    6.05    0.25    0.00    0.00   56.17
18:55:25     all   19.90    0.00   10.20    0.00    0.00    5.36    0.00    0.00    0.00   64.54
18:55:26     all   19.44    0.00   11.76    0.00    0.00    4.86    0.26    0.00    0.00   63.68
18:55:27     all   20.00    0.00   12.05    0.00    0.00    3.85    0.00    0.00    0.00   64.10
18:55:28     all   24.30    0.00   12.15    0.00    0.00    4.56    0.00    0.00    0.00   58.99
18:55:29     all   21.37    0.00   10.94    0.00    0.00    3.31    0.00    0.00    0.00   64.38
18:55:30     all   21.17    0.00   11.48    0.00    0.00    4.34    0.00    0.00    0.00   63.01
18:55:31     all   20.72    0.00   11.25    0.00    0.00    4.09    0.26    0.00    0.00   63.68
18:55:32     all   24.81    0.00   11.00    0.00    0.00    3.84    0.00    0.00    0.00   60.36
18:55:33     all   20.00    0.00   12.05    0.00    0.00    4.10    0.00    0.00    0.00   63.85
18:55:34     all   23.79    0.00   11.76    0.00    0.00    4.60    0.00    0.00    0.00   59.85
18:55:35     all   20.26    0.00   10.77    0.00    0.00    6.15    0.00    0.00    0.00   62.82
18:55:36     all   24.18    0.00   10.08    0.00    0.00    5.04    0.25    0.00    0.00   60.45
18:55:37     all   19.23    0.00   12.31    0.00    0.00    3.59    0.00    0.00    0.00   64.87
18:55:38     all   19.80    0.00   12.69    0.00    0.00    3.55    0.00    0.00    0.00   63.96
18:55:39     all   21.17    0.00   11.48    0.00    0.00    4.59    0.00    0.00    0.00   62.76
18:55:40     all   21.48    0.00   12.79    0.00    0.00    3.84    0.00    0.00    0.00   61.89
18:55:41     all   21.03    0.00   12.05    0.00    0.00    3.85    0.00    0.00    0.00   63.08
18:55:42     all   19.13    0.00   12.11    0.00    0.00    6.30    0.00    0.00    0.00   62.47
18:55:43     all   24.94    0.00   14.91    0.00    0.00    9.54    0.49    0.00    0.00   50.12
18:55:44     all   25.12    0.00   14.98    0.00    0.00    8.94    0.24    0.00    0.00   50.72
18:55:45     all   24.82    0.00   16.30    0.00    0.00    8.52    0.00    0.00    0.00   50.36
18:55:46     all   25.12    0.00   14.29    0.00    0.00    9.36    0.00    0.00    0.00   51.23
18:55:47     all   23.11    0.00   15.82    0.00    0.00    9.73    0.00    0.00    0.00   51.34
18:55:48     all   26.29    0.00   16.22    0.00    0.00   10.32    0.00    0.00    0.00   47.17
18:55:49     all   24.57    0.00   14.84    0.00    0.00    8.52    0.24    0.00    0.00   51.82
18:55:50     all   21.95    0.00   16.10    0.24    0.00   10.49    0.24    0.00    0.00   50.98
18:55:51     all   23.98    0.00   15.59    0.00    0.00   10.55    0.00    0.00    0.00   49.88
18:55:52     all   24.44    0.00   15.31    0.00    0.00    8.64    0.00    0.00    0.00   51.60
18:55:53     all   25.06    0.00   16.30    0.00    0.00    8.76    0.24    0.00    0.00   49.64
18:55:54     all   24.39    0.00   15.12    0.00    0.00    9.02    0.00    0.00    0.00   51.46
18:55:55     all   25.06    0.00   15.57    0.00    0.00    9.98    0.24    0.00    0.00   49.15
18:55:56     all   23.77    0.00   15.69    0.00    0.00   10.05    0.00    0.00    0.00   50.49
18:55:57     all   25.98    0.00   16.18    0.00    0.00    9.31    0.25    0.00    0.00   48.28
18:55:58     all   23.36    0.00   16.79    0.00    0.00    9.73    0.00    0.00    0.00   50.12
18:55:59     all   25.50    0.00   15.59    0.00    0.00    9.65    0.00    0.00    0.00   49.26
18:56:00     all   25.31    0.00   15.48    0.00    0.00   10.32    0.25    0.00    0.00   48.65
18:56:01     all   24.02    0.00   15.69    0.00    0.00    8.58    0.25    0.00    0.00   51.47
18:56:02     all   24.82    0.00   15.72    0.00    0.00   11.06    0.00    0.00    0.00   48.40
18:56:03     all   26.54    0.00   15.72    0.00    0.00    9.34    0.00    0.00    0.00   48.40
18:56:04     all   25.55    0.00   15.33    0.00    0.00    9.25    0.00    0.00    0.00   49.88
18:56:05     all   23.17    0.00   16.10    0.00    0.00   10.00    0.49    0.00    0.00   50.24
18:56:06     all   25.19    0.00   15.56    0.00    0.00    9.88    0.00    0.00    0.00   49.38
18:56:07     all   25.25    0.00   15.69    0.00    0.00   10.05    0.25    0.00    0.00   48.77
18:56:08     all   23.95    0.00   14.57    0.00    0.00    9.38    0.00    0.00    0.00   52.10
18:56:09     all   25.94    0.00   14.71    0.00    0.00    9.73    0.00    0.00    0.00   49.63
18:56:10     all   24.94    0.00   15.65    0.00    0.00   10.51    0.00    0.00    0.00   48.90
18:56:11     all   24.46    0.00   16.22    0.00    0.00   10.17    0.24    0.00    0.00   48.91
18:56:12     all   26.46    0.00   14.25    0.00    0.00   15.27    0.00    0.00    0.00   44.02
18:56:13     all   39.43    0.00   21.65    0.00    0.00   18.81    0.00    0.00    0.00   20.10
18:56:14     all   44.25    0.00   23.53    0.00    0.00   18.67    0.00    0.00    0.00   13.55
18:56:15     all   43.46    0.00   25.13    0.00    0.00   13.09    0.26    0.00    0.00   18.06
18:56:16     all   44.42    0.00   24.37    0.00    0.00   19.04    0.00    0.00    0.00   12.18
18:56:17     all   41.41    0.00   21.61    0.00    0.00   19.79    0.00    0.00    0.00   17.19
18:56:18     all   44.07    0.00   23.20    0.00    0.00   18.81    0.00    0.00    0.00   13.92
18:56:19     all   40.87    0.00   22.11    0.00    0.00   18.51    0.00    0.00    0.00   18.51
18:56:20     all   42.78    0.00   23.29    0.00    0.00   18.48    0.51    0.00    0.00   14.94
18:56:21     all   43.22    0.00   19.69    0.00    0.00   20.72    0.26    0.00    0.00   16.11
18:56:22     all   40.83    0.00   20.67    0.00    0.00   20.16    0.00    0.00    0.00   18.35
18:56:23     all   44.56    0.00   22.54    0.00    0.00   17.88    0.00    0.00    0.00   15.03
18:56:24     all   44.78    0.00   20.87    0.00    0.00   19.34    0.00    0.00    0.00   15.01
18:56:25     all   41.24    0.00   22.16    0.00    0.00   19.59    0.00    0.00    0.00   17.01
18:56:26     all   35.77    0.00   22.72    0.00    0.00   20.37    0.26    0.00    0.00   20.89
18:56:27     all   38.14    0.00   22.42    0.00    0.00   19.85    0.00    0.00    0.00   19.59
18:56:28     all   38.03    0.00   21.01    0.00    0.00   19.41    0.00    0.00    0.00   21.54
18:56:29     all   36.50    0.00   20.82    0.00    0.00   20.05    0.26    0.00    0.00   22.37
18:56:30     all   38.12    0.00   21.93    0.00    0.00   19.84    0.26    0.00    0.00   19.84
18:56:31     all   37.37    0.00   20.62    0.00    0.00   19.59    0.00    0.00    0.00   22.42
18:56:32     all   36.01    0.00   22.54    0.00    0.00   19.95    0.00    0.00    0.00   21.50
18:56:33     all   36.62    0.00   22.34    0.00    0.00   21.04    0.00    0.00    0.00   20.00
18:56:34     all   37.11    0.00   21.32    0.00    0.00   19.74    0.00    0.00    0.00   21.84
18:56:35     all   37.37    0.00   20.79    0.00    0.00   20.26    0.00    0.00    0.00   21.58
18:56:36     all   36.75    0.00   20.47    0.00    0.00   19.95    0.00    0.00    0.00   22.83
18:56:37     all   37.34    0.00   21.67    0.00    0.00   20.10    0.00    0.00    0.00   20.89
18:56:38     all   35.54    0.00   20.95    0.00    0.00   20.95    0.00    0.00    0.00   22.55
18:56:39     all   38.18    0.00   21.82    0.00    0.00   20.00    0.00    0.00    0.00   20.00
18:56:40     all   34.82    0.00   19.90    0.00    0.00   20.16    0.79    0.00    0.00   24.35
18:56:41     all   35.00    0.00   20.79    0.00    0.00   19.74    0.26    0.00    0.00   24.21
18:56:42     all   25.68    0.00   14.05    0.00    0.00   11.62    0.00    0.00    0.00   48.65
18:56:43     all   52.63    0.00   28.82    0.00    0.00   12.78    0.00    0.00    0.00    5.76
18:56:44     all   55.53    0.00   29.65    0.00    0.00   13.82    0.00    0.00    0.00    1.01
18:56:45     all   52.87    0.00   31.42    0.00    0.00   14.71    0.00    0.00    0.00    1.00
18:56:46     all   52.26    0.00   30.90    0.00    0.00   15.58    0.00    0.00    0.00    1.26
18:56:47     all   54.50    0.00   28.75    0.00    0.00   14.50    0.00    0.00    0.00    2.25
18:56:48     all   51.37    0.00   29.93    0.00    0.00   14.46    0.00    0.00    0.00    4.24
18:56:49     all   53.52    0.00   30.15    0.00    0.00   13.82    0.00    0.00    0.00    2.51
18:56:50     all   53.90    0.00   29.47    0.00    0.00   15.37    0.00    0.00    0.00    1.26
18:56:51     all   54.36    0.00   30.17    0.00    0.00   14.21    0.00    0.00    0.00    1.25
18:56:52     all   55.00    0.00   30.00    0.00    0.00   14.50    0.00    0.00    0.00    0.50
18:56:53     all   54.91    0.00   29.47    0.00    0.00   14.61    0.00    0.00    0.00    1.01
18:56:54     all   53.35    0.00   31.51    0.00    0.00   14.64    0.00    0.00    0.00    0.50
18:56:55     all   54.27    0.00   30.65    0.00    0.00   12.81    0.00    0.00    0.00    2.26
18:56:56     all   53.77    0.00   30.40    0.00    0.00   15.08    0.00    0.00    0.00    0.75
18:56:57     all   53.98    0.00   30.35    0.00    0.00   13.93    0.00    0.00    0.00    1.74
18:56:58     all   53.38    0.00   29.07    0.00    0.00   14.54    0.00    0.00    0.00    3.01
18:56:59     all   53.65    0.00   30.23    0.00    0.00   15.37    0.00    0.00    0.00    0.76
18:57:00     all   53.85    0.00   29.78    0.00    0.00   14.89    0.25    0.00    0.00    1.24
18:57:01     all   53.00    0.00   31.00    0.00    0.00   14.75    0.25    0.00    0.00    1.00
18:57:02     all   54.77    0.00   31.16    0.00    0.00   13.57    0.00    0.00    0.00    0.50
18:57:03     all   53.88    0.00   30.33    0.00    0.00   14.79    0.00    0.00    0.00    1.00
18:57:04     all   52.49    0.00   29.60    0.00    0.00   14.93    0.50    0.00    0.00    2.49
18:57:05     all   55.28    0.00   28.39    0.00    0.00   15.08    0.00    0.00    0.00    1.26
18:57:06     all   53.52    0.00   30.15    0.00    0.00   15.83    0.00    0.00    0.00    0.50
18:57:07     all   54.11    0.00   29.93    0.00    0.00   15.21    0.00    0.00    0.00    0.75
18:57:08     all   54.02    0.00   30.40    0.00    0.00   15.08    0.00    0.00    0.00    0.50
18:57:09     all   53.85    0.00   29.03    0.00    0.00   14.64    0.00    0.00    0.00    2.48
18:57:10     all   52.39    0.00   30.48    0.00    0.00   13.85    0.00    0.00    0.00    3.27
18:57:11     all   53.75    0.00   30.25    0.00    0.00   14.25    0.00    0.00    0.00    1.75
18:57:12     all   46.84    0.00   25.06    0.00    0.00   13.67    0.00    0.00    0.00   14.43
18:57:13     all   55.53    0.00   29.40    0.00    0.00   14.57    0.00    0.00    0.00    0.50
18:57:14     all   54.11    0.00   29.43    0.00    0.00   15.46    0.00    0.00    0.00    1.00
18:57:15     all   55.36    0.00   29.18    0.00    0.00   14.21    0.25    0.00    0.00    1.00
18:57:16     all   52.38    0.00   29.07    0.00    0.00   14.29    0.00    0.00    0.00    4.26
18:57:17     all   52.38    0.00   29.32    0.00    0.00   14.04    0.00    0.00    0.00    4.26
18:57:18     all   54.16    0.00   29.72    0.00    0.00   14.86    0.00    0.00    0.00    1.26
18:57:19     all   53.54    0.00   29.55    0.00    0.00   14.65    0.00    0.00    0.00    2.27
18:57:20     all   54.61    0.00   30.67    0.00    0.00   13.47    0.00    0.00    0.00    1.25
18:57:21     all   53.88    0.00   30.83    0.00    0.00   14.29    0.00    0.00    0.00    1.00
18:57:22     all   53.77    0.00   29.90    0.00    0.00   15.83    0.00    0.00    0.00    0.50
18:57:23     all   54.02    0.00   30.65    0.00    0.00   14.82    0.00    0.00    0.00    0.50
18:57:24     all   55.22    0.00   29.85    0.00    0.00   12.19    0.00    0.00    0.00    2.74
18:57:25     all   52.62    0.00   28.68    0.00    0.00   13.72    0.25    0.00    0.00    4.74
18:57:26     all   54.39    0.00   30.08    0.00    0.00   14.54    0.00    0.00    0.00    1.00
18:57:27     all   54.04    0.00   30.05    0.00    0.00   14.65    0.00    0.00    0.00    1.26
18:57:28     all   52.97    0.00   30.20    0.00    0.00   13.37    0.50    0.00    0.00    2.97
18:57:29     all   51.86    0.00   29.03    0.00    0.00   14.14    0.00    0.00    0.00    4.96
18:57:30     all   52.00    0.00   28.75    0.00    0.00   14.00    0.00    0.00    0.00    5.25
18:57:31     all   53.12    0.00   30.67    0.00    0.00   14.96    0.00    0.00    0.00    1.25
18:57:32     all   54.39    0.00   29.07    0.00    0.00   15.54    0.00    0.00    0.00    1.00
18:57:33     all   52.38    0.00   28.57    0.00    0.00   13.53    0.00    0.00    0.00    5.51
18:57:34     all   54.52    0.00   29.90    0.00    0.00   14.57    0.00    0.00    0.00    1.01
18:57:35     all   52.74    0.00   30.85    0.00    0.00   15.17    0.25    0.00    0.00    1.00
18:57:36     all   53.77    0.00   29.65    0.00    0.00   14.82    0.00    0.00    0.00    1.76
18:57:37     all   52.37    0.00   28.93    0.00    0.00   13.47    0.25    0.00    0.00    4.99
18:57:38     all   52.51    0.00   28.89    0.00    0.00   14.32    0.00    0.00    0.00    4.27
18:57:39     all   53.27    0.00   30.40    0.00    0.00   14.82    0.25    0.00    0.00    1.26
18:57:40     all   53.48    0.00   31.09    0.00    0.00   13.93    0.00    0.00    0.00    1.49
18:57:41     all   53.12    0.00   30.67    0.00    0.00   13.97    0.00    0.00    0.00    2.24
18:57:42     all   45.14    0.00   24.94    0.00    0.00   14.46    0.00    0.00    0.00   15.46
18:57:43     all   51.63    0.00   29.57    0.00    0.00   14.04    0.00    0.00    0.00    4.76
18:57:44     all   52.63    0.00   31.08    0.00    0.00   15.04    0.00    0.00    0.00    1.25
18:57:45     all   54.86    0.00   27.93    0.00    0.00   14.46    0.00    0.00    0.00    2.74
18:57:46     all   53.90    0.00   29.72    0.00    0.00   13.85    0.00    0.00    0.00    2.52
18:57:47     all   53.03    0.00   28.28    0.00    0.00   12.88    0.00    0.00    0.00    5.81
18:57:48     all   52.00    0.00   29.00    0.00    0.00   12.75    0.00    0.00    0.00    6.25
18:57:49     all   54.61    0.00   28.18    0.00    0.00   13.47    0.50    0.00    0.00    3.24
18:57:50     all   54.11    0.00   29.93    0.00    0.00   14.96    0.00    0.00    0.00    1.00
18:57:51     all   53.62    0.00   29.93    0.00    0.00   14.21    0.00    0.00    0.00    2.24
18:57:52     all   53.12    0.00   30.42    0.00    0.00   15.46    0.00    0.00    0.00    1.00
18:57:53     all   54.98    0.00   28.61    0.00    0.00   14.68    0.25    0.00    0.00    1.49
18:57:54     all   53.52    0.00   29.40    0.00    0.00   14.32    0.00    0.00    0.00    2.76
18:57:55     all   53.90    0.00   28.46    0.00    0.00   14.61    0.00    0.00    0.00    3.02
18:57:56     all   53.88    0.00   29.32    0.00    0.00   14.79    0.00    0.00    0.00    2.01
18:57:57     all   52.35    0.00   27.90    0.00    0.00   14.07    0.00    0.00    0.00    5.68
18:57:58     all   54.14    0.00   29.57    0.00    0.00   14.04    0.00    0.00    0.00    2.26
18:57:59     all   53.16    0.00   28.86    0.00    0.00   14.68    0.00    0.00    0.00    3.29
18:58:00     all   53.73    0.00   28.36    0.00    0.00   13.93    0.25    0.00    0.00    3.73
18:58:01     all   53.63    0.00   30.58    0.00    0.00   15.29    0.00    0.00    0.00    0.50
18:58:02     all   54.25    0.00   29.50    0.00    0.00   15.25    0.00    0.00    0.00    1.00
18:58:03     all   53.52    0.00   30.40    0.00    0.00   15.08    0.00    0.00    0.00    1.01
18:58:04     all   52.85    0.00   30.52    0.00    0.00   15.14    0.00    0.00    0.00    1.49
18:58:05     all   54.75    0.00   29.50    0.00    0.00   14.75    0.00    0.00    0.00    1.00
18:58:06     all   53.02    0.00   30.15    0.00    0.00   14.82    0.00    0.00    0.00    2.01
18:58:07     all   53.73    0.00   29.35    0.00    0.00   14.43    0.00    0.00    0.00    2.49
18:58:08     all   53.50    0.00   31.00    0.00    0.00   13.25    0.00    0.00    0.00    2.25
18:58:09     all   52.12    0.00   28.93    0.00    0.00   14.21    0.25    0.00    0.00    4.49
18:58:10     all   53.25    0.00   29.00    0.00    0.00   14.50    0.25    0.00    0.00    3.00
18:58:11     all   52.26    0.00   30.15    0.00    0.00   14.82    0.00    0.00    0.00    2.76
18:58:12     all   45.61    0.00   26.32    0.00    0.00   15.04    0.00    0.00    0.00   13.03
18:58:13     all   53.87    0.00   29.68    0.00    0.00   14.71    0.00    0.00    0.00    1.75
18:58:14     all   53.02    0.00   28.89    0.00    0.00   14.82    0.00    0.00    0.00    3.27
18:58:15     all   52.72    0.00   30.45    0.00    0.00   14.60    0.25    0.00    0.00    1.98
18:58:16     all   52.50    0.00   29.00    0.00    0.00   15.00    0.00    0.00    0.00    3.50
18:58:17     all   55.05    0.00   29.80    0.00    0.00   14.39    0.00    0.00    0.00    0.76
18:58:18     all   53.12    0.00   30.42    0.00    0.00   15.46    0.00    0.00    0.00    1.00
18:58:19     all   53.90    0.00   30.23    0.00    0.00   13.35    0.00    0.00    0.00    2.52
18:58:20     all   54.89    0.00   28.82    0.00    0.00   13.28    0.00    0.00    0.00    3.01
18:58:21     all   55.25    0.00   30.00    0.00    0.00   13.75    0.00    0.00    0.00    1.00
18:58:22     all   55.39    0.00   28.57    0.00    0.00   13.53    0.25    0.00    0.00    2.26
18:58:23     all   53.75    0.00   30.50    0.00    0.00   14.50    0.00    0.00    0.00    1.25
18:58:24     all   52.62    0.00   29.93    0.00    0.00   13.72    0.00    0.00    0.00    3.74
18:58:25     all   53.15    0.00   30.48    0.00    0.00   13.85    0.00    0.00    0.00    2.52
18:58:26     all   54.25    0.00   30.25    0.00    0.00   14.25    0.00    0.00    0.00    1.25
18:58:27     all   53.23    0.00   28.86    0.00    0.00   14.68    0.00    0.00    0.00    3.23
18:58:28     all   54.27    0.00   29.65    0.00    0.00   15.08    0.00    0.00    0.00    1.01
18:58:29     all   55.09    0.00   29.78    0.00    0.00   13.15    0.00    0.00    0.00    1.99
18:58:30     all   55.92    0.00   29.72    0.00    0.00   13.35    0.25    0.00    0.00    0.76
18:58:31     all   54.34    0.00   28.78    0.00    0.00   14.14    0.00    0.00    0.00    2.73
18:58:32     all   52.01    0.00   31.41    0.00    0.00   15.08    0.00    0.00    0.00    1.51
18:58:33     all   53.38    0.00   29.57    0.00    0.00   15.79    0.00    0.00    0.00    1.25
18:58:34     all   52.90    0.00   28.46    0.00    0.00   13.85    0.25    0.00    0.00    4.53
18:58:35     all   54.39    0.00   30.33    0.00    0.00   14.04    0.00    0.00    0.00    1.25
18:58:36     all   54.14    0.00   29.82    0.00    0.00   14.29    0.50    0.00    0.00    1.25
18:58:37     all   53.25    0.00   30.00    0.00    0.00   14.00    0.00    0.00    0.00    2.75
18:58:38     all   52.88    0.00   29.82    0.00    0.00   15.29    0.00    0.00    0.00    2.01
18:58:39     all   54.39    0.00   30.58    0.00    0.00   14.54    0.00    0.00    0.00    0.50
18:58:40     all   52.50    0.00   30.25    0.00    0.00   14.25    0.00    0.00    0.00    3.00
18:58:41     all   56.14    0.00   27.57    0.00    0.00   13.78    0.00    0.00    0.00    2.51
18:58:42     all    7.81    0.00    5.04    0.00    0.00    1.51    0.00    0.00    0.00   85.64
18:58:43     all   27.59    0.00    9.87    0.00    0.00    4.81    0.00    0.00    0.00   57.72
18:58:44     all   20.46    0.00   15.09    0.00    0.00    4.60    0.00    0.00    0.00   59.85
18:58:45     all   18.99    0.00   12.15    0.00    0.00    3.54    0.00    0.00    0.00   65.32
18:58:46     all   21.11    0.00   10.80    0.00    0.00    3.52    0.00    0.00    0.00   64.57
18:58:47     all   19.80    0.00   11.17    0.00    0.00    3.30    0.00    0.00    0.00   65.74
18:58:48     all   20.57    0.00   12.08    0.00    0.00    3.08    0.00    0.00    0.00   64.27
18:58:49     all   22.98    0.00   12.12    0.00    0.00    3.54    0.00    0.00    0.00   61.36
18:58:50     all   20.40    0.00   10.83    0.00    0.00    2.77    0.00    0.00    0.00   65.99
18:58:51     all   19.54    0.00   11.42    0.25    0.00    3.30    0.00    0.00    0.00   65.48
18:58:52     all   19.75    0.00   11.14    0.00    0.00    3.29    0.00    0.00    0.00   65.82
18:58:53     all   19.24    0.00   10.89    0.00    0.00    3.54    0.00    0.00    0.00   66.33
18:58:54     all   19.28    0.00    9.25    0.00    0.00    4.37    0.00    0.00    0.00   67.10
18:58:55     all   23.21    0.00    8.16    0.00    0.00    3.06    0.26    0.00    0.00   65.31
18:58:56     all   18.93    0.00   10.23    0.00    0.00    3.32    0.00    0.00    0.00   67.52
18:58:57     all   19.80    0.00   10.66    0.00    0.00    3.55    0.00    0.00    0.00   65.99
18:58:58     all   20.56    0.00   10.66    0.00    0.00    3.30    0.00    0.00    0.00   65.48
18:58:59     all   20.15    0.00   11.22    0.00    0.00    2.55    0.26    0.00    0.00   65.82
18:59:00     all   26.08    0.00   10.63    0.00    0.00    3.54    0.00    0.00    0.00   59.75
18:59:01     all   19.80    0.00   11.17    0.00    0.00    3.05    0.00    0.00    0.00   65.99
18:59:02     all   21.43    0.00   10.20    0.00    0.00    3.06    0.26    0.00    0.00   65.05
18:59:03     all   16.92    0.00   11.11    0.00    0.00    3.54    0.00    0.00    0.00   68.43
18:59:04     all   19.08    0.00   11.70    0.00    0.00    3.05    0.00    0.00    0.00   66.16
18:59:05     all   20.56    0.00    9.14    0.00    0.00    4.31    0.00    0.00    0.00   65.99
18:59:06     all   20.20    0.00    8.59    0.00    0.00    3.28    0.00    0.00    0.00   67.93
18:59:07     all   26.34    0.00    9.46    0.00    0.00    2.30    0.00    0.00    0.00   61.89
18:59:08     all   19.23    0.00   11.54    0.00    0.00    2.82    0.00    0.00    0.00   66.41
18:59:09     all   19.65    0.00   10.33    0.00    0.00    3.78    0.00    0.00    0.00   66.25
18:59:10     all   18.58    0.00   10.18    0.00    0.00    3.05    0.25    0.00    0.00   67.94
18:59:11     all   21.74    0.00   11.00    0.00    0.00    3.32    0.00    0.00    0.00   63.94
18:59:12     all    4.03    0.00    2.02    0.00    0.00    1.26    0.00    0.00    0.00   92.70
18:59:13     all   17.38    0.00    8.31    0.00    0.00    5.04    0.00    0.00    0.00   69.27
18:59:14     all   35.48    0.00   15.94    0.00    0.00    9.25    0.00    0.00    0.00   39.33
18:59:15     all   52.54    0.00   17.77    0.00    0.00    6.35    0.00    0.00    0.00   23.35
18:59:16     all   45.27    0.00   20.46    0.00    0.00    6.65    0.00    0.00    0.00   27.62
18:59:17     all   50.51    0.00   23.23    0.00    0.00    6.57    0.00    0.00    0.00   19.70
18:59:18     all   41.10    0.00   21.05    0.00    0.00    7.27    0.00    0.00    0.00   30.58
18:59:19     all   39.39    0.00   22.76    0.00    0.00    6.91    0.00    0.00    0.00   30.95
18:59:20     all   39.29    0.00   22.45    0.00    0.00    7.40    0.00    0.00    0.00   30.87
18:59:21     all   44.13    0.00   21.67    0.00    0.00    8.62    0.00    0.00    0.00   25.59
18:59:22     all   38.21    0.00   22.05    0.00    0.00    7.95    0.00    0.00    0.00   31.79
18:59:23     all   40.97    0.00   21.12    0.00    0.00    8.14    0.00    0.00    0.00   29.77
18:59:24     all   36.34    0.00   19.07    0.00    0.00   10.57    0.52    0.00    0.00   33.51
18:59:25     all   43.22    0.00   17.34    0.00    0.00   10.55    0.00    0.00    0.00   28.89
18:59:26     all   41.49    0.00   19.59    0.00    0.00    9.54    0.00    0.00    0.00   29.38
18:59:27     all   41.98    0.00   19.08    0.00    0.00    8.65    0.00    0.00    0.00   30.28
18:59:28     all   37.37    0.00   20.36    0.00    0.00    8.51    0.00    0.00    0.00   33.76
18:59:29     all   37.11    0.00   20.26    0.00    0.00    8.95    0.26    0.00    0.00   33.42
18:59:30     all   42.78    0.00   22.42    0.00    0.00    8.25    0.00    0.00    0.00   26.55
18:59:31     all   41.71    0.00   19.95    0.00    0.00    8.29    0.00    0.00    0.00   30.05
18:59:32     all   37.17    0.00   21.47    0.00    0.00    7.59    0.00    0.00    0.00   33.77
18:59:33     all   39.13    0.00   19.95    0.00    0.00    8.70    0.00    0.00    0.00   32.23
18:59:34     all   37.28    0.00   21.08    0.00    0.00    8.23    0.00    0.00    0.00   33.42
18:59:35     all   48.98    0.00   21.57    0.00    0.00    9.39    0.00    0.00    0.00   20.05
18:59:36     all   41.35    0.00   17.29    0.00    0.00   11.03    0.25    0.00    0.00   30.08
18:59:37     all   39.09    0.00   18.53    0.00    0.00    9.90    0.00    0.00    0.00   32.49
18:59:38     all   39.69    0.00   19.33    0.26    0.00    8.25    0.00    0.00    0.00   32.47
18:59:39     all   46.43    0.00   20.92    0.00    0.00    7.40    0.26    0.00    0.00   25.00
18:59:40     all   35.84    0.00   20.78    0.00    0.00    8.57    0.00    0.00    0.00   34.81
18:59:41     all   39.95    0.00   20.63    0.00    0.00    9.14    0.00    0.00    0.00   30.29
18:59:42     all   12.09    0.00    7.30    0.00    0.00    3.02    0.00    0.00    0.00   77.58
18:59:43     all   17.30    0.00    6.36    0.00    0.00    4.83    0.00    0.00    0.00   71.50
18:59:44     all   41.84    0.00   16.33    0.00    0.00    9.95    0.00    0.00    0.00   31.89
18:59:45     all   48.25    0.00   23.75    0.00    0.00   13.50    0.00    0.00    0.00   14.50
18:59:46     all   68.51    0.00   19.40    0.00    0.00   11.34    0.00    0.00    0.00    0.76
18:59:47     all   64.59    0.00   23.44    0.00    0.00   10.22    0.00    0.00    0.00    1.75
18:59:48     all   67.92    0.00   21.55    0.00    0.00    9.27    0.00    0.00    0.00    1.25
18:59:49     all   61.56    0.00   25.88    0.00    0.00   10.55    0.00    0.00    0.00    2.01
18:59:50     all   66.75    0.00   20.00    0.00    0.00   11.75    0.00    0.00    0.00    1.50
18:59:51     all   69.92    0.00   17.54    0.00    0.00   10.03    0.00    0.00    0.00    2.51
18:59:52     all   66.17    0.00   19.15    0.00    0.00   13.18    0.25    0.00    0.00    1.24
18:59:53     all   70.35    0.00   19.10    0.00    0.00   10.30    0.00    0.00    0.00    0.25
18:59:54     all   70.60    0.00   17.09    0.00    0.00   10.55    0.00    0.00    0.00    1.76
18:59:55     all   69.33    0.00   18.20    0.00    0.00   10.72    0.25    0.00    0.00    1.50
18:59:56     all   67.00    0.00   20.00    0.00    0.00   11.00    0.00    0.00    0.00    2.00
18:59:57     all   70.63    0.00   17.72    0.00    0.00   11.39    0.00    0.00    0.00    0.25
18:59:58     all   66.83    0.00   18.59    0.00    0.00   10.80    0.00    0.00    0.00    3.77
18:59:59     all   65.00    0.00   20.75    0.00    0.00   13.50    0.00    0.00    0.00    0.75
19:00:00     all   70.25    0.00   18.00    0.00    0.00   10.75    0.00    0.00    0.00    1.00
19:00:01     all   65.99    0.00   19.90    0.00    0.00   10.58    0.00    0.00    0.00    3.53
19:00:02     all   60.55    0.00   19.60    0.00    0.00    8.54    0.00    0.00    0.00   11.31
19:00:03     all   62.63    0.00   18.94    0.00    0.00    8.33    0.25    0.00    0.00    9.85
19:00:04     all   51.02    0.00   18.02    0.00    0.00    7.61    0.00    0.00    0.00   23.35
19:00:05     all   56.96    0.00   18.99    0.00    0.00    9.62    0.00    0.00    0.00   14.43
19:00:06     all   67.00    0.00   19.00    0.00    0.00   11.25    0.25    0.00    0.00    2.50
19:00:07     all   66.92    0.00   20.05    0.00    0.00   12.03    0.00    0.00    0.00    1.00
19:00:08     all   71.50    0.00   17.00    0.00    0.00    9.25    0.00    0.00    0.00    2.25
19:00:09     all   71.50    0.00   17.50    0.00    0.00   10.75    0.00    0.00    0.00    0.25
19:00:10     all   69.75    0.00   16.00    0.00    0.00    9.75    0.00    0.00    0.00    4.50
19:00:11     all   73.68    0.00   15.54    0.00    0.00    8.52    0.00    0.00    0.00    2.26
19:00:12     all   34.66    0.00    8.73    0.00    0.00    4.24    0.00    0.00    0.00   52.37
19:00:13     all   26.20    0.00    4.03    0.00    0.00    2.02    0.00    0.00    0.00   67.76
19:00:14     all   44.92    0.00   18.27    0.00    0.00    7.36    0.00    0.00    0.00   29.44
19:00:15     all   55.78    0.00   27.89    0.00    0.00   11.06    0.00    0.00    0.00    5.28
19:00:16     all   63.00    0.00   22.75    0.00    0.00   11.25    0.00    0.00    0.00    3.00
19:00:17     all   63.32    0.00   24.12    0.00    0.00   11.81    0.00    0.00    0.00    0.75
19:00:18     all   62.84    0.00   23.19    0.00    0.00   13.22    0.00    0.00    0.00    0.75
19:00:19     all   65.41    0.00   18.30    0.00    0.00   10.03    0.00    0.00    0.00    6.27
19:00:20     all   69.08    0.00   20.45    0.00    0.00    9.48    0.00    0.00    0.00    1.00
19:00:21     all   69.50    0.00   13.75    0.00    0.00   11.00    0.00    0.00    0.00    5.75
19:00:22     all   74.81    0.00   15.46    0.00    0.00    8.48    0.25    0.00    0.00    1.00
19:00:23     all   77.64    0.00   13.32    0.00    0.00    8.04    0.25    0.00    0.00    0.75
19:00:24     all   70.40    0.00   18.41    0.00    0.00   10.70    0.00    0.00    0.00    0.50
19:00:25     all   74.62    0.00   16.33    0.00    0.00    7.79    0.00    0.00    0.00    1.26
19:00:26     all   82.91    0.00    9.30    0.00    0.00    5.28    0.00    0.00    0.00    2.51
19:00:27     all   71.43    0.00   16.29    0.00    0.00   12.28    0.00    0.00    0.00    0.00
19:00:28     all   69.17    0.00   18.05    0.00    0.00   11.28    0.00    0.00    0.00    1.50
19:00:29     all   73.25    0.00   16.00    0.00    0.00    9.50    0.00    0.00    0.00    1.25
19:00:30     all   81.66    0.00   10.05    0.00    0.00    6.78    0.00    0.00    0.00    1.51
19:00:31     all   65.00    0.00   21.00    0.00    0.00   12.25    0.00    0.00    0.00    1.75
19:00:32     all   71.61    0.00   16.08    0.00    0.00    9.05    0.00    0.00    0.00    3.27
19:00:33     all   72.11    0.00   16.33    0.00    0.00    9.30    0.00    0.00    0.00    2.26
19:00:34     all   74.31    0.00   14.86    0.00    0.00    7.30    0.00    0.00    0.00    3.53
19:00:35     all   67.50    0.00   19.25    0.00    0.00   12.50    0.25    0.00    0.00    0.50
19:00:36     all   68.83    0.00   17.71    0.00    0.00   11.97    0.25    0.00    0.00    1.25
19:00:37     all   72.43    0.00   15.54    0.00    0.00    9.27    0.00    0.00    0.00    2.76
19:00:38     all   74.81    0.00   13.35    0.00    0.00    5.54    0.00    0.00    0.00    6.30
19:00:39     all   72.66    0.00   17.47    0.00    0.00    9.87    0.00    0.00    0.00    0.00
19:00:40     all   75.50    0.00   14.85    0.00    0.00    7.92    0.00    0.00    0.00    1.73
19:00:41     all   74.31    0.00   13.85    0.00    0.00    5.29    0.00    0.00    0.00    6.55
19:00:42     all   65.66    0.00   19.95    0.00    0.00    8.08    0.00    0.00    0.00    6.31
