1790880880 194636
1790880881 197832
1790880882 210564
1790880883 214456
1790880884 235928
1790880885 236592
1790880886 236968
1790880887 252484
1790880888 256544
1790880890 269336
1790880891 269544
1790880892 289236
1790880893 289360
1790880894 289380
1790880895 289388
1790880896 289404
1790880897 289420
1790880898 289428
1790880899 289456
1790880900 289464
1790880901 289464
1790880902 289480
1790880903 289480
1790880904 289484
1790880905 289484
1790880906 289492
1790880907 289540
1790880908 289540
1790880909 289544
1790880910 289544
1790880911 290984
1790880913 374968
1790880914 509624
1790880915 670912
1790880916 678324
1790880917 678328
1790880918 679084
1790880919 695968
1790880920 779368
1790880921 783500
1790880922 783544
1790880923 814640
1790880924 818332
1790880925 818364
1790880926 830592
1790880927 831380
1790880928 831464
1790880929 831524
1790880930 852896
1790880931 853432
1790880932 853512
1790880933 853548
1790880934 853576
1790880935 853652
1790880936 853704
1790880937 853716
1790880939 854824
1790880940 854872
1790880941 854884
1790880942 854916
1790880943 854916
1790880944 854916
1790880945 854916
1790880946 854920
1790880947 854924
1790880948 575140
1790880949 575188
1790880950 575196
1790880951 575204
1790880952 575208
1790880953 418796
1790880954 418828
1790880955 374008
1790880956 374012
1790880957 348948
1790880958 342668
1790880959 342680
1790880960 338508
1790880962 332248
1790880963 332264
1790880964 328088
1790880965 328096
1790880966 328100
1790880967 328104
1790880968 324988
1790880969 321864
1790880970 317688
1790880971 317692
1790880972 317700
1790880973 314592
1790880974 314644
1790880975 314600
1790880976 314616
1790880977 314632
1790880978 341316
1790880979 317776
1790880980 314676
1790880982 314680
1790880983 314744
1790880984 314712
1790880985 322012
1790880986 322020
1790880987 349732
1790880988 349736
1790880989 349752
1790880990 349756
1790880991 349764
1790880992 349776
1790880993 349784
1790880994 349800
1790880995 349808
1790880996 349816
1790880997 349828
1790880999 349864
1790881000 349872
1790881001 349884
1790881002 349884
1790881003 349900
1790881004 349904
1790881005 349908
1790881006 349908
1790881007 349908
1790881008 349908
1790881009 383772
1790881010 383772
1790881011 383776
1790881012 383780
1790881013 383780
1790881015 383780
1790881016 383784
1790881017 383784
1790881018 383792
1790881019 383796
1790881020 383796
1790881021 383796
1790881022 383800
1790881023 383800
1790881024 383808
1790881025 383808
1790881026 383816
1790881027 383820
1790881029 383828
1790881030 383832
1790881031 383832
1790881032 383832
1790881033 383840
1790881034 383844
1790881035 383844
1790881036 383844
1790881037 383848
1790881038 383848
1790881039 383852
1790881040 383852
1790881041 383860
1790881043 383860
1790881044 383860
1790881045 383864
1790881046 383872
1790881047 383872
1790881048 383872
1790881049 383876
1790881050 383884
1790881051 383888
1790881052 383892
1790881053 383892
1790881054 383896
1790881055 383896
1790881056 383896
1790881057 383900
1790881059 383904
1790881060 383908
1790881061 383916
1790881062 383920
1790881063 383920
1790881064 383928
1790881065 383928
1790881066 383932
1790881067 383932
1790881068 383936
1790881069 383940
1790881070 383940
1790881071 383940
1790881073 383944
1790881074 383956
1790881075 383960
1790881076 383968
1790881077 383972
1790881078 383976
1790881079 383980
1790881080 383980
1790881081 383984
1790881082 383992
1790881083 383996
1790881084 383996
1790881085 384000
1790881086 384000
1790881088 384004
1790881089 384012
1790881090 384016
1790881091 384016
1790881092 384020
1790881093 384028
1790881094 384032
1790881095 384032
1790881096 384032
1790881097 384036
1790881098 384036
1790881099 384040
1790881100 384044
1790881102 384044
1790881103 384044
1790881104 384048
1790881105 384052
1790881106 385016
1790881107 385016
1790881108 385020
1790881109 385024
1790881110 385024
1790881111 385028
1790881112 385032
1790881113 385036
1790881114 385036
1790881115 385040
1790881117 385048
1790881118 385052
1790881119 385056
1790881120 385056
1790881121 385172
1790881122 385172
1790881123 469840
1790881124 735668
1790881125 773344
1790881126 796612
1790881127 835656
1790881128 891920
1790881129 933800
1790881130 959104
1790881131 1003284
1790881132 1003440
1790881133 1037708
1790881134 1038588
1790881135 991708
1790881137 991824
1790881138 991976
1790881139 992004
1790881140 992104
1790881141 992108
1790881142 992144
1790881143 992212
1790881144 1012428
1790881145 1012476
1790881146 1013872
1790881147 1014276
1790881148 1014296
1790881149 1014392
1790881150 1014400
1790881151 1014408
1790881152 1014408
1790881153 1014436
1790881154 1014584
1790881155 1016416
1790881156 1019248
1790881157 1261568
1790881158 1261732
1790881159 1340092
1790881161 1340148
1790881162 1340604
1790881163 1340712
1790881164 1341676
1790881165 1341740
1790881166 1341748
1790881167 1341764
1790881168 1341792
1790881169 1341820
1790881170 1341884
1790881171 1341888
1790881172 1341892
1790881173 1341896
1790881174 1341916
1790881175 1341924
1790881176 1341928
1790881177 1341944
1790881178 1341956
1790881179 1341964
1790881181 1341968
1790881182 1341968
1790881183 1341968
1790881184 1341976
1790881185 1341980
1790881186 1342204
1790881187 1615640
1790881188 1798144
1790881189 2145452
1790881190 2146516
1790881191 2209352
1790881192 2210868
1790881193 2234680
1790881194 2234824
1790881195 2234932
1790881196 2235152
1790881198 2235976
1790881199 2236004
1790881200 2245084
1790881201 2262108
1790881202 2262144
1790881203 2262176
1790881204 2262748
1790881205 2262892
1790881206 2262944
1790881207 2262964
1790881208 2263212
1790881209 2263352
1790881210 2263444
1790881212 2268336
1790881213 2269064
1790881214 467668
1790881215 965340
1790881216 1228752
1790881217 1507096
1790881218 1810816
1790881219 1923128
1790881220 2211332
1790881221 2215164
1790881222 2271732
1790881223 2274828
1790881224 2275108
1790881225 2275280
1790881226 2276072
1790881228 2276228
1790881229 2278124
1790881230 2279728
1790881231 2280500
1790881232 2280544
1790881233 2280576
1790881234 2280808
1790881235 2280824
1790881236 2280852
1790881237 2280992
1790881238 2281280
1790881239 2281284
1790881240 2281284
1790881241 2281296
1790881242 0
