Running 30s test @ http://10.116.0.2:8080/block?ms=100
  4 threads and 2000 connections
  Thread calibration: mean lat.: 146.381ms, rate sampling interval: 430ms
  Thread calibration: mean lat.: 136.957ms, rate sampling interval: 386ms
  Thread calibration: mean lat.: 142.933ms, rate sampling interval: 409ms
  Thread calibration: mean lat.: 144.410ms, rate sampling interval: 422ms
  Thread Stats   Avg      Stdev     Max   +/- Stdev
    Latency   112.55ms   16.37ms 232.83ms   86.01%
    Req/Sec     4.51k   230.65     5.00k    64.88%
  Latency Distribution (HdrHistogram - Recorded Latency)
 50.000%  105.60ms
 75.000%  117.38ms
 90.000%  134.91ms
 99.000%  179.84ms
 99.900%  220.03ms
 99.990%  229.50ms
 99.999%  232.32ms
100.000%  232.96ms

  Detailed Percentile spectrum:
       Value   Percentile   TotalCount 1/(1-Percentile)

     100.351     0.000000            3         1.00
     101.183     0.100000        33116         1.11
     101.695     0.200000        63858         1.25
     102.591     0.300000        94954         1.43
     103.935     0.400000       126566         1.67
     105.599     0.500000       157816         2.00
     106.687     0.550000       173802         2.22
     108.095     0.600000       189491         2.50
     109.951     0.650000       205318         2.86
     113.215     0.700000       221013         3.33
     117.375     0.750000       236559         4.00
     119.615     0.775000       244441         4.44
     122.175     0.800000       252426         5.00
     124.991     0.825000       260363         5.71
     127.871     0.850000       268154         6.67
     130.943     0.875000       276107         8.00
     132.863     0.887500       280194         8.89
     134.911     0.900000       283967        10.00
     136.959     0.912500       287814        11.43
     139.007     0.925000       291801        13.33
     141.439     0.937500       295883        16.00
     142.847     0.943750       297783        17.78
     144.255     0.950000       299683        20.00
     145.663     0.956250       301764        22.86
     147.199     0.962500       303699        26.67
     149.247     0.968750       305605        32.00
     150.527     0.971875       306622        35.56
     152.063     0.975000       307570        40.00
     154.879     0.978125       308529        45.71
     159.359     0.981250       309524        53.33
     164.223     0.984375       310479        64.00
     168.575     0.985938       310980        71.11
     172.543     0.987500       311485        80.00
     177.279     0.989062       311959        91.43
     181.503     0.990625       312463       106.67
     186.879     0.992188       312946       128.00
     190.591     0.992969       313193       142.22
     193.535     0.993750       313440       160.00
     196.863     0.994531       313687       182.86
     200.191     0.995313       313934       213.33
     203.775     0.996094       314178       256.00
     205.695     0.996484       314304       284.44
     207.615     0.996875       314422       320.00
     210.047     0.997266       314554       365.71
     211.455     0.997656       314671       426.67
     213.247     0.998047       314793       512.00
     214.655     0.998242       314855       568.89
     216.063     0.998437       314917       640.00
     217.471     0.998633       314977       731.43
     219.135     0.998828       315040       853.33
     220.159     0.999023       315100      1024.00
     220.799     0.999121       315136      1137.78
     221.439     0.999219       315162      1280.00
     222.591     0.999316       315192      1462.86
     223.743     0.999414       315223      1706.67
     224.511     0.999512       315253      2048.00
     225.279     0.999561       315275      2275.56
     225.791     0.999609       315284      2560.00
     226.559     0.999658       315300      2925.71
     227.455     0.999707       315320      3413.33
     227.839     0.999756       315332      4096.00
     228.095     0.999780       315341      4551.11
     228.479     0.999805       315348      5120.00
     228.735     0.999829       315357      5851.43
     228.863     0.999854       315362      6826.67
     229.119     0.999878       315370      8192.00
     229.375     0.999890       315374      9102.22
     229.631     0.999902       315379     10240.00
     229.887     0.999915       315382     11702.86
     230.015     0.999927       315386     13653.33
     230.143     0.999939       315389     16384.00
     230.399     0.999945       315391     18204.44
     230.783     0.999951       315394     20480.00
     230.783     0.999957       315394     23405.71
     230.911     0.999963       315396     27306.67
     231.167     0.999969       315399     32768.00
     231.167     0.999973       315399     36408.89
     231.295     0.999976       315400     40960.00
     231.551     0.999979       315401     46811.43
     231.935     0.999982       315402     54613.33
     232.063     0.999985       315403     65536.00
     232.063     0.999986       315403     72817.78
     232.319     0.999988       315404     81920.00
     232.319     0.999989       315404     93622.86
     232.831     0.999991       315406    109226.67
     232.831     0.999992       315406    131072.00
     232.831     0.999993       315406    145635.56
     232.831     0.999994       315406    163840.00
     232.831     0.999995       315406    187245.71
     232.831     0.999995       315406    218453.33
     232.831     0.999996       315406    262144.00
     232.831     0.999997       315406    291271.11
     232.959     0.999997       315407    327680.00
     232.959     1.000000       315407          inf
#[Mean    =      112.553, StdDeviation   =       16.372]
#[Max     =      232.832, Total count    =       315407]
#[Buckets =           27, SubBuckets     =         2048]
----------------------------------------------------------
  512835 requests in 30.00s, 58.69MB read
Requests/sec:  17094.54
Transfer/sec:      1.96MB
