Running 30s test @ http://10.116.0.2:8080/json
  4 threads and 256 connections
  Thread calibration: mean lat.: 2348.197ms, rate sampling interval: 9592ms
  Thread calibration: mean lat.: 2336.083ms, rate sampling interval: 9576ms
  Thread calibration: mean lat.: 2681.669ms, rate sampling interval: 9650ms
  Thread calibration: mean lat.: 2655.491ms, rate sampling interval: 9560ms
  Thread Stats   Avg      Stdev     Max   +/- Stdev
    Latency    10.99s     3.25s   17.89s    58.83%
    Req/Sec    12.95k   188.87    13.29k    75.00%
  Latency Distribution (HdrHistogram - Recorded Latency)
 50.000%   10.99s 
 75.000%   13.71s 
 90.000%   15.43s 
 99.000%   17.04s 
 99.900%   17.55s 
 99.990%   17.78s 
 99.999%   17.87s 
100.000%   17.91s 

  Detailed Percentile spectrum:
       Value   Percentile   TotalCount 1/(1-Percentile)

    4648.959     0.000000            2         1.00
    6492.159     0.100000       102027         1.11
    7639.039     0.200000       203966         1.25
    8822.783     0.300000       305895         1.43
    9928.703     0.400000       408132         1.67
   10993.663     0.500000       509387         2.00
   11526.143     0.550000       561036         2.22
   12058.623     0.600000       611763         2.50
   12591.103     0.650000       662305         2.86
   13139.967     0.700000       713700         3.33
   13705.215     0.750000       763989         4.00
   13991.935     0.775000       789514         4.44
   14295.039     0.800000       815489         5.00
   14573.567     0.825000       840499         5.71
   14852.095     0.850000       866422         6.67
   15130.623     0.875000       892062         8.00
   15269.887     0.887500       904508         8.89
   15425.535     0.900000       917342        10.00
   15581.183     0.912500       929532        11.43
   15761.407     0.925000       942523        13.33
   15949.823     0.937500       955375        16.00
   16039.935     0.943750       961360        17.78
   16146.431     0.950000       968075        20.00
   16252.927     0.956250       974493        22.86
   16367.615     0.962500       980807        26.67
   16498.687     0.968750       987077        32.00
   16572.415     0.971875       990345        35.56
   16637.951     0.975000       993246        40.00
   16711.679     0.978125       996481        45.71
   16793.599     0.981250       999984        53.33
   16875.519     0.984375      1003059        64.00
   16924.671     0.985938      1004833        71.11
   16957.439     0.987500      1005973        80.00
   17006.591     0.989062      1007540        91.43
   17072.127     0.990625      1009573       106.67
   17121.279     0.992188      1010998       128.00
   17154.047     0.992969      1011911       142.22
   17170.431     0.993750      1012368       160.00
   17203.199     0.994531      1013191       182.86
   17235.967     0.995313      1013945       213.33
   17285.119     0.996094      1014869       256.00
   17301.503     0.996484      1015124       284.44
   17334.271     0.996875      1015581       320.00
   17367.039     0.997266      1015988       365.71
   17399.807     0.997656      1016360       426.67
   17432.575     0.998047      1016732       512.00
   17448.959     0.998242      1016903       568.89
   17465.343     0.998437      1017050       640.00
   17498.111     0.998633      1017315       731.43
   17530.879     0.998828      1017535       853.33
   17563.647     0.999023      1017707      1024.00
   17580.031     0.999121      1017797      1137.78
   17596.415     0.999219      1017879      1280.00
   17612.799     0.999316      1017966      1462.86
   17645.567     0.999414      1018111      1706.67
   17661.951     0.999512      1018189      2048.00
   17678.335     0.999561      1018259      2275.56
   17678.335     0.999609      1018259      2560.00
   17694.719     0.999658      1018319      2925.71
   17711.103     0.999707      1018373      3413.33
   17727.487     0.999756      1018419      4096.00
   17727.487     0.999780      1018419      4551.11
   17743.871     0.999805      1018460      5120.00
   17760.255     0.999829      1018498      5851.43
   17760.255     0.999854      1018498      6826.67
   17776.639     0.999878      1018538      8192.00
   17776.639     0.999890      1018538      9102.22
   17793.023     0.999902      1018567     10240.00
   17793.023     0.999915      1018567     11702.86
   17793.023     0.999927      1018567     13653.33
   17809.407     0.999939      1018587     16384.00
   17809.407     0.999945      1018587     18204.44
   17825.791     0.999951      1018608     20480.00
   17825.791     0.999957      1018608     23405.71
   17825.791     0.999963      1018608     27306.67
   17842.175     0.999969      1018620     32768.00
   17842.175     0.999973      1018620     36408.89
   17842.175     0.999976      1018620     40960.00
   17842.175     0.999979      1018620     46811.43
   17858.559     0.999982      1018625     54613.33
   17858.559     0.999985      1018625     65536.00
   17874.943     0.999986      1018631     72817.78
   17874.943     0.999988      1018631     81920.00
   17874.943     0.999989      1018631     93622.86
   17874.943     0.999991      1018631    109226.67
   17891.327     0.999992      1018636    131072.00
   17891.327     0.999993      1018636    145635.56
   17891.327     0.999994      1018636    163840.00
   17891.327     0.999995      1018636    187245.71
   17891.327     0.999995      1018636    218453.33
   17907.711     0.999996      1018640    262144.00
   17907.711     1.000000      1018640          inf
#[Mean    =    10989.134, StdDeviation   =     3252.905]
#[Max     =    17891.328, Total count    =      1018640]
#[Buckets =           27, SubBuckets     =         2048]
----------------------------------------------------------
  1541451 requests in 30.00s, 195.52MB read
Requests/sec:  51382.54
Transfer/sec:      6.52MB
