Running 30s test @ http://10.116.0.2:8080/json
  4 threads and 64 connections
  Thread calibration: mean lat.: 2527.665ms, rate sampling interval: 6516ms
  Thread calibration: mean lat.: 2484.850ms, rate sampling interval: 6516ms
  Thread calibration: mean lat.: 2464.689ms, rate sampling interval: 6516ms
  Thread calibration: mean lat.: 2297.242ms, rate sampling interval: 6086ms
  Thread Stats   Avg      Stdev     Max   +/- Stdev
    Latency    97.24ms  367.34ms   2.85s    93.16%
    Req/Sec     5.36k   517.70     6.23k    75.00%
  Latency Distribution (HdrHistogram - Recorded Latency)
 50.000%    1.31ms
 75.000%    1.83ms
 90.000%    2.63ms
 99.000%    2.06s 
 99.900%    2.65s 
 99.990%    2.83s 
 99.999%    2.85s 
100.000%    2.86s 

  Detailed Percentile spectrum:
       Value   Percentile   TotalCount 1/(1-Percentile)

       0.233     0.000000            1         1.00
       0.673     0.100000        42656         1.11
       0.844     0.200000        85406         1.25
       0.997     0.300000       128018         1.43
       1.148     0.400000       170680         1.67
       1.312     0.500000       213250         2.00
       1.403     0.550000       234606         2.22
       1.501     0.600000       255777         2.50
       1.606     0.650000       277093         2.86
       1.716     0.700000       298498         3.33
       1.831     0.750000       319870         4.00
       1.892     0.775000       330540         4.44
       1.959     0.800000       341033         5.00
       2.036     0.825000       351720         5.71
       2.129     0.850000       362411         6.67
       2.263     0.875000       373105         8.00
       2.369     0.887500       378377         8.89
       2.635     0.900000       383673        10.00
     134.783     0.912500       388995        11.43
     348.415     0.925000       394322        13.33
     572.927     0.937500       399659        16.00
     697.855     0.943750       402316        17.78
     833.023     0.950000       404978        20.00
     977.919     0.956250       407642        22.86
    1130.495     0.962500       410317        26.67
    1295.359     0.968750       412973        32.00
    1383.423     0.971875       414305        35.56
    1475.583     0.975000       415647        40.00
    1571.839     0.978125       416969        45.71
    1677.311     0.981250       418301        53.33
    1801.215     0.984375       419639        64.00
    1871.871     0.985938       420304        71.11
    1940.479     0.987500       420972        80.00
    2014.207     0.989062       421631        91.43
    2088.959     0.990625       422302       106.67
    2164.735     0.992188       422968       128.00
    2207.743     0.992969       423294       142.22
    2248.703     0.993750       423626       160.00
    2295.807     0.994531       423959       182.86
    2342.911     0.995313       424304       213.33
    2390.015     0.996094       424634       256.00
    2412.543     0.996484       424792       284.44
    2439.167     0.996875       424967       320.00
    2465.791     0.997266       425128       365.71
    2500.607     0.997656       425291       426.67
    2539.519     0.998047       425459       512.00
    2557.951     0.998242       425541       568.89
    2578.431     0.998437       425627       640.00
    2605.055     0.998633       425710       731.43
    2627.583     0.998828       425799       853.33
    2652.159     0.999023       425876      1024.00
    2668.543     0.999121       425919      1137.78
    2680.831     0.999219       425957      1280.00
    2697.215     0.999316       426003      1462.86
    2709.503     0.999414       426048      1706.67
    2721.791     0.999512       426083      2048.00
    2732.031     0.999561       426103      2275.56
    2748.415     0.999609       426124      2560.00
    2762.751     0.999658       426145      2925.71
    2781.183     0.999707       426168      3413.33
    2791.423     0.999756       426187      4096.00
    2797.567     0.999780       426197      4551.11
    2805.759     0.999805       426210      5120.00
    2811.903     0.999829       426220      5851.43
    2815.999     0.999854       426232      6826.67
    2820.095     0.999878       426238      8192.00
    2824.191     0.999890       426246      9102.22
    2826.239     0.999902       426252     10240.00
    2828.287     0.999915       426257     11702.86
    2830.335     0.999927       426260     13653.33
    2834.431     0.999939       426264     16384.00
    2838.527     0.999945       426268     18204.44
    2840.575     0.999951       426272     20480.00
    2840.575     0.999957       426272     23405.71
    2842.623     0.999963       426275     27306.67
    2844.671     0.999969       426277     32768.00
    2848.767     0.999973       426280     36408.89
    2848.767     0.999976       426280     40960.00
    2850.815     0.999979       426282     46811.43
    2852.863     0.999982       426287     54613.33
    2852.863     0.999985       426287     65536.00
    2852.863     0.999986       426287     72817.78
    2852.863     0.999988       426287     81920.00
    2852.863     0.999989       426287     93622.86
    2852.863     0.999991       426287    109226.67
    2852.863     0.999992       426287    131072.00
    2854.911     0.999993       426288    145635.56
    2854.911     0.999994       426288    163840.00
    2854.911     0.999995       426288    187245.71
    2856.959     0.999995       426290    218453.33
    2856.959     1.000000       426290          inf
#[Mean    =       97.243, StdDeviation   =      367.343]
#[Max     =     2854.912, Total count    =       426290]
#[Buckets =           27, SubBuckets     =         2048]
----------------------------------------------------------
  599234 requests in 30.00s, 76.01MB read
Requests/sec:  19974.33
Transfer/sec:      2.53MB
