Running 30s test @ http://10.116.0.2:8080/block?ms=100
  4 threads and 1000 connections
  Thread calibration: mean lat.: 108.135ms, rate sampling interval: 251ms
  Thread calibration: mean lat.: 107.919ms, rate sampling interval: 243ms
  Thread calibration: mean lat.: 107.817ms, rate sampling interval: 243ms
  Thread calibration: mean lat.: 110.453ms, rate sampling interval: 259ms
  Thread Stats   Avg      Stdev     Max   +/- Stdev
    Latency   116.75ms   83.01ms   1.13s    98.24%
    Req/Sec     2.26k   271.23     2.92k    78.33%
  Latency Distribution (HdrHistogram - Recorded Latency)
 50.000%  104.51ms
 75.000%  107.97ms
 90.000%  118.78ms
 99.000%  608.77ms
 99.900%    1.10s 
 99.990%    1.13s 
 99.999%    1.13s 
100.000%    1.13s 

  Detailed Percentile spectrum:
       Value   Percentile   TotalCount 1/(1-Percentile)

     100.415     0.000000           52         1.00
     101.311     0.100000        17810         1.11
     101.951     0.200000        34831         1.25
     102.783     0.300000        51647         1.43
     103.615     0.400000        68497         1.67
     104.511     0.500000        84503         2.00
     105.087     0.550000        93368         2.22
     105.663     0.600000       101555         2.50
     106.303     0.650000       109907         2.86
     107.071     0.700000       118584         3.33
     107.967     0.750000       127006         4.00
     108.479     0.775000       131229         4.44
     109.055     0.800000       135151         5.00
     109.951     0.825000       139307         5.71
     111.615     0.850000       143525         6.67
     115.199     0.875000       147745         8.00
     116.799     0.887500       149869         8.89
     118.783     0.900000       151913        10.00
     121.087     0.912500       154041        11.43
     123.135     0.925000       156171        13.33
     125.375     0.937500       158303        16.00
     126.783     0.943750       159333        17.78
     128.383     0.950000       160365        20.00
     129.791     0.956250       161436        22.86
     131.583     0.962500       162488        26.67
     133.631     0.968750       163519        32.00
     135.167     0.971875       164087        35.56
     136.575     0.975000       164588        40.00
     138.367     0.978125       165123        45.71
     152.191     0.981250       165627        53.33
     308.479     0.984375       166160        64.00
     394.751     0.985938       166417        71.11
     476.927     0.987500       166681        80.00
     561.663     0.989062       166952        91.43
     649.727     0.990625       167211       106.67
     711.679     0.992188       167479       128.00
     761.855     0.992969       167604       142.22
     800.255     0.993750       167738       160.00
     842.239     0.994531       167868       182.86
     892.415     0.995313       168002       213.33
     931.327     0.996094       168131       256.00
     952.831     0.996484       168200       284.44
     983.039     0.996875       168264       320.00
    1004.543     0.997266       168333       365.71
    1021.439     0.997656       168403       426.67
    1041.919     0.998047       168466       512.00
    1052.671     0.998242       168498       568.89
    1063.935     0.998437       168530       640.00
    1075.199     0.998633       168560       731.43
    1093.631     0.998828       168595       853.33
    1104.895     0.999023       168640      1024.00
    1105.919     0.999121       168650      1137.78
    1114.111     0.999219       168661      1280.00
    1116.159     0.999316       168680      1462.86
    1119.231     0.999414       168702      1706.67
    1120.255     0.999512       168716      2048.00
    1120.255     0.999561       168716      2275.56
    1123.327     0.999609       168730      2560.00
    1124.351     0.999658       168738      2925.71
    1125.375     0.999707       168756      3413.33
    1125.375     0.999756       168756      4096.00
    1125.375     0.999780       168756      4551.11
    1126.399     0.999805       168776      5120.00
    1126.399     0.999829       168776      5851.43
    1126.399     0.999854       168776      6826.67
    1126.399     0.999878       168776      8192.00
    1126.399     0.999890       168776      9102.22
    1126.399     0.999902       168776     10240.00
    1126.399     0.999915       168776     11702.86
    1127.423     0.999927       168780     13653.33
    1127.423     0.999939       168780     16384.00
    1128.447     0.999945       168787     18204.44
    1128.447     0.999951       168787     20480.00
    1128.447     0.999957       168787     23405.71
    1128.447     0.999963       168787     27306.67
    1128.447     0.999969       168787     32768.00
    1128.447     0.999973       168787     36408.89
    1128.447     0.999976       168787     40960.00
    1128.447     0.999979       168787     46811.43
    1128.447     0.999982       168787     54613.33
    1129.471     0.999985       168788     65536.00
    1129.471     0.999986       168788     72817.78
    1129.471     0.999988       168788     81920.00
    1133.567     0.999989       168789     93622.86
    1133.567     0.999991       168789    109226.67
    1133.567     0.999992       168789    131072.00
    1133.567     0.999993       168789    145635.56
    1133.567     0.999994       168789    163840.00
    1134.591     0.999995       168790    187245.71
    1134.591     1.000000       168790          inf
#[Mean    =      116.748, StdDeviation   =       83.013]
#[Max     =     1133.568, Total count    =       168790]
#[Buckets =           27, SubBuckets     =         2048]
----------------------------------------------------------
  260139 requests in 30.00s, 29.81MB read
Requests/sec:   8671.12
Transfer/sec:      0.99MB
