Running 30s test @ http://10.116.0.2:8080/json
  4 threads and 256 connections
  Thread calibration: mean lat.: 3.136ms, rate sampling interval: 11ms
  Thread calibration: mean lat.: 3.246ms, rate sampling interval: 11ms
  Thread calibration: mean lat.: 3.049ms, rate sampling interval: 11ms
  Thread calibration: mean lat.: 3.475ms, rate sampling interval: 12ms
  Thread Stats   Avg      Stdev     Max   +/- Stdev
    Latency     2.26ms    3.24ms  89.28ms   96.81%
    Req/Sec    10.47k     1.14k   15.90k    75.24%
  Latency Distribution (HdrHistogram - Recorded Latency)
 50.000%    1.77ms
 75.000%    2.36ms
 90.000%    3.19ms
 99.000%   12.73ms
 99.900%   52.35ms
 99.990%   80.25ms
 99.999%   85.44ms
100.000%   89.34ms

  Detailed Percentile spectrum:
       Value   Percentile   TotalCount 1/(1-Percentile)

       0.273     0.000000            2         1.00
       0.971     0.100000        78951         1.11
       1.213     0.200000       157600         1.25
       1.409     0.300000       236319         1.43
       1.589     0.400000       315233         1.67
       1.769     0.500000       393817         2.00
       1.866     0.550000       433197         2.22
       1.969     0.600000       472678         2.50
       2.081     0.650000       512159         2.86
       2.205     0.700000       551091         3.33
       2.355     0.750000       590722         4.00
       2.439     0.775000       610489         4.44
       2.533     0.800000       629880         5.00
       2.643     0.825000       649547         5.71
       2.779     0.850000       669346         6.67
       2.953     0.875000       688867         8.00
       3.063     0.887500       698781         8.89
       3.193     0.900000       708578        10.00
       3.357     0.912500       718476        11.43
       3.571     0.925000       728211        13.33
       3.873     0.937500       738090        16.00
       4.079     0.943750       742993        17.78
       4.323     0.950000       747891        20.00
       4.623     0.956250       752809        22.86
       5.023     0.962500       757729        26.67
       5.571     0.968750       762669        32.00
       5.955     0.971875       765112        35.56
       6.463     0.975000       767563        40.00
       7.111     0.978125       770028        45.71
       7.919     0.981250       772482        53.33
       9.071     0.984375       774954        64.00
       9.871     0.985938       776171        71.11
      10.983     0.987500       777403        80.00
      12.071     0.989062       778633        91.43
      13.223     0.990625       779864       106.67
      15.079     0.992188       781094       128.00
      16.239     0.992969       781709       142.22
      17.663     0.993750       782323       160.00
      19.663     0.994531       782941       182.86
      22.015     0.995313       783553       213.33
      24.783     0.996094       784168       256.00
      26.655     0.996484       784474       284.44
      28.655     0.996875       784783       320.00
      30.927     0.997266       785089       365.71
      33.887     0.997656       785396       426.67
      37.567     0.998047       785704       512.00
      39.807     0.998242       785858       568.89
      42.783     0.998437       786011       640.00
      46.367     0.998633       786165       731.43
      49.663     0.998828       786320       853.33
      52.959     0.999023       786475      1024.00
      54.815     0.999121       786550      1137.78
      56.991     0.999219       786626      1280.00
      59.231     0.999316       786703      1462.86
      62.175     0.999414       786780      1706.67
      65.407     0.999512       786858      2048.00
      67.263     0.999561       786896      2275.56
      69.119     0.999609       786936      2560.00
      71.039     0.999658       786972      2925.71
      72.767     0.999707       787012      3413.33
      74.559     0.999756       787049      4096.00
      75.583     0.999780       787070      4551.11
      76.671     0.999805       787088      5120.00
      77.439     0.999829       787107      5851.43
      78.335     0.999854       787127      6826.67
      79.487     0.999878       787147      8192.00
      80.063     0.999890       787157      9102.22
      80.447     0.999902       787165     10240.00
      81.087     0.999915       787175     11702.86
      81.535     0.999927       787184     13653.33
      82.111     0.999939       787196     16384.00
      82.367     0.999945       787198     18204.44
      82.687     0.999951       787203     20480.00
      83.007     0.999957       787208     23405.71
      83.327     0.999963       787213     27306.67
      83.519     0.999969       787218     32768.00
      83.583     0.999973       787220     36408.89
      84.287     0.999976       787222     40960.00
      84.479     0.999979       787225     46811.43
      84.671     0.999982       787227     54613.33
      84.991     0.999985       787231     65536.00
      84.991     0.999986       787231     72817.78
      85.183     0.999988       787232     81920.00
      85.439     0.999989       787234     93622.86
      85.439     0.999991       787234    109226.67
      86.143     0.999992       787236    131072.00
      86.143     0.999993       787236    145635.56
      86.975     0.999994       787237    163840.00
      86.975     0.999995       787237    187245.71
      87.039     0.999995       787238    218453.33
      87.039     0.999996       787238    262144.00
      88.127     0.999997       787239    291271.11
      88.127     0.999997       787239    327680.00
      88.127     0.999997       787239    374491.43
      89.215     0.999998       787240    436906.67
      89.215     0.999998       787240    524288.00
      89.215     0.999998       787240    582542.22
      89.215     0.999998       787240    655360.00
      89.215     0.999999       787240    748982.86
      89.343     0.999999       787241    873813.33
      89.343     1.000000       787241          inf
#[Mean    =        2.262, StdDeviation   =        3.238]
#[Max     =       89.280, Total count    =       787241]
#[Buckets =           27, SubBuckets     =         2048]
----------------------------------------------------------
  1185270 requests in 30.00s, 150.55MB read
Requests/sec:  39507.04
Transfer/sec:      5.02MB
