Running 30s test @ http://10.116.0.2:8080/block?ms=100
  4 threads and 2000 connections
  Thread calibration: mean lat.: 155.967ms, rate sampling interval: 456ms
  Thread calibration: mean lat.: 148.193ms, rate sampling interval: 423ms
  Thread calibration: mean lat.: 155.529ms, rate sampling interval: 460ms
  Thread calibration: mean lat.: 156.173ms, rate sampling interval: 461ms
  Thread Stats   Avg      Stdev     Max   +/- Stdev
    Latency   160.40ms  165.75ms   1.38s    94.35%
    Req/Sec     4.51k   203.41     4.96k    68.83%
  Latency Distribution (HdrHistogram - Recorded Latency)
 50.000%  113.73ms
 75.000%  138.37ms
 90.000%  175.62ms
 99.000%    1.05s 
 99.900%    1.17s 
 99.990%    1.36s 
 99.999%    1.38s 
100.000%    1.38s 

  Detailed Percentile spectrum:
       Value   Percentile   TotalCount 1/(1-Percentile)

     100.351     0.000000            1         1.00
     101.439     0.100000        32783         1.11
     102.335     0.200000        63337         1.25
     103.935     0.300000        95501         1.43
     106.751     0.400000       126611         1.67
     113.727     0.500000       158097         2.00
     118.527     0.550000       173806         2.22
     123.455     0.600000       189604         2.50
     128.575     0.650000       205390         2.86
     133.247     0.700000       221230         3.33
     138.367     0.750000       237090         4.00
     141.311     0.775000       244872         4.44
     144.511     0.800000       252947         5.00
     148.863     0.825000       260776         5.71
     154.879     0.850000       268494         6.67
     163.583     0.875000       276424         8.00
     168.831     0.887500       280326         8.89
     175.615     0.900000       284304        10.00
     185.471     0.912500       288212        11.43
     211.199     0.925000       292145        13.33
     268.799     0.937500       296102        16.00
     329.471     0.943750       298067        17.78
     528.895     0.950000       300042        20.00
     617.471     0.956250       302033        22.86
     686.591     0.962500       303988        26.67
     737.279     0.968750       305985        32.00
     770.559     0.971875       306948        35.56
     809.471     0.975000       307940        40.00
     841.727     0.978125       308940        45.71
     894.463     0.981250       309917        53.33
     949.759     0.984375       310904        64.00
     978.431     0.985938       311398        71.11
    1007.615     0.987500       311883        80.00
    1031.679     0.989062       312375        91.43
    1054.719     0.990625       312887       106.67
    1071.103     0.992188       313385       128.00
    1081.343     0.992969       313620       142.22
    1097.727     0.993750       313867       160.00
    1115.135     0.994531       314103       182.86
    1128.447     0.995313       314364       213.33
    1137.663     0.996094       314634       256.00
    1139.711     0.996484       314729       284.44
    1143.807     0.996875       314866       320.00
    1146.879     0.997266       314978       365.71
    1149.951     0.997656       315122       426.67
    1153.023     0.998047       315227       512.00
    1155.071     0.998242       315289       568.89
    1157.119     0.998437       315342       640.00
    1160.191     0.998633       315406       731.43
    1165.311     0.998828       315469       853.33
    1173.503     0.999023       315522      1024.00
    1178.623     0.999121       315552      1137.78
    1187.839     0.999219       315585      1280.00
    1212.415     0.999316       315615      1462.86
    1238.015     0.999414       315644      1706.67
    1270.783     0.999512       315677      2048.00
    1277.951     0.999561       315691      2275.56
    1284.095     0.999609       315706      2560.00
    1289.215     0.999658       315723      2925.71
    1294.335     0.999707       315738      3413.33
    1298.431     0.999756       315753      4096.00
    1301.503     0.999780       315764      4551.11
    1308.671     0.999805       315769      5120.00
    1321.983     0.999829       315776      5851.43
    1338.367     0.999854       315787      6826.67
    1348.607     0.999878       315793      8192.00
    1356.799     0.999890       315796      9102.22
    1358.847     0.999902       315801     10240.00
    1362.943     0.999915       315809     11702.86
    1362.943     0.999927       315809     13653.33
    1363.967     0.999939       315812     16384.00
    1363.967     0.999945       315812     18204.44
    1368.063     0.999951       315815     20480.00
    1369.087     0.999957       315818     23405.71
    1369.087     0.999963       315818     27306.67
    1373.183     0.999969       315822     32768.00
    1373.183     0.999973       315822     36408.89
    1373.183     0.999976       315822     40960.00
    1374.207     0.999979       315824     46811.43
    1374.207     0.999982       315824     54613.33
    1378.303     0.999985       315828     65536.00
    1378.303     0.999986       315828     72817.78
    1378.303     0.999988       315828     81920.00
    1378.303     0.999989       315828     93622.86
    1378.303     0.999991       315828    109226.67
    1378.303     0.999992       315828    131072.00
    1378.303     0.999993       315828    145635.56
    1378.303     0.999994       315828    163840.00
    1378.303     0.999995       315828    187245.71
    1378.303     0.999995       315828    218453.33
    1378.303     0.999996       315828    262144.00
    1378.303     0.999997       315828    291271.11
    1379.327     0.999997       315829    327680.00
    1379.327     1.000000       315829          inf
#[Mean    =      160.402, StdDeviation   =      165.749]
#[Max     =     1378.304, Total count    =       315829]
#[Buckets =           27, SubBuckets     =         2048]
----------------------------------------------------------
  512489 requests in 30.00s, 58.72MB read
Requests/sec:  17082.78
Transfer/sec:      1.96MB
