Running 30s test @ http://10.116.0.2:8080/json
  4 threads and 256 connections
  Thread calibration: mean lat.: 1.285ms, rate sampling interval: 10ms
  Thread calibration: mean lat.: 1.506ms, rate sampling interval: 10ms
  Thread calibration: mean lat.: 1.304ms, rate sampling interval: 10ms
  Thread calibration: mean lat.: 1.301ms, rate sampling interval: 10ms
  Thread Stats   Avg      Stdev     Max   +/- Stdev
    Latency     1.34ms  614.98us   9.90ms   71.86%
    Req/Sec     5.27k     1.00k   11.00k    80.39%
  Latency Distribution (HdrHistogram - Recorded Latency)
 50.000%    1.28ms
 75.000%    1.70ms
 90.000%    2.07ms
 99.000%    3.00ms
 99.900%    6.13ms
 99.990%    8.03ms
 99.999%    9.31ms
100.000%    9.91ms

  Detailed Percentile spectrum:
       Value   Percentile   TotalCount 1/(1-Percentile)

       0.257     0.000000            1         1.00
       0.643     0.100000        39451         1.11
       0.816     0.200000        78926         1.25
       0.973     0.300000       118187         1.43
       1.127     0.400000       157700         1.67
       1.277     0.500000       196915         2.00
       1.354     0.550000       216645         2.22
       1.434     0.600000       236237         2.50
       1.517     0.650000       255861         2.86
       1.608     0.700000       275711         3.33
       1.702     0.750000       295201         4.00
       1.753     0.775000       305083         4.44
       1.806     0.800000       314958         5.00
       1.862     0.825000       324872         5.71
       1.920     0.850000       334611         6.67
       1.987     0.875000       344490         8.00
       2.025     0.887500       349415         8.89
       2.067     0.900000       354354        10.00
       2.115     0.912500       359304        11.43
       2.167     0.925000       364090        13.33
       2.231     0.937500       369058        16.00
       2.265     0.943750       371473        17.78
       2.305     0.950000       374026        20.00
       2.349     0.956250       376442        22.86
       2.403     0.962500       378908        26.67
       2.467     0.968750       381347        32.00
       2.505     0.971875       382548        35.56
       2.549     0.975000       383765        40.00
       2.601     0.978125       384997        45.71
       2.667     0.981250       386227        53.33
       2.747     0.984375       387452        64.00
       2.801     0.985938       388079        71.11
       2.865     0.987500       388696        80.00
       2.945     0.989062       389316        91.43
       3.051     0.990625       389922       106.67
       3.191     0.992188       390527       128.00
       3.295     0.992969       390837       142.22
       3.427     0.993750       391142       160.00
       3.585     0.994531       391449       182.86
       3.809     0.995313       391757       213.33
       4.099     0.996094       392066       256.00
       4.287     0.996484       392220       284.44
       4.487     0.996875       392370       320.00
       4.727     0.997266       392524       365.71
       4.963     0.997656       392679       426.67
       5.279     0.998047       392836       512.00
       5.431     0.998242       392909       568.89
       5.611     0.998437       392989       640.00
       5.775     0.998633       393062       731.43
       5.983     0.998828       393141       853.33
       6.159     0.999023       393217      1024.00
       6.263     0.999121       393255      1137.78
       6.403     0.999219       393294      1280.00
       6.547     0.999316       393331      1462.86
       6.719     0.999414       393371      1706.67
       6.903     0.999512       393408      2048.00
       6.987     0.999561       393428      2275.56
       7.091     0.999609       393447      2560.00
       7.219     0.999658       393467      2925.71
       7.371     0.999707       393485      3413.33
       7.471     0.999756       393504      4096.00
       7.543     0.999780       393514      4551.11
       7.639     0.999805       393524      5120.00
       7.747     0.999829       393533      5851.43
       7.815     0.999854       393544      6826.67
       7.923     0.999878       393552      8192.00
       7.983     0.999890       393557      9102.22
       8.091     0.999902       393562     10240.00
       8.143     0.999915       393567     11702.86
       8.271     0.999927       393572     13653.33
       8.383     0.999939       393576     16384.00
       8.439     0.999945       393579     18204.44
       8.447     0.999951       393581     20480.00
       8.495     0.999957       393584     23405.71
       8.511     0.999963       393586     27306.67
       8.663     0.999969       393588     32768.00
       8.751     0.999973       393590     36408.89
       8.887     0.999976       393591     40960.00
       8.935     0.999979       393592     46811.43
       8.975     0.999982       393593     54613.33
       9.047     0.999985       393594     65536.00
       9.231     0.999986       393595     72817.78
       9.311     0.999988       393596     81920.00
       9.311     0.999989       393596     93622.86
       9.383     0.999991       393597    109226.67
       9.383     0.999992       393597    131072.00
       9.647     0.999993       393598    145635.56
       9.647     0.999994       393598    163840.00
       9.647     0.999995       393598    187245.71
       9.751     0.999995       393599    218453.33
       9.751     0.999996       393599    262144.00
       9.751     0.999997       393599    291271.11
       9.751     0.999997       393599    327680.00
       9.751     0.999997       393599    374491.43
       9.911     0.999998       393600    436906.67
       9.911     1.000000       393600          inf
#[Mean    =        1.342, StdDeviation   =        0.615]
#[Max     =        9.904, Total count    =       393600]
#[Buckets =           27, SubBuckets     =         2048]
----------------------------------------------------------
  592709 requests in 30.00s, 75.18MB read
Requests/sec:  19756.14
Transfer/sec:      2.51MB
