Running 30s test @ http://10.116.0.2:8080/json
  4 threads and 64 connections
  Thread calibration: mean lat.: 2355.857ms, rate sampling interval: 5828ms
  Thread calibration: mean lat.: 2326.976ms, rate sampling interval: 5824ms
  Thread calibration: mean lat.: 2354.952ms, rate sampling interval: 5894ms
  Thread calibration: mean lat.: 2375.128ms, rate sampling interval: 5828ms
  Thread Stats   Avg      Stdev     Max   +/- Stdev
    Latency    58.24ms  209.74ms   1.75s    92.69%
    Req/Sec     5.33k   471.43     6.08k    66.67%
  Latency Distribution (HdrHistogram - Recorded Latency)
 50.000%    1.30ms
 75.000%    1.81ms
 90.000%    2.52ms
 99.000%    1.09s 
 99.900%    1.43s 
 99.990%    1.67s 
 99.999%    1.75s 
100.000%    1.75s 

  Detailed Percentile spectrum:
       Value   Percentile   TotalCount 1/(1-Percentile)

       0.231     0.000000            1         1.00
       0.668     0.100000        42228         1.11
       0.838     0.200000        84465         1.25
       0.988     0.300000       126735         1.43
       1.138     0.400000       168966         1.67
       1.300     0.500000       210901         2.00
       1.391     0.550000       232025         2.22
       1.489     0.600000       253138         2.50
       1.590     0.650000       274265         2.86
       1.698     0.700000       295415         3.33
       1.812     0.750000       316446         4.00
       1.873     0.775000       326940         4.44
       1.939     0.800000       337560         5.00
       2.013     0.825000       347934         5.71
       2.105     0.850000       358666         6.67
       2.231     0.875000       369125         8.00
       2.325     0.887500       374340         8.89
       2.515     0.900000       379583        10.00
      70.271     0.912500       384836        11.43
     243.455     0.925000       390107        13.33
     406.271     0.937500       395384        16.00
     484.863     0.943750       398015        17.78
     563.711     0.950000       400663        20.00
     638.463     0.956250       403290        22.86
     712.191     0.962500       405930        26.67
     786.431     0.968750       408561        32.00
     824.831     0.971875       409888        35.56
     863.231     0.975000       411198        40.00
     903.167     0.978125       412522        45.71
     947.711     0.981250       413836        53.33
     993.279     0.984375       415164        64.00
    1016.831     0.985938       415808        71.11
    1043.455     0.987500       416467        80.00
    1073.151     0.989062       417133        91.43
    1104.895     0.990625       417792       106.67
    1139.711     0.992188       418448       128.00
    1159.167     0.992969       418779       142.22
    1179.647     0.993750       419113       160.00
    1201.151     0.994531       419438       182.86
    1224.703     0.995313       419766       213.33
    1252.351     0.996094       420100       256.00
    1266.687     0.996484       420263       284.44
    1282.047     0.996875       420425       320.00
    1299.455     0.997266       420592       365.71
    1317.887     0.997656       420752       426.67
    1341.439     0.998047       420918       512.00
    1355.775     0.998242       421000       568.89
    1369.087     0.998437       421080       640.00
    1387.519     0.998633       421163       731.43
    1410.047     0.998828       421243       853.33
    1436.671     0.999023       421327      1024.00
    1449.983     0.999121       421368      1137.78
    1463.295     0.999219       421408      1280.00
    1479.679     0.999316       421450      1462.86
    1500.159     0.999414       421490      1706.67
    1520.639     0.999512       421532      2048.00
    1530.879     0.999561       421552      2275.56
    1544.191     0.999609       421574      2560.00
    1556.479     0.999658       421594      2925.71
    1568.767     0.999707       421614      3413.33
    1582.079     0.999756       421636      4096.00
    1588.223     0.999780       421645      4551.11
    1597.439     0.999805       421656      5120.00
    1611.775     0.999829       421665      5851.43
    1630.207     0.999854       421676      6826.67
    1649.663     0.999878       421686      8192.00
    1659.903     0.999890       421691      9102.22
    1670.143     0.999902       421696     10240.00
    1681.407     0.999915       421701     11702.86
    1694.719     0.999927       421707     13653.33
    1703.935     0.999939       421712     16384.00
    1709.055     0.999945       421714     18204.44
    1714.175     0.999951       421717     20480.00
    1718.271     0.999957       421719     23405.71
    1725.439     0.999963       421722     27306.67
    1731.583     0.999969       421725     32768.00
    1733.631     0.999973       421726     36408.89
    1735.679     0.999976       421727     40960.00
    1737.727     0.999979       421728     46811.43
    1740.799     0.999982       421730     54613.33
    1741.823     0.999985       421731     65536.00
    1743.871     0.999986       421732     72817.78
    1743.871     0.999988       421732     81920.00
    1745.919     0.999989       421733     93622.86
    1746.943     0.999991       421734    109226.67
    1746.943     0.999992       421734    131072.00
    1748.991     0.999993       421735    145635.56
    1748.991     0.999994       421735    163840.00
    1748.991     0.999995       421735    187245.71
    1751.039     0.999995       421736    218453.33
    1751.039     0.999996       421736    262144.00
    1751.039     0.999997       421736    291271.11
    1751.039     0.999997       421736    327680.00
    1751.039     0.999997       421736    374491.43
    1753.087     0.999998       421737    436906.67
    1753.087     1.000000       421737          inf
#[Mean    =       58.239, StdDeviation   =      209.742]
#[Max     =     1752.064, Total count    =       421737]
#[Buckets =           27, SubBuckets     =         2048]
----------------------------------------------------------
  599246 requests in 30.00s, 76.12MB read
Requests/sec:  19974.35
Transfer/sec:      2.54MB
