Running 30s test @ http://10.116.0.2:8080/json
  4 threads and 256 connections
  Thread calibration: mean lat.: 2.363ms, rate sampling interval: 10ms
  Thread calibration: mean lat.: 2.431ms, rate sampling interval: 10ms
  Thread calibration: mean lat.: 2.483ms, rate sampling interval: 10ms
  Thread calibration: mean lat.: 2.406ms, rate sampling interval: 10ms
  Thread Stats   Avg      Stdev     Max   +/- Stdev
    Latency     1.79ms  844.89us  18.69ms   78.14%
    Req/Sec    10.54k     1.50k   17.80k    74.37%
  Latency Distribution (HdrHistogram - Recorded Latency)
 50.000%    1.67ms
 75.000%    2.17ms
 90.000%    2.71ms
 99.000%    4.64ms
 99.900%    8.94ms
 99.990%   12.06ms
 99.999%   16.25ms
100.000%   18.70ms

  Detailed Percentile spectrum:
       Value   Percentile   TotalCount 1/(1-Percentile)

       0.245     0.000000            1         1.00
       0.931     0.100000        78871         1.11
       1.154     0.200000       157857         1.25
       1.333     0.300000       236201         1.43
       1.500     0.400000       315035         1.67
       1.667     0.500000       393950         2.00
       1.752     0.550000       433203         2.22
       1.844     0.600000       472415         2.50
       1.943     0.650000       511686         2.86
       2.051     0.700000       551147         3.33
       2.169     0.750000       590658         4.00
       2.235     0.775000       610445         4.44
       2.307     0.800000       630137         5.00
       2.385     0.825000       649508         5.71
       2.475     0.850000       669306         6.67
       2.579     0.875000       689032         8.00
       2.639     0.887500       698694         8.89
       2.707     0.900000       708748        10.00
       2.781     0.912500       718331        11.43
       2.875     0.925000       728339        13.33
       2.983     0.937500       738044        16.00
       3.049     0.943750       743059        17.78
       3.115     0.950000       747833        20.00
       3.195     0.956250       752786        22.86
       3.293     0.962500       757665        26.67
       3.421     0.968750       762634        32.00
       3.499     0.971875       765043        35.56
       3.599     0.975000       767503        40.00
       3.727     0.978125       769980        45.71
       3.889     0.981250       772440        53.33
       4.095     0.984375       774883        64.00
       4.219     0.985938       776135        71.11
       4.359     0.987500       777347        80.00
       4.527     0.989062       778571        91.43
       4.719     0.990625       779818       106.67
       4.975     0.992188       781040       128.00
       5.135     0.992969       781654       142.22
       5.319     0.993750       782257       160.00
       5.559     0.994531       782880       182.86
       5.827     0.995313       783489       213.33
       6.171     0.996094       784107       256.00
       6.407     0.996484       784422       284.44
       6.623     0.996875       784717       320.00
       6.899     0.997266       785025       365.71
       7.227     0.997656       785334       426.67
       7.607     0.998047       785640       512.00
       7.835     0.998242       785796       568.89
       8.107     0.998437       785948       640.00
       8.399     0.998633       786103       731.43
       8.655     0.998828       786261       853.33
       8.975     0.999023       786409      1024.00
       9.135     0.999121       786486      1137.78
       9.375     0.999219       786562      1280.00
       9.567     0.999316       786642      1462.86
       9.823     0.999414       786715      1706.67
      10.151     0.999512       786793      2048.00
      10.271     0.999561       786832      2275.56
      10.439     0.999609       786869      2560.00
      10.655     0.999658       786909      2925.71
      10.871     0.999707       786948      3413.33
      11.071     0.999756       786984      4096.00
      11.183     0.999780       787004      4551.11
      11.367     0.999805       787023      5120.00
      11.567     0.999829       787042      5851.43
      11.727     0.999854       787062      6826.67
      11.943     0.999878       787080      8192.00
      12.031     0.999890       787094      9102.22
      12.111     0.999902       787100     10240.00
      12.311     0.999915       787110     11702.86
      12.447     0.999927       787119     13653.33
      12.599     0.999939       787128     16384.00
      12.703     0.999945       787133     18204.44
      12.823     0.999951       787138     20480.00
      13.175     0.999957       787143     23405.71
      13.551     0.999963       787148     27306.67
      13.871     0.999969       787152     32768.00
      14.071     0.999973       787155     36408.89
      14.167     0.999976       787157     40960.00
      14.735     0.999979       787160     46811.43
      15.007     0.999982       787162     54613.33
      15.471     0.999985       787164     65536.00
      16.023     0.999986       787166     72817.78
      16.047     0.999988       787167     81920.00
      16.255     0.999989       787168     93622.86
      16.527     0.999991       787171    109226.67
      16.527     0.999992       787171    131072.00
      16.527     0.999993       787171    145635.56
      16.559     0.999994       787172    163840.00
      16.559     0.999995       787172    187245.71
      16.975     0.999995       787173    218453.33
      16.975     0.999996       787173    262144.00
      17.391     0.999997       787174    291271.11
      17.391     0.999997       787174    327680.00
      17.391     0.999997       787174    374491.43
      17.791     0.999998       787175    436906.67
      17.791     0.999998       787175    524288.00
      17.791     0.999998       787175    582542.22
      17.791     0.999998       787175    655360.00
      17.791     0.999999       787175    748982.86
      18.703     0.999999       787176    873813.33
      18.703     1.000000       787176          inf
#[Mean    =        1.792, StdDeviation   =        0.845]
#[Max     =       18.688, Total count    =       787176]
#[Buckets =           27, SubBuckets     =         2048]
----------------------------------------------------------
  1185247 requests in 30.00s, 150.34MB read
Requests/sec:  39507.98
Transfer/sec:      5.01MB
