Running 30s test @ http://10.116.0.2:8080/json
  4 threads and 256 connections
  Thread calibration: mean lat.: 2316.847ms, rate sampling interval: 8749ms
  Thread calibration: mean lat.: 2321.678ms, rate sampling interval: 8798ms
  Thread calibration: mean lat.: 2287.656ms, rate sampling interval: 8708ms
  Thread calibration: mean lat.: 2317.031ms, rate sampling interval: 8339ms
  Thread Stats   Avg      Stdev     Max   +/- Stdev
    Latency     9.91s     2.89s   15.47s    57.83%
    Req/Sec    12.29k    34.41    12.36k    75.00%
  Latency Distribution (HdrHistogram - Recorded Latency)
 50.000%    9.88s 
 75.000%   12.44s 
 90.000%   13.89s 
 99.000%   14.85s 
 99.900%   15.11s 
 99.990%   15.30s 
 99.999%   15.45s 
100.000%   15.48s 

  Detailed Percentile spectrum:
       Value   Percentile   TotalCount 1/(1-Percentile)

    4411.391     0.000000            1         1.00
    5947.391     0.100000        97009         1.11
    6926.335     0.200000       193872         1.25
    7905.279     0.300000       291027         1.43
    8904.703     0.400000       388219         1.67
    9879.551     0.500000       485094         2.00
   10395.647     0.550000       533272         2.22
   10919.935     0.600000       581901         2.50
   11436.031     0.650000       630585         2.86
   11952.127     0.700000       678643         3.33
   12443.647     0.750000       727400         4.00
   12681.215     0.775000       751668         4.44
   12918.783     0.800000       775351         5.00
   13164.543     0.825000       799929         5.71
   13402.111     0.850000       823968         6.67
   13639.679     0.875000       848331         8.00
   13762.559     0.887500       860519         8.89
   13885.439     0.900000       872866        10.00
   14000.127     0.912500       884423        11.43
   14123.007     0.925000       896836        13.33
   14245.887     0.937500       908729        16.00
   14311.423     0.943750       914985        17.78
   14376.959     0.950000       921111        20.00
   14442.495     0.956250       927155        22.86
   14508.031     0.962500       933223        26.67
   14573.567     0.968750       939197        32.00
   14606.335     0.971875       942078        35.56
   14647.295     0.975000       945549        40.00
   14680.063     0.978125       948233        45.71
   14721.023     0.981250       951325        53.33
   14761.983     0.984375       954159        64.00
   14786.559     0.985938       955764        71.11
   14811.135     0.987500       957299        80.00
   14835.711     0.989062       958732        91.43
   14868.479     0.990625       960435       106.67
   14893.055     0.992188       961630       128.00
   14909.439     0.992969       962371       142.22
   14925.823     0.993750       963146       160.00
   14950.399     0.994531       964131       182.86
   14966.783     0.995313       964784       213.33
   14983.167     0.996094       965360       256.00
   14999.551     0.996484       965922       284.44
   15007.743     0.996875       966159       320.00
   15024.127     0.997266       966615       365.71
   15040.511     0.997656       967014       426.67
   15056.895     0.998047       967346       512.00
   15065.087     0.998242       967510       568.89
   15073.279     0.998437       967654       640.00
   15081.471     0.998633       967822       731.43
   15097.855     0.998828       968073       853.33
   15106.047     0.999023       968170      1024.00
   15122.431     0.999121       968332      1137.78
   15130.623     0.999219       968411      1280.00
   15138.815     0.999316       968492      1462.86
   15147.007     0.999414       968551      1706.67
   15163.391     0.999512       968648      2048.00
   15179.775     0.999561       968728      2275.56
   15187.967     0.999609       968765      2560.00
   15196.159     0.999658       968796      2925.71
   15212.543     0.999707       968860      3413.33
   15220.735     0.999756       968885      4096.00
   15228.927     0.999780       968909      4551.11
   15237.119     0.999805       968932      5120.00
   15245.311     0.999829       968950      5851.43
   15261.695     0.999854       968976      6826.67
   15278.079     0.999878       968997      8192.00
   15294.463     0.999890       969009      9102.22
   15310.847     0.999902       969029     10240.00
   15319.039     0.999915       969035     11702.86
   15335.423     0.999927       969045     13653.33
   15351.807     0.999939       969059     16384.00
   15359.999     0.999945       969064     18204.44
   15368.191     0.999951       969071     20480.00
   15376.383     0.999957       969076     23405.71
   15384.575     0.999963       969079     27306.67
   15400.959     0.999969       969085     32768.00
   15409.151     0.999973       969089     36408.89
   15417.343     0.999976       969092     40960.00
   15425.535     0.999979       969096     46811.43
   15433.727     0.999982       969099     54613.33
   15441.919     0.999985       969103     65536.00
   15441.919     0.999986       969103     72817.78
   15441.919     0.999988       969103     81920.00
   15450.111     0.999989       969104     93622.86
   15458.303     0.999991       969107    109226.67
   15458.303     0.999992       969107    131072.00
   15466.495     0.999993       969110    145635.56
   15466.495     0.999994       969110    163840.00
   15466.495     0.999995       969110    187245.71
   15466.495     0.999995       969110    218453.33
   15474.687     0.999996       969112    262144.00
   15474.687     0.999997       969112    291271.11
   15474.687     0.999997       969112    327680.00
   15474.687     0.999997       969112    374491.43
   15474.687     0.999998       969112    436906.67
   15482.879     0.999998       969114    524288.00
   15482.879     1.000000       969114          inf
#[Mean    =     9908.623, StdDeviation   =     2887.401]
#[Max     =    15474.688, Total count    =       969114]
#[Buckets =           27, SubBuckets     =         2048]
----------------------------------------------------------
  1477093 requests in 30.00s, 187.62MB read
Requests/sec:  49237.28
Transfer/sec:      6.25MB
