Running 30s test @ http://10.116.0.2:8080/block?ms=100
  4 threads and 1000 connections
  Thread calibration: mean lat.: 107.255ms, rate sampling interval: 238ms
  Thread calibration: mean lat.: 109.194ms, rate sampling interval: 248ms
  Thread calibration: mean lat.: 110.307ms, rate sampling interval: 252ms
  Thread calibration: mean lat.: 110.964ms, rate sampling interval: 259ms
  Thread Stats   Avg      Stdev     Max   +/- Stdev
    Latency   106.62ms    6.42ms 147.07ms   87.46%
    Req/Sec     2.25k   251.11     2.89k    70.57%
  Latency Distribution (HdrHistogram - Recorded Latency)
 50.000%  104.70ms
 75.000%  107.71ms
 90.000%  116.35ms
 99.000%  129.15ms
 99.900%  136.96ms
 99.990%  139.39ms
 99.999%  146.43ms
100.000%  147.20ms

  Detailed Percentile spectrum:
       Value   Percentile   TotalCount 1/(1-Percentile)

     100.351     0.000000            7         1.00
     101.311     0.100000        17602         1.11
     102.015     0.200000        34261         1.25
     102.975     0.300000        51306         1.43
     103.807     0.400000        67492         1.67
     104.703     0.500000        84964         2.00
     105.151     0.550000        93073         2.22
     105.663     0.600000       101534         2.50
     106.239     0.650000       109997         2.86
     106.879     0.700000       118117         3.33
     107.711     0.750000       126306         4.00
     108.223     0.775000       130523         4.44
     108.863     0.800000       134934         5.00
     109.631     0.825000       139073         5.71
     110.783     0.850000       143229         6.67
     113.151     0.875000       147350         8.00
     114.751     0.887500       149484         8.89
     116.351     0.900000       151593        10.00
     118.143     0.912500       153692        11.43
     119.615     0.925000       155757        13.33
     121.023     0.937500       157939        16.00
     121.663     0.943750       158913        17.78
     122.303     0.950000       160010        20.00
     122.943     0.956250       161038        22.86
     123.711     0.962500       162122        26.67
     124.607     0.968750       163132        32.00
     125.183     0.971875       163683        35.56
     125.695     0.975000       164191        40.00
     126.271     0.978125       164748        45.71
     126.783     0.981250       165234        53.33
     127.487     0.984375       165791        64.00
     127.807     0.985938       166050        71.11
     128.191     0.987500       166276        80.00
     128.767     0.989062       166538        91.43
     129.407     0.990625       166833       106.67
     129.983     0.992188       167077       128.00
     130.367     0.992969       167210       142.22
     130.751     0.993750       167335       160.00
     131.199     0.994531       167461       182.86
     131.839     0.995313       167610       213.33
     132.479     0.996094       167723       256.00
     132.991     0.996484       167793       284.44
     133.631     0.996875       167858       320.00
     134.271     0.997266       167927       365.71
     134.783     0.997656       167985       426.67
     135.423     0.998047       168057       512.00
     135.679     0.998242       168084       568.89
     136.063     0.998437       168122       640.00
     136.447     0.998633       168156       731.43
     136.703     0.998828       168191       853.33
     137.087     0.999023       168223      1024.00
     137.215     0.999121       168235      1137.78
     137.471     0.999219       168254      1280.00
     137.599     0.999316       168270      1462.86
     137.727     0.999414       168281      1706.67
     137.983     0.999512       168299      2048.00
     138.111     0.999561       168311      2275.56
     138.239     0.999609       168314      2560.00
     138.367     0.999658       168323      2925.71
     138.623     0.999707       168332      3413.33
     138.751     0.999756       168338      4096.00
     138.879     0.999780       168343      4551.11
     139.007     0.999805       168351      5120.00
     139.007     0.999829       168351      5851.43
     139.135     0.999854       168357      6826.67
     139.263     0.999878       168361      8192.00
     139.263     0.999890       168361      9102.22
     139.391     0.999902       168365     10240.00
     139.391     0.999915       168365     11702.86
     139.519     0.999927       168368     13653.33
     139.647     0.999939       168372     16384.00
     139.647     0.999945       168372     18204.44
     139.647     0.999951       168372     20480.00
     139.647     0.999957       168372     23405.71
     139.775     0.999963       168373     27306.67
     140.031     0.999969       168374     32768.00
     141.055     0.999973       168375     36408.89
     141.055     0.999976       168375     40960.00
     145.919     0.999979       168376     46811.43
     145.919     0.999982       168376     54613.33
     146.431     0.999985       168377     65536.00
     146.431     0.999986       168377     72817.78
     146.431     0.999988       168377     81920.00
     146.559     0.999989       168378     93622.86
     146.559     0.999991       168378    109226.67
     146.559     0.999992       168378    131072.00
     146.559     0.999993       168378    145635.56
     146.559     0.999994       168378    163840.00
     147.199     0.999995       168379    187245.71
     147.199     1.000000       168379          inf
#[Mean    =      106.618, StdDeviation   =        6.424]
#[Max     =      147.072, Total count    =       168379]
#[Buckets =           27, SubBuckets     =         2048]
----------------------------------------------------------
  260140 requests in 30.00s, 29.77MB read
Requests/sec:   8671.19
Transfer/sec:      0.99MB
