Running 30s test @ http://10.116.0.2:8080/block?ms=100
  4 threads and 4000 connections
  Thread calibration: mean lat.: 2245.371ms, rate sampling interval: 9232ms
  Thread calibration: mean lat.: 2248.184ms, rate sampling interval: 9240ms
  Thread calibration: mean lat.: 2240.286ms, rate sampling interval: 9183ms
  Thread calibration: mean lat.: 2246.652ms, rate sampling interval: 9273ms
  Thread Stats   Avg      Stdev     Max   +/- Stdev
    Latency     8.16s     1.88s   13.56s    61.30%
    Req/Sec     5.33k    14.00     5.35k    50.00%
  Latency Distribution (HdrHistogram - Recorded Latency)
 50.000%    8.15s 
 75.000%    9.70s 
 90.000%   10.66s 
 99.000%   11.89s 
 99.900%   12.62s 
 99.990%   13.21s 
 99.999%   13.53s 
100.000%   13.57s 

  Detailed Percentile spectrum:
       Value   Percentile   TotalCount 1/(1-Percentile)

    3360.767     0.000000            1         1.00
    5627.903     0.100000        32702         1.11
    6316.031     0.200000        65342         1.25
    6934.527     0.300000        97832         1.43
    7532.543     0.400000       130505         1.67
    8151.039     0.500000       163166         2.00
    8470.527     0.550000       179715         2.22
    8790.015     0.600000       195925         2.50
    9101.311     0.650000       212288         2.86
    9404.415     0.700000       228615         3.33
    9699.327     0.750000       244932         4.00
    9846.783     0.775000       252972         4.44
    9994.239     0.800000       260944         5.00
   10149.887     0.825000       269083         5.71
   10313.727     0.850000       277487         6.67
   10477.567     0.875000       285394         8.00
   10567.679     0.887500       289638         8.89
   10657.791     0.900000       293525        10.00
   10764.287     0.912500       297831        11.43
   10870.783     0.925000       301708        13.33
   10993.663     0.937500       305831        16.00
   11059.199     0.943750       307800        17.78
   11132.927     0.950000       309977        20.00
   11206.655     0.956250       311881        22.86
   11296.767     0.962500       314042        26.67
   11386.879     0.968750       315968        32.00
   11436.031     0.971875       316962        35.56
   11493.375     0.975000       317945        40.00
   11558.911     0.978125       319023        45.71
   11632.639     0.981250       320026        53.33
   11706.367     0.984375       320987        64.00
   11755.519     0.985938       321524        71.11
   11804.671     0.987500       322033        80.00
   11862.015     0.989062       322559        91.43
   11919.359     0.990625       323045       106.67
   11993.087     0.992188       323576       128.00
   12034.047     0.992969       323817       142.22
   12075.007     0.993750       324052       160.00
   12115.967     0.994531       324302       182.86
   12173.311     0.995313       324577       213.33
   12222.463     0.996094       324810       256.00
   12263.423     0.996484       324956       284.44
   12296.191     0.996875       325077       320.00
   12337.151     0.997266       325194       365.71
   12386.303     0.997656       325320       426.67
   12443.647     0.998047       325460       512.00
   12468.223     0.998242       325517       568.89
   12500.991     0.998437       325570       640.00
   12533.759     0.998633       325634       731.43
   12582.911     0.998828       325704       853.33
   12623.871     0.999023       325763      1024.00
   12664.831     0.999121       325797      1137.78
   12697.599     0.999219       325828      1280.00
   12730.367     0.999316       325857      1462.86
   12771.327     0.999414       325888      1706.67
   12828.671     0.999512       325923      2048.00
   12861.439     0.999561       325944      2275.56
   12886.015     0.999609       325953      2560.00
   12935.167     0.999658       325971      2925.71
   12959.743     0.999707       325984      3413.33
   13033.471     0.999756       326000      4096.00
   13058.047     0.999780       326010      4551.11
   13082.623     0.999805       326017      5120.00
   13107.199     0.999829       326024      5851.43
   13148.159     0.999854       326034      6826.67
   13164.543     0.999878       326041      8192.00
   13197.311     0.999890       326045      9102.22
   13205.503     0.999902       326049     10240.00
   13221.887     0.999915       326052     11702.86
   13254.655     0.999927       326056     13653.33
   13311.999     0.999939       326061     16384.00
   13320.191     0.999945       326063     18204.44
   13344.767     0.999951       326065     20480.00
   13352.959     0.999957       326067     23405.71
   13361.151     0.999963       326068     27306.67
   13434.879     0.999969       326070     32768.00
   13443.071     0.999973       326072     36408.89
   13443.071     0.999976       326072     40960.00
   13459.455     0.999979       326073     46811.43
   13467.647     0.999982       326074     54613.33
   13533.183     0.999985       326077     65536.00
   13533.183     0.999986       326077     72817.78
   13533.183     0.999988       326077     81920.00
   13533.183     0.999989       326077     93622.86
   13533.183     0.999991       326077    109226.67
   13533.183     0.999992       326077    131072.00
   13533.183     0.999993       326077    145635.56
   13549.567     0.999994       326078    163840.00
   13549.567     0.999995       326078    187245.71
   13549.567     0.999995       326078    218453.33
   13549.567     0.999996       326078    262144.00
   13549.567     0.999997       326078    291271.11
   13565.951     0.999997       326079    327680.00
   13565.951     1.000000       326079          inf
#[Mean    =     8159.816, StdDeviation   =     1879.303]
#[Max     =    13557.760, Total count    =       326079]
#[Buckets =           27, SubBuckets     =         2048]
----------------------------------------------------------
  589310 requests in 30.06s, 67.44MB read
Requests/sec:  19601.54
Transfer/sec:      2.24MB
