Linux 6.8.0-142-generic (cafeai-bench-loadgen) 	10/01/26 	_x86_64_	(4 CPU)

19:00:50     CPU    %usr   %nice    %sys %iowait    %irq   %soft  %steal  %guest  %gnice   %idle
19:00:51     all    0.00    0.00    0.76    0.00    0.00    0.76    0.00    0.00    0.00   98.48
19:00:52     all    1.25    0.00    2.75    0.25    0.00    1.75    0.00    0.00    0.00   94.00
19:00:53     all    1.26    0.00    3.53    0.00    0.00    3.02    0.00    0.00    0.00   92.19
19:00:54     all    1.75    0.00    4.76    0.00    0.00    2.51    0.00    0.00    0.00   90.98
19:00:55     all    2.03    0.00    4.82    0.00    0.00    4.31    0.00    0.00    0.00   88.83
19:00:56     all    2.53    0.00    7.07    0.00    0.00    4.29    0.00    0.00    0.00   86.11
19:00:57     all    3.54    0.00    8.33    0.00    0.00    6.31    0.00    0.00    0.00   81.82
19:00:58     all    3.05    0.00    8.63    0.00    0.00    6.09    0.00    0.00    0.00   82.23
19:00:59     all    4.30    0.00   13.67    0.00    0.00    8.61    0.25    0.00    0.00   73.16
19:01:00     all    5.36    0.00   15.56    0.00    0.00    8.93    0.00    0.00    0.00   70.15
19:01:01     all    7.73    0.00   16.75    0.00    0.00   11.08    0.26    0.00    0.00   64.18
19:01:02     all    4.10    0.00    8.46    0.00    0.00    4.87    0.26    0.00    0.00   82.31
19:01:03     all    3.32    0.00    6.89    0.00    0.00    4.85    0.00    0.00    0.00   84.95
19:01:04     all    4.04    0.00    7.83    0.00    0.00    4.29    0.00    0.00    0.00   83.84
19:01:05     all    4.44    0.00    9.14    0.00    0.00    4.20    0.00    0.00    0.00   82.22
19:01:06     all    3.60    0.00    6.43    0.00    0.00    4.88    0.00    0.00    0.00   85.09
19:01:07     all    3.66    0.00    5.76    0.00    0.00    3.66    0.00    0.00    0.00   86.91
19:01:08     all    4.30    0.00    6.58    0.00    0.00    4.56    0.00    0.00    0.00   84.56
19:01:09     all    4.00    0.00    8.75    0.00    0.00    4.75    0.00    0.00    0.00   82.50
19:01:10     all    3.80    0.00    7.34    0.00    0.00    4.56    0.00    0.00    0.00   84.30
19:01:11     all    3.80    0.00    7.34    0.00    0.00    4.81    0.00    0.00    0.00   84.05
19:01:12     all    3.77    0.00    8.54    0.00    0.00    4.52    0.00    0.00    0.00   83.17
19:01:13     all    4.05    0.00    7.85    0.00    0.00    3.80    0.00    0.00    0.00   84.30
19:01:14     all    2.34    0.00    7.01    0.00    0.00    4.16    0.26    0.00    0.00   86.23
19:01:15     all    4.08    0.00    6.63    0.00    0.00    4.08    0.00    0.00    0.00   85.20
19:01:16     all    3.60    0.00    6.68    0.00    0.00    4.88    0.00    0.00    0.00   84.83
19:01:17     all    4.28    0.00    7.56    0.00    0.00    4.53    0.00    0.00    0.00   83.63
19:01:18     all    3.85    0.00    7.18    0.00    0.00    3.85    0.00    0.00    0.00   85.13
19:01:19     all    4.08    0.00    7.14    0.00    0.00    4.08    0.00    0.00    0.00   84.69
19:01:20     all    3.59    0.00    6.67    0.00    0.00    4.87    0.26    0.00    0.00   84.62
19:01:21     all    0.75    0.00    0.50    0.00    0.00    0.25    0.00    0.00    0.00   98.50
19:01:22     all    0.76    0.00    2.03    0.00    0.00    2.03    0.00    0.00    0.00   95.19
19:01:23     all    1.01    0.00    3.53    0.25    0.00    3.02    0.00    0.00    0.00   92.19
19:01:24     all    1.50    0.00    4.01    0.00    0.00    3.01    0.25    0.00    0.00   91.23
19:01:25     all    1.27    0.00    4.31    0.00    0.00    2.79    0.00    0.00    0.00   91.62
19:01:26     all    1.78    0.00    4.07    0.00    0.00    3.05    0.00    0.00    0.00   91.09
19:01:27     all    1.26    0.00    4.28    0.00    0.00    3.78    0.00    0.00    0.00   90.68
19:01:28     all    1.76    0.00    4.03    0.00    0.00    3.78    0.00    0.00    0.00   90.43
19:01:29     all    2.02    0.00    3.78    0.00    0.00    3.53    0.00    0.00    0.00   90.68
19:01:30     all    1.51    0.00    4.27    0.00    0.00    3.52    0.00    0.00    0.00   90.70
19:01:31     all    2.50    0.00    4.00    0.00    0.00    3.75    0.00    0.00    0.00   89.75
19:01:32     all    1.52    0.00    4.04    0.00    0.00    3.79    0.00    0.00    0.00   90.66
19:01:33     all    1.76    0.00    3.27    0.00    0.00    4.03    0.00    0.00    0.00   90.93
19:01:34     all    2.27    0.00    3.78    0.00    0.00    3.53    0.00    0.00    0.00   90.43
19:01:35     all    1.78    0.00    3.55    0.00    0.00    3.05    0.00    0.00    0.00   91.62
19:01:36     all    2.54    0.00    2.79    0.00    0.00    3.30    0.00    0.00    0.00   91.37
19:01:37     all    2.03    0.00    3.55    0.00    0.00    3.30    0.00    0.00    0.00   91.12
19:01:38     all    2.53    0.00    3.29    0.00    0.00    2.78    0.00    0.00    0.00   91.39
19:01:39     all    2.01    0.00    3.77    0.00    0.00    3.27    0.00    0.00    0.00   90.95
19:01:40     all    2.03    0.00    3.54    0.00    0.00    3.29    0.00    0.00    0.00   91.14
19:01:41     all    2.03    0.00    3.55    0.00    0.00    3.30    0.25    0.00    0.00   90.86
19:01:42     all    2.28    0.00    3.29    0.00    0.00    2.53    0.00    0.00    0.00   91.90
19:01:43     all    2.30    0.00    3.32    0.00    0.00    2.56    0.00    0.00    0.00   91.82
19:01:44     all    2.04    0.00    3.56    0.00    0.00    2.29    0.00    0.00    0.00   92.11
19:01:45     all    2.54    0.00    3.05    0.00    0.00    3.05    0.00    0.00    0.00   91.37
19:01:46     all    2.53    0.00    3.28    0.00    0.00    3.03    0.00    0.00    0.00   91.16
19:01:47     all    1.79    0.00    2.81    0.00    0.00    3.06    0.00    0.00    0.00   92.35
19:01:48     all    2.53    0.00    3.28    0.00    0.00    3.28    0.00    0.00    0.00   90.91
19:01:49     all    3.08    0.00    2.56    0.00    0.00    2.56    0.00    0.00    0.00   91.79
19:01:50     all    2.00    0.00    4.00    0.00    0.00    3.50    0.00    0.00    0.00   90.50
19:01:51     all    3.91    0.00    4.17    0.00    0.00    1.82    0.00    0.00    0.00   90.10
19:01:52     all    5.73    0.00    5.73    0.00    0.00    3.65    0.00    0.00    0.00   84.90
19:01:53     all    5.00    0.00    5.79    0.00    0.00    3.16    0.00    0.00    0.00   86.05
19:01:54     all    5.11    0.00    4.84    0.00    0.00    2.96    0.00    0.00    0.00   87.10
19:01:55     all    4.72    0.00    6.56    0.00    0.00    3.15    0.00    0.00    0.00   85.56
19:01:56     all    5.44    0.00    6.48    0.00    0.00    3.63    0.26    0.00    0.00   84.20
19:01:57     all    5.71    0.00    6.75    0.00    0.00    3.12    0.00    0.00    0.00   84.42
19:01:58     all    5.18    0.00    6.74    0.00    0.00    3.63    0.00    0.00    0.00   84.46
19:01:59     all    4.71    0.00    6.28    0.00    0.00    4.19    0.00    0.00    0.00   84.82
19:02:00     all    5.70    0.00    5.44    0.00    0.00    4.40    0.00    0.00    0.00   84.46
19:02:01     all    4.99    0.00    5.25    0.00    0.00    4.20    0.00    0.00    0.00   85.56
19:02:02     all    5.18    0.00    5.70    0.00    0.00    4.40    0.26    0.00    0.00   84.46
19:02:03     all    5.24    0.00    5.50    0.00    0.00    3.93    0.00    0.00    0.00   85.34
19:02:04     all    5.68    0.00    5.43    0.00    0.00    4.91    0.00    0.00    0.00   83.98
19:02:05     all    4.95    0.00    5.99    0.00    0.00    4.17    0.00    0.00    0.00   84.90
19:02:06     all    5.44    0.00    5.44    0.00    0.00    4.66    0.00    0.00    0.00   84.46
19:02:07     all    5.70    0.00    4.92    0.00    0.00    4.40    0.00    0.00    0.00   84.97
19:02:08     all    5.40    0.00    6.43    0.00    0.00    4.63    0.00    0.00    0.00   83.55
19:02:09     all    5.19    0.00    5.97    0.00    0.00    4.16    0.00    0.00    0.00   84.68
19:02:10     all    5.38    0.00    6.41    0.00    0.00    4.36    0.00    0.00    0.00   83.85
19:02:11     all    5.73    0.00    5.47    0.00    0.00    4.17    0.26    0.00    0.00   84.38
19:02:12     all    5.68    0.00    5.68    0.00    0.00    4.13    0.00    0.00    0.00   84.50
19:02:13     all    5.43    0.00    5.43    0.00    0.00    4.65    0.00    0.00    0.00   84.50
19:02:14     all    5.66    0.00    6.17    0.00    0.00    4.88    0.00    0.00    0.00   83.29
19:02:15     all    4.92    0.00    5.96    0.00    0.00    4.40    0.00    0.00    0.00   84.72
19:02:16     all    5.94    0.00    5.17    0.00    0.00    4.65    0.00    0.00    0.00   84.24
19:02:17     all    4.91    0.00    6.46    0.00    0.00    4.65    0.00    0.00    0.00   83.98
19:02:18     all    5.70    0.00    5.44    0.00    0.00    4.40    0.00    0.00    0.00   84.46
19:02:19     all    4.69    0.00    6.51    0.00    0.00    4.17    0.00    0.00    0.00   84.64
19:02:20     all    4.91    0.00    7.24    0.00    0.00    4.13    0.00    0.00    0.00   83.72
19:02:21     all    7.04    0.00    8.79    0.00    0.00    4.77    0.00    0.00    0.00   79.40
19:02:22     all   11.45    0.00   12.21    0.00    0.00    7.38    0.00    0.00    0.00   68.96
19:02:23     all   10.28    0.00   13.37    0.00    0.00    8.48    0.00    0.00    0.00   67.87
19:02:24     all   11.11    0.00   11.90    0.00    0.00    8.73    0.00    0.00    0.00   68.25
19:02:25     all   12.30    0.00   12.30    0.00    0.00    7.85    0.00    0.00    0.00   67.54
19:02:26     all   10.72    0.00   12.06    0.00    0.00    7.51    0.00    0.00    0.00   69.71
19:02:27     all   11.31    0.00   13.62    0.00    0.00    7.46    0.00    0.00    0.00   67.61
19:02:28     all   12.57    0.00   11.23    0.00    0.00    7.22    0.00    0.00    0.00   68.98
19:02:29     all   10.44    0.00   14.10    0.00    0.00    6.79    0.00    0.00    0.00   68.67
19:02:30     all   11.55    0.00   12.86    0.00    0.00    6.82    0.00    0.00    0.00   68.77
19:02:31     all    9.61    0.00   14.29    0.52    0.00    8.31    0.00    0.00    0.00   67.27
19:02:32     all   10.40    0.00   13.33    0.00    0.00    6.67    0.27    0.00    0.00   69.33
19:02:33     all   12.04    0.00   13.35    0.00    0.00    6.81    0.00    0.00    0.00   67.80
19:02:34     all   11.63    0.00   13.95    0.00    0.00    6.98    0.00    0.00    0.00   67.44
19:02:35     all   11.05    0.00   14.40    0.00    0.00    7.20    0.00    0.00    0.00   67.35
19:02:36     all   12.11    0.00   12.37    0.00    0.00    7.11    0.26    0.00    0.00   68.16
19:02:37     all   13.33    0.00   13.59    0.00    0.00    6.67    0.00    0.00    0.00   66.41
19:02:38     all   11.75    0.00   13.05    0.00    0.00    7.05    0.00    0.00    0.00   68.15
19:02:39     all   10.94    0.00   14.32    0.00    0.00    6.51    0.00    0.00    0.00   68.23
19:02:40     all   11.52    0.00   13.35    0.00    0.00    6.28    0.00    0.00    0.00   68.85
19:02:41     all   12.57    0.00   12.83    0.00    0.00    6.54    0.00    0.00    0.00   68.06
19:02:42     all   11.42    0.00   14.47    0.00    0.00    6.85    0.25    0.00    0.00   67.01
19:02:43     all   11.40    0.00   13.73    0.00    0.00    6.74    0.00    0.00    0.00   68.13
19:02:44     all   11.83    0.00   13.88    0.00    0.00    6.68    0.00    0.00    0.00   67.61
19:02:45     all   11.69    0.00   13.77    0.00    0.00    6.75    0.00    0.00    0.00   67.79
19:02:46     all   12.82    0.00   12.82    0.00    0.00    7.69    0.00    0.00    0.00   66.67
19:02:47     all   11.61    0.00   13.19    0.00    0.00    6.60    0.00    0.00    0.00   68.60
19:02:48     all   11.64    0.00   12.17    0.00    0.00    7.41    0.00    0.00    0.00   68.78
19:02:49     all   11.78    0.00   13.09    0.00    0.00    7.07    0.00    0.00    0.00   68.06
19:02:50     all   12.11    0.00   11.84    0.00    0.00    7.37    0.00    0.00    0.00   68.68
19:02:51     all    8.63    0.00   15.74    0.00    0.00    8.88    0.00    0.00    0.00   66.75
19:02:52     all    7.99    0.00   20.88    0.00    0.00   12.11    0.00    0.00    0.00   59.02
19:02:53     all    7.97    0.00   22.11    0.00    0.00   11.83    0.00    0.00    0.00   58.10
19:02:54     all    8.35    0.00   21.01    0.00    0.00   12.41    0.00    0.00    0.00   58.23
19:02:55     all    7.71    0.00   21.85    0.00    0.00   12.34    0.00    0.00    0.00   58.10
19:02:56     all    8.93    0.00   21.43    0.00    0.00   12.24    0.00    0.00    0.00   57.40
19:02:57     all    7.97    0.00   20.82    0.00    0.00   11.05    0.00    0.00    0.00   60.15
19:02:58     all    8.74    0.00   19.54    0.00    0.00   11.57    0.00    0.00    0.00   60.15
19:02:59     all    7.89    0.00   21.12    0.00    0.00   12.47    0.00    0.00    0.00   58.52
19:03:00     all    8.72    0.00   20.00    0.00    0.00   11.28    0.00    0.00    0.00   60.00
19:03:01     all    7.63    0.00   22.14    0.00    0.00   12.47    0.00    0.00    0.00   57.76
19:03:02     all    7.97    0.00   21.85    0.00    0.00   12.08    0.00    0.00    0.00   58.10
19:03:03     all    8.74    0.00   19.79    0.00    0.00   11.57    0.00    0.00    0.00   59.90
19:03:04     all    7.77    0.00   22.28    0.00    0.00   11.40    0.00    0.00    0.00   58.55
19:03:05     all    8.42    0.00   20.41    0.00    0.00   12.24    0.26    0.00    0.00   58.67
19:03:06     all    8.46    0.00   20.51    0.00    0.00   11.79    0.00    0.00    0.00   59.23
19:03:07     all    8.27    0.00   21.45    0.00    0.00   12.14    0.00    0.00    0.00   58.14
19:03:08     all    7.47    0.00   22.16    0.00    0.00   11.34    0.00    0.00    0.00   59.02
19:03:09     all    7.69    0.00   20.51    0.00    0.00   12.31    0.00    0.00    0.00   59.49
19:03:10     all    7.79    0.00   22.61    0.00    0.00   12.31    0.00    0.00    0.00   57.29
19:03:11     all    8.14    0.00   21.12    0.00    0.00   11.96    0.00    0.00    0.00   58.78
19:03:12     all    6.98    0.00   20.67    0.00    0.00   12.14    0.00    0.00    0.00   60.21
19:03:13     all    9.41    0.00   20.87    0.00    0.00   12.21    0.00    0.00    0.00   57.51
19:03:14     all    8.65    0.00   21.37    0.00    0.00   11.70    0.00    0.00    0.00   58.27
19:03:15     all    8.51    0.00   20.10    0.00    0.00   11.34    0.00    0.00    0.00   60.05
19:03:16     all    7.61    0.00   20.81    0.00    0.00   11.68    0.25    0.00    0.00   59.64
19:03:17     all    8.18    0.00   20.72    0.00    0.00   11.51    0.00    0.00    0.00   59.59
19:03:18     all    7.97    0.00   21.08    0.00    0.00   11.83    0.00    0.00    0.00   59.13
19:03:19     all    7.22    0.00   22.94    0.00    0.00   12.37    0.00    0.00    0.00   57.47
19:03:20     all    8.48    0.00   21.59    0.00    0.00   12.60    0.00    0.00    0.00   57.33
19:03:21     all    7.61    0.00   10.66    0.00    0.00    6.60    0.00    0.00    0.00   75.13
19:03:22     all    9.23    0.00   16.67    0.00    0.00   10.77    0.00    0.00    0.00   63.33
19:03:23     all    7.35    0.00   19.69    0.00    0.00   12.34    0.00    0.00    0.00   60.63
19:03:24     all    7.81    0.00   21.91    0.00    0.00   13.10    0.00    0.00    0.00   57.18
19:03:25     all    7.77    0.00   21.24    0.00    0.00   12.44    0.00    0.00    0.00   58.55
19:03:26     all    7.18    0.00   21.03    0.00    0.00   12.82    0.00    0.00    0.00   58.97
19:03:27     all    8.01    0.00   21.45    0.00    0.00   11.89    0.00    0.00    0.00   58.66
19:03:28     all    8.18    0.00   22.25    0.00    0.00   11.76    0.00    0.00    0.00   57.80
19:03:29     all    8.79    0.00   21.19    0.00    0.00   12.66    0.00    0.00    0.00   57.36
19:03:30     all    8.48    0.00   22.62    0.00    0.00   12.34    0.00    0.00    0.00   56.56
19:03:31     all    8.70    0.00   21.48    0.00    0.00   12.02    0.00    0.00    0.00   57.80
19:03:32     all    7.79    0.00   21.04    0.00    0.00   13.25    0.00    0.00    0.00   57.92
19:03:33     all    8.08    0.00   21.72    0.00    0.00   13.13    0.00    0.00    0.00   57.07
19:03:34     all    8.16    0.00   21.17    0.00    0.00   12.76    0.00    0.00    0.00   57.91
19:03:35     all    8.25    0.00   20.10    0.00    0.00   13.40    0.00    0.00    0.00   58.25
19:03:36     all    8.18    0.00   21.23    0.00    0.00   13.55    0.00    0.00    0.00   57.03
19:03:37     all    7.87    0.00   21.83    0.00    0.00   12.44    0.00    0.00    0.00   57.87
19:03:38     all    8.29    0.00   22.86    0.00    0.00   13.32    0.00    0.00    0.00   55.53
19:03:39     all    8.53    0.00   20.67    0.00    0.00   12.66    0.00    0.00    0.00   58.14
19:03:40     all    7.44    0.00   21.79    0.00    0.00   12.82    0.00    0.00    0.00   57.95
19:03:41     all    7.42    0.00   21.48    0.00    0.00   13.55    0.00    0.00    0.00   57.54
19:03:42     all    7.73    0.00   21.13    0.00    0.00   12.89    0.00    0.00    0.00   58.25
19:03:43     all    7.93    0.00   19.95    0.00    0.00   13.30    0.00    0.00    0.00   58.82
19:03:44     all    7.58    0.00   20.96    0.00    0.00   12.88    0.00    0.00    0.00   58.59
19:03:45     all    8.21    0.00   22.05    0.00    0.00   13.08    0.00    0.00    0.00   56.67
19:03:46     all    8.27    0.00   20.41    0.00    0.00   11.89    0.00    0.00    0.00   59.43
19:03:47     all    8.25    0.00   21.50    0.00    0.00   13.75    0.25    0.00    0.00   56.25
19:03:48     all    7.22    0.00   21.65    0.00    0.00   12.89    0.00    0.00    0.00   58.25
19:03:49     all    9.39    0.00   22.34    0.00    0.00   12.69    0.00    0.00    0.00   55.58
19:03:50     all    7.65    0.00   22.19    0.00    0.00   13.27    0.00    0.00    0.00   56.89
19:03:51     all    8.29    0.00   18.13    0.00    0.00   11.14    0.00    0.00    0.00   62.44
19:03:52     all    8.04    0.00   20.10    0.00    0.00   12.56    0.00    0.00    0.00   59.30
19:03:53     all    7.85    0.00   21.01    0.00    0.00   12.66    0.00    0.00    0.00   58.48
19:03:54     all    7.85    0.00   21.01    0.00    0.00   12.91    0.00    0.00    0.00   58.23
19:03:55     all    7.93    0.00   19.69    0.00    0.00   11.76    0.26    0.00    0.00   60.36
19:03:56     all    8.44    0.00   20.97    0.00    0.00   12.02    0.00    0.00    0.00   58.57
19:03:57     all    7.32    0.00   21.46    0.25    0.00   13.38    0.00    0.00    0.00   57.58
19:03:58     all    7.49    0.00   20.93    0.00    0.00   11.89    0.00    0.00    0.00   59.69
19:03:59     all    7.59    0.00   21.27    0.00    0.00   12.91    0.00    0.00    0.00   58.23
19:04:00     all    7.93    0.00   19.69    0.00    0.00   13.81    0.00    0.00    0.00   58.57
19:04:01     all    8.61    0.00   21.01    0.00    0.00   13.16    0.00    0.00    0.00   57.22
19:04:02     all    7.29    0.00   19.60    0.00    0.00   13.07    0.25    0.00    0.00   59.80
19:04:03     all    7.38    0.00   21.63    0.00    0.00   13.74    0.00    0.00    0.00   57.25
19:04:04     all    8.18    0.00   19.95    0.00    0.00   12.79    0.00    0.00    0.00   59.08
19:04:05     all    7.89    0.00   20.87    0.00    0.00   11.70    0.00    0.00    0.00   59.54
19:04:06     all    7.61    0.00   21.07    0.00    0.00   12.69    0.00    0.00    0.00   58.63
19:04:07     all    7.67    0.00   20.97    0.26    0.00   13.04    0.00    0.00    0.00   58.06
19:04:08     all    8.33    0.00   20.96    0.00    0.00   13.13    0.00    0.00    0.00   57.58
19:04:09     all    8.61    0.00   21.27    0.00    0.00   13.42    0.00    0.00    0.00   56.71
19:04:10     all    8.59    0.00   21.46    0.00    0.00   12.63    0.00    0.00    0.00   57.32
19:04:11     all    7.18    0.00   21.03    0.00    0.00   13.08    0.00    0.00    0.00   58.72
19:04:12     all    8.73    0.00   20.95    0.00    0.00   12.97    0.00    0.00    0.00   57.36
19:04:13     all    8.54    0.00   20.60    0.00    0.00   11.81    0.00    0.00    0.00   59.05
19:04:14     all    7.89    0.00   20.61    0.00    0.00   12.21    0.00    0.00    0.00   59.29
19:04:15     all    8.31    0.00   19.65    0.00    0.00   12.34    0.00    0.00    0.00   59.70
19:04:16     all    8.21    0.00   20.65    0.00    0.00   12.94    0.00    0.00    0.00   58.21
19:04:17     all    9.05    0.00   20.35    0.00    0.00   12.31    0.00    0.00    0.00   58.29
19:04:18     all    9.11    0.00   20.76    0.00    0.00   12.66    0.00    0.00    0.00   57.47
19:04:19     all    8.04    0.00   20.85    0.00    0.00   12.56    0.00    0.00    0.00   58.54
19:04:20     all    8.38    0.00   21.07    0.00    0.00   12.69    0.00    0.00    0.00   57.87
19:04:21     all    7.84    0.00   17.30    0.00    0.00    3.78    0.00    0.00    0.00   71.08
19:04:22     all    7.83    0.00   21.15    0.00    0.00    8.36    0.00    0.00    0.00   62.66
19:04:23     all    8.54    0.00   20.35    0.00    0.00   12.81    0.00    0.00    0.00   58.29
19:04:24     all    8.67    0.00   20.66    0.00    0.00   11.99    0.00    0.00    0.00   58.67
19:04:25     all    8.25    0.00   20.50    0.00    0.00   12.50    0.00    0.00    0.00   58.75
19:04:26     all    8.29    0.00   21.36    0.00    0.00   12.31    0.00    0.00    0.00   58.04
19:04:27     all    8.06    0.00   20.65    0.00    0.00   12.59    0.00    0.00    0.00   58.69
19:04:28     all    8.46    0.00   22.14    0.00    0.00   11.94    0.00    0.00    0.00   57.46
19:04:29     all    9.20    0.00   22.14    0.00    0.00   11.19    0.25    0.00    0.00   57.21
19:04:30     all    7.40    0.00   21.17    0.00    0.00   12.24    0.00    0.00    0.00   59.18
19:04:31     all    7.71    0.00   21.59    0.00    0.00   12.34    0.00    0.00    0.00   58.35
19:04:32     all    8.29    0.00   21.11    0.00    0.00   12.31    0.00    0.00    0.00   58.29
19:04:33     all    7.87    0.00   21.07    0.00    0.00   11.68    0.00    0.00    0.00   59.39
19:04:34     all    8.29    0.00   21.36    0.00    0.00   11.56    0.00    0.00    0.00   58.79
19:04:35     all    8.08    0.00   20.71    0.00    0.00   12.12    0.00    0.00    0.00   59.09
19:04:36     all    7.56    0.00   20.65    0.00    0.00   12.09    0.00    0.00    0.00   59.70
19:04:37     all    8.04    0.00   20.60    0.00    0.00   12.31    0.00    0.00    0.00   59.05
19:04:38     all    7.87    0.00   20.56    0.00    0.00   12.44    0.00    0.00    0.00   59.14
19:04:39     all    8.66    0.00   22.28    0.00    0.00   12.62    0.00    0.00    0.00   56.44
19:04:40     all    8.38    0.00   22.08    0.00    0.00   11.68    0.00    0.00    0.00   57.87
19:04:41     all    8.06    0.00   22.92    0.00    0.00   12.34    0.00    0.00    0.00   56.68
19:04:42     all    8.86    0.00   21.52    0.00    0.00   11.90    0.00    0.00    0.00   57.72
19:04:43     all    7.40    0.00   22.19    0.00    0.00   12.50    0.00    0.00    0.00   57.91
19:04:44     all    8.86    0.00   22.03    0.00    0.00   11.65    0.00    0.00    0.00   57.47
19:04:45     all    8.48    0.00   21.59    0.00    0.00   10.80    0.00    0.00    0.00   59.13
19:04:46     all    8.31    0.00   21.41    0.00    0.00   11.59    0.00    0.00    0.00   58.69
19:04:47     all    8.06    0.00   21.91    0.00    0.00   12.09    0.25    0.00    0.00   57.68
19:04:48     all    7.81    0.00   22.17    0.00    0.00   12.85    0.00    0.00    0.00   57.18
19:04:49     all    7.91    0.00   19.90    0.00    0.00   12.76    0.26    0.00    0.00   59.18
19:04:50     all    8.42    0.00   20.66    0.00    0.00   12.76    0.00    0.00    0.00   58.16
19:04:51     all    2.78    0.00    8.08    0.00    0.00    3.79    0.00    0.00    0.00   85.35
19:04:52     all    1.01    0.00    2.52    0.00    0.00    2.27    0.00    0.00    0.00   94.21
19:04:53     all    1.78    0.00    3.05    0.00    0.00    3.05    0.00    0.00    0.00   92.11
19:04:54     all    2.32    0.00    3.09    0.00    0.00    1.55    0.00    0.00    0.00   93.04
19:04:55     all    1.53    0.00    3.82    0.00    0.00    3.31    0.00    0.00    0.00   91.35
19:04:56     all    2.30    0.00    3.32    0.00    0.00    2.56    0.00    0.00    0.00   91.82
19:04:57     all    2.04    0.00    3.32    0.00    0.00    3.06    0.00    0.00    0.00   91.58
19:04:58     all    2.03    0.00    3.54    0.00    0.00    3.54    0.00    0.00    0.00   90.89
19:04:59     all    2.30    0.00    3.57    0.00    0.00    2.30    0.00    0.00    0.00   91.84
19:05:00     all    2.05    0.00    2.81    0.00    0.00    3.07    0.00    0.00    0.00   92.07
19:05:01     all    1.53    0.00    3.56    0.00    0.00    3.31    0.00    0.00    0.00   91.60
19:05:02     all    2.79    0.00    3.30    0.00    0.00    3.05    0.00    0.00    0.00   90.86
19:05:03     all    2.28    0.00    3.29    0.00    0.00    3.29    0.00    0.00    0.00   91.14
19:05:04     all    1.79    0.00    3.57    0.00    0.00    3.32    0.00    0.00    0.00   91.33
19:05:05     all    2.28    0.00    3.54    0.00    0.00    3.04    0.00    0.00    0.00   91.14
19:05:06     all    2.04    0.00    3.56    0.00    0.00    3.05    0.00    0.00    0.00   91.35
19:05:07     all    3.02    0.00    3.27    0.00    0.00    3.52    0.00    0.00    0.00   90.20
19:05:08     all    2.53    0.00    3.54    0.00    0.00    3.03    0.00    0.00    0.00   90.91
19:05:09     all    2.03    0.00    3.05    0.00    0.00    3.55    0.00    0.00    0.00   91.37
19:05:10     all    1.79    0.00    3.08    0.00    0.00    3.08    0.00    0.00    0.00   92.05
19:05:11     all    2.28    0.00    3.04    0.00    0.00    3.04    0.00    0.00    0.00   91.65
19:05:12     all    1.77    0.00    4.05    0.00    0.00    3.29    0.00    0.00    0.00   90.89
19:05:13     all    1.53    0.00    3.32    0.00    0.00    3.32    0.00    0.00    0.00   91.82
19:05:14     all    3.04    0.00    2.78    0.00    0.00    3.04    0.00    0.00    0.00   91.14
19:05:15     all    2.30    0.00    3.07    0.00    0.00    2.81    0.26    0.00    0.00   91.56
19:05:16     all    2.28    0.00    3.55    0.00    0.00    2.54    0.00    0.00    0.00   91.62
19:05:17     all    2.54    0.00    3.05    0.00    0.00    3.30    0.00    0.00    0.00   91.12
19:05:18     all    2.05    0.00    3.32    0.00    0.00    2.56    0.00    0.00    0.00   92.07
19:05:19     all    2.28    0.00    3.04    0.00    0.00    3.29    0.00    0.00    0.00   91.39
19:05:20     all    2.04    0.00    3.83    0.00    0.00    2.81    0.00    0.00    0.00   91.33
19:05:21     all    1.75    0.00    2.25    0.00    0.00    1.75    0.00    0.00    0.00   94.25
19:05:22     all    2.28    0.00    2.28    0.00    0.00    1.78    0.00    0.00    0.00   93.65
19:05:23     all    4.79    0.00    6.30    0.00    0.00    5.54    0.00    0.00    0.00   83.38
19:05:24     all    3.99    0.00    7.73    0.00    0.00    6.48    0.00    0.00    0.00   81.80
19:05:25     all    3.59    0.00    8.21    0.00    0.00    5.64    0.00    0.00    0.00   82.56
19:05:26     all    3.51    0.00    7.77    0.00    0.00    6.02    0.00    0.00    0.00   82.71
19:05:27     all    3.00    0.00    7.25    0.00    0.00    6.75    0.00    0.00    0.00   83.00
19:05:28     all    3.30    0.00    7.61    0.25    0.00    6.60    0.00    0.00    0.00   82.23
19:05:29     all    4.34    0.00    7.14    0.00    0.00    6.38    0.00    0.00    0.00   82.14
19:05:30     all    4.10    0.00    6.67    0.00    0.00    6.92    0.00    0.00    0.00   82.31
19:05:31     all    4.91    0.00    5.94    0.00    0.00    6.46    0.00    0.00    0.00   82.69
19:05:32     all    3.78    0.00    7.30    0.00    0.00    6.55    0.00    0.00    0.00   82.37
19:05:33     all    3.90    0.00    6.23    0.00    0.00    5.45    0.00    0.00    0.00   84.42
19:05:34     all    4.40    0.00    5.70    0.00    0.00    6.22    0.00    0.00    0.00   83.68
19:05:35     all    4.20    0.00    5.51    0.00    0.00    6.04    0.00    0.00    0.00   84.25
19:05:36     all    4.63    0.00    6.68    0.00    0.00    5.40    0.26    0.00    0.00   83.03
19:05:37     all    4.65    0.00    6.20    0.00    0.00    6.46    0.00    0.00    0.00   82.69
19:05:38     all    3.84    0.00    6.39    0.00    0.00    7.16    0.00    0.00    0.00   82.61
19:05:39     all    3.81    0.00    6.85    0.00    0.00    6.60    0.25    0.00    0.00   82.49
19:05:40     all    3.85    0.00    6.92    0.00    0.00    5.90    0.00    0.00    0.00   83.33
19:05:41     all    4.90    0.00    6.70    0.00    0.00    5.93    0.00    0.00    0.00   82.47
19:05:42     all    4.35    0.00    6.39    0.00    0.00    6.39    0.26    0.00    0.00   82.61
19:05:43     all    4.07    0.00    6.87    0.25    0.00    6.11    0.00    0.00    0.00   82.70
19:05:44     all    3.88    0.00    7.75    0.00    0.00    5.17    0.00    0.00    0.00   83.20
19:05:45     all    4.22    0.00    5.28    0.00    0.00    5.80    0.00    0.00    0.00   84.70
19:05:46     all    4.38    0.00    7.73    0.00    0.00    4.90    0.00    0.00    0.00   82.99
19:05:47     all    3.80    0.00    7.59    0.00    0.00    7.09    0.00    0.00    0.00   81.52
19:05:48     all    3.84    0.00    6.65    0.00    0.00    6.39    0.00    0.00    0.00   83.12
19:05:49     all    4.34    0.00    7.40    0.00    0.00    6.12    0.00    0.00    0.00   82.14
19:05:50     all    3.60    0.00    7.20    0.00    0.00    6.17    0.00    0.00    0.00   83.03
19:05:51     all    2.77    0.00    5.04    0.00    0.00    3.78    0.00    0.00    0.00   88.41
19:05:52     all    4.52    0.00    2.26    0.00    0.00    2.01    0.00    0.00    0.00   91.21
19:05:53     all   15.44    0.00    5.57    0.00    0.00    5.32    0.00    0.00    0.00   73.67
19:05:54     all   15.74    0.00    7.11    0.00    0.00    6.35    0.00    0.00    0.00   70.81
19:05:55     all   10.71    0.00   10.71    0.00    0.00    8.16    0.00    0.00    0.00   70.41
19:05:56     all    4.31    0.00    7.61    0.00    0.00    6.85    0.00    0.00    0.00   81.22
19:05:57     all    3.54    0.00    9.85    0.00    0.00    7.83    0.00    0.00    0.00   78.79
19:05:58     all    3.05    0.00    7.12    0.00    0.00    6.62    0.00    0.00    0.00   83.21
19:05:59     all    3.54    0.00    9.34    0.00    0.00    6.57    0.25    0.00    0.00   80.30
19:06:00     all    2.80    0.00    8.40    0.00    0.00    5.85    0.00    0.00    0.00   82.95
19:06:01     all    3.27    0.00    8.56    0.00    0.00    6.55    0.00    0.00    0.00   81.61
19:06:02     all    4.04    0.00    9.09    0.00    0.00    7.32    0.00    0.00    0.00   79.55
19:06:03     all    2.79    0.00    8.38    0.00    0.00    6.35    0.00    0.00    0.00   82.49
19:06:04     all    3.79    0.00    9.60    0.00    0.00    8.08    0.00    0.00    0.00   78.54
19:06:05     all    3.53    0.00    9.32    0.00    0.00    6.80    0.00    0.00    0.00   80.35
19:06:06     all    4.30    0.00    9.87    0.00    0.00    8.61    0.00    0.00    0.00   77.22
19:06:07     all    3.03    0.00   10.35    0.00    0.00    7.83    0.00    0.00    0.00   78.79
19:06:08     all    3.54    0.00    8.35    0.00    0.00    6.58    0.00    0.00    0.00   81.52
19:06:09     all    7.54    0.00   11.56    0.00    0.00    7.79    0.00    0.00    0.00   73.12
19:06:10     all    2.78    0.00    7.59    0.00    0.00    7.09    0.00    0.00    0.00   82.53
19:06:11     all    4.52    0.00   11.31    0.00    0.00    8.79    0.00    0.00    0.00   75.38
19:06:12     all    4.79    0.00   10.83    0.00    0.00    8.31    0.00    0.00    0.00   76.07
19:06:13     all    3.49    0.00    8.04    0.00    0.00    1.34    0.00    0.00    0.00   87.13
19:06:14     all    3.27    0.00   10.58    0.00    0.00    8.56    0.00    0.00    0.00   77.58
19:06:15     all    3.27    0.00    8.29    0.00    0.00    7.04    0.00    0.00    0.00   81.41
19:06:16     all    4.75    0.00   11.25    0.00    0.00    7.75    0.00    0.00    0.00   76.25
19:06:17     all    3.04    0.00    9.37    0.00    0.00    7.34    0.00    0.00    0.00   80.25
19:06:18     all    3.80    0.00    9.37    0.00    0.00    8.61    0.00    0.00    0.00   78.23
19:06:19     all    3.82    0.00   10.43    0.00    0.00    7.89    0.00    0.00    0.00   77.86
19:06:20     all    3.27    0.00    9.55    0.00    0.00    7.79    0.00    0.00    0.00   79.40
19:06:21     all    3.77    0.00    9.55    0.00    0.00    6.03    0.00    0.00    0.00   80.65
19:06:22     all    5.04    0.00    1.01    0.00    0.00    0.76    0.00    0.00    0.00   93.20
19:06:23     all   25.00    0.00    4.80    0.00    0.00    5.05    0.00    0.00    0.00   65.15
19:06:24     all   33.16    0.00    7.59    0.00    0.00    6.08    0.00    0.00    0.00   53.16
19:06:25     all   38.13    0.00   10.61    0.00    0.00    9.09    0.00    0.00    0.00   42.17
19:06:26     all   35.71    0.00    9.44    0.00    0.00    8.67    0.26    0.00    0.00   45.92
19:06:27     all   27.00    0.00    9.25    0.00    0.00    6.75    0.00    0.00    0.00   57.00
19:06:28     all   21.27    0.00    8.61    0.25    0.00    5.82    0.00    0.00    0.00   64.05
19:06:29     all   13.92    0.00    6.58    0.00    0.00    5.82    0.00    0.00    0.00   73.67
19:06:30     all    8.93    0.00    6.63    0.00    0.00    5.10    0.00    0.00    0.00   79.34
19:06:31     all    2.75    0.00    6.50    0.00    0.00    5.25    0.00    0.00    0.00   85.50
19:06:32     all    2.65    0.00    7.67    0.00    0.00    2.38    0.00    0.00    0.00   87.30
19:06:33     all    2.32    0.00    6.44    0.00    0.00    5.41    0.00    0.00    0.00   85.82
19:06:34     all    1.75    0.00    4.99    0.00    0.00    4.49    0.00    0.00    0.00   88.78
19:06:35     all    3.84    0.00    9.21    0.00    0.00    7.42    0.00    0.00    0.00   79.54
19:06:36     all    3.30    0.00    7.87    0.00    0.00    6.85    0.00    0.00    0.00   81.98
19:06:37     all    2.54    0.00    6.85    0.00    0.00    6.85    0.00    0.00    0.00   83.76
19:06:38     all    3.01    0.00    6.77    0.00    0.00    5.01    0.00    0.00    0.00   85.21
19:06:39     all    2.01    0.00    6.52    0.00    0.00    5.01    0.25    0.00    0.00   86.22
19:06:40     all    3.87    0.00   10.05    0.00    0.00    7.47    0.00    0.00    0.00   78.61
19:06:41     all    3.04    0.00    6.58    0.00    0.00    5.82    0.00    0.00    0.00   84.56
19:06:42     all    2.78    0.00    8.35    0.00    0.00    7.59    0.00    0.00    0.00   81.27
19:06:43     all    2.56    0.00    7.69    0.00    0.00    5.38    0.00    0.00    0.00   84.36
19:06:44     all    3.04    0.00    7.09    0.00    0.00    5.32    0.00    0.00    0.00   84.56
19:06:45     all    2.28    0.00    8.10    0.00    0.00    5.82    0.00    0.00    0.00   83.80
19:06:46     all    2.52    0.00    6.05    0.00    0.00    5.54    0.00    0.00    0.00   85.89
19:06:47     all    3.57    0.00    7.91    0.00    0.00    6.89    0.00    0.00    0.00   81.63
19:06:48     all    3.27    0.00    7.79    0.00    0.00    5.78    0.00    0.00    0.00   83.17
19:06:49     all    2.02    0.00    5.56    0.00    0.00    5.05    0.00    0.00    0.00   87.37
19:06:50     all    3.08    0.00    8.21    0.00    0.00    6.41    0.00    0.00    0.00   82.31
