Running 30s test @ http://10.116.0.2:8080/json
  4 threads and 256 connections
  Thread calibration: mean lat.: 628.216ms, rate sampling interval: 3063ms
  Thread calibration: mean lat.: 758.321ms, rate sampling interval: 3399ms
  Thread calibration: mean lat.: 741.380ms, rate sampling interval: 3383ms
  Thread calibration: mean lat.: 642.557ms, rate sampling interval: 2985ms
  Thread Stats   Avg      Stdev     Max   +/- Stdev
    Latency     2.78s     1.60s    7.47s    63.88%
    Req/Sec    12.84k   227.16    13.20k    54.55%
  Latency Distribution (HdrHistogram - Recorded Latency)
 50.000%    2.64s 
 75.000%    3.84s 
 90.000%    5.10s 
 99.000%    6.59s 
 99.900%    7.16s 
 99.990%    7.39s 
 99.999%    7.46s 
100.000%    7.47s 

  Detailed Percentile spectrum:
       Value   Percentile   TotalCount 1/(1-Percentile)

       0.792     0.000000            1         1.00
     783.871     0.100000       101466         1.11
    1266.687     0.200000       202809         1.25
    1723.391     0.300000       304273         1.43
    2207.743     0.400000       405789         1.67
    2635.775     0.500000       507274         2.00
    2854.911     0.550000       557921         2.22
    3074.047     0.600000       608414         2.50
    3274.751     0.650000       659527         2.86
    3508.223     0.700000       709852         3.33
    3844.095     0.750000       760459         4.00
    4032.511     0.775000       786002         4.44
    4235.263     0.800000       811511         5.00
    4444.159     0.825000       836905         5.71
    4648.959     0.850000       862137         6.67
    4861.951     0.875000       887181         8.00
    4980.735     0.887500       900252         8.89
    5103.615     0.900000       912655        10.00
    5238.783     0.912500       925431        11.43
    5390.335     0.925000       937928        13.33
    5550.079     0.937500       950645        16.00
    5640.191     0.943750       956945        17.78
    5738.495     0.950000       963238        20.00
    5836.799     0.956250       969697        22.86
    5939.199     0.962500       975974        26.67
    6049.791     0.968750       982198        32.00
    6111.231     0.971875       985533        35.56
    6172.671     0.975000       988693        40.00
    6238.207     0.978125       991744        45.71
    6316.031     0.981250       994953        53.33
    6397.951     0.984375       998162        64.00
    6443.007     0.985938       999619        71.11
    6496.255     0.987500      1001202        80.00
    6553.599     0.989062      1002798        91.43
    6619.135     0.990625      1004459       106.67
    6680.575     0.992188      1005984       128.00
    6717.439     0.992969      1006798       142.22
    6754.303     0.993750      1007566       160.00
    6795.263     0.994531      1008341       182.86
    6844.415     0.995313      1009137       213.33
    6901.759     0.996094      1009917       256.00
    6930.431     0.996484      1010315       284.44
    6963.199     0.996875      1010724       320.00
    6995.967     0.997266      1011145       365.71
    7024.639     0.997656      1011517       426.67
    7057.407     0.998047      1011900       512.00
    7081.983     0.998242      1012113       568.89
    7098.367     0.998437      1012291       640.00
    7122.943     0.998633      1012521       731.43
    7143.423     0.998828      1012704       853.33
    7167.999     0.999023      1012888      1024.00
    7184.383     0.999121      1012995      1137.78
    7200.767     0.999219      1013089      1280.00
    7221.247     0.999316      1013196      1462.86
    7241.727     0.999414      1013288      1706.67
    7266.303     0.999512      1013385      2048.00
    7282.687     0.999561      1013433      2275.56
    7294.975     0.999609      1013481      2560.00
    7311.359     0.999658      1013531      2925.71
    7327.743     0.999707      1013585      3413.33
    7344.127     0.999756      1013633      4096.00
    7352.319     0.999780      1013658      4551.11
    7356.415     0.999805      1013673      5120.00
    7364.607     0.999829      1013705      5851.43
    7376.895     0.999854      1013728      6826.67
    7385.087     0.999878      1013750      8192.00
    7393.279     0.999890      1013771      9102.22
    7393.279     0.999902      1013771     10240.00
    7397.375     0.999915      1013784     11702.86
    7405.567     0.999927      1013798     13653.33
    7413.759     0.999939      1013810     16384.00
    7417.855     0.999945      1013817     18204.44
    7421.951     0.999951      1013822     20480.00
    7426.047     0.999957      1013829     23405.71
    7430.143     0.999963      1013836     27306.67
    7434.239     0.999969      1013840     32768.00
    7438.335     0.999973      1013844     36408.89
    7442.431     0.999976      1013848     40960.00
    7446.527     0.999979      1013851     46811.43
    7450.623     0.999982      1013855     54613.33
    7450.623     0.999985      1013855     65536.00
    7454.719     0.999986      1013858     72817.78
    7454.719     0.999988      1013858     81920.00
    7458.815     0.999989      1013861     93622.86
    7458.815     0.999991      1013861    109226.67
    7462.911     0.999992      1013863    131072.00
    7467.007     0.999993      1013869    145635.56
    7467.007     0.999994      1013869    163840.00
    7467.007     0.999995      1013869    187245.71
    7467.007     0.999995      1013869    218453.33
    7467.007     0.999996      1013869    262144.00
    7467.007     0.999997      1013869    291271.11
    7467.007     0.999997      1013869    327680.00
    7467.007     0.999997      1013869    374491.43
    7467.007     0.999998      1013869    436906.67
    7467.007     0.999998      1013869    524288.00
    7467.007     0.999998      1013869    582542.22
    7467.007     0.999998      1013869    655360.00
    7467.007     0.999999      1013869    748982.86
    7467.007     0.999999      1013869    873813.33
    7471.103     0.999999      1013870   1048576.00
    7471.103     1.000000      1013870          inf
#[Mean    =     2784.615, StdDeviation   =     1597.341]
#[Max     =     7467.008, Total count    =      1013870]
#[Buckets =           27, SubBuckets     =         2048]
----------------------------------------------------------
  1533702 requests in 30.00s, 194.53MB read
Requests/sec:  51124.14
Transfer/sec:      6.48MB
