Running 30s test @ http://10.116.0.2:8080/json
  4 threads and 256 connections
  Thread calibration: mean lat.: 1633.127ms, rate sampling interval: 6787ms
  Thread calibration: mean lat.: 1596.675ms, rate sampling interval: 6655ms
  Thread calibration: mean lat.: 1963.106ms, rate sampling interval: 7307ms
  Thread calibration: mean lat.: 2329.357ms, rate sampling interval: 8470ms
  Thread Stats   Avg      Stdev     Max   +/- Stdev
    Latency     8.40s     2.99s   20.27s    64.12%
    Req/Sec    11.18k   293.80    11.40k    87.50%
  Latency Distribution (HdrHistogram - Recorded Latency)
 50.000%    8.42s 
 75.000%   10.50s 
 90.000%   12.40s 
 99.000%   15.19s 
 99.900%   18.64s 
 99.990%   20.09s 
 99.999%   20.25s 
100.000%   20.28s 

  Detailed Percentile spectrum:
       Value   Percentile   TotalCount 1/(1-Percentile)

    2838.527     0.000000           21         1.00
    4464.639     0.100000        87901         1.11
    5521.407     0.200000       175577         1.25
    6488.063     0.300000       263370         1.43
    7454.719     0.400000       351151         1.67
    8421.375     0.500000       438777         2.00
    8781.823     0.550000       483058         2.22
    9142.271     0.600000       526665         2.50
    9510.911     0.650000       570248         2.86
    9986.047     0.700000       614425         3.33
   10502.143     0.750000       657846         4.00
   10764.287     0.775000       679815         4.44
   11026.431     0.800000       702265         5.00
   11304.959     0.825000       723640         5.71
   11591.679     0.850000       745973         6.67
   11943.935     0.875000       767641         8.00
   12165.119     0.887500       778495         8.89
   12402.687     0.900000       789440        10.00
   12648.447     0.912500       800598        11.43
   12926.975     0.925000       811302        13.33
   13295.615     0.937500       822276        16.00
   13500.415     0.943750       827876        17.78
   13713.407     0.950000       833378        20.00
   13926.399     0.956250       838741        22.86
   14131.199     0.962500       844322        26.67
   14303.231     0.968750       849701        32.00
   14385.151     0.971875       852375        35.56
   14491.647     0.975000       855227        40.00
   14598.143     0.978125       858000        45.71
   14704.639     0.981250       860747        53.33
   14819.327     0.984375       863457        64.00
   14876.671     0.985938       864729        71.11
   14983.167     0.987500       866155        80.00
   15106.047     0.989062       867517        91.43
   15245.311     0.990625       868816       106.67
   15425.535     0.992188       870189       128.00
   15548.415     0.992969       870910       142.22
   15671.295     0.993750       871596       160.00
   15826.943     0.994531       872265       182.86
   16048.127     0.995313       872950       213.33
   16293.887     0.996094       873616       256.00
   16457.727     0.996484       873959       284.44
   16613.375     0.996875       874311       320.00
   16826.367     0.997266       874642       365.71
   17088.511     0.997656       875001       426.67
   17367.039     0.998047       875340       512.00
   17563.647     0.998242       875499       568.89
   17809.407     0.998437       875670       640.00
   18071.551     0.998633       875845       731.43
   18317.311     0.998828       876016       853.33
   18694.143     0.999023       876185      1024.00
   18907.135     0.999121       876267      1137.78
   19120.127     0.999219       876358      1280.00
   19300.351     0.999316       876442      1462.86
   19464.191     0.999414       876525      1706.67
   19595.263     0.999512       876609      2048.00
   19660.799     0.999561       876655      2275.56
   19726.335     0.999609       876696      2560.00
   19775.487     0.999658       876741      2925.71
   19841.023     0.999707       876788      3413.33
   19906.559     0.999756       876830      4096.00
   19939.327     0.999780       876852      4551.11
   19972.095     0.999805       876873      5120.00
   20004.863     0.999829       876897      5851.43
   20021.247     0.999854       876909      6826.67
   20070.399     0.999878       876940      8192.00
   20086.783     0.999890       876952      9102.22
   20086.783     0.999902       876952     10240.00
   20103.167     0.999915       876964     11702.86
   20119.551     0.999927       876974     13653.33
   20152.319     0.999939       876988     16384.00
   20168.703     0.999945       877000     18204.44
   20168.703     0.999951       877000     20480.00
   20168.703     0.999957       877000     23405.71
   20185.087     0.999963       877012     27306.67
   20185.087     0.999969       877012     32768.00
   20201.471     0.999973       877017     36408.89
   20201.471     0.999976       877017     40960.00
   20217.855     0.999979       877022     46811.43
   20217.855     0.999982       877022     54613.33
   20234.239     0.999985       877024     65536.00
   20250.623     0.999986       877029     72817.78
   20250.623     0.999988       877029     81920.00
   20250.623     0.999989       877029     93622.86
   20250.623     0.999991       877029    109226.67
   20267.007     0.999992       877035    131072.00
   20267.007     0.999993       877035    145635.56
   20267.007     0.999994       877035    163840.00
   20267.007     0.999995       877035    187245.71
   20267.007     0.999995       877035    218453.33
   20267.007     0.999996       877035    262144.00
   20267.007     0.999997       877035    291271.11
   20267.007     0.999997       877035    327680.00
   20267.007     0.999997       877035    374491.43
   20267.007     0.999998       877035    436906.67
   20283.391     0.999998       877037    524288.00
   20283.391     1.000000       877037          inf
#[Mean    =     8399.912, StdDeviation   =     2990.428]
#[Max     =    20267.008, Total count    =       877037]
#[Buckets =           27, SubBuckets     =         2048]
----------------------------------------------------------
  1319729 requests in 30.00s, 123.34MB read
Requests/sec:  43991.62
Transfer/sec:      4.11MB
