Running 30s test @ http://10.116.0.2:8080/json
  4 threads and 256 connections
  Thread calibration: mean lat.: 1913.851ms, rate sampling interval: 8114ms
  Thread calibration: mean lat.: 2168.133ms, rate sampling interval: 9191ms
  Thread calibration: mean lat.: 2834.258ms, rate sampling interval: 10264ms
  Thread calibration: mean lat.: 2562.899ms, rate sampling interval: 8806ms
  Thread Stats   Avg      Stdev     Max   +/- Stdev
    Latency    10.67s     3.45s   20.58s    62.66%
    Req/Sec    11.09k     1.68k   14.14k    71.43%
  Latency Distribution (HdrHistogram - Recorded Latency)
 50.000%   10.56s 
 75.000%   13.21s 
 90.000%   15.47s 
 99.000%   17.91s 
 99.900%   19.45s 
 99.990%   20.15s 
 99.999%   20.56s 
100.000%   20.59s 

  Detailed Percentile spectrum:
       Value   Percentile   TotalCount 1/(1-Percentile)

    4182.015     0.000000            6         1.00
    6070.271     0.100000        87321         1.11
    7380.991     0.200000       174368         1.25
    8413.183     0.300000       261912         1.43
    9469.951     0.400000       348619         1.67
   10559.487     0.500000       435757         2.00
   11091.967     0.550000       479759         2.22
   11591.679     0.600000       523271         2.50
   12091.391     0.650000       567016         2.86
   12599.295     0.700000       610292         3.33
   13213.695     0.750000       653556         4.00
   13574.143     0.775000       675521         4.44
   13942.783     0.800000       697066         5.00
   14327.807     0.825000       719109         5.71
   14721.023     0.850000       740813         6.67
   15106.047     0.875000       762754         8.00
   15278.079     0.887500       773240         8.89
   15466.495     0.900000       784562        10.00
   15646.719     0.912500       795120        11.43
   15859.711     0.925000       805974        13.33
   16154.623     0.937500       816912        16.00
   16334.847     0.943750       822488        17.78
   16531.455     0.950000       827761        20.00
   16752.639     0.956250       833280        22.86
   16973.823     0.962500       838761        26.67
   17203.199     0.968750       844100        32.00
   17317.887     0.971875       846921        35.56
   17399.807     0.975000       849508        40.00
   17498.111     0.978125       852705        45.71
   17580.031     0.981250       855362        53.33
   17661.951     0.984375       858075        64.00
   17694.719     0.985938       859114        71.11
   17760.255     0.987500       860643        80.00
   17842.175     0.989062       861872        91.43
   17956.863     0.990625       863263       106.67
   18071.551     0.992188       864488       128.00
   18153.471     0.992969       865219       142.22
   18235.391     0.993750       865882       160.00
   18333.695     0.994531       866561       182.86
   18448.383     0.995313       867237       213.33
   18579.455     0.996094       867900       256.00
   18644.991     0.996484       868186       284.44
   18743.295     0.996875       868565       320.00
   18825.215     0.997266       868871       365.71
   18923.519     0.997656       869263       426.67
   19021.823     0.998047       869568       512.00
   19087.359     0.998242       869757       568.89
   19152.895     0.998437       869915       640.00
   19234.815     0.998633       870088       731.43
   19333.119     0.998828       870241       853.33
   19464.191     0.999023       870402      1024.00
   19529.727     0.999121       870509      1137.78
   19562.495     0.999219       870568      1280.00
   19628.031     0.999316       870672      1462.86
   19677.183     0.999414       870740      1706.67
   19742.719     0.999512       870827      2048.00
   19775.487     0.999561       870868      2275.56
   19808.255     0.999609       870912      2560.00
   19841.023     0.999658       870956      2925.71
   19873.791     0.999707       871001      3413.33
   19906.559     0.999756       871045      4096.00
   19922.943     0.999780       871062      4551.11
   19955.711     0.999805       871088      5120.00
   19972.095     0.999829       871103      5851.43
   20037.631     0.999854       871123      6826.67
   20086.783     0.999878       871141      8192.00
   20119.551     0.999890       871154      9102.22
   20152.319     0.999902       871163     10240.00
   20185.087     0.999915       871173     11702.86
   20217.855     0.999927       871183     13653.33
   20283.391     0.999939       871193     16384.00
   20332.543     0.999945       871201     18204.44
   20365.311     0.999951       871206     20480.00
   20398.079     0.999957       871211     23405.71
   20430.847     0.999963       871216     27306.67
   20463.615     0.999969       871222     32768.00
   20479.999     0.999973       871224     36408.89
   20496.383     0.999976       871227     40960.00
   20512.767     0.999979       871230     46811.43
   20529.151     0.999982       871231     54613.33
   20545.535     0.999985       871234     65536.00
   20561.919     0.999986       871241     72817.78
   20561.919     0.999988       871241     81920.00
   20561.919     0.999989       871241     93622.86
   20561.919     0.999991       871241    109226.67
   20561.919     0.999992       871241    131072.00
   20561.919     0.999993       871241    145635.56
   20561.919     0.999994       871241    163840.00
   20578.303     0.999995       871245    187245.71
   20578.303     0.999995       871245    218453.33
   20578.303     0.999996       871245    262144.00
   20578.303     0.999997       871245    291271.11
   20578.303     0.999997       871245    327680.00
   20578.303     0.999997       871245    374491.43
   20578.303     0.999998       871245    436906.67
   20578.303     0.999998       871245    524288.00
   20578.303     0.999998       871245    582542.22
   20578.303     0.999998       871245    655360.00
   20578.303     0.999999       871245    748982.86
   20594.687     0.999999       871246    873813.33
   20594.687     1.000000       871246          inf
#[Mean    =    10668.002, StdDeviation   =     3448.948]
#[Max     =    20578.304, Total count    =       871246]
#[Buckets =           27, SubBuckets     =         2048]
----------------------------------------------------------
  1318953 requests in 30.00s, 123.27MB read
Requests/sec:  43965.84
Transfer/sec:      4.11MB
