Linux 6.8.0-142-generic (cafeai-bench-loadgen) 	10/01/26 	_x86_64_	(4 CPU)

19:06:58     CPU    %usr   %nice    %sys %iowait    %irq   %soft  %steal  %guest  %gnice   %idle
19:06:59     all    0.25    0.00    1.25    0.00    0.00    0.75    0.00    0.00    0.00   97.74
19:07:00     all    0.76    0.00    2.04    0.00    0.00    0.51    0.00    0.00    0.00   96.69
19:07:01     all    1.01    0.00    2.78    0.00    0.00    2.03    0.00    0.00    0.00   94.18
19:07:02     all    1.26    0.00    2.52    0.00    0.00    2.27    0.00    0.00    0.00   93.95
19:07:03     all    1.26    0.00    4.02    0.00    0.00    2.76    0.00    0.00    0.00   91.96
19:07:04     all    1.26    0.00    4.27    0.00    0.00    3.02    0.00    0.00    0.00   91.46
19:07:05     all    1.77    0.00    5.05    0.00    0.00    4.29    0.00    0.00    0.00   88.89
19:07:06     all    3.05    0.00    7.61    0.00    0.00    6.09    0.00    0.00    0.00   83.25
19:07:07     all    4.06    0.00   10.15    0.00    0.00    7.87    0.00    0.00    0.00   77.92
19:07:08     all    5.67    0.00   14.18    0.00    0.00    8.76    0.00    0.00    0.00   71.39
19:07:09     all    5.71    0.00   15.32    0.00    0.00   10.13    0.00    0.00    0.00   68.83
19:07:10     all    7.25    0.00   15.80    0.00    0.00    9.33    0.26    0.00    0.00   67.36
19:07:11     all    4.28    0.00    9.36    0.00    0.00    7.49    0.00    0.00    0.00   78.88
19:07:12     all    4.61    0.00    8.13    0.00    0.00    5.96    0.00    0.00    0.00   81.30
19:07:13     all    3.55    0.00    7.61    0.00    0.00    5.08    0.00    0.00    0.00   83.76
19:07:14     all    3.55    0.00    7.87    0.00    0.00    4.82    0.00    0.00    0.00   83.76
19:07:15     all    3.08    0.00    7.44    0.00    0.00    5.13    0.26    0.00    0.00   84.10
19:07:16     all    4.79    0.00    7.81    0.00    0.00    4.28    0.00    0.00    0.00   83.12
19:07:17     all    4.55    0.00    7.83    0.00    0.00    4.55    0.00    0.00    0.00   83.08
19:07:18     all    4.05    0.00    7.34    0.00    0.00    5.06    0.00    0.00    0.00   83.54
19:07:19     all    4.27    0.00    7.54    0.00    0.00    5.03    0.00    0.00    0.00   83.17
19:07:20     all    4.29    0.00    7.58    0.00    0.00    5.05    0.00    0.00    0.00   83.08
19:07:21     all    3.79    0.00    8.08    0.00    0.00    5.05    0.00    0.00    0.00   83.08
19:07:22     all    4.05    0.00    7.09    0.00    0.00    5.32    0.00    0.00    0.00   83.54
19:07:23     all    4.49    0.00    7.98    0.00    0.00    5.24    0.00    0.00    0.00   82.29
19:07:24     all    3.57    0.00    6.89    0.00    0.00    5.36    0.00    0.00    0.00   84.18
19:07:25     all    4.04    0.00    8.08    0.00    0.00    4.29    0.25    0.00    0.00   83.33
19:07:26     all    4.27    0.00    7.79    0.00    0.00    5.03    0.00    0.00    0.00   82.91
19:07:27     all    4.52    0.00    7.29    0.00    0.00    5.28    0.00    0.00    0.00   82.91
19:07:28     all    3.54    0.00    7.32    0.00    0.00    5.56    0.00    0.00    0.00   83.59
19:07:29     all    1.26    0.00    1.26    0.00    0.00    0.00    0.00    0.00    0.00   97.49
19:07:30     all    1.01    0.00    3.04    0.00    0.00    3.04    0.25    0.00    0.00   92.66
19:07:31     all    1.02    0.00    3.31    0.00    0.00    2.80    0.00    0.00    0.00   92.88
19:07:32     all    1.77    0.00    3.80    0.00    0.00    3.29    0.00    0.00    0.00   91.14
19:07:33     all    1.51    0.00    4.03    0.00    0.00    3.78    0.00    0.00    0.00   90.68
19:07:34     all    1.79    0.00    3.06    0.00    0.00    3.32    0.00    0.00    0.00   91.84
19:07:35     all    2.03    0.00    3.30    0.00    0.00    3.05    0.00    0.00    0.00   91.62
19:07:36     all    2.29    0.00    3.05    0.00    0.00    3.05    0.00    0.00    0.00   91.60
19:07:37     all    2.06    0.00    3.08    0.00    0.00    2.31    0.00    0.00    0.00   92.54
19:07:38     all    2.03    0.00    3.30    0.00    0.00    3.05    0.00    0.00    0.00   91.62
19:07:39     all    2.28    0.00    3.05    0.00    0.00    3.30    0.00    0.00    0.00   91.37
19:07:40     all    2.54    0.00    3.81    0.00    0.00    2.79    0.00    0.00    0.00   90.86
19:07:41     all    1.78    0.00    3.05    0.00    0.00    3.31    0.00    0.00    0.00   91.86
19:07:42     all    2.80    0.00    2.80    0.00    0.00    3.05    0.00    0.00    0.00   91.35
19:07:43     all    2.01    0.00    3.52    0.00    0.00    4.02    0.00    0.00    0.00   90.45
19:07:44     all    2.80    0.00    3.56    0.00    0.00    2.54    0.00    0.00    0.00   91.09
19:07:45     all    2.05    0.00    2.81    0.00    0.00    3.07    0.00    0.00    0.00   92.07
19:07:46     all    2.02    0.00    3.28    0.00    0.00    4.04    0.00    0.00    0.00   90.66
19:07:47     all    2.54    0.00    2.79    0.00    0.00    3.55    0.00    0.00    0.00   91.12
19:07:48     all    1.76    0.00    3.78    0.00    0.00    3.78    0.00    0.00    0.00   90.68
19:07:49     all    3.03    0.00    3.54    0.00    0.00    3.54    0.00    0.00    0.00   89.90
19:07:50     all    1.79    0.00    3.33    0.00    0.00    2.56    0.26    0.00    0.00   92.05
19:07:51     all    2.78    0.00    2.78    0.00    0.00    3.54    0.00    0.00    0.00   90.89
19:07:52     all    2.55    0.00    3.06    0.00    0.00    3.06    0.00    0.00    0.00   91.33
19:07:53     all    2.28    0.00    3.29    0.00    0.00    3.29    0.00    0.00    0.00   91.14
19:07:54     all    2.28    0.00    3.30    0.00    0.00    3.55    0.00    0.00    0.00   90.86
19:07:55     all    1.77    0.00    3.54    0.00    0.00    4.05    0.00    0.00    0.00   90.63
19:07:56     all    2.53    0.00    3.28    0.25    0.00    3.54    0.00    0.00    0.00   90.40
19:07:57     all    1.80    0.00    3.09    0.00    0.00    2.32    0.00    0.00    0.00   92.78
19:07:58     all    2.77    0.00    3.78    0.00    0.00    3.27    0.00    0.00    0.00   90.18
19:07:59     all    4.94    0.00    6.49    0.00    0.00    3.90    0.00    0.00    0.00   84.68
19:08:00     all    6.48    0.00    6.99    0.00    0.00    4.66    0.00    0.00    0.00   81.87
19:08:01     all    6.20    0.00    6.46    0.00    0.00    5.43    0.00    0.00    0.00   81.91
19:08:02     all    5.70    0.00    7.25    0.00    0.00    4.92    0.26    0.00    0.00   81.87
19:08:03     all    5.76    0.00    6.54    0.00    0.00    5.24    0.00    0.00    0.00   82.46
19:08:04     all    5.94    0.00    7.24    0.00    0.00    5.17    0.00    0.00    0.00   81.65
19:08:05     all    6.43    0.00    7.20    0.00    0.00    4.88    0.00    0.00    0.00   81.49
19:08:06     all    5.74    0.00    6.53    0.00    0.00    5.22    0.00    0.00    0.00   82.51
19:08:07     all    6.17    0.00    7.46    0.00    0.00    5.40    0.00    0.00    0.00   80.98
19:08:08     all    6.15    0.00    7.18    0.00    0.00    5.38    0.00    0.00    0.00   81.28
19:08:09     all    6.49    0.00    6.49    0.00    0.00    4.94    0.00    0.00    0.00   82.08
19:08:10     all    5.96    0.00    6.22    0.00    0.00    5.70    0.00    0.00    0.00   82.12
19:08:11     all    6.20    0.00    6.98    0.00    0.00    5.17    0.00    0.00    0.00   81.65
19:08:12     all    6.02    0.00    6.54    0.00    0.00    4.71    0.00    0.00    0.00   82.72
19:08:13     all    5.41    0.00    7.22    0.00    0.00    6.19    0.00    0.00    0.00   81.19
19:08:14     all    5.91    0.00    7.46    0.00    0.00    5.40    0.00    0.00    0.00   81.23
19:08:15     all    6.27    0.00    6.53    0.00    0.00    4.70    0.00    0.00    0.00   82.51
19:08:16     all    6.17    0.00    7.20    0.00    0.00    5.40    0.51    0.00    0.00   80.72
19:08:17     all    6.46    0.00    6.98    0.00    0.00    5.43    0.00    0.00    0.00   81.14
19:08:18     all    5.67    0.00    7.99    0.00    0.00    5.41    0.00    0.00    0.00   80.93
19:08:19     all    5.47    0.00    7.03    0.00    0.00    5.21    0.00    0.00    0.00   82.29
19:08:20     all    6.14    0.00    8.44    0.00    0.00    5.12    0.00    0.00    0.00   80.31
19:08:21     all    6.41    0.00    7.44    0.00    0.00    5.38    0.00    0.00    0.00   80.77
19:08:22     all    6.89    0.00    7.14    0.00    0.00    5.61    0.00    0.00    0.00   80.36
19:08:23     all    6.25    0.00    6.25    0.00    0.00    5.21    0.78    0.00    0.00   81.51
19:08:24     all    5.94    0.00    7.24    0.00    0.00    4.91    0.00    0.00    0.00   81.91
19:08:25     all    5.90    0.00    8.21    0.00    0.00    5.38    0.00    0.00    0.00   80.51
19:08:26     all    6.49    0.00    6.23    0.00    0.00    4.94    0.26    0.00    0.00   82.08
19:08:27     all    6.72    0.00    6.46    0.00    0.00    5.43    0.00    0.00    0.00   81.40
19:08:28     all    6.44    0.00    7.47    0.00    0.00    5.15    0.00    0.00    0.00   80.93
19:08:29     all    7.36    0.00    9.39    0.00    0.00    3.81    0.00    0.00    0.00   79.44
19:08:30     all    8.60    0.00   11.83    0.00    0.00    8.60    0.00    0.00    0.00   70.97
19:08:31     all    9.04    0.00   13.03    0.00    0.00    9.57    0.00    0.00    0.00   68.35
19:08:32     all    8.11    0.00   12.70    0.00    0.00    9.19    0.00    0.00    0.00   70.00
19:08:33     all    9.24    0.00   11.96    0.00    0.00    8.70    0.00    0.00    0.00   70.11
19:08:34     all    8.33    0.00   13.98    0.00    0.00   10.22    0.00    0.00    0.00   67.47
19:08:35     all    9.41    0.00   13.44    0.00    0.00    9.41    0.00    0.00    0.00   67.74
19:08:36     all    9.57    0.00   12.50    0.00    0.00    9.31    0.00    0.00    0.00   68.62
19:08:37     all    9.79    0.00   12.43    0.00    0.00    8.73    0.00    0.00    0.00   69.05
19:08:38     all    8.27    0.00   12.53    0.00    0.00   10.93    0.00    0.00    0.00   68.27
19:08:39     all    8.42    0.00   13.86    0.00    0.00   11.68    0.00    0.00    0.00   66.03
19:08:40     all    9.12    0.00   13.94    0.00    0.00    9.65    0.00    0.00    0.00   67.29
19:08:41     all    8.02    0.00   14.97    0.00    0.00    9.89    0.00    0.00    0.00   67.11
19:08:42     all    8.94    0.00   13.82    0.00    0.00   11.92    0.00    0.00    0.00   65.31
19:08:43     all    8.99    0.00   13.35    0.00    0.00    9.54    0.00    0.00    0.00   68.12
19:08:44     all   10.54    0.00   11.89    0.00    0.00    9.19    0.00    0.00    0.00   68.38
19:08:45     all    9.78    0.00   12.77    0.00    0.00    9.51    0.00    0.00    0.00   67.93
19:08:46     all    8.94    0.00   12.47    0.00    0.00   10.03    0.00    0.00    0.00   68.56
19:08:47     all    8.99    0.00   13.90    0.00    0.00    8.45    0.00    0.00    0.00   68.66
19:08:48     all    8.63    0.00   15.90    0.00    0.00   10.24    0.00    0.00    0.00   65.23
19:08:49     all    7.84    0.00   14.59    0.00    0.00   11.62    0.00    0.00    0.00   65.95
19:08:50     all    9.19    0.00   14.05    0.00    0.00    9.73    0.00    0.00    0.00   67.03
19:08:51     all    8.99    0.00   14.44    0.00    0.00    9.54    0.00    0.00    0.00   67.03
19:08:52     all    8.45    0.00   14.71    0.00    0.00   10.90    0.00    0.00    0.00   65.94
19:08:53     all    9.36    0.00   12.30    0.00    0.00    9.09    0.27    0.00    0.00   68.98
19:08:54     all    8.09    0.00   13.48    0.00    0.00    8.89    0.00    0.00    0.00   69.54
19:08:55     all    8.92    0.00   14.05    0.00    0.00   10.81    0.00    0.00    0.00   66.22
19:08:56     all    9.65    0.00   12.87    0.00    0.00    9.92    0.00    0.00    0.00   67.56
19:08:57     all    8.89    0.00   13.06    0.00    0.00   10.28    0.00    0.00    0.00   67.78
19:08:58     all    9.41    0.00   14.25    0.00    0.00    8.60    0.00    0.00    0.00   67.74
19:08:59     all    8.18    0.00   12.14    0.00    0.00    7.39    0.00    0.00    0.00   72.30
19:09:00     all    7.67    0.00   15.34    0.00    0.00   11.11    0.00    0.00    0.00   65.87
19:09:01     all    6.99    0.00   18.65    0.00    0.00   11.40    0.00    0.00    0.00   62.95
19:09:02     all    6.99    0.00   18.13    0.00    0.00   11.40    0.00    0.00    0.00   63.47
19:09:03     all    6.98    0.00   19.38    0.00    0.00   10.59    0.00    0.00    0.00   63.05
19:09:04     all    6.60    0.00   17.51    0.00    0.00   11.93    0.25    0.00    0.00   63.71
19:09:05     all    6.96    0.00   18.30    0.00    0.00   11.34    0.00    0.00    0.00   63.40
19:09:06     all    6.94    0.00   18.77    0.00    0.00   11.05    0.00    0.00    0.00   63.24
19:09:07     all    7.01    0.00   18.70    0.00    0.00   10.39    0.00    0.00    0.00   63.90
19:09:08     all    6.51    0.00   18.23    0.00    0.00   11.98    0.00    0.00    0.00   63.28
19:09:09     all    6.72    0.00   18.86    0.00    0.00   11.63    0.00    0.00    0.00   62.79
19:09:10     all    6.23    0.00   18.70    0.00    0.00   11.17    0.00    0.00    0.00   63.90
19:09:11     all    6.20    0.00   17.57    0.00    0.00   11.37    0.00    0.00    0.00   64.86
19:09:12     all    7.49    0.00   17.83    0.00    0.00   11.11    0.00    0.00    0.00   63.57
19:09:13     all    7.14    0.00   18.88    0.00    0.00   10.97    0.00    0.00    0.00   63.01
19:09:14     all    7.14    0.00   18.88    0.00    0.00   11.73    0.00    0.00    0.00   62.24
19:09:15     all    6.72    0.00   18.60    0.00    0.00   11.89    0.00    0.00    0.00   62.79
19:09:16     all    6.91    0.00   19.18    0.00    0.00   11.76    0.00    0.00    0.00   62.15
19:09:17     all    6.68    0.00   18.51    0.00    0.00   12.34    0.00    0.00    0.00   62.47
19:09:18     all    6.92    0.00   17.69    0.00    0.00   11.79    0.00    0.00    0.00   63.59
19:09:19     all    6.68    0.00   18.51    0.00    0.00   11.31    0.00    0.00    0.00   63.50
19:09:20     all    6.70    0.00   19.33    0.00    0.00   11.34    0.00    0.00    0.00   62.63
19:09:21     all    7.14    0.00   18.88    0.00    0.00   11.99    0.00    0.00    0.00   61.99
19:09:22     all    7.42    0.00   18.67    0.00    0.00   11.00    0.00    0.00    0.00   62.92
19:09:23     all    6.14    0.00   18.93    0.00    0.00   12.02    0.00    0.00    0.00   62.92
19:09:24     all    7.07    0.00   19.19    0.00    0.00   11.87    0.00    0.00    0.00   61.87
19:09:25     all    6.51    0.00   17.19    0.00    0.00   10.68    0.00    0.00    0.00   65.62
19:09:26     all    5.88    0.00   18.16    0.00    0.00   11.25    0.00    0.00    0.00   64.71
19:09:27     all    6.41    0.00   20.00    0.00    0.00   10.77    0.00    0.00    0.00   62.82
19:09:28     all    6.89    0.00   18.37    0.26    0.00   11.73    0.00    0.00    0.00   62.76
19:09:29     all    7.14    0.00   11.26    0.00    0.00    3.30    0.00    0.00    0.00   78.30
19:09:30     all    7.28    0.00   14.82    0.00    0.00    8.89    0.00    0.00    0.00   69.00
19:09:31     all    6.22    0.00   16.84    0.00    0.00   11.40    0.00    0.00    0.00   65.54
19:09:32     all    6.17    0.00   17.48    0.00    0.00   10.54    0.00    0.00    0.00   65.81
19:09:33     all    6.39    0.00   17.39    0.00    0.00   11.25    0.00    0.00    0.00   64.96
19:09:34     all    6.70    0.00   17.01    0.00    0.00   10.57    0.26    0.00    0.00   65.46
19:09:35     all    6.39    0.00   17.14    0.00    0.00   11.25    0.00    0.00    0.00   65.22
19:09:36     all    6.39    0.00   17.65    0.00    0.00   10.74    0.00    0.00    0.00   65.22
19:09:37     all    7.04    0.00   18.09    0.00    0.00   10.55    0.00    0.00    0.00   64.32
19:09:38     all    6.14    0.00   18.16    0.00    0.00   10.23    0.26    0.00    0.00   65.22
19:09:39     all    5.99    0.00   16.15    0.00    0.00   11.72    0.00    0.00    0.00   66.15
19:09:40     all    5.96    0.00   17.88    0.00    0.00   10.36    0.00    0.00    0.00   65.80
19:09:41     all    6.92    0.00   16.15    0.00    0.00   11.28    0.00    0.00    0.00   65.64
19:09:42     all    6.36    0.00   17.81    0.00    0.00   11.70    0.00    0.00    0.00   64.12
19:09:43     all    6.36    0.00   17.81    0.00    0.00   10.94    0.00    0.00    0.00   64.89
19:09:44     all    7.22    0.00   17.27    0.00    0.00    9.79    0.00    0.00    0.00   65.72
19:09:45     all    6.12    0.00   17.86    0.00    0.00   11.22    0.00    0.00    0.00   64.80
19:09:46     all    5.40    0.00   17.99    0.00    0.00   11.31    0.00    0.00    0.00   65.30
19:09:47     all    6.28    0.00   18.34    0.00    0.00   11.81    0.00    0.00    0.00   63.57
19:09:48     all    5.97    0.00   17.66    0.00    0.00   11.69    0.00    0.00    0.00   64.68
19:09:49     all    7.67    0.00   17.90    0.00    0.00    9.97    0.00    0.00    0.00   64.45
19:09:50     all    6.39    0.00   17.65    0.00    0.00   10.74    0.00    0.00    0.00   65.22
19:09:51     all    6.14    0.00   17.65    0.00    0.00   11.00    0.00    0.00    0.00   65.22
19:09:52     all    6.96    0.00   16.49    0.00    0.00   11.34    0.00    0.00    0.00   65.21
19:09:53     all    6.87    0.00   16.79    0.00    0.00   11.45    0.00    0.00    0.00   64.89
19:09:54     all    6.58    0.00   17.22    0.00    0.00   11.14    0.00    0.00    0.00   65.06
19:09:55     all    6.44    0.00   16.49    0.00    0.00   10.05    0.00    0.00    0.00   67.01
19:09:56     all    6.92    0.00   17.44    0.00    0.00   11.28    0.00    0.00    0.00   64.36
19:09:57     all    6.38    0.00   17.35    0.00    0.00   11.99    0.00    0.00    0.00   64.29
19:09:58     all    6.67    0.00   16.41    0.00    0.00   12.05    0.00    0.00    0.00   64.87
19:09:59     all    6.79    0.00   13.32    0.00    0.00    3.80    0.27    0.00    0.00   75.82
19:10:00     all    6.49    0.00   17.92    0.00    0.00    8.57    0.00    0.00    0.00   67.01
19:10:01     all    7.11    0.00   17.51    0.00    0.00   10.91    0.00    0.00    0.00   64.47
19:10:02     all    6.84    0.00   17.47    0.00    0.00   11.65    0.00    0.00    0.00   64.05
19:10:03     all    5.85    0.00   18.58    0.00    0.00   11.45    0.00    0.00    0.00   64.12
19:10:04     all    6.85    0.00   17.01    0.00    0.00   11.93    0.00    0.00    0.00   64.21
19:10:05     all    6.38    0.00   17.60    0.00    0.00   11.22    0.00    0.00    0.00   64.80
19:10:06     all    6.35    0.00   17.51    0.00    0.00   11.68    0.00    0.00    0.00   64.47
19:10:07     all    6.60    0.00   18.53    0.00    0.00   10.91    0.00    0.00    0.00   63.96
19:10:08     all    6.48    0.00   16.58    0.00    0.00   10.88    0.00    0.00    0.00   66.06
19:10:09     all    6.80    0.00   17.13    0.00    0.00   12.34    0.00    0.00    0.00   63.73
19:10:10     all    6.68    0.00   16.71    0.00    0.00   10.80    0.00    0.00    0.00   65.81
19:10:11     all    5.85    0.00   17.81    0.00    0.00   11.96    0.00    0.00    0.00   64.38
19:10:12     all    6.58    0.00   16.96    0.00    0.00   12.15    0.00    0.00    0.00   64.30
19:10:13     all    6.53    0.00   17.34    0.00    0.00   11.56    0.00    0.00    0.00   64.57
19:10:14     all    6.06    0.00   17.68    0.25    0.00   11.36    0.00    0.00    0.00   64.65
19:10:15     all    6.31    0.00   16.92    0.00    0.00   11.87    0.00    0.00    0.00   64.90
19:10:16     all    6.31    0.00   17.42    0.00    0.00   11.11    0.25    0.00    0.00   64.90
19:10:17     all    5.96    0.00   17.10    0.00    0.00   11.40    0.00    0.00    0.00   65.54
19:10:18     all    5.64    0.00   17.44    0.00    0.00   11.54    0.00    0.00    0.00   65.38
19:10:19     all    6.31    0.00   18.43    0.00    0.00   10.86    0.00    0.00    0.00   64.39
19:10:20     all    6.92    0.00   16.67    0.00    0.00   11.54    0.00    0.00    0.00   64.87
19:10:21     all    6.67    0.00   17.69    0.00    0.00   10.51    0.51    0.00    0.00   64.62
19:10:22     all    6.17    0.00   17.48    0.00    0.00   11.05    0.00    0.00    0.00   65.30
19:10:23     all    6.94    0.00   16.97    0.00    0.00   10.80    0.00    0.00    0.00   65.30
19:10:24     all    6.17    0.00   17.99    0.00    0.00   10.54    0.00    0.00    0.00   65.30
19:10:25     all    6.46    0.00   17.31    0.00    0.00   11.11    0.00    0.00    0.00   65.12
19:10:26     all    6.58    0.00   18.48    0.00    0.00   11.14    0.00    0.00    0.00   63.80
19:10:27     all    6.38    0.00   17.35    0.00    0.00   11.99    0.00    0.00    0.00   64.29
19:10:28     all    6.67    0.00   17.44    0.00    0.00   11.28    0.00    0.00    0.00   64.62
19:10:29     all    5.96    0.00   12.18    0.00    0.00    7.77    0.00    0.00    0.00   74.09
19:10:30     all    5.66    0.00   14.91    0.00    0.00    9.51    0.00    0.00    0.00   69.92
19:10:31     all    6.33    0.00   17.47    0.00    0.00   11.14    0.00    0.00    0.00   65.06
19:10:32     all    6.67    0.00   16.67    0.00    0.00   10.51    0.00    0.00    0.00   66.15
19:10:33     all    6.70    0.00   16.24    0.00    0.00   10.82    0.00    0.00    0.00   66.24
19:10:34     all    6.68    0.00   16.97    0.00    0.00   10.80    0.00    0.00    0.00   65.55
19:10:35     all    7.22    0.00   17.01    0.00    0.00   10.57    0.00    0.00    0.00   65.21
19:10:36     all    6.39    0.00   16.62    0.00    0.00   11.51    0.26    0.00    0.00   65.22
19:10:37     all    7.12    0.00   17.05    0.00    0.00   10.94    0.00    0.00    0.00   64.89
19:10:38     all    6.38    0.00   16.84    0.00    0.00   11.48    0.00    0.00    0.00   65.31
19:10:39     all    6.52    0.00   17.29    0.00    0.00   12.28    0.00    0.00    0.00   63.91
19:10:40     all    6.63    0.00   16.84    0.00    0.00   11.48    0.00    0.00    0.00   65.05
19:10:41     all    6.89    0.00   16.84    0.26    0.00   11.22    0.00    0.00    0.00   64.80
19:10:42     all    6.92    0.00   17.18    0.00    0.00   10.77    0.00    0.00    0.00   65.13
19:10:43     all    6.35    0.00   17.01    0.00    0.00   11.42    0.00    0.00    0.00   65.23
19:10:44     all    6.92    0.00   16.67    0.00    0.00   11.28    0.00    0.00    0.00   65.13
19:10:45     all    6.43    0.00   16.45    0.00    0.00   12.34    0.00    0.00    0.00   64.78
19:10:46     all    6.94    0.00   17.48    0.00    0.00   10.80    0.00    0.00    0.00   64.78
19:10:47     all    6.82    0.00   17.17    0.00    0.00   10.86    0.00    0.00    0.00   65.15
19:10:48     all    6.38    0.00   16.84    0.00    0.00   11.22    0.00    0.00    0.00   65.56
19:10:49     all    6.94    0.00   16.71    0.00    0.00   10.28    0.00    0.00    0.00   66.07
19:10:50     all    5.91    0.00   16.71    0.00    0.00   11.83    0.00    0.00    0.00   65.55
19:10:51     all    6.68    0.00   17.99    0.00    0.00   10.03    0.00    0.00    0.00   65.30
19:10:52     all    6.15    0.00   17.18    0.00    0.00   11.03    0.00    0.00    0.00   65.64
19:10:53     all    6.89    0.00   17.86    0.00    0.00   10.20    0.00    0.00    0.00   65.05
19:10:54     all    6.15    0.00   16.67    0.00    0.00   11.54    0.00    0.00    0.00   65.64
19:10:55     all    6.48    0.00   18.13    0.00    0.00    9.84    0.00    0.00    0.00   65.54
19:10:56     all    6.25    0.00   16.67    0.00    0.00   10.94    0.00    0.00    0.00   66.15
19:10:57     all    6.72    0.00   17.57    0.00    0.00   10.08    0.00    0.00    0.00   65.63
19:10:58     all    6.41    0.00   17.44    0.00    0.00   11.03    0.00    0.00    0.00   65.13
19:10:59     all    2.78    0.00    6.57    0.00    0.00    3.79    0.00    0.00    0.00   86.87
19:11:00     all    1.27    0.00    2.54    0.00    0.00    1.78    0.00    0.00    0.00   94.42
19:11:01     all    2.05    0.00    3.07    0.00    0.00    2.56    0.00    0.00    0.00   92.33
19:11:02     all    1.79    0.00    2.81    0.00    0.00    3.32    0.00    0.00    0.00   92.09
19:11:03     all    2.05    0.00    3.33    0.00    0.00    2.82    0.00    0.00    0.00   91.79
19:11:04     all    2.28    0.00    3.29    0.00    0.00    2.78    0.00    0.00    0.00   91.65
19:11:05     all    2.78    0.00    3.54    0.00    0.00    3.03    0.00    0.00    0.00   90.66
19:11:06     all    2.04    0.00    3.06    0.00    0.00    3.06    0.00    0.00    0.00   91.84
19:11:07     all    1.79    0.00    3.57    0.00    0.00    2.55    0.00    0.00    0.00   92.09
19:11:08     all    1.79    0.00    3.33    0.00    0.00    2.82    0.00    0.00    0.00   92.05
19:11:09     all    2.78    0.00    3.54    0.00    0.00    3.03    0.00    0.00    0.00   90.66
19:11:10     all    1.53    0.00    3.32    0.26    0.00    3.07    0.00    0.00    0.00   91.82
19:11:11     all    2.06    0.00    2.84    0.00    0.00    2.58    0.00    0.00    0.00   92.53
19:11:12     all    1.28    0.00    3.57    0.00    0.00    3.32    0.00    0.00    0.00   91.84
19:11:13     all    1.78    0.00    3.30    0.00    0.00    3.30    0.00    0.00    0.00   91.62
19:11:14     all    2.30    0.00    2.81    0.00    0.00    3.32    0.00    0.00    0.00   91.58
19:11:15     all    2.04    0.00    3.05    0.00    0.00    2.80    0.25    0.00    0.00   91.86
19:11:16     all    2.29    0.00    3.05    0.00    0.00    3.05    0.00    0.00    0.00   91.60
19:11:17     all    2.28    0.00    3.54    0.00    0.00    3.04    0.25    0.00    0.00   90.89
19:11:18     all    2.28    0.00    3.54    0.00    0.00    3.04    0.00    0.00    0.00   91.14
19:11:19     all    2.04    0.00    3.31    0.00    0.00    2.80    0.00    0.00    0.00   91.86
19:11:20     all    2.03    0.00    3.81    0.00    0.00    3.05    0.00    0.00    0.00   91.12
19:11:21     all    2.04    0.00    3.31    0.00    0.00    3.05    0.00    0.00    0.00   91.60
19:11:22     all    2.03    0.00    3.30    0.00    0.00    3.30    0.00    0.00    0.00   91.37
19:11:23     all    2.55    0.00    3.32    0.00    0.00    2.04    0.00    0.00    0.00   92.09
19:11:24     all    2.02    0.00    3.27    0.00    0.00    3.53    0.00    0.00    0.00   91.18
19:11:25     all    2.52    0.00    3.53    0.00    0.00    3.27    0.00    0.00    0.00   90.68
19:11:26     all    2.53    0.00    3.29    0.00    0.00    3.04    0.00    0.00    0.00   91.14
19:11:27     all    2.74    0.00    3.74    0.00    0.00    3.49    0.00    0.00    0.00   90.02
19:11:28     all    2.04    0.00    2.81    0.00    0.00    3.06    0.00    0.00    0.00   92.09
19:11:29     all    1.01    0.00    2.53    0.00    0.00    1.26    0.00    0.00    0.00   95.20
19:11:30     all    3.52    0.00    3.02    0.00    0.00    2.26    0.00    0.00    0.00   91.21
19:11:31     all    5.71    0.00    5.19    0.00    0.00    5.45    0.00    0.00    0.00   83.64
19:11:32     all    4.10    0.00    6.41    0.00    0.00    6.15    0.00    0.00    0.00   83.33
19:11:33     all    4.36    0.00    6.41    0.00    0.00    5.90    0.00    0.00    0.00   83.33
19:11:34     all    3.36    0.00    6.46    0.00    0.00    6.20    0.00    0.00    0.00   83.98
19:11:35     all    3.58    0.00    6.14    0.00    0.00    6.65    0.00    0.00    0.00   83.63
19:11:36     all    3.36    0.00    5.94    0.00    0.00    6.20    0.00    0.00    0.00   84.50
19:11:37     all    3.61    0.00    6.19    0.00    0.00    6.44    0.00    0.00    0.00   83.76
19:11:38     all    4.08    0.00    6.89    0.00    0.00    6.12    0.00    0.00    0.00   82.91
19:11:39     all    3.86    0.00    6.17    0.00    0.00    5.91    0.00    0.00    0.00   84.06
19:11:40     all    4.11    0.00    6.43    0.00    0.00    6.43    0.00    0.00    0.00   83.03
19:11:41     all    3.85    0.00    6.92    0.00    0.00    6.41    0.00    0.00    0.00   82.82
19:11:42     all    3.35    0.00    6.19    0.00    0.00    6.44    0.00    0.00    0.00   84.02
19:11:43     all    3.90    0.00    5.71    0.00    0.00    5.45    0.00    0.00    0.00   84.94
19:11:44     all    4.07    0.00    6.62    0.00    0.00    6.62    0.25    0.00    0.00   82.44
19:11:45     all    3.83    0.00    6.89    0.00    0.00    6.63    0.00    0.00    0.00   82.65
19:11:46     all    4.36    0.00    6.41    0.00    0.00    6.15    0.00    0.00    0.00   83.08
19:11:47     all    3.85    0.00    6.15    0.00    0.00    6.15    0.00    0.00    0.00   83.85
19:11:48     all    3.60    0.00    6.68    0.00    0.00    6.68    0.00    0.00    0.00   83.03
19:11:49     all    4.11    0.00    6.68    0.00    0.00    5.91    0.00    0.00    0.00   83.29
19:11:50     all    4.10    0.00    6.67    0.00    0.00    6.15    0.00    0.00    0.00   83.08
19:11:51     all    4.08    0.00    6.38    0.00    0.00    6.38    0.00    0.00    0.00   83.16
19:11:52     all    4.30    0.00    6.33    0.00    0.00    7.34    0.00    0.00    0.00   82.03
19:11:53     all    3.62    0.00    5.94    0.00    0.00    6.98    0.00    0.00    0.00   83.46
19:11:54     all    3.09    0.00    6.19    0.00    0.00    6.44    0.00    0.00    0.00   84.28
19:11:55     all    4.10    0.00    6.15    0.00    0.00    6.41    0.00    0.00    0.00   83.33
19:11:56     all    3.62    0.00    6.46    0.00    0.00    6.46    0.00    0.00    0.00   83.46
19:11:57     all    4.15    0.00    6.99    0.00    0.00    5.18    0.00    0.00    0.00   83.68
19:11:58     all    4.19    0.00    6.02    0.00    0.00    4.19    0.00    0.00    0.00   85.60
19:11:59     all    2.78    0.00    4.04    0.00    0.00    3.28    0.25    0.00    0.00   89.65
19:12:00     all    5.05    0.00    2.53    0.00    0.00    1.77    0.00    0.00    0.00   90.66
19:12:01     all   15.58    0.00    5.78    0.00    0.00    6.28    0.00    0.00    0.00   72.36
19:12:02     all   13.04    0.00    8.44    0.00    0.00    7.42    0.00    0.00    0.00   71.10
19:12:03     all    8.67    0.00    9.18    0.00    0.00    8.16    0.26    0.00    0.00   73.72
19:12:04     all    4.16    0.00    9.61    0.00    0.00    6.23    0.00    0.00    0.00   80.00
19:12:05     all    4.80    0.00    9.85    0.00    0.00    9.09    0.00    0.00    0.00   76.26
19:12:06     all    4.06    0.00   10.15    0.00    0.00    8.38    0.00    0.00    0.00   77.41
19:12:07     all    4.25    0.00   11.00    0.00    0.00    8.00    0.00    0.00    0.00   76.75
19:12:08     all    4.05    0.00   10.63    0.00    0.00    7.85    0.00    0.00    0.00   77.47
19:12:09     all    4.58    0.00   10.94    0.00    0.00    6.87    0.00    0.00    0.00   77.61
19:12:10     all    4.08    0.00   10.46    0.26    0.00    8.16    0.00    0.00    0.00   77.04
19:12:11     all    3.25    0.00   12.50    0.00    0.00    9.00    0.00    0.00    0.00   75.25
19:12:12     all    4.52    0.00   10.80    0.00    0.00    8.79    0.00    0.00    0.00   75.88
19:12:13     all    4.11    0.00   10.54    0.00    0.00    6.94    0.00    0.00    0.00   78.41
19:12:14     all    4.82    0.00   11.17    0.00    0.00    7.87    0.00    0.00    0.00   76.14
19:12:15     all    4.00    0.00   11.50    0.00    0.00    8.25    0.00    0.00    0.00   76.25
19:12:16     all    4.11    0.00   10.80    0.00    0.00    7.46    0.00    0.00    0.00   77.63
19:12:17     all    4.08    0.00   10.71    0.00    0.00    6.63    0.00    0.00    0.00   78.57
19:12:18     all    4.28    0.00   10.33    0.00    0.00    7.81    0.00    0.00    0.00   77.58
19:12:19     all    4.53    0.00   10.83    0.00    0.00    8.06    0.00    0.00    0.00   76.57
19:12:20     all    3.81    0.00   10.66    0.00    0.00    8.38    0.00    0.00    0.00   77.16
19:12:21     all    4.59    0.00    9.95    0.00    0.00    8.16    0.00    0.00    0.00   77.30
19:12:22     all    4.27    0.00   10.30    0.00    0.00    8.29    0.00    0.00    0.00   77.14
19:12:23     all    4.28    0.00   10.58    0.00    0.00    9.07    0.00    0.00    0.00   76.07
19:12:24     all    4.53    0.00   10.58    0.00    0.00    8.06    0.00    0.00    0.00   76.83
19:12:25     all    4.31    0.00    9.64    0.00    0.00    8.12    0.00    0.00    0.00   77.92
19:12:26     all    3.54    0.00   11.11    0.00    0.00    8.33    0.00    0.00    0.00   77.02
19:12:27     all    4.26    0.00   10.78    0.00    0.00    8.27    0.00    0.00    0.00   76.69
19:12:28     all    4.29    0.00   10.10    0.00    0.00    8.33    0.25    0.00    0.00   77.02
19:12:29     all    3.05    0.00    6.85    0.00    0.00    5.84    0.00    0.00    0.00   84.26
19:12:30     all    7.27    0.00    2.01    0.00    0.00    1.75    0.00    0.00    0.00   88.97
19:12:31     all   29.85    0.00    4.85    0.00    0.00    5.36    0.00    0.00    0.00   59.95
19:12:32     all   35.50    0.00    7.25    0.00    0.00    7.00    0.00    0.00    0.00   50.25
19:12:33     all   27.66    0.00    8.88    0.00    0.00    9.14    0.00    0.00    0.00   54.31
19:12:34     all   23.68    0.00   10.33    0.00    0.00    8.56    0.00    0.00    0.00   57.43
19:12:35     all   21.23    0.00   10.12    0.00    0.00    8.64    0.25    0.00    0.00   59.75
19:12:36     all   20.10    0.00   10.80    0.00    0.00    9.05    0.00    0.00    0.00   60.05
19:12:37     all   14.76    0.00   10.43    0.00    0.00    9.67    0.00    0.00    0.00   65.14
19:12:38     all   10.10    0.00   11.36    0.00    0.00    9.85    0.25    0.00    0.00   68.43
19:12:39     all    5.58    0.00   10.66    0.00    0.00    9.14    0.00    0.00    0.00   74.62
19:12:40     all    4.69    0.00    9.90    0.00    0.00    6.77    0.00    0.00    0.00   78.65
19:12:41     all    4.33    0.00   11.45    0.00    0.00    8.14    0.00    0.00    0.00   76.08
19:12:42     all    4.33    0.00   10.43    0.00    0.00    8.65    0.00    0.00    0.00   76.59
19:12:43     all    4.29    0.00   10.35    0.00    0.00    8.84    0.25    0.00    0.00   76.26
19:12:44     all    4.80    0.00   11.11    0.00    0.00    9.60    0.00    0.00    0.00   74.49
19:12:45     all    4.79    0.00    9.82    0.00    0.00    7.81    0.00    0.00    0.00   77.58
19:12:46     all    4.17    0.00   11.72    0.00    0.00    7.29    0.00    0.00    0.00   76.82
19:12:47     all    5.19    0.00   10.65    0.00    0.00    5.97    0.00    0.00    0.00   78.18
19:12:48     all    4.55    0.00   10.61    0.00    0.00    9.34    0.00    0.00    0.00   75.51
19:12:49     all    3.79    0.00   11.11    0.00    0.00    8.59    0.00    0.00    0.00   76.52
19:12:50     all    4.94    0.00   11.43    0.00    0.00    5.45    0.00    0.00    0.00   78.18
19:12:51     all    4.02    0.00   10.05    0.00    0.00    9.55    0.00    0.00    0.00   76.38
19:12:52     all    4.69    0.00   12.50    0.00    0.00    7.29    0.00    0.00    0.00   75.52
19:12:53     all    4.38    0.00   11.08    0.00    0.00    7.22    0.00    0.00    0.00   77.32
19:12:54     all    5.45    0.00   11.69    0.00    0.00    5.45    0.00    0.00    0.00   77.40
19:12:55     all    4.38    0.00   10.31    0.00    0.00    7.99    0.00    0.00    0.00   77.32
19:12:56     all    4.15    0.00   12.18    0.00    0.00    6.99    0.00    0.00    0.00   76.68
19:12:57     all    4.16    0.00   12.99    0.00    0.00    8.31    0.00    0.00    0.00   74.55
19:12:58     all    4.35    0.00   12.02    0.00    0.00    8.18    0.00    0.00    0.00   75.45
