Running 30s test @ http://10.116.0.2:8080/block?ms=100
  4 threads and 2000 connections
  Thread calibration: mean lat.: 109.228ms, rate sampling interval: 245ms
  Thread calibration: mean lat.: 111.243ms, rate sampling interval: 252ms
  Thread calibration: mean lat.: 109.328ms, rate sampling interval: 245ms
  Thread calibration: mean lat.: 109.683ms, rate sampling interval: 246ms
  Thread Stats   Avg      Stdev     Max   +/- Stdev
    Latency   109.56ms    9.47ms 172.93ms   84.44%
    Req/Sec     4.51k   203.74     5.19k    71.63%
  Latency Distribution (HdrHistogram - Recorded Latency)
 50.000%  106.50ms
 75.000%  114.56ms
 90.000%  123.14ms
 99.000%  140.54ms
 99.900%  150.65ms
 99.990%  158.34ms
 99.999%  165.76ms
100.000%  173.05ms

  Detailed Percentile spectrum:
       Value   Percentile   TotalCount 1/(1-Percentile)

     100.415     0.000000           30         1.00
     101.119     0.100000        34086         1.11
     101.567     0.200000        66600         1.25
     102.207     0.300000        94615         1.43
     104.127     0.400000       126516         1.67
     106.495     0.500000       157917         2.00
     107.775     0.550000       173504         2.22
     109.183     0.600000       188992         2.50
     110.719     0.650000       204613         2.86
     112.639     0.700000       220605         3.33
     114.559     0.750000       236321         4.00
     115.583     0.775000       244265         4.44
     116.671     0.800000       251921         5.00
     117.951     0.825000       259875         5.71
     119.423     0.850000       267731         6.67
     121.087     0.875000       275514         8.00
     122.047     0.887500       279427         8.89
     123.135     0.900000       283335        10.00
     124.287     0.912500       287235        11.43
     125.567     0.925000       291193        13.33
     127.167     0.937500       295125        16.00
     128.063     0.943750       297023        17.78
     129.087     0.950000       298986        20.00
     130.111     0.956250       300988        22.86
     131.327     0.962500       303101        26.67
     132.607     0.968750       304903        32.00
     133.503     0.971875       305985        35.56
     134.271     0.975000       306846        40.00
     135.295     0.978125       307858        45.71
     136.447     0.981250       308921        53.33
     137.599     0.984375       309865        64.00
     138.239     0.985938       310317        71.11
     139.135     0.987500       310835        80.00
     140.031     0.989062       311324        91.43
     140.927     0.990625       311787       106.67
     142.079     0.992188       312317       128.00
     142.591     0.992969       312513       142.22
     143.359     0.993750       312790       160.00
     143.999     0.994531       313012       182.86
     144.767     0.995313       313242       213.33
     145.791     0.996094       313493       256.00
     146.303     0.996484       313608       284.44
     146.943     0.996875       313739       320.00
     147.455     0.997266       313872       365.71
     147.967     0.997656       313979       426.67
     148.735     0.998047       314115       512.00
     148.991     0.998242       314160       568.89
     149.375     0.998437       314228       640.00
     149.887     0.998633       314306       731.43
     150.271     0.998828       314355       853.33
     150.655     0.999023       314405      1024.00
     151.039     0.999121       314440      1137.78
     151.551     0.999219       314476      1280.00
     151.935     0.999316       314503      1462.86
     152.447     0.999414       314535      1706.67
     152.831     0.999512       314563      2048.00
     152.959     0.999561       314574      2275.56
     153.215     0.999609       314592      2560.00
     153.599     0.999658       314606      2925.71
     154.239     0.999707       314625      3413.33
     155.007     0.999756       314637      4096.00
     155.519     0.999780       314645      4551.11
     156.031     0.999805       314651      5120.00
     156.415     0.999829       314659      5851.43
     157.055     0.999854       314667      6826.67
     157.951     0.999878       314676      8192.00
     158.079     0.999890       314678      9102.22
     158.463     0.999902       314684     10240.00
     158.591     0.999915       314686     11702.86
     160.255     0.999927       314689     13653.33
     161.279     0.999939       314693     16384.00
     161.663     0.999945       314695     18204.44
     161.791     0.999951       314698     20480.00
     161.919     0.999957       314699     23405.71
     162.303     0.999963       314701     27306.67
     163.071     0.999969       314703     32768.00
     163.455     0.999973       314704     36408.89
     163.583     0.999976       314707     40960.00
     163.583     0.999979       314707     46811.43
     163.583     0.999982       314707     54613.33
     164.351     0.999985       314708     65536.00
     164.351     0.999986       314708     72817.78
     165.759     0.999988       314710     81920.00
     165.759     0.999989       314710     93622.86
     165.759     0.999991       314710    109226.67
     165.759     0.999992       314710    131072.00
     165.759     0.999993       314710    145635.56
     171.391     0.999994       314711    163840.00
     171.391     0.999995       314711    187245.71
     171.391     0.999995       314711    218453.33
     171.391     0.999996       314711    262144.00
     171.391     0.999997       314711    291271.11
     173.055     0.999997       314712    327680.00
     173.055     1.000000       314712          inf
#[Mean    =      109.564, StdDeviation   =        9.470]
#[Max     =      172.928, Total count    =       314712]
#[Buckets =           27, SubBuckets     =         2048]
----------------------------------------------------------
  512762 requests in 30.00s, 41.57MB read
Requests/sec:  17092.00
Transfer/sec:      1.39MB
