Running 30s test @ http://10.116.0.2:8080/json
  4 threads and 256 connections
  Thread calibration: mean lat.: 2765.227ms, rate sampling interval: 9953ms
  Thread calibration: mean lat.: 2358.487ms, rate sampling interval: 9699ms
  Thread calibration: mean lat.: 2512.107ms, rate sampling interval: 10256ms
  Thread calibration: mean lat.: 3317.714ms, rate sampling interval: 11124ms
  Thread Stats   Avg      Stdev     Max   +/- Stdev
    Latency    11.82s     3.83s   23.40s    64.19%
    Req/Sec    11.24k   735.18    12.14k    40.00%
  Latency Distribution (HdrHistogram - Recorded Latency)
 50.000%   11.68s 
 75.000%   14.66s 
 90.000%   16.68s 
 99.000%   21.54s 
 99.900%   22.50s 
 99.990%   23.09s 
 99.999%   23.35s 
100.000%   23.41s 

  Detailed Percentile spectrum:
       Value   Percentile   TotalCount 1/(1-Percentile)

    4939.775     0.000000           18         1.00
    6823.935     0.100000        87029         1.11
    8085.503     0.200000       173700         1.25
    9273.343     0.300000       260891         1.43
   10452.991     0.400000       347331         1.67
   11681.791     0.500000       434544         2.00
   12271.615     0.550000       477893         2.22
   12853.247     0.600000       521060         2.50
   13451.263     0.650000       564669         2.86
   14049.279     0.700000       607969         3.33
   14655.487     0.750000       651231         4.00
   14950.399     0.775000       672999         4.44
   15245.311     0.800000       694773         5.00
   15532.031     0.825000       716082         5.71
   15876.095     0.850000       737750         6.67
   16269.311     0.875000       759419         8.00
   16474.111     0.887500       770643         8.89
   16678.911     0.900000       781453        10.00
   16891.903     0.912500       792764        11.43
   17137.663     0.925000       802938        13.33
   17694.719     0.937500       813829        16.00
   18022.399     0.943750       819279        17.78
   18366.463     0.950000       824636        20.00
   18759.679     0.956250       830130        22.86
   19202.047     0.962500       835504        26.67
   19677.183     0.968750       840928        32.00
   19922.943     0.971875       843537        35.56
   20201.471     0.975000       846295        40.00
   20463.615     0.978125       849017        45.71
   20742.143     0.981250       851767        53.33
   21020.671     0.984375       854372        64.00
   21168.127     0.985938       855768        71.11
   21315.583     0.987500       857151        80.00
   21463.039     0.989062       858523        91.43
   21610.495     0.990625       859813       106.67
   21774.335     0.992188       861208       128.00
   21856.255     0.992969       861873       142.22
   21938.175     0.993750       862615       160.00
   22003.711     0.994531       863205       182.86
   22085.631     0.995313       863963       213.33
   22151.167     0.996094       864539       256.00
   22200.319     0.996484       864998       284.44
   22233.087     0.996875       865287       320.00
   22265.855     0.997266       865562       365.71
   22315.007     0.997656       865938       426.67
   22364.159     0.998047       866272       512.00
   22380.543     0.998242       866382       568.89
   22413.311     0.998437       866586       640.00
   22446.079     0.998633       866792       731.43
   22478.847     0.998828       866986       853.33
   22495.231     0.999023       867083      1024.00
   22511.615     0.999121       867181      1137.78
   22527.999     0.999219       867267      1280.00
   22560.767     0.999316       867332      1462.86
   22609.919     0.999414       867409      1706.67
   22675.455     0.999512       867492      2048.00
   22708.223     0.999561       867535      2275.56
   22740.991     0.999609       867571      2560.00
   22790.143     0.999658       867621      2925.71
   22839.295     0.999707       867659      3413.33
   22888.447     0.999756       867696      4096.00
   22921.215     0.999780       867722      4551.11
   22953.983     0.999805       867744      5120.00
   22986.751     0.999829       867765      5851.43
   23019.519     0.999854       867787      6826.67
   23052.287     0.999878       867809      8192.00
   23068.671     0.999890       867818      9102.22
   23085.055     0.999902       867829     10240.00
   23101.439     0.999915       867840     11702.86
   23117.823     0.999927       867847     13653.33
   23150.591     0.999939       867862     16384.00
   23150.591     0.999945       867862     18204.44
   23166.975     0.999951       867866     20480.00
   23183.359     0.999957       867871     23405.71
   23199.743     0.999963       867876     27306.67
   23232.511     0.999969       867883     32768.00
   23248.895     0.999973       867885     36408.89
   23265.279     0.999976       867887     40960.00
   23281.663     0.999979       867890     46811.43
   23298.047     0.999982       867892     54613.33
   23314.431     0.999985       867895     65536.00
   23330.815     0.999986       867897     72817.78
   23330.815     0.999988       867897     81920.00
   23347.199     0.999989       867899     93622.86
   23363.583     0.999991       867902    109226.67
   23363.583     0.999992       867902    131072.00
   23363.583     0.999993       867902    145635.56
   23363.583     0.999994       867902    163840.00
   23379.967     0.999995       867904    187245.71
   23379.967     0.999995       867904    218453.33
   23379.967     0.999996       867904    262144.00
   23396.351     0.999997       867906    291271.11
   23396.351     0.999997       867906    327680.00
   23396.351     0.999997       867906    374491.43
   23396.351     0.999998       867906    436906.67
   23396.351     0.999998       867906    524288.00
   23396.351     0.999998       867906    582542.22
   23396.351     0.999998       867906    655360.00
   23396.351     0.999999       867906    748982.86
   23412.735     0.999999       867907    873813.33
   23412.735     1.000000       867907          inf
#[Mean    =    11818.740, StdDeviation   =     3826.946]
#[Max     =    23396.352, Total count    =       867907]
#[Buckets =           27, SubBuckets     =         2048]
----------------------------------------------------------
  1317192 requests in 30.00s, 123.10MB read
Requests/sec:  43907.04
Transfer/sec:      4.10MB
