Linux 6.8.0-142-generic (cafeai-bench-server) 	10/01/26 	_x86_64_	(4 CPU)

19:06:57     CPU    %usr   %nice    %sys %iowait    %irq   %soft  %steal  %guest  %gnice   %idle
19:06:58     all    8.96    0.00    1.49    0.00    0.00    0.50    0.00    0.00    0.00   89.05
19:06:59     all   93.70    0.00    3.53    0.00    0.00    1.26    0.00    0.00    0.00    1.51
19:07:00     all   89.47    0.00    6.77    0.00    0.00    3.01    0.00    0.00    0.00    0.75
19:07:01     all   88.06    0.00    7.46    0.00    0.00    3.48    0.25    0.00    0.00    0.75
19:07:02     all   88.50    0.00    6.75    0.00    0.00    4.25    0.00    0.00    0.00    0.50
19:07:03     all   86.25    0.00    8.25    0.00    0.00    5.00    0.00    0.00    0.00    0.50
19:07:04     all   85.93    0.00    7.79    0.00    0.00    5.78    0.00    0.00    0.00    0.50
19:07:05     all   83.04    0.00    9.73    0.00    0.00    5.99    0.00    0.00    0.00    1.25
19:07:06     all   80.20    0.00   12.03    0.00    0.00    7.02    0.00    0.00    0.00    0.75
19:07:07     all   72.68    0.00   17.04    0.00    0.00    9.02    0.00    0.00    0.00    1.25
19:07:08     all   67.67    0.00   19.55    0.00    0.00   10.78    0.00    0.00    0.00    2.01
19:07:09     all   63.16    0.00   21.80    0.00    0.00   13.53    0.00    0.00    0.00    1.50
19:07:10     all   58.73    0.00   20.51    0.00    0.00   17.22    0.25    0.00    0.00    3.29
19:07:11     all   34.78    0.00   13.62    0.00    0.00   16.52    0.29    0.00    0.00   34.78
19:07:12     all   30.14    0.00   10.14    0.00    0.00   17.75    0.00    0.00    0.00   41.97
19:07:13     all   25.51    0.00    9.69    0.00    0.00   12.50    0.26    0.00    0.00   52.04
19:07:14     all   23.91    0.00    9.25    0.00    0.00   14.14    0.00    0.00    0.00   52.70
19:07:15     all   24.16    0.00    9.87    0.00    0.00   13.51    0.00    0.00    0.00   52.47
19:07:16     all   24.24    0.00    9.34    0.00    0.00   14.14    0.25    0.00    0.00   52.02
19:07:17     all   23.72    0.00    8.67    0.00    0.00   13.01    0.77    0.00    0.00   53.83
19:07:18     all   24.56    0.00    9.87    0.00    0.00   13.42    0.00    0.00    0.00   52.15
19:07:19     all   23.95    0.00    8.95    0.00    0.00   13.42    0.00    0.00    0.00   53.68
19:07:20     all   24.55    0.00    9.97    0.00    0.00   12.79    0.26    0.00    0.00   52.43
19:07:21     all   24.16    0.00    9.51    0.00    0.00   13.37    0.00    0.00    0.00   52.96
19:07:22     all   24.35    0.00    9.07    0.00    0.00   12.95    0.26    0.00    0.00   53.37
19:07:23     all   24.04    0.00    9.21    0.00    0.00   13.81    0.26    0.00    0.00   52.69
19:07:24     all   23.27    0.00   10.74    0.00    0.00   13.04    0.26    0.00    0.00   52.69
19:07:25     all   24.62    0.00   11.03    0.00    0.00   12.56    0.00    0.00    0.00   51.79
19:07:26     all   25.26    0.00    8.42    0.00    0.00   13.27    0.51    0.00    0.00   52.55
19:07:27     all   24.11    0.00    9.90    0.00    0.00   13.71    0.00    0.00    0.00   52.28
19:07:28     all   28.90    0.00    8.18    0.00    0.00   12.28    0.26    0.00    0.00   50.38
19:07:29     all   69.74    0.00    3.08    0.00    0.00    1.54    0.00    0.00    0.00   25.64
19:07:30     all   86.00    0.00    8.00    0.00    0.00    4.25    0.00    0.00    0.00    1.75
19:07:31     all   85.18    0.00    9.30    0.00    0.00    4.02    0.00    0.00    0.00    1.51
19:07:32     all   72.11    0.00   12.81    0.00    0.00    5.28    0.00    0.00    0.00    9.80
19:07:33     all   28.28    0.00   11.31    0.00    0.00    4.63    0.26    0.00    0.00   55.53
19:07:34     all   23.71    0.00   11.60    0.00    0.00    4.90    0.00    0.00    0.00   59.79
19:07:35     all   23.56    0.00    9.95    0.00    0.00    3.93    0.00    0.00    0.00   62.57
19:07:36     all   22.74    0.00   10.34    0.00    0.00    4.39    0.00    0.00    0.00   62.53
19:07:37     all   20.52    0.00   10.65    0.00    0.00    4.16    0.00    0.00    0.00   64.68
19:07:38     all   20.47    0.00   10.62    0.00    0.00    3.89    0.00    0.00    0.00   65.03
19:07:39     all   20.82    0.00   10.28    0.00    0.00    4.63    0.00    0.00    0.00   64.27
19:07:40     all   19.64    0.00    9.95    0.00    0.00    4.59    0.00    0.00    0.00   65.82
19:07:41     all   21.76    0.00    9.33    0.00    0.00    4.66    0.00    0.00    0.00   64.25
19:07:42     all   20.05    0.00   11.31    0.00    0.00    3.86    0.26    0.00    0.00   64.52
19:07:43     all   21.35    0.00    9.11    0.00    0.00    4.69    0.00    0.00    0.00   64.84
19:07:44     all   20.51    0.00   10.26    0.00    0.00    4.36    0.26    0.00    0.00   64.62
19:07:45     all   19.38    0.00   10.85    0.00    0.00    4.39    0.00    0.00    0.00   65.37
19:07:46     all   20.89    0.00    9.66    0.00    0.00    4.44    0.26    0.00    0.00   64.75
19:07:47     all   21.01    0.00    9.62    0.00    0.00    4.56    0.00    0.00    0.00   64.81
19:07:48     all   21.15    0.00   10.18    0.00    0.00    3.39    0.00    0.00    0.00   65.27
19:07:49     all   21.54    0.00   10.00    0.00    0.00    4.36    0.00    0.00    0.00   64.10
19:07:50     all   20.97    0.00   10.23    0.00    0.00    4.86    0.00    0.00    0.00   63.94
19:07:51     all   19.48    0.00   10.39    0.00    0.00    3.90    0.00    0.00    0.00   66.23
19:07:52     all   19.85    0.00   10.31    0.00    0.00    4.64    0.00    0.00    0.00   65.21
19:07:53     all   19.95    0.00   10.10    0.00    0.00    4.15    0.26    0.00    0.00   65.54
19:07:54     all   20.00    0.00    9.74    0.00    0.00    5.13    0.00    0.00    0.00   65.13
19:07:55     all   20.16    0.00    9.16    0.00    0.00    4.45    0.00    0.00    0.00   66.23
19:07:56     all   19.17    0.00   10.10    0.00    0.00    4.40    0.00    0.00    0.00   66.32
19:07:57     all   20.98    0.00    9.84    0.00    0.00    4.15    0.00    0.00    0.00   65.03
19:07:58     all   23.66    0.00   10.18    0.00    0.00    4.83    0.00    0.00    0.00   61.32
19:07:59     all   45.90    0.00   10.77    0.00    0.00   10.26    0.00    0.00    0.00   33.08
19:08:00     all   24.37    0.00    8.88    0.00    0.00   12.18    0.00    0.00    0.00   54.57
19:08:01     all   24.37    0.00    8.88    0.00    0.00   12.18    0.25    0.00    0.00   54.31
19:08:02     all   24.25    0.00    8.75    0.00    0.00   12.50    0.50    0.00    0.00   54.00
19:08:03     all   24.18    0.00    9.32    0.00    0.00   11.84    0.00    0.00    0.00   54.66
19:08:04     all   23.54    0.00    9.37    0.00    0.00   12.41    0.25    0.00    0.00   54.43
19:08:05     all   23.25    0.00    9.75    0.00    0.00   12.75    0.00    0.00    0.00   54.25
19:08:06     all   23.75    0.00    8.50    0.00    0.00   12.50    0.00    0.00    0.00   55.25
19:08:07     all   24.69    0.00    9.82    0.00    0.00   11.08    0.00    0.00    0.00   54.41
19:08:08     all   23.16    0.00    8.91    0.00    0.00   12.98    0.00    0.00    0.00   54.96
19:08:09     all   24.00    0.00   10.25    0.00    0.00   12.00    0.25    0.00    0.00   53.50
19:08:10     all   24.88    0.00    9.20    0.00    0.00   12.19    0.25    0.00    0.00   53.48
19:08:11     all   25.63    0.00    9.14    0.00    0.00   10.91    0.00    0.00    0.00   54.31
19:08:12     all   23.92    0.00    9.41    0.00    0.00   11.20    0.25    0.00    0.00   55.22
19:08:13     all   22.14    0.00    9.41    0.00    0.00   13.23    0.00    0.00    0.00   55.22
19:08:14     all   24.20    0.00    8.64    0.00    0.00   13.09    0.25    0.00    0.00   53.83
19:08:15     all   25.75    0.00    9.25    0.00    0.00   10.50    0.25    0.00    0.00   54.25
19:08:16     all   25.58    0.00    9.21    0.00    0.00   10.49    0.00    0.00    0.00   54.73
19:08:17     all   24.56    0.00    9.52    0.00    0.00   12.03    0.25    0.00    0.00   53.63
19:08:18     all   23.54    0.00    9.37    0.00    0.00   12.41    0.25    0.00    0.00   54.43
19:08:19     all   22.92    0.00    9.57    0.00    0.00   13.35    0.00    0.00    0.00   54.16
19:08:20     all   22.86    0.00    9.80    0.00    0.00   13.07    0.00    0.00    0.00   54.27
19:08:21     all   22.17    0.00   10.08    0.00    0.00   13.10    0.00    0.00    0.00   54.66
19:08:22     all   24.11    0.00    9.39    0.00    0.00   12.18    0.00    0.00    0.00   54.31
19:08:23     all   24.74    0.00    8.67    0.00    0.00   11.99    0.26    0.00    0.00   54.34
19:08:24     all   23.69    0.00    8.98    0.25    0.00   12.97    0.25    0.00    0.00   53.87
19:08:25     all   24.18    0.00    8.82    0.00    0.00   12.34    0.00    0.00    0.00   54.66
19:08:26     all   23.69    0.00    9.23    0.00    0.00   13.47    0.25    0.00    0.00   53.37
19:08:27     all   23.63    0.00    9.70    0.00    0.00   12.94    0.25    0.00    0.00   53.48
19:08:28     all   23.08    0.00    9.93    0.00    0.00   13.65    0.00    0.00    0.00   53.35
19:08:29     all   30.11    0.00   10.22    0.00    0.00   10.77    0.00    0.00    0.00   48.90
19:08:30     all   47.21    0.00   16.13    0.00    0.00   19.06    0.00    0.00    0.00   17.60
19:08:31     all   48.68    0.00   16.72    0.00    0.00   18.77    0.00    0.00    0.00   15.84
19:08:32     all   49.12    0.00   15.88    0.00    0.00   19.41    0.00    0.00    0.00   15.59
19:08:33     all   47.97    0.00   17.44    0.00    0.00   19.19    0.00    0.00    0.00   15.41
19:08:34     all   51.52    0.00   18.46    0.00    0.00   21.49    0.28    0.00    0.00    8.26
19:08:35     all   51.54    0.00   18.49    0.00    0.00   19.05    0.00    0.00    0.00   10.92
19:08:36     all   49.14    0.00   17.71    0.00    0.00   18.57    0.29    0.00    0.00   14.29
19:08:37     all   50.14    0.00   17.65    0.00    0.00   17.93    0.28    0.00    0.00   14.01
19:08:38     all   53.06    0.00   17.78    0.00    0.00   19.44    0.00    0.00    0.00    9.72
19:08:39     all   52.22    0.00   19.17    0.00    0.00   20.28    0.28    0.00    0.00    8.06
19:08:40     all   50.85    0.00   18.75    0.00    0.00   18.18    0.28    0.00    0.00   11.93
19:08:41     all   52.56    0.00   18.18    0.00    0.00   18.18    0.00    0.00    0.00   11.08
19:08:42     all   53.14    0.00   16.86    0.00    0.00   22.57    0.29    0.00    0.00    7.14
19:08:43     all   48.40    0.00   18.08    0.00    0.00   18.66    0.00    0.00    0.00   14.87
19:08:44     all   48.26    0.00   17.15    0.00    0.00   19.77    0.00    0.00    0.00   14.83
19:08:45     all   48.67    0.00   17.40    0.00    0.00   19.17    0.00    0.00    0.00   14.75
19:08:46     all   49.12    0.00   16.76    0.00    0.00   19.41    0.00    0.00    0.00   14.71
19:08:47     all   47.97    0.00   15.99    0.00    0.00   20.35    0.00    0.00    0.00   15.70
19:08:48     all   51.53    0.00   18.11    0.00    0.00   22.84    0.28    0.00    0.00    7.24
19:08:49     all   53.57    0.00   17.31    0.00    0.00   21.98    0.27    0.00    0.00    6.87
19:08:50     all   50.00    0.00   18.13    0.00    0.00   19.01    0.00    0.00    0.00   12.87
19:08:51     all   53.07    0.00   17.32    0.00    0.00   21.51    0.00    0.00    0.00    8.10
19:08:52     all   53.41    0.00   18.18    0.00    0.00   20.17    0.00    0.00    0.00    8.24
19:08:53     all   48.27    0.00   18.50    0.00    0.00   18.50    0.00    0.00    0.00   14.74
19:08:54     all   51.26    0.00   18.77    0.00    0.00   20.17    0.28    0.00    0.00    9.52
19:08:55     all   51.70    0.00   18.18    0.00    0.00   21.31    0.00    0.00    0.00    8.81
19:08:56     all   49.57    0.00   18.26    0.00    0.00   20.87    0.00    0.00    0.00   11.30
19:08:57     all   49.71    0.00   18.39    0.00    0.00   20.98    0.00    0.00    0.00   10.92
19:08:58     all   50.70    0.00   18.59    0.00    0.00   17.75    0.56    0.00    0.00   12.39
19:08:59     all   40.47    0.00   15.25    0.00    0.00   17.01    0.00    0.00    0.00   27.27
19:09:00     all   63.61    0.00   18.85    0.00    0.00   15.45    0.00    0.00    0.00    2.09
19:09:01     all   66.42    0.00   20.65    0.00    0.00   12.44    0.00    0.00    0.00    0.50
19:09:02     all   65.91    0.00   21.46    0.00    0.00   12.37    0.00    0.00    0.00    0.25
19:09:03     all   66.58    0.00   19.95    0.00    0.00   12.72    0.00    0.00    0.00    0.75
19:09:04     all   64.93    0.00   22.14    0.00    0.00   12.19    0.50    0.00    0.00    0.25
19:09:05     all   66.92    0.00   20.30    0.00    0.00   12.53    0.00    0.00    0.00    0.25
19:09:06     all   65.00    0.00   22.00    0.00    0.00   12.00    0.00    0.00    0.00    1.00
19:09:07     all   65.58    0.00   22.11    0.00    0.00   12.31    0.00    0.00    0.00    0.00
19:09:08     all   65.66    0.00   21.30    0.00    0.00   12.53    0.00    0.00    0.00    0.50
19:09:09     all   66.08    0.00   20.95    0.00    0.00   12.22    0.00    0.00    0.00    0.75
19:09:10     all   66.50    0.00   21.16    0.00    0.00   12.34    0.00    0.00    0.00    0.00
19:09:11     all   65.91    0.00   22.56    0.00    0.00   11.03    0.00    0.00    0.00    0.50
19:09:12     all   66.42    0.00   19.90    0.00    0.00   12.69    0.00    0.00    0.00    1.00
19:09:13     all   63.66    0.00   22.31    0.00    0.00   13.03    0.00    0.00    0.00    1.00
19:09:14     all   65.34    0.00   21.70    0.00    0.00   11.97    0.00    0.00    0.00    1.00
19:09:15     all   67.17    0.00   20.55    0.00    0.00   12.28    0.00    0.00    0.00    0.00
19:09:16     all   64.93    0.00   21.64    0.00    0.00   12.44    0.00    0.00    0.00    1.00
19:09:17     all   66.33    0.00   20.60    0.00    0.00   13.07    0.00    0.00    0.00    0.00
19:09:18     all   66.92    0.00   20.80    0.00    0.00   12.03    0.00    0.00    0.00    0.25
19:09:19     all   65.50    0.00   21.50    0.00    0.00   12.25    0.00    0.00    0.00    0.75
19:09:20     all   66.83    0.00   20.60    0.00    0.00   11.81    0.00    0.00    0.00    0.75
19:09:21     all   65.59    0.00   20.70    0.00    0.00   12.72    0.25    0.00    0.00    0.75
19:09:22     all   65.59    0.00   21.20    0.00    0.00   12.22    0.00    0.00    0.00    1.00
19:09:23     all   65.25    0.00   21.00    0.00    0.00   13.25    0.00    0.00    0.00    0.50
19:09:24     all   65.58    0.00   21.36    0.00    0.00   12.31    0.00    0.00    0.00    0.75
19:09:25     all   64.34    0.00   21.70    0.00    0.00   12.72    0.25    0.00    0.00    1.00
19:09:26     all   65.34    0.00   20.70    0.00    0.00   12.97    0.25    0.00    0.00    0.75
19:09:27     all   65.50    0.00   20.00    0.00    0.00   13.50    0.25    0.00    0.00    0.75
19:09:28     all   64.32    0.00   21.11    0.00    0.00   13.32    0.00    0.00    0.00    1.26
19:09:29     all   43.75    0.00   15.62    0.00    0.00    5.62    0.00    0.00    0.00   35.00
19:09:30     all   63.82    0.00   20.67    0.00    0.00   12.92    0.00    0.00    0.00    2.58
19:09:31     all   65.25    0.00   20.75    0.00    0.00   13.75    0.00    0.00    0.00    0.25
19:09:32     all   64.50    0.00   22.00    0.00    0.00   12.75    0.00    0.00    0.00    0.75
19:09:33     all   64.57    0.00   21.11    0.00    0.00   14.07    0.00    0.00    0.00    0.25
19:09:34     all   64.25    0.00   21.50    0.00    0.00   13.50    0.00    0.00    0.00    0.75
19:09:35     all   64.09    0.00   20.70    0.00    0.00   14.96    0.00    0.00    0.00    0.25
19:09:36     all   63.75    0.00   21.25    0.00    0.00   14.25    0.00    0.00    0.00    0.75
19:09:37     all   65.08    0.00   20.85    0.00    0.00   13.82    0.00    0.00    0.00    0.25
19:09:38     all   64.25    0.00   21.00    0.00    0.00   14.25    0.00    0.00    0.00    0.50
19:09:39     all   63.75    0.00   22.25    0.00    0.00   13.75    0.00    0.00    0.00    0.25
19:09:40     all   65.24    0.00   21.41    0.00    0.00   13.10    0.00    0.00    0.00    0.25
19:09:41     all   66.50    0.00   20.75    0.00    0.00   12.00    0.00    0.00    0.00    0.75
19:09:42     all   65.59    0.00   21.70    0.00    0.00   12.22    0.00    0.00    0.00    0.50
19:09:43     all   63.91    0.00   23.56    0.00    0.00   11.78    0.00    0.00    0.00    0.75
19:09:44     all   66.92    0.00   21.55    0.00    0.00   11.28    0.00    0.00    0.00    0.25
19:09:45     all   68.41    0.00   19.65    0.00    0.00   11.69    0.00    0.00    0.00    0.25
19:09:46     all   66.42    0.00   22.31    0.00    0.00   10.53    0.00    0.00    0.00    0.75
19:09:47     all   66.50    0.00   21.75    0.00    0.00   10.75    0.00    0.00    0.00    1.00
19:09:48     all   66.42    0.00   24.06    0.00    0.00    9.52    0.00    0.00    0.00    0.00
19:09:49     all   67.67    0.00   22.06    0.00    0.00    9.27    0.00    0.00    0.00    1.00
19:09:50     all   68.58    0.00   22.69    0.00    0.00    7.73    0.25    0.00    0.00    0.75
19:09:51     all   68.17    0.00   23.81    0.00    0.00    7.52    0.25    0.00    0.00    0.25
19:09:52     all   69.83    0.00   21.45    0.00    0.00    7.73    0.25    0.00    0.00    0.75
19:09:53     all   68.67    0.00   21.80    0.00    0.00    8.77    0.00    0.00    0.00    0.75
19:09:54     all   66.42    0.00   23.13    0.00    0.00    9.45    0.25    0.00    0.00    0.75
19:09:55     all   68.67    0.00   20.30    0.00    0.00   10.78    0.00    0.00    0.00    0.25
19:09:56     all   66.42    0.00   21.14    0.00    0.00   11.19    0.00    0.00    0.00    1.24
19:09:57     all   64.66    0.00   21.80    0.00    0.00   13.03    0.00    0.00    0.00    0.50
19:09:58     all   65.91    0.00   21.55    0.00    0.00   11.28    0.00    0.00    0.00    1.25
19:09:59     all   54.97    0.00   17.54    0.00    0.00    7.85    0.00    0.00    0.00   19.63
19:10:00     all   65.50    0.00   21.50    0.00    0.00   12.25    0.00    0.00    0.00    0.75
19:10:01     all   66.75    0.00   20.75    0.00    0.00   12.25    0.00    0.00    0.00    0.25
19:10:02     all   66.33    0.00   21.70    0.00    0.00   11.97    0.00    0.00    0.00    0.00
19:10:03     all   66.00    0.00   21.25    0.00    0.00   12.00    0.00    0.00    0.00    0.75
19:10:04     all   65.66    0.00   21.97    0.00    0.00   12.12    0.00    0.00    0.00    0.25
19:10:05     all   65.84    0.00   21.20    0.00    0.00   12.47    0.00    0.00    0.00    0.50
19:10:06     all   65.16    0.00   22.06    0.00    0.00   12.28    0.00    0.00    0.00    0.50
19:10:07     all   66.17    0.00   21.55    0.00    0.00   11.53    0.00    0.00    0.00    0.75
19:10:08     all   64.41    0.00   22.81    0.00    0.00   12.03    0.00    0.00    0.00    0.75
19:10:09     all   65.51    0.00   21.09    0.00    0.00   11.91    0.00    0.00    0.00    1.49
19:10:10     all   66.33    0.00   21.36    0.00    0.00   12.06    0.00    0.00    0.00    0.25
19:10:11     all   65.66    0.00   21.30    0.00    0.00   12.28    0.00    0.00    0.00    0.75
19:10:12     all   65.91    0.00   21.30    0.00    0.00   12.53    0.00    0.00    0.00    0.25
19:10:13     all   64.75    0.00   21.50    0.00    0.00   13.00    0.00    0.00    0.00    0.75
19:10:14     all   65.00    0.00   22.00    0.00    0.00   12.00    0.00    0.00    0.00    1.00
19:10:15     all   66.50    0.00   20.91    0.00    0.00   12.34    0.00    0.00    0.00    0.25
19:10:16     all   64.68    0.00   21.89    0.00    0.00   12.44    0.00    0.00    0.00    1.00
19:10:17     all   64.91    0.00   22.06    0.00    0.00   11.78    0.00    0.00    0.00    1.25
19:10:18     all   66.67    0.00   20.55    0.00    0.00   11.28    0.25    0.00    0.00    1.25
19:10:19     all   65.84    0.00   20.95    0.00    0.00   12.47    0.25    0.00    0.00    0.50
19:10:20     all   65.58    0.00   21.86    0.00    0.00   11.81    0.00    0.00    0.00    0.75
19:10:21     all   66.33    0.00   21.45    0.00    0.00   11.47    0.25    0.00    0.00    0.50
19:10:22     all   65.41    0.00   21.80    0.00    0.00   12.28    0.00    0.00    0.00    0.50
19:10:23     all   64.82    0.00   22.36    0.00    0.00   12.31    0.00    0.00    0.00    0.50
19:10:24     all   66.75    0.00   21.34    0.00    0.00   11.41    0.00    0.00    0.00    0.50
19:10:25     all   65.17    0.00   22.39    0.00    0.00   11.69    0.25    0.00    0.00    0.50
19:10:26     all   64.99    0.00   21.91    0.00    0.00   12.09    0.00    0.00    0.00    1.01
19:10:27     all   65.66    0.00   21.55    0.00    0.00   12.28    0.00    0.00    0.00    0.50
19:10:28     all   67.34    0.00   20.85    0.00    0.00   11.56    0.00    0.00    0.00    0.25
19:10:29     all   55.87    0.00   18.62    0.00    0.00    9.95    0.00    0.00    0.00   15.56
19:10:30     all   66.17    0.00   21.80    0.00    0.00   11.03    0.00    0.00    0.00    1.00
19:10:31     all   65.99    0.00   21.16    0.00    0.00   12.85    0.00    0.00    0.00    0.00
19:10:32     all   65.25    0.00   21.50    0.00    0.00   12.25    0.00    0.00    0.00    1.00
19:10:33     all   66.33    0.00   21.45    0.00    0.00   11.72    0.00    0.00    0.00    0.50
19:10:34     all   64.32    0.00   22.11    0.00    0.00   12.31    0.00    0.00    0.00    1.26
19:10:35     all   65.00    0.00   21.25    0.00    0.00   13.00    0.00    0.00    0.00    0.75
19:10:36     all   64.59    0.00   21.95    0.00    0.00   12.47    0.00    0.00    0.00    1.00
19:10:37     all   65.99    0.00   21.91    0.00    0.00   11.84    0.00    0.00    0.00    0.25
19:10:38     all   67.50    0.00   19.75    0.00    0.00   11.50    0.00    0.00    0.00    1.25
19:10:39     all   66.17    0.00   21.80    0.00    0.00   11.78    0.00    0.00    0.00    0.25
19:10:40     all   66.92    0.00   22.14    0.00    0.00   10.20    0.00    0.00    0.00    0.75
19:10:41     all   68.09    0.00   21.61    0.00    0.00   10.05    0.00    0.00    0.00    0.25
19:10:42     all   68.67    0.00   21.80    0.00    0.00    8.27    0.00    0.00    0.00    1.25
19:10:43     all   69.33    0.00   21.70    0.00    0.00    8.48    0.00    0.00    0.00    0.50
19:10:44     all   68.67    0.00   22.81    0.00    0.00    7.27    0.25    0.00    0.00    1.00
19:10:45     all   68.17    0.00   23.06    0.00    0.00    8.02    0.00    0.00    0.00    0.75
19:10:46     all   68.25    0.00   23.00    0.00    0.00    7.75    0.25    0.00    0.00    0.75
19:10:47     all   66.67    0.00   23.31    0.00    0.00    9.52    0.00    0.00    0.00    0.50
19:10:48     all   66.83    0.00   23.12    0.00    0.00    9.30    0.00    0.00    0.00    0.75
19:10:49     all   67.08    0.00   22.19    0.00    0.00   10.22    0.00    0.00    0.00    0.50
19:10:50     all   66.00    0.00   22.33    0.00    0.00   10.42    0.00    0.00    0.00    1.24
19:10:51     all   65.66    0.00   22.73    0.00    0.00   10.86    0.00    0.00    0.00    0.76
19:10:52     all   65.84    0.00   21.70    0.00    0.00   11.47    0.00    0.00    0.00    1.00
19:10:53     all   65.50    0.00   22.50    0.00    0.00   11.75    0.00    0.00    0.00    0.25
19:10:54     all   66.08    0.00   20.85    0.00    0.00   12.81    0.00    0.00    0.00    0.25
19:10:55     all   65.09    0.00   21.45    0.00    0.00   12.97    0.00    0.00    0.00    0.50
19:10:56     all   65.66    0.00   21.80    0.00    0.00   12.03    0.00    0.00    0.00    0.50
19:10:57     all   66.08    0.00   20.45    0.00    0.00   12.72    0.00    0.00    0.00    0.75
19:10:58     all   64.82    0.00   22.36    0.00    0.00   12.06    0.25    0.00    0.00    0.50
19:10:59     all    9.73    0.00    3.99    0.00    0.00    2.00    0.00    0.00    0.00   84.29
19:11:00     all   21.83    0.00    5.84    0.00    0.00    4.57    0.25    0.00    0.00   67.51
19:11:01     all   20.72    0.00    6.39    0.00    0.00    3.58    0.00    0.00    0.00   69.31
19:11:02     all   20.20    0.00    8.95    0.00    0.00    3.32    0.00    0.00    0.00   67.52
19:11:03     all   20.25    0.00    9.62    0.00    0.00    3.29    0.00    0.00    0.00   66.84
19:11:04     all   19.90    0.00    8.16    0.00    0.00    3.57    0.00    0.00    0.00   68.37
19:11:05     all   20.46    0.00    9.72    0.00    0.00    2.56    0.00    0.00    0.00   67.26
19:11:06     all   21.23    0.00    8.18    0.00    0.00    3.58    0.00    0.00    0.00   67.01
19:11:07     all   19.69    0.00   10.23    0.00    0.00    3.32    0.00    0.00    0.00   66.75
19:11:08     all   19.49    0.00   10.26    0.00    0.00    3.08    0.00    0.00    0.00   67.18
19:11:09     all   20.72    0.00    9.21    0.00    0.00    3.32    0.00    0.00    0.00   66.75
19:11:10     all   19.13    0.00    9.69    0.00    0.00    3.57    0.00    0.00    0.00   67.60
19:11:11     all   20.61    0.00    9.41    0.00    0.00    3.05    0.00    0.00    0.00   66.92
19:11:12     all   20.15    0.00    8.93    0.00    0.00    3.57    0.00    0.00    0.00   67.35
19:11:13     all   19.54    0.00    9.90    0.00    0.00    3.55    0.00    0.00    0.00   67.01
19:11:14     all   21.12    0.00    9.41    0.00    0.00    3.31    0.00    0.00    0.00   66.16
19:11:15     all   19.49    0.00    9.49    0.00    0.00    2.82    0.00    0.00    0.00   68.21
19:11:16     all   20.00    0.00    8.97    0.00    0.00    3.33    0.00    0.00    0.00   67.69
19:11:17     all   19.44    0.00    9.97    0.00    0.00    3.07    0.00    0.00    0.00   67.52
19:11:18     all   18.93    0.00    9.46    0.00    0.00    3.84    0.00    0.00    0.00   67.77
19:11:19     all   20.25    0.00    9.37    0.00    0.00    3.29    0.25    0.00    0.00   66.84
19:11:20     all   20.77    0.00    8.46    0.00    0.00    2.56    0.00    0.00    0.00   68.21
19:11:21     all   18.55    0.00   10.28    0.00    0.00    3.76    0.25    0.00    0.00   67.17
19:11:22     all   20.20    0.00    9.46    0.00    0.00    3.84    0.00    0.00    0.00   66.50
19:11:23     all   19.85    0.00    9.41    0.51    0.00    3.05    0.00    0.00    0.00   67.18
19:11:24     all   20.25    0.00    9.87    0.00    0.00    3.80    0.00    0.00    0.00   66.08
19:11:25     all   20.66    0.00    9.18    0.00    0.00    4.08    0.00    0.00    0.00   66.07
19:11:26     all   19.80    0.00    9.90    0.00    0.00    3.30    0.00    0.00    0.00   67.01
19:11:27     all   20.15    0.00    9.44    0.00    0.00    3.83    0.00    0.00    0.00   66.58
19:11:28     all   19.74    0.00    9.49    0.00    0.00    3.59    0.00    0.00    0.00   67.18
19:11:29     all    4.27    0.00    2.76    0.00    0.00    1.01    0.00    0.00    0.00   91.96
19:11:30     all   21.37    0.00    6.36    0.00    0.00    5.09    0.00    0.00    0.00   67.18
19:11:31     all   36.55    0.00   14.10    0.00    0.00    8.36    0.26    0.00    0.00   40.73
19:11:32     all   43.19    0.00   16.49    0.00    0.00    7.85    0.26    0.00    0.00   32.20
19:11:33     all   42.53    0.00   16.75    0.00    0.00    7.73    0.00    0.00    0.00   32.99
19:11:34     all   42.38    0.00   20.41    0.00    0.00    9.04    0.00    0.00    0.00   28.17
19:11:35     all   40.62    0.00   19.54    0.00    0.00   10.03    0.00    0.00    0.00   29.82
19:11:36     all   40.26    0.00   18.70    0.00    0.00    9.61    0.00    0.00    0.00   31.43
19:11:37     all   41.28    0.00   19.74    0.00    0.00    8.46    0.26    0.00    0.00   30.26
19:11:38     all   39.48    0.00   17.66    0.00    0.00   10.13    0.00    0.00    0.00   32.73
19:11:39     all   41.58    0.00   19.13    0.00    0.00    9.69    0.00    0.00    0.00   29.59
19:11:40     all   40.94    0.00   17.85    0.00    0.00    8.66    0.00    0.00    0.00   32.55
19:11:41     all   41.45    0.00   18.39    0.00    0.00    9.59    0.00    0.00    0.00   30.57
19:11:42     all   39.85    0.00   17.22    0.00    0.00   10.28    0.00    0.00    0.00   32.65
19:11:43     all   40.46    0.00   17.56    0.00    0.00    9.92    0.00    0.00    0.00   32.06
19:11:44     all   41.39    0.00   18.25    0.00    0.00    9.25    0.00    0.00    0.00   31.11
19:11:45     all   43.88    0.00   18.37    0.00    0.00    9.69    0.00    0.00    0.00   28.06
19:11:46     all   39.69    0.00   19.34    0.00    0.00    8.91    0.00    0.00    0.00   32.06
19:11:47     all   43.11    0.00   17.60    0.00    0.00    8.67    0.00    0.00    0.00   30.61
19:11:48     all   41.84    0.00   17.86    0.00    0.00    9.69    0.26    0.00    0.00   30.36
19:11:49     all   42.53    0.00   17.47    0.00    0.00    9.87    0.00    0.00    0.00   30.13
19:11:50     all   40.66    0.00   17.65    0.00    0.00   10.23    0.26    0.00    0.00   31.20
19:11:51     all   40.98    0.00   18.81    0.00    0.00    8.51    0.26    0.00    0.00   31.44
19:11:52     all   42.05    0.00   18.46    0.00    0.00    9.23    0.00    0.00    0.00   30.26
19:11:53     all   42.71    0.00   18.34    0.00    0.00    9.05    0.00    0.00    0.00   29.90
19:11:54     all   40.45    0.00   18.84    0.00    0.00    9.55    0.25    0.00    0.00   30.90
19:11:55     all   41.98    0.00   17.81    0.00    0.00    9.16    0.00    0.00    0.00   31.04
19:11:56     all   42.28    0.00   19.24    0.00    0.00    8.86    0.00    0.00    0.00   29.62
19:11:57     all   41.10    0.00   18.30    0.00    0.00   10.03    0.00    0.00    0.00   30.58
19:11:58     all   42.71    0.00   17.39    0.00    0.00    8.95    0.00    0.00    0.00   30.95
19:11:59     all   16.41    0.00    6.31    0.00    0.00    2.53    0.00    0.00    0.00   74.75
19:12:00     all   17.60    0.00    5.61    0.00    0.00    5.36    0.00    0.00    0.00   71.43
19:12:01     all   37.25    0.00   11.75    0.00    0.00   12.50    0.00    0.00    0.00   38.50
19:12:02     all   52.04    0.00   18.11    0.00    0.00   13.01    0.00    0.00    0.00   16.84
19:12:03     all   61.56    0.00   21.36    0.00    0.00   11.56    0.00    0.00    0.00    5.53
19:12:04     all   65.41    0.00   23.06    0.00    0.00   10.03    0.00    0.00    0.00    1.50
19:12:05     all   62.81    0.00   23.87    0.00    0.00    9.80    0.00    0.00    0.00    3.52
19:12:06     all   65.16    0.00   22.06    0.00    0.00   10.53    0.00    0.00    0.00    2.26
19:12:07     all   63.34    0.00   25.69    0.00    0.00   10.72    0.00    0.00    0.00    0.25
19:12:08     all   62.00    0.00   25.50    0.00    0.00   11.00    0.00    0.00    0.00    1.50
19:12:09     all   61.56    0.00   25.13    0.00    0.00   11.56    0.00    0.00    0.00    1.76
19:12:10     all   60.75    0.00   23.25    0.00    0.00   13.25    0.00    0.00    0.00    2.75
19:12:11     all   62.91    0.00   22.31    0.00    0.00   12.53    0.00    0.00    0.00    2.26
19:12:12     all   61.56    0.00   24.37    0.00    0.00   11.56    0.00    0.00    0.00    2.51
19:12:13     all   62.25    0.00   24.75    0.00    0.00   10.75    0.00    0.00    0.00    2.25
19:12:14     all   60.45    0.00   23.63    0.00    0.00   11.19    0.50    0.00    0.00    4.23
19:12:15     all   61.46    0.00   23.68    0.00    0.00   11.84    0.00    0.00    0.00    3.02
19:12:16     all   62.34    0.00   23.94    0.00    0.00   11.97    0.00    0.00    0.00    1.75
19:12:17     all   62.41    0.00   24.06    0.00    0.00   12.53    0.00    0.00    0.00    1.00
19:12:18     all   63.16    0.00   24.31    0.00    0.00   12.03    0.00    0.00    0.00    0.50
19:12:19     all   63.32    0.00   22.86    0.00    0.00   12.31    0.00    0.00    0.00    1.51
19:12:20     all   62.19    0.00   25.12    0.00    0.00   10.95    0.50    0.00    0.00    1.24
19:12:21     all   63.50    0.00   23.75    0.00    0.00   12.00    0.00    0.00    0.00    0.75
19:12:22     all   62.09    0.00   22.94    0.00    0.00   12.22    0.00    0.00    0.00    2.74
19:12:23     all   61.50    0.00   22.75    0.00    0.00   13.00    0.00    0.00    0.00    2.75
19:12:24     all   62.00    0.00   23.00    0.00    0.00   13.00    0.00    0.00    0.00    2.00
19:12:25     all   61.35    0.00   24.19    0.00    0.00   11.47    0.00    0.00    0.00    2.99
19:12:26     all   61.31    0.00   27.39    0.00    0.00   10.80    0.00    0.00    0.00    0.50
19:12:27     all   63.91    0.00   24.31    0.00    0.00   11.03    0.00    0.00    0.00    0.75
19:12:28     all   63.66    0.00   24.31    0.00    0.00   10.53    0.00    0.00    0.00    1.50
19:12:29     all   29.18    0.00   10.72    0.00    0.00    5.24    0.00    0.00    0.00   54.86
19:12:30     all   14.25    0.00    4.83    0.25    0.00    5.09    0.00    0.00    0.00   75.57
19:12:31     all   35.54    0.00   10.29    0.00    0.00   15.20    0.00    0.00    0.00   38.97
19:12:32     all   46.15    0.00   15.63    0.00    0.00   19.11    0.00    0.00    0.00   19.11
19:12:33     all   61.06    0.00   21.86    0.00    0.00   12.31    0.00    0.00    0.00    4.77
19:12:34     all   65.24    0.00   22.92    0.00    0.00   10.83    0.00    0.00    0.00    1.01
19:12:35     all   62.69    0.00   23.13    0.00    0.00   12.44    0.00    0.00    0.00    1.74
19:12:36     all   62.34    0.00   22.69    0.00    0.00   13.22    0.00    0.00    0.00    1.75
19:12:37     all   62.22    0.00   22.17    0.00    0.00   14.11    0.00    0.00    0.00    1.51
19:12:38     all   63.84    0.00   20.95    0.00    0.00   14.21    0.00    0.00    0.00    1.00
19:12:39     all   61.75    0.00   23.75    0.00    0.00   13.25    0.00    0.00    0.00    1.25
19:12:40     all   64.07    0.00   23.37    0.00    0.00   11.56    0.00    0.00    0.00    1.01
19:12:41     all   64.16    0.00   23.06    0.00    0.00   12.03    0.00    0.00    0.00    0.75
19:12:42     all   61.75    0.00   25.25    0.00    0.00   12.25    0.00    0.00    0.00    0.75
19:12:43     all   63.93    0.00   22.64    0.00    0.00   12.94    0.00    0.00    0.00    0.50
19:12:44     all   62.81    0.00   22.36    0.00    0.00   13.07    0.25    0.00    0.00    1.51
19:12:45     all   61.54    0.00   23.57    0.00    0.00   13.40    0.25    0.00    0.00    1.24
19:12:46     all   64.32    0.00   19.85    0.00    0.00   14.57    0.00    0.00    0.00    1.26
19:12:47     all   63.75    0.00   20.50    0.00    0.00   15.25    0.00    0.00    0.00    0.50
19:12:48     all   65.00    0.00   20.75    0.00    0.00   13.75    0.00    0.00    0.00    0.50
19:12:49     all   64.50    0.00   21.00    0.00    0.00   14.00    0.00    0.00    0.00    0.50
19:12:50     all   63.16    0.00   20.55    0.00    0.00   14.79    0.25    0.00    0.00    1.25
19:12:51     all   62.91    0.00   20.05    0.00    0.00   14.54    0.00    0.00    0.00    2.51
19:12:52     all   63.43    0.00   19.65    0.00    0.00   14.93    0.00    0.00    0.00    1.99
19:12:53     all   63.07    0.00   21.11    0.00    0.00   15.33    0.00    0.00    0.00    0.50
19:12:54     all   64.66    0.00   20.80    0.00    0.00   14.29    0.00    0.00    0.00    0.25
19:12:55     all   62.34    0.00   21.95    0.00    0.00   14.71    0.00    0.00    0.00    1.00
19:12:56     all   64.41    0.00   20.55    0.00    0.00   14.29    0.00    0.00    0.00    0.75
19:12:57     all   64.09    0.00   20.45    0.00    0.00   14.46    0.25    0.00    0.00    0.75
19:12:58     all   64.07    0.00   20.35    0.00    0.00   14.82    0.00    0.00    0.00    0.75
19:12:59     all   51.13    0.00   15.11    0.00    0.00    9.82    0.00    0.00    0.00   23.93
