1790881617 185384
1790881618 189128
1790881619 202176
1790881620 241408
1790881621 271796
1790881622 274476
1790881623 288160
1790881624 288520
1790881625 288748
1790881626 305312
1790881627 325036
1790881628 348680
1790881629 348696
1790881630 348696
1790881632 348708
1790881633 348712
1790881634 348724
1790881635 348736
1790881636 348736
1790881637 348740
1790881638 348744
1790881639 348748
1790881640 348760
1790881641 348764
1790881642 348768
1790881643 348768
1790881644 348772
1790881645 348776
1790881646 348780
1790881647 348784
1790881648 361516
1790881649 368644
1790881650 369132
1790881651 397236
1790881652 397368
1790881654 431272
1790881655 431304
1790881656 431340
1790881657 431344
1790881658 431356
1790881659 431356
1790881660 431356
1790881661 431360
1790881662 431368
1790881663 431368
1790881664 431372
1790881665 431384
1790881666 431384
1790881667 431384
1790881668 431392
1790881669 431396
1790881670 431400
1790881671 431400
1790881672 431400
1790881673 431404
1790881674 431412
1790881675 431420
1790881676 431424
1790881677 431428
1790881678 432248
1790881679 432264
1790881681 432268
1790881682 432268
1790881683 432272
1790881684 432272
1790881685 432272
1790881686 432272
1790881687 432272
1790881688 432272
1790881689 432276
1790881690 432276
1790881691 432276
1790881692 432276
1790881693 432280
1790881694 432280
1790881695 432280
1790881696 432280
1790881697 432284
1790881698 432284
1790881699 432284
1790881700 432284
1790881701 432284
1790881702 432288
1790881703 432288
1790881705 432288
1790881706 432296
1790881707 432296
1790881708 432304
1790881709 432408
1790881710 432416
1790881711 432416
1790881712 432420
1790881713 432420
1790881714 432420
1790881715 432420
1790881716 432420
1790881717 432424
1790881718 432424
1790881719 432424
1790881720 432424
1790881721 432432
1790881723 432432
1790881724 432436
1790881725 432440
1790881726 432444
1790881727 432448
1790881728 432448
1790881729 432448
1790881730 432452
1790881731 432468
1790881732 432476
1790881733 432476
1790881734 432476
1790881735 432488
1790881736 432488
1790881737 432492
1790881738 432584
1790881740 432664
1790881741 432672
1790881742 432680
1790881743 432684
1790881744 432688
1790881745 432692
1790881746 432692
1790881747 432692
1790881748 432692
1790881749 432700
1790881750 432704
1790881751 432708
1790881752 432708
1790881754 432708
1790881755 432708
1790881756 432716
1790881757 432720
1790881758 432724
1790881759 432724
1790881760 432728
1790881761 432728
1790881762 432732
1790881763 432736
1790881764 432736
1790881765 432736
1790881766 432740
1790881768 432740
1790881769 432784
1790881770 432912
1790881771 432920
1790881772 432928
1790881773 432928
1790881774 432928
1790881775 432932
1790881776 432932
1790881777 432936
1790881778 432940
1790881780 432944
1790881781 432948
1790881782 432948
1790881783 432952
1790881784 432956
1790881785 432960
1790881786 432960
1790881787 432964
1790881788 432968
1790881789 432968
1790881790 432976
1790881791 432976
1790881792 432976
1790881793 432980
1790881795 432984
1790881796 432988
1790881797 432988
1790881798 432992
1790881799 433056
1790881800 433068
1790881801 433080
1790881802 433084
1790881803 433088
1790881804 433088
1790881805 433092
1790881806 433096
1790881807 433100
1790881809 433104
1790881810 433104
1790881811 433104
1790881812 433108
1790881813 433116
1790881814 433116
1790881815 433116
1790881816 433116
1790881817 433124
1790881818 433124
1790881819 433124
1790881820 433128
1790881821 433128
1790881822 433132
1790881824 433136
1790881825 433136
1790881826 433140
1790881827 433144
1790881828 433144
1790881829 433172
1790881830 433188
1790881831 433188
1790881832 433204
1790881833 433208
1790881834 433208
1790881835 433212
1790881837 433212
1790881838 433212
1790881839 433220
1790881840 433220
1790881841 433220
1790881842 433224
1790881843 433224
1790881844 433224
1790881845 433224
1790881846 433232
1790881847 433232
1790881848 433236
1790881849 433236
1790881851 433240
1790881852 433240
1790881853 433244
1790881854 433244
1790881855 433248
1790881856 433256
1790881857 433260
1790881858 433268
1790881859 433288
1790881860 433356
1790881861 433360
1790881862 433364
1790881863 433364
1790881864 433364
1790881865 433372
1790881866 433372
1790881867 433388
1790881868 433388
1790881869 433396
1790881871 433396
1790881872 433412
1790881873 433412
1790881874 433412
1790881875 433412
1790881876 433412
1790881877 433412
1790881878 433416
1790881879 433416
1790881880 433416
1790881881 433420
1790881882 433428
1790881883 433428
1790881884 433428
1790881885 433432
1790881886 433436
1790881887 433436
1790881888 433604
1790881889 433624
1790881890 433656
1790881891 490524
1790881892 512800
1790881893 610340
1790881894 610352
1790881896 610352
1790881897 610356
1790881898 610356
1790881899 610360
1790881900 610360
1790881901 610364
1790881902 610364
1790881903 610364
1790881904 610372
1790881905 610384
1790881906 610384
1790881907 610384
1790881908 610388
1790881909 610388
1790881910 610392
1790881911 610396
1790881912 610396
1790881913 610400
1790881914 610404
1790881916 610412
1790881917 610416
1790881918 610416
1790881919 610668
1790881920 610672
1790881921 610736
1790881922 610776
1790881923 666360
1790881924 720796
1790881925 832552
1790881926 832732
1790881927 832732
1790881928 891216
1790881929 891244
1790881930 891252
1790881931 891252
1790881932 891252
1790881934 891252
1790881935 891252
1790881936 891252
1790881937 891252
1790881938 891252
1790881939 891252
1790881940 891252
1790881941 891252
1790881942 891252
1790881943 891252
1790881944 891252
1790881945 891252
1790881946 891252
1790881948 891252
1790881949 892496
1790881950 892504
1790881951 892512
1790881952 892512
1790881953 892528
1790881954 892532
1790881955 892536
1790881956 892540
1790881957 892564
1790881958 892580
1790881959 892580
1790881960 892584
1790881961 892592
1790881962 892592
1790881964 892596
1790881965 892596
1790881966 892604
1790881967 892608
1790881968 892608
1790881969 948032
1790881970 948068
1790881971 948068
1790881972 948128
1790881973 948128
1790881974 948132
1790881975 948132
1790881976 948132
1790881977 948132
1790881979 948264
1790881980 948836
