Running 30s test @ http://10.116.0.2:8080/json
  4 threads and 256 connections
  Thread calibration: mean lat.: 1.344ms, rate sampling interval: 10ms
  Thread calibration: mean lat.: 1.338ms, rate sampling interval: 10ms
  Thread calibration: mean lat.: 1.351ms, rate sampling interval: 10ms
  Thread calibration: mean lat.: 1.388ms, rate sampling interval: 10ms
  Thread Stats   Avg      Stdev     Max   +/- Stdev
    Latency     1.30ms  564.94us  10.51ms   66.09%
    Req/Sec     5.27k   356.80     9.60k    69.68%
  Latency Distribution (HdrHistogram - Recorded Latency)
 50.000%    1.23ms
 75.000%    1.70ms
 90.000%    2.05ms
 99.000%    2.65ms
 99.900%    4.07ms
 99.990%    7.86ms
 99.999%   10.15ms
100.000%   10.52ms

  Detailed Percentile spectrum:
       Value   Percentile   TotalCount 1/(1-Percentile)

       0.229     0.000000            1         1.00
       0.622     0.100000        39546         1.11
       0.783     0.200000        78894         1.25
       0.926     0.300000       118138         1.43
       1.074     0.400000       157537         1.67
       1.231     0.500000       196826         2.00
       1.315     0.550000       216634         2.22
       1.403     0.600000       236205         2.50
       1.496     0.650000       255886         2.86
       1.595     0.700000       275586         3.33
       1.699     0.750000       295381         4.00
       1.749     0.775000       305075         4.44
       1.802     0.800000       314885         5.00
       1.858     0.825000       324813         5.71
       1.916     0.850000       334702         6.67
       1.978     0.875000       344424         8.00
       2.013     0.887500       349385         8.89
       2.051     0.900000       354450        10.00
       2.091     0.912500       359343        11.43
       2.135     0.925000       364192        13.33
       2.187     0.937500       369090        16.00
       2.215     0.943750       371544        17.78
       2.245     0.950000       374002        20.00
       2.279     0.956250       376426        22.86
       2.319     0.962500       378905        26.67
       2.363     0.968750       381339        32.00
       2.389     0.971875       382592        35.56
       2.415     0.975000       383760        40.00
       2.447     0.978125       385023        45.71
       2.485     0.981250       386242        53.33
       2.529     0.984375       387453        64.00
       2.555     0.985938       388061        71.11
       2.585     0.987500       388669        80.00
       2.621     0.989062       389287        91.43
       2.667     0.990625       389895       106.67
       2.723     0.992188       390506       128.00
       2.763     0.992969       390822       142.22
       2.807     0.993750       391135       160.00
       2.853     0.994531       391432       182.86
       2.915     0.995313       391740       213.33
       3.009     0.996094       392045       256.00
       3.073     0.996484       392200       284.44
       3.149     0.996875       392354       320.00
       3.223     0.997266       392504       365.71
       3.337     0.997656       392661       426.67
       3.465     0.998047       392814       512.00
       3.541     0.998242       392889       568.89
       3.639     0.998437       392966       640.00
       3.781     0.998633       393042       731.43
       3.907     0.998828       393118       853.33
       4.111     0.999023       393196      1024.00
       4.219     0.999121       393234      1137.78
       4.307     0.999219       393273      1280.00
       4.459     0.999316       393312      1462.86
       4.599     0.999414       393349      1706.67
       4.779     0.999512       393387      2048.00
       4.935     0.999561       393407      2275.56
       5.039     0.999609       393426      2560.00
       5.259     0.999658       393445      2925.71
       5.515     0.999707       393464      3413.33
       5.747     0.999756       393483      4096.00
       6.015     0.999780       393493      4551.11
       6.223     0.999805       393503      5120.00
       6.539     0.999829       393512      5851.43
       6.975     0.999854       393522      6826.67
       7.387     0.999878       393531      8192.00
       7.491     0.999890       393536      9102.22
       7.911     0.999902       393541     10240.00
       7.987     0.999915       393547     11702.86
       8.155     0.999927       393551     13653.33
       8.639     0.999939       393555     16384.00
       8.735     0.999945       393558     18204.44
       8.927     0.999951       393560     20480.00
       9.271     0.999957       393563     23405.71
       9.311     0.999963       393565     27306.67
       9.487     0.999969       393567     32768.00
       9.951     0.999973       393569     36408.89
       9.959     0.999976       393570     40960.00
       9.967     0.999979       393571     46811.43
       9.975     0.999982       393572     54613.33
      10.007     0.999985       393573     65536.00
      10.079     0.999986       393574     72817.78
      10.151     0.999988       393575     81920.00
      10.151     0.999989       393575     93622.86
      10.279     0.999991       393576    109226.67
      10.279     0.999992       393576    131072.00
      10.423     0.999993       393577    145635.56
      10.423     0.999994       393577    163840.00
      10.423     0.999995       393577    187245.71
      10.487     0.999995       393578    218453.33
      10.487     0.999996       393578    262144.00
      10.487     0.999997       393578    291271.11
      10.487     0.999997       393578    327680.00
      10.487     0.999997       393578    374491.43
      10.519     0.999998       393579    436906.67
      10.519     1.000000       393579          inf
#[Mean    =        1.299, StdDeviation   =        0.565]
#[Max     =       10.512, Total count    =       393579]
#[Buckets =           27, SubBuckets     =         2048]
----------------------------------------------------------
  596932 requests in 30.00s, 55.79MB read
Requests/sec:  19897.70
Transfer/sec:      1.86MB
