Running 30s test @ http://10.116.0.2:8080/json
  4 threads and 256 connections
  Thread calibration: mean lat.: 100.112ms, rate sampling interval: 785ms
  Thread calibration: mean lat.: 99.662ms, rate sampling interval: 811ms
  Thread calibration: mean lat.: 83.494ms, rate sampling interval: 687ms
  Thread calibration: mean lat.: 94.787ms, rate sampling interval: 780ms
  Thread Stats   Avg      Stdev     Max   +/- Stdev
    Latency   132.34ms  263.37ms   2.98s    86.88%
    Req/Sec    10.03k   416.05    11.74k    70.59%
  Latency Distribution (HdrHistogram - Recorded Latency)
 50.000%    2.08ms
 75.000%  186.11ms
 90.000%  453.89ms
 99.000%    1.17s 
 99.900%    2.31s 
 99.990%    2.88s 
 99.999%    2.97s 
100.000%    2.98s 

  Detailed Percentile spectrum:
       Value   Percentile   TotalCount 1/(1-Percentile)

       0.261     0.000000            1         1.00
       0.854     0.100000        78943         1.11
       1.121     0.200000       157892         1.25
       1.377     0.300000       236572         1.43
       1.662     0.400000       315615         1.67
       2.079     0.500000       394553         2.00
       2.439     0.550000       433815         2.22
       3.305     0.600000       473153         2.50
       8.263     0.650000       512600         2.86
      72.575     0.700000       551999         3.33
     186.111     0.750000       591475         4.00
     238.463     0.775000       611153         4.44
     280.575     0.800000       630869         5.00
     316.671     0.825000       650658         5.71
     358.399     0.850000       670378         6.67
     408.575     0.875000       690062         8.00
     431.103     0.887500       699954         8.89
     453.887     0.900000       709738        10.00
     484.607     0.912500       719592        11.43
     522.751     0.925000       729446        13.33
     563.711     0.937500       739368        16.00
     602.623     0.943750       744246        17.78
     643.583     0.950000       749177        20.00
     681.983     0.956250       754129        22.86
     724.479     0.962500       759022        26.67
     765.951     0.968750       763971        32.00
     785.919     0.971875       766393        35.56
     805.375     0.975000       768896        40.00
     862.207     0.978125       771324        45.71
     924.159     0.981250       773785        53.33
     991.743     0.984375       776262        64.00
    1031.167     0.985938       777486        71.11
    1075.199     0.987500       778728        80.00
    1134.591     0.989062       779946        91.43
    1202.175     0.990625       781186       106.67
    1276.927     0.992188       782411       128.00
    1317.887     0.992969       783033       142.22
    1359.871     0.993750       783653       160.00
    1409.023     0.994531       784256       182.86
    1476.607     0.995313       784881       213.33
    1567.743     0.996094       785491       256.00
    1624.063     0.996484       785796       284.44
    1721.343     0.996875       786105       320.00
    1849.343     0.997266       786413       365.71
    1951.743     0.997656       786720       426.67
    2063.359     0.998047       787029       512.00
    2113.535     0.998242       787183       568.89
    2168.831     0.998437       787342       640.00
    2209.791     0.998633       787496       731.43
    2260.991     0.998828       787646       853.33
    2314.239     0.999023       787798      1024.00
    2340.863     0.999121       787876      1137.78
    2383.871     0.999219       787954      1280.00
    2447.359     0.999316       788030      1462.86
    2510.847     0.999414       788106      1706.67
    2570.239     0.999512       788186      2048.00
    2588.671     0.999561       788225      2275.56
    2605.055     0.999609       788266      2560.00
    2617.343     0.999658       788300      2925.71
    2666.495     0.999707       788337      3413.33
    2719.743     0.999756       788377      4096.00
    2744.319     0.999780       788395      4551.11
    2768.895     0.999805       788415      5120.00
    2795.519     0.999829       788434      5851.43
    2822.143     0.999854       788453      6826.67
    2852.863     0.999878       788472      8192.00
    2869.247     0.999890       788482      9102.22
    2883.583     0.999902       788492     10240.00
    2895.871     0.999915       788501     11702.86
    2908.159     0.999927       788511     13653.33
    2918.399     0.999939       788520     16384.00
    2926.591     0.999945       788526     18204.44
    2932.735     0.999951       788530     20480.00
    2938.879     0.999957       788535     23405.71
    2945.023     0.999963       788541     27306.67
    2951.167     0.999969       788544     32768.00
    2955.263     0.999973       788548     36408.89
    2957.311     0.999976       788550     40960.00
    2959.359     0.999979       788552     46811.43
    2963.455     0.999982       788555     54613.33
    2965.503     0.999985       788556     65536.00
    2967.551     0.999986       788558     72817.78
    2969.599     0.999988       788559     81920.00
    2971.647     0.999989       788560     93622.86
    2973.695     0.999991       788562    109226.67
    2973.695     0.999992       788562    131072.00
    2975.743     0.999993       788563    145635.56
    2977.791     0.999994       788565    163840.00
    2977.791     0.999995       788565    187245.71
    2977.791     0.999995       788565    218453.33
    2977.791     0.999996       788565    262144.00
    2979.839     0.999997       788566    291271.11
    2979.839     0.999997       788566    327680.00
    2979.839     0.999997       788566    374491.43
    2981.887     0.999998       788568    436906.67
    2981.887     1.000000       788568          inf
#[Mean    =      132.342, StdDeviation   =      263.373]
#[Max     =     2979.840, Total count    =       788568]
#[Buckets =           27, SubBuckets     =         2048]
----------------------------------------------------------
  1181233 requests in 30.00s, 110.40MB read
Requests/sec:  39374.79
Transfer/sec:      3.68MB
