Running 30s test @ http://10.116.0.2:8080/block?ms=100
  4 threads and 8000 connections
  Thread calibration: mean lat.: 2234.366ms, rate sampling interval: 9265ms
  Thread calibration: mean lat.: 2566.638ms, rate sampling interval: 10690ms
  Thread calibration: mean lat.: 2354.891ms, rate sampling interval: 9674ms
  Thread calibration: mean lat.: 2638.294ms, rate sampling interval: 9707ms
  Thread Stats   Avg      Stdev     Max   +/- Stdev
    Latency     9.10s     3.23s   22.10s    63.43%
    Req/Sec     7.79k   252.86     7.98k    66.67%
  Latency Distribution (HdrHistogram - Recorded Latency)
 50.000%    8.10s 
 75.000%   11.91s 
 90.000%   14.22s 
 99.000%   16.11s 
 99.900%   20.07s 
 99.990%   21.87s 
 99.999%   22.09s 
100.000%   22.12s 

  Detailed Percentile spectrum:
       Value   Percentile   TotalCount 1/(1-Percentile)

    4239.359     0.000000            1         1.00
    5627.903     0.100000        31242         1.11
    6189.055     0.200000        62401         1.25
    6840.319     0.300000        93445         1.43
    7507.967     0.400000       124576         1.67
    8101.887     0.500000       155560         2.00
    8437.759     0.550000       171332         2.22
    8806.399     0.600000       186893         2.50
    9232.383     0.650000       202244         2.86
   10502.143     0.700000       217700         3.33
   11911.167     0.750000       233338         4.00
   12337.151     0.775000       241019         4.44
   12738.559     0.800000       248873         5.00
   13131.775     0.825000       256665         5.71
   13500.415     0.850000       264363         6.67
   13860.863     0.875000       272223         8.00
   14041.087     0.887500       276136         8.89
   14221.311     0.900000       279945        10.00
   14409.727     0.912500       283885        11.43
   14598.143     0.925000       287718        13.33
   14802.943     0.937500       291572        16.00
   14917.631     0.943750       293540        17.78
   15032.319     0.950000       295426        20.00
   15163.391     0.956250       297470        22.86
   15294.463     0.962500       299326        26.67
   15441.919     0.968750       301325        32.00
   15515.647     0.971875       302229        35.56
   15597.567     0.975000       303264        40.00
   15679.487     0.978125       304192        45.71
   15769.599     0.981250       305183        53.33
   15867.903     0.984375       306121        64.00
   15925.247     0.985938       306609        71.11
   15982.591     0.987500       307097        80.00
   16056.319     0.989062       307591        91.43
   16146.431     0.990625       308070       106.67
   16269.311     0.992188       308551       128.00
   16351.231     0.992969       308787       142.22
   16474.111     0.993750       309033       160.00
   16662.527     0.994531       309275       182.86
   16957.439     0.995313       309514       213.33
   17367.039     0.996094       309766       256.00
   17629.183     0.996484       309888       284.44
   17874.943     0.996875       310001       320.00
   18202.623     0.997266       310121       365.71
   18563.071     0.997656       310244       426.67
   18939.903     0.998047       310365       512.00
   19169.279     0.998242       310427       568.89
   19382.271     0.998437       310488       640.00
   19578.879     0.998633       310548       731.43
   19791.871     0.998828       310608       853.33
   20119.551     0.999023       310674      1024.00
   20234.239     0.999121       310699      1137.78
   20365.311     0.999219       310730      1280.00
   20561.919     0.999316       310761      1462.86
   20692.991     0.999414       310789      1706.67
   20873.215     0.999512       310825      2048.00
   20938.751     0.999561       310837      2275.56
   21069.823     0.999609       310850      2560.00
   21184.511     0.999658       310865      2925.71
   21331.967     0.999707       310880      3413.33
   21692.415     0.999756       310896      4096.00
   21757.951     0.999780       310906      4551.11
   21774.335     0.999805       310911      5120.00
   21823.487     0.999829       310920      5851.43
   21839.871     0.999854       310929      6826.67
   21856.255     0.999878       310937      8192.00
   21856.255     0.999890       310937      9102.22
   21872.639     0.999902       310942     10240.00
   21889.023     0.999915       310949     11702.86
   21889.023     0.999927       310949     13653.33
   21921.791     0.999939       310956     16384.00
   21921.791     0.999945       310956     18204.44
   21921.791     0.999951       310956     20480.00
   21970.943     0.999957       310960     23405.71
   21970.943     0.999963       310960     27306.67
   21987.327     0.999969       310962     32768.00
   22020.095     0.999973       310963     36408.89
   22036.479     0.999976       310964     40960.00
   22069.247     0.999979       310967     46811.43
   22069.247     0.999982       310967     54613.33
   22069.247     0.999985       310967     65536.00
   22069.247     0.999986       310967     72817.78
   22085.631     0.999988       310970     81920.00
   22085.631     0.999989       310970     93622.86
   22085.631     0.999991       310970    109226.67
   22085.631     0.999992       310970    131072.00
   22085.631     0.999993       310970    145635.56
   22085.631     0.999994       310970    163840.00
   22085.631     0.999995       310970    187245.71
   22085.631     0.999995       310970    218453.33
   22085.631     0.999996       310970    262144.00
   22085.631     0.999997       310970    291271.11
   22118.399     0.999997       310971    327680.00
   22118.399     1.000000       310971          inf
#[Mean    =     9096.175, StdDeviation   =     3231.475]
#[Max     =    22102.016, Total count    =       310971]
#[Buckets =           27, SubBuckets     =         2048]
----------------------------------------------------------
  824731 requests in 30.00s, 66.85MB read
  Socket errors: connect 0, read 0, write 0, timeout 21320
Requests/sec:  27486.57
Transfer/sec:      2.23MB
