Running 30s test @ http://10.116.0.2:8080/json
  4 threads and 256 connections
  Thread calibration: mean lat.: 866.378ms, rate sampling interval: 5668ms
  Thread calibration: mean lat.: 766.416ms, rate sampling interval: 4931ms
  Thread calibration: mean lat.: 784.268ms, rate sampling interval: 5263ms
  Thread calibration: mean lat.: 1085.312ms, rate sampling interval: 6086ms
  Thread Stats   Avg      Stdev     Max   +/- Stdev
    Latency     4.15s     4.12s   18.68s    75.48%
    Req/Sec    11.17k   375.97    11.71k    66.67%
  Latency Distribution (HdrHistogram - Recorded Latency)
 50.000%    1.89s 
 75.000%    8.12s 
 90.000%   10.27s 
 99.000%   12.94s 
 99.900%   15.70s 
 99.990%   18.38s 
 99.999%   18.64s 
100.000%   18.69s 

  Detailed Percentile spectrum:
       Value   Percentile   TotalCount 1/(1-Percentile)

     144.895     0.000000            3         1.00
     281.599     0.100000        87799         1.11
     453.375     0.200000       175674         1.25
     699.391     0.300000       263815         1.43
     951.807     0.400000       351220         1.67
    1888.255     0.500000       439022         2.00
    3229.695     0.550000       482892         2.22
    4308.991     0.600000       526788         2.50
    5419.007     0.650000       570879         2.86
    6717.439     0.700000       614721         3.33
    8122.367     0.750000       658499         4.00
    8790.015     0.775000       680535         4.44
    9437.183     0.800000       702565         5.00
    9830.399     0.825000       724784         5.71
   10141.695     0.850000       746877         6.67
   10239.999     0.875000       771382         8.00
   10248.191     0.887500       779721         8.89
   10272.767     0.900000       790367        10.00
   10362.879     0.912500       801740        11.43
   10477.567     0.925000       812408        13.33
   10616.831     0.937500       823517        16.00
   10698.751     0.943750       828851        17.78
   10870.783     0.950000       834256        20.00
   11116.543     0.956250       839614        22.86
   11378.687     0.962500       845087        26.67
   11681.791     0.968750       850764        32.00
   11812.863     0.971875       853320        35.56
   12001.279     0.975000       856096        40.00
   12165.119     0.978125       858765        45.71
   12337.151     0.981250       861631        53.33
   12484.607     0.984375       864280        64.00
   12566.527     0.985938       865613        71.11
   12656.639     0.987500       867050        80.00
   12787.711     0.989062       868357        91.43
   13033.471     0.990625       869739       106.67
   13328.383     0.992188       871105       128.00
   13492.223     0.992969       871801       142.22
   13664.255     0.993750       872486       160.00
   13893.631     0.994531       873162       182.86
   14196.735     0.995313       873851       213.33
   14442.495     0.996094       874535       256.00
   14598.143     0.996484       874879       284.44
   14753.791     0.996875       875218       320.00
   14909.439     0.997266       875566       365.71
   15065.087     0.997656       875894       426.67
   15212.543     0.998047       876250       512.00
   15278.079     0.998242       876416       568.89
   15359.999     0.998437       876583       640.00
   15491.071     0.998633       876751       731.43
   15605.759     0.998828       876926       853.33
   15728.639     0.999023       877103      1024.00
   15802.367     0.999121       877179      1137.78
   15966.207     0.999219       877264      1280.00
   16285.695     0.999316       877348      1462.86
   16875.519     0.999414       877437      1706.67
   17170.431     0.999512       877520      2048.00
   17334.271     0.999561       877565      2275.56
   17481.727     0.999609       877606      2560.00
   17645.567     0.999658       877651      2925.71
   17793.023     0.999707       877692      3413.33
   17940.479     0.999756       877735      4096.00
   18038.783     0.999780       877757      4551.11
   18104.319     0.999805       877778      5120.00
   18169.855     0.999829       877798      5851.43
   18251.775     0.999854       877822      6826.67
   18317.311     0.999878       877841      8192.00
   18366.463     0.999890       877856      9102.22
   18399.231     0.999902       877867     10240.00
   18431.999     0.999915       877878     11702.86
   18464.767     0.999927       877887     13653.33
   18497.535     0.999939       877895     16384.00
   18513.919     0.999945       877901     18204.44
   18546.687     0.999951       877910     20480.00
   18563.071     0.999957       877917     23405.71
   18563.071     0.999963       877917     27306.67
   18579.455     0.999969       877922     32768.00
   18595.839     0.999973       877926     36408.89
   18612.223     0.999976       877931     40960.00
   18612.223     0.999979       877931     46811.43
   18628.607     0.999982       877936     54613.33
   18628.607     0.999985       877936     65536.00
   18628.607     0.999986       877936     72817.78
   18644.991     0.999988       877939     81920.00
   18644.991     0.999989       877939     93622.86
   18661.375     0.999991       877943    109226.67
   18661.375     0.999992       877943    131072.00
   18661.375     0.999993       877943    145635.56
   18661.375     0.999994       877943    163840.00
   18677.759     0.999995       877946    187245.71
   18677.759     0.999995       877946    218453.33
   18677.759     0.999996       877946    262144.00
   18677.759     0.999997       877946    291271.11
   18677.759     0.999997       877946    327680.00
   18677.759     0.999997       877946    374491.43
   18677.759     0.999998       877946    436906.67
   18694.143     0.999998       877948    524288.00
   18694.143     1.000000       877948          inf
#[Mean    =     4150.460, StdDeviation   =     4121.517]
#[Max     =    18677.760, Total count    =       877948]
#[Buckets =           27, SubBuckets     =         2048]
----------------------------------------------------------
  1329774 requests in 30.00s, 124.28MB read
Requests/sec:  44326.62
Transfer/sec:      4.14MB
