Running 30s test @ http://10.116.0.2:8080/block?ms=100
  4 threads and 4000 connections
  Thread calibration: mean lat.: 1072.697ms, rate sampling interval: 4558ms
  Thread calibration: mean lat.: 1229.319ms, rate sampling interval: 4534ms
  Thread calibration: mean lat.: 1171.202ms, rate sampling interval: 4497ms
  Thread calibration: mean lat.: 1007.258ms, rate sampling interval: 3616ms
  Thread Stats   Avg      Stdev     Max   +/- Stdev
    Latency     3.99s     1.04s    6.50s    61.91%
    Req/Sec     7.09k   407.55     7.60k    61.54%
  Latency Distribution (HdrHistogram - Recorded Latency)
 50.000%    3.87s 
 75.000%    4.88s 
 90.000%    5.47s 
 99.000%    6.05s 
 99.900%    6.27s 
 99.990%    6.41s 
 99.999%    6.48s 
100.000%    6.50s 

  Detailed Percentile spectrum:
       Value   Percentile   TotalCount 1/(1-Percentile)

    1595.391     0.000000            2         1.00
    2803.711     0.100000        42767         1.11
    3020.799     0.200000        85416         1.25
    3239.935     0.300000       128098         1.43
    3489.791     0.400000       170867         1.67
    3870.719     0.500000       213354         2.00
    4061.183     0.550000       234698         2.22
    4218.879     0.600000       256316         2.50
    4399.103     0.650000       277347         2.86
    4616.191     0.700000       298842         3.33
    4878.335     0.750000       320161         4.00
    5005.311     0.775000       330789         4.44
    5115.903     0.800000       341357         5.00
    5210.111     0.825000       352060         5.71
    5296.127     0.850000       362796         6.67
    5382.143     0.875000       373612         8.00
    5427.199     0.887500       379089         8.89
    5472.255     0.900000       384082        10.00
    5525.503     0.912500       389634        11.43
    5578.751     0.925000       394797        13.33
    5644.287     0.937500       400232        16.00
    5681.151     0.943750       402803        17.78
    5722.111     0.950000       405400        20.00
    5767.167     0.956250       408074        22.86
    5820.415     0.962500       410829        26.67
    5869.567     0.968750       413432        32.00
    5894.143     0.971875       414726        35.56
    5918.719     0.975000       416175        40.00
    5943.295     0.978125       417494        45.71
    5967.871     0.981250       418766        53.33
    5996.543     0.984375       420090        64.00
    6012.927     0.985938       420779        71.11
    6029.311     0.987500       421494        80.00
    6045.695     0.989062       422143        91.43
    6062.079     0.990625       422679       106.67
    6086.655     0.992188       423405       128.00
    6098.943     0.992969       423717       142.22
    6111.231     0.993750       424034       160.00
    6127.615     0.994531       424411       182.86
    6139.903     0.995313       424678       213.33
    6160.383     0.996094       425052       256.00
    6168.575     0.996484       425204       284.44
    6176.767     0.996875       425337       320.00
    6189.055     0.997266       425516       365.71
    6201.343     0.997656       425664       426.67
    6217.727     0.998047       425846       512.00
    6225.919     0.998242       425927       568.89
    6234.111     0.998437       425996       640.00
    6246.399     0.998633       426090       731.43
    6258.687     0.998828       426174       853.33
    6270.975     0.999023       426248      1024.00
    6279.167     0.999121       426284      1137.78
    6287.359     0.999219       426322      1280.00
    6299.647     0.999316       426376      1462.86
    6311.935     0.999414       426410      1706.67
    6324.223     0.999512       426454      2048.00
    6332.415     0.999561       426479      2275.56
    6340.607     0.999609       426489      2560.00
    6348.799     0.999658       426511      2925.71
    6361.087     0.999707       426539      3413.33
    6373.375     0.999756       426557      4096.00
    6377.471     0.999780       426565      4551.11
    6381.567     0.999805       426573      5120.00
    6389.759     0.999829       426589      5851.43
    6393.855     0.999854       426595      6826.67
    6406.143     0.999878       426606      8192.00
    6410.239     0.999890       426611      9102.22
    6414.335     0.999902       426617     10240.00
    6422.527     0.999915       426622     11702.86
    6426.623     0.999927       426625     13653.33
    6434.815     0.999939       426631     16384.00
    6438.911     0.999945       426635     18204.44
    6438.911     0.999951       426635     20480.00
    6447.103     0.999957       426639     23405.71
    6451.199     0.999963       426640     27306.67
    6459.391     0.999969       426642     32768.00
    6467.583     0.999973       426644     36408.89
    6471.679     0.999976       426650     40960.00
    6471.679     0.999979       426650     46811.43
    6471.679     0.999982       426650     54613.33
    6471.679     0.999985       426650     65536.00
    6471.679     0.999986       426650     72817.78
    6471.679     0.999988       426650     81920.00
    6475.775     0.999989       426652     93622.86
    6475.775     0.999991       426652    109226.67
    6475.775     0.999992       426652    131072.00
    6483.967     0.999993       426653    145635.56
    6483.967     0.999994       426653    163840.00
    6483.967     0.999995       426653    187245.71
    6488.063     0.999995       426654    218453.33
    6488.063     0.999996       426654    262144.00
    6488.063     0.999997       426654    291271.11
    6488.063     0.999997       426654    327680.00
    6488.063     0.999997       426654    374491.43
    6504.447     0.999998       426655    436906.67
    6504.447     1.000000       426655          inf
#[Mean    =     3988.425, StdDeviation   =     1039.395]
#[Max     =     6500.352, Total count    =       426655]
#[Buckets =           27, SubBuckets     =         2048]
----------------------------------------------------------
  787157 requests in 30.00s, 63.81MB read
Requests/sec:  26235.05
Transfer/sec:      2.13MB
