Running 30s test @ http://10.116.0.2:8080/json
  4 threads and 64 connections
  Thread calibration: mean lat.: 3415.216ms, rate sampling interval: 8593ms
  Thread calibration: mean lat.: 3425.418ms, rate sampling interval: 9150ms
  Thread calibration: mean lat.: 3435.242ms, rate sampling interval: 9478ms
  Thread calibration: mean lat.: 3373.082ms, rate sampling interval: 8560ms
  Thread Stats   Avg      Stdev     Max   +/- Stdev
    Latency   417.58ms  993.96ms   6.32s    87.06%
    Req/Sec     5.82k   828.32     6.86k    87.50%
  Latency Distribution (HdrHistogram - Recorded Latency)
 50.000%    1.43ms
 75.000%    2.25ms
 90.000%    1.92s 
 99.000%    4.21s 
 99.900%    5.96s 
 99.990%    6.26s 
 99.999%    6.31s 
100.000%    6.32s 

  Detailed Percentile spectrum:
       Value   Percentile   TotalCount 1/(1-Percentile)

       0.237     0.000000            1         1.00
       0.667     0.100000        45744         1.11
       0.859     0.200000        91532         1.25
       1.035     0.300000       137437         1.43
       1.219     0.400000       182992         1.67
       1.431     0.500000       228748         2.00
       1.552     0.550000       251599         2.22
       1.681     0.600000       274504         2.50
       1.822     0.650000       297376         2.86
       1.987     0.700000       320110         3.33
       2.247     0.750000       342988         4.00
       2.551     0.775000       354409         4.44
     245.887     0.800000       365840         5.00
     663.039     0.825000       377276         5.71
    1059.839     0.850000       388715         6.67
    1486.847     0.875000       400156         8.00
    1696.767     0.887500       405854         8.89
    1923.071     0.900000       411588        10.00
    2150.399     0.912500       417301        11.43
    2402.303     0.925000       423007        13.33
    2648.063     0.937500       428727        16.00
    2781.183     0.943750       431599        17.78
    2920.447     0.950000       434466        20.00
    3057.663     0.956250       437325        22.86
    3184.639     0.962500       440161        26.67
    3334.143     0.968750       443034        32.00
    3420.159     0.971875       444456        35.56
    3508.223     0.975000       445885        40.00
    3602.431     0.978125       447303        45.71
    3741.695     0.981250       448737        53.33
    3909.631     0.984375       450156        64.00
    3991.551     0.985938       450903        71.11
    4065.279     0.987500       451595        80.00
    4147.199     0.989062       452304        91.43
    4259.839     0.990625       453033       106.67
    4386.815     0.992188       453739       128.00
    4481.023     0.992969       454090       142.22
    4603.903     0.993750       454449       160.00
    4780.031     0.994531       454802       182.86
    4956.159     0.995313       455161       213.33
    5148.671     0.996094       455515       256.00
    5255.167     0.996484       455698       284.44
    5373.951     0.996875       455874       320.00
    5488.639     0.997266       456052       365.71
    5607.423     0.997656       456232       426.67
    5730.303     0.998047       456410       512.00
    5791.743     0.998242       456501       568.89
    5849.087     0.998437       456591       640.00
    5881.855     0.998633       456676       731.43
    5910.527     0.998828       456771       853.33
    5963.775     0.999023       456855      1024.00
    5992.447     0.999121       456900      1137.78
    6025.215     0.999219       456945      1280.00
    6082.559     0.999316       456988      1462.86
    6152.191     0.999414       457035      1706.67
    6189.055     0.999512       457090      2048.00
    6193.151     0.999561       457109      2275.56
    6197.247     0.999609       457124      2560.00
    6201.343     0.999658       457144      2925.71
    6209.535     0.999707       457174      3413.33
    6213.631     0.999756       457190      4096.00
    6221.823     0.999780       457209      4551.11
    6225.919     0.999805       457224      5120.00
    6225.919     0.999829       457224      5851.43
    6234.111     0.999854       457234      6826.67
    6250.495     0.999878       457247      8192.00
    6254.591     0.999890       457250      9102.22
    6262.783     0.999902       457257     10240.00
    6270.975     0.999915       457264     11702.86
    6275.071     0.999927       457267     13653.33
    6283.263     0.999939       457274     16384.00
    6287.359     0.999945       457277     18204.44
    6291.455     0.999951       457280     20480.00
    6295.551     0.999957       457283     23405.71
    6299.647     0.999963       457287     27306.67
    6299.647     0.999969       457287     32768.00
    6303.743     0.999973       457291     36408.89
    6303.743     0.999976       457291     40960.00
    6303.743     0.999979       457291     46811.43
    6307.839     0.999982       457294     54613.33
    6307.839     0.999985       457294     65536.00
    6307.839     0.999986       457294     72817.78
    6311.935     0.999988       457297     81920.00
    6311.935     0.999989       457297     93622.86
    6311.935     0.999991       457297    109226.67
    6311.935     0.999992       457297    131072.00
    6311.935     0.999993       457297    145635.56
    6316.031     0.999994       457299    163840.00
    6316.031     0.999995       457299    187245.71
    6316.031     0.999995       457299    218453.33
    6316.031     0.999996       457299    262144.00
    6316.031     0.999997       457299    291271.11
    6316.031     0.999997       457299    327680.00
    6316.031     0.999997       457299    374491.43
    6316.031     0.999998       457299    436906.67
    6320.127     0.999998       457300    524288.00
    6320.127     1.000000       457300          inf
#[Mean    =      417.582, StdDeviation   =      993.962]
#[Max     =     6316.032, Total count    =       457300]
#[Buckets =           27, SubBuckets     =         2048]
----------------------------------------------------------
  599238 requests in 30.00s, 56.00MB read
Requests/sec:  19974.36
Transfer/sec:      1.87MB
