Running 30s test @ http://10.116.0.2:8080/block?ms=100
  4 threads and 1000 connections
  Thread calibration: mean lat.: 105.369ms, rate sampling interval: 222ms
  Thread calibration: mean lat.: 105.833ms, rate sampling interval: 223ms
  Thread calibration: mean lat.: 106.027ms, rate sampling interval: 224ms
  Thread calibration: mean lat.: 106.607ms, rate sampling interval: 225ms
  Thread Stats   Avg      Stdev     Max   +/- Stdev
    Latency   105.52ms    4.12ms 137.86ms   71.45%
    Req/Sec     2.25k    62.10     2.57k    85.03%
  Latency Distribution (HdrHistogram - Recorded Latency)
 50.000%  104.70ms
 75.000%  107.78ms
 90.000%  110.85ms
 99.000%  118.78ms
 99.900%  125.38ms
 99.990%  130.05ms
 99.999%  136.06ms
100.000%  137.98ms

  Detailed Percentile spectrum:
       Value   Percentile   TotalCount 1/(1-Percentile)

     100.415     0.000000           13         1.00
     101.247     0.100000        17750         1.11
     101.823     0.200000        34678         1.25
     102.655     0.300000        51119         1.43
     103.679     0.400000        68054         1.67
     104.703     0.500000        84970         2.00
     105.215     0.550000        93005         2.22
     105.791     0.600000       101447         2.50
     106.367     0.650000       109591         2.86
     107.071     0.700000       118593         3.33
     107.775     0.750000       126418         4.00
     108.223     0.775000       130853         4.44
     108.671     0.800000       135146         5.00
     109.119     0.825000       139232         5.71
     109.567     0.850000       143100         6.67
     110.143     0.875000       147601         8.00
     110.463     0.887500       149693         8.89
     110.847     0.900000       151771        10.00
     111.295     0.912500       153618        11.43
     111.999     0.925000       155871        13.33
     112.831     0.937500       157951        16.00
     113.279     0.943750       158937        17.78
     113.727     0.950000       160022        20.00
     114.175     0.956250       161025        22.86
     114.687     0.962500       162134        26.67
     115.263     0.968750       163113        32.00
     115.647     0.971875       163633        35.56
     116.095     0.975000       164190        40.00
     116.543     0.978125       164720        45.71
     117.055     0.981250       165243        53.33
     117.567     0.984375       165715        64.00
     117.887     0.985938       166011        71.11
     118.143     0.987500       166246        80.00
     118.527     0.989062       166511        91.43
     118.911     0.990625       166790       106.67
     119.295     0.992188       167052       128.00
     119.487     0.992969       167182       142.22
     119.743     0.993750       167298       160.00
     120.063     0.994531       167430       182.86
     120.447     0.995313       167553       213.33
     120.959     0.996094       167693       256.00
     121.279     0.996484       167770       284.44
     121.471     0.996875       167823       320.00
     122.047     0.997266       167882       365.71
     122.623     0.997656       167944       426.67
     123.519     0.998047       168010       512.00
     124.031     0.998242       168046       568.89
     124.287     0.998437       168075       640.00
     124.671     0.998633       168110       731.43
     124.991     0.998828       168146       853.33
     125.439     0.999023       168176      1024.00
     125.695     0.999121       168195      1137.78
     125.887     0.999219       168208      1280.00
     126.079     0.999316       168223      1462.86
     126.399     0.999414       168240      1706.67
     126.719     0.999512       168259      2048.00
     126.847     0.999561       168267      2275.56
     127.039     0.999609       168274      2560.00
     127.423     0.999658       168282      2925.71
     127.679     0.999707       168289      3413.33
     128.127     0.999756       168297      4096.00
     128.575     0.999780       168303      4551.11
     128.959     0.999805       168306      5120.00
     129.087     0.999829       168311      5851.43
     129.471     0.999854       168314      6826.67
     129.599     0.999878       168318      8192.00
     129.983     0.999890       168320      9102.22
     130.239     0.999902       168323     10240.00
     131.007     0.999915       168324     11702.86
     131.199     0.999927       168326     13653.33
     131.327     0.999939       168328     16384.00
     131.583     0.999945       168329     18204.44
     131.711     0.999951       168330     20480.00
     131.839     0.999957       168333     23405.71
     131.839     0.999963       168333     27306.67
     131.839     0.999969       168333     32768.00
     133.503     0.999973       168334     36408.89
     133.503     0.999976       168334     40960.00
     133.631     0.999979       168335     46811.43
     133.631     0.999982       168335     54613.33
     136.063     0.999985       168336     65536.00
     136.063     0.999986       168336     72817.78
     136.063     0.999988       168336     81920.00
     137.087     0.999989       168337     93622.86
     137.087     0.999991       168337    109226.67
     137.087     0.999992       168337    131072.00
     137.087     0.999993       168337    145635.56
     137.087     0.999994       168337    163840.00
     137.983     0.999995       168338    187245.71
     137.983     1.000000       168338          inf
#[Mean    =      105.521, StdDeviation   =        4.116]
#[Max     =      137.856, Total count    =       168338]
#[Buckets =           27, SubBuckets     =         2048]
----------------------------------------------------------
  260095 requests in 30.00s, 21.08MB read
Requests/sec:   8669.90
Transfer/sec:    719.67KB
