Running 30s test @ http://10.116.0.2:8080/json
  4 threads and 256 connections
  Thread calibration: mean lat.: 1.434ms, rate sampling interval: 10ms
  Thread calibration: mean lat.: 1.260ms, rate sampling interval: 10ms
  Thread calibration: mean lat.: 1.303ms, rate sampling interval: 10ms
  Thread calibration: mean lat.: 1.405ms, rate sampling interval: 10ms
  Thread Stats   Avg      Stdev     Max   +/- Stdev
    Latency     1.33ms  584.08us   8.65ms   66.76%
    Req/Sec    10.53k     1.84k   14.22k    65.14%
  Latency Distribution (HdrHistogram - Recorded Latency)
 50.000%    1.25ms
 75.000%    1.72ms
 90.000%    2.12ms
 99.000%    2.82ms
 99.900%    4.23ms
 99.990%    5.50ms
 99.999%    6.13ms
100.000%    8.65ms

  Detailed Percentile spectrum:
       Value   Percentile   TotalCount 1/(1-Percentile)

       0.209     0.000000            1         1.00
       0.634     0.100000        78951         1.11
       0.804     0.200000       157585         1.25
       0.955     0.300000       236436         1.43
       1.102     0.400000       315354         1.67
       1.252     0.500000       393955         2.00
       1.332     0.550000       433313         2.22
       1.417     0.600000       472352         2.50
       1.510     0.650000       511800         2.86
       1.610     0.700000       551011         3.33
       1.719     0.750000       590652         4.00
       1.776     0.775000       610364         4.44
       1.835     0.800000       629758         5.00
       1.899     0.825000       649516         5.71
       1.967     0.850000       669114         6.67
       2.042     0.875000       688898         8.00
       2.083     0.887500       699010         8.89
       2.123     0.900000       708465        10.00
       2.169     0.912500       718478        11.43
       2.219     0.925000       728318        13.33
       2.275     0.937500       737982        16.00
       2.307     0.943750       743043        17.78
       2.339     0.950000       747800        20.00
       2.377     0.956250       752881        22.86
       2.417     0.962500       757636        26.67
       2.467     0.968750       762601        32.00
       2.497     0.971875       765147        35.56
       2.529     0.975000       767543        40.00
       2.567     0.978125       770048        45.71
       2.611     0.981250       772515        53.33
       2.665     0.984375       774914        64.00
       2.697     0.985938       776119        71.11
       2.737     0.987500       777343        80.00
       2.787     0.989062       778550        91.43
       2.851     0.990625       779799       106.67
       2.933     0.992188       781013       128.00
       2.985     0.992969       781647       142.22
       3.049     0.993750       782248       160.00
       3.117     0.994531       782854       182.86
       3.219     0.995313       783475       213.33
       3.343     0.996094       784082       256.00
       3.411     0.996484       784389       284.44
       3.497     0.996875       784700       320.00
       3.591     0.997266       785002       365.71
       3.705     0.997656       785310       426.67
       3.833     0.998047       785621       512.00
       3.907     0.998242       785772       568.89
       3.981     0.998437       785927       640.00
       4.071     0.998633       786081       731.43
       4.151     0.998828       786234       853.33
       4.255     0.999023       786392      1024.00
       4.323     0.999121       786470      1137.78
       4.387     0.999219       786543      1280.00
       4.471     0.999316       786619      1462.86
       4.571     0.999414       786694      1706.67
       4.675     0.999512       786774      2048.00
       4.723     0.999561       786810      2275.56
       4.779     0.999609       786850      2560.00
       4.835     0.999658       786886      2925.71
       4.919     0.999707       786924      3413.33
       5.031     0.999756       786963      4096.00
       5.091     0.999780       786982      4551.11
       5.163     0.999805       787001      5120.00
       5.247     0.999829       787020      5851.43
       5.323     0.999854       787039      6826.67
       5.411     0.999878       787059      8192.00
       5.455     0.999890       787068      9102.22
       5.503     0.999902       787078     10240.00
       5.527     0.999915       787087     11702.86
       5.587     0.999927       787097     13653.33
       5.651     0.999939       787107     16384.00
       5.663     0.999945       787111     18204.44
       5.691     0.999951       787116     20480.00
       5.715     0.999957       787121     23405.71
       5.751     0.999963       787126     27306.67
       5.787     0.999969       787130     32768.00
       5.819     0.999973       787133     36408.89
       5.831     0.999976       787135     40960.00
       5.855     0.999979       787138     46811.43
       5.879     0.999982       787140     54613.33
       5.987     0.999985       787142     65536.00
       6.011     0.999986       787144     72817.78
       6.119     0.999988       787145     81920.00
       6.131     0.999989       787146     93622.86
       6.343     0.999991       787147    109226.67
       6.363     0.999992       787148    131072.00
       6.559     0.999993       787149    145635.56
       6.567     0.999994       787150    163840.00
       6.567     0.999995       787150    187245.71
       6.575     0.999995       787151    218453.33
       6.575     0.999996       787151    262144.00
       6.587     0.999997       787152    291271.11
       6.587     0.999997       787152    327680.00
       6.587     0.999997       787152    374491.43
       6.859     0.999998       787153    436906.67
       6.859     0.999998       787153    524288.00
       6.859     0.999998       787153    582542.22
       6.859     0.999998       787153    655360.00
       6.859     0.999999       787153    748982.86
       8.655     0.999999       787154    873813.33
       8.655     1.000000       787154          inf
#[Mean    =        1.331, StdDeviation   =        0.584]
#[Max     =        8.648, Total count    =       787154]
#[Buckets =           27, SubBuckets     =         2048]
----------------------------------------------------------
  1176840 requests in 30.00s, 194.16MB read
Requests/sec:  39227.84
Transfer/sec:      6.47MB
