Running 30s test @ http://10.116.0.2:8080/block?ms=100
  4 threads and 1000 connections
  Thread calibration: mean lat.: 102.971ms, rate sampling interval: 211ms
  Thread calibration: mean lat.: 102.777ms, rate sampling interval: 210ms
  Thread calibration: mean lat.: 102.878ms, rate sampling interval: 210ms
  Thread calibration: mean lat.: 102.965ms, rate sampling interval: 211ms
  Thread Stats   Avg      Stdev     Max   +/- Stdev
    Latency   102.32ms    1.26ms 110.34ms   71.26%
    Req/Sec     2.25k   209.25     2.37k    85.31%
  Latency Distribution (HdrHistogram - Recorded Latency)
 50.000%  102.08ms
 75.000%  102.97ms
 90.000%  104.00ms
 99.000%  106.37ms
 99.900%  107.97ms
 99.990%  109.44ms
 99.999%  110.21ms
100.000%  110.40ms

  Detailed Percentile spectrum:
       Value   Percentile   TotalCount 1/(1-Percentile)

     100.351     0.000000           38         1.00
     100.991     0.100000        18306         1.11
     101.311     0.200000        36427         1.25
     101.567     0.300000        53281         1.43
     101.823     0.400000        69929         1.67
     102.079     0.500000        85311         2.00
     102.271     0.550000        95878         2.22
     102.399     0.600000       102392         2.50
     102.591     0.650000       111441         2.86
     102.783     0.700000       119600         3.33
     102.975     0.750000       126865         4.00
     103.103     0.775000       131351         4.44
     103.231     0.800000       135444         5.00
     103.359     0.825000       138942         5.71
     103.551     0.850000       143606         6.67
     103.743     0.875000       147491         8.00
     103.871     0.887500       149690         8.89
     103.999     0.900000       151670        10.00
     104.191     0.912500       154209        11.43
     104.383     0.925000       156348        13.33
     104.575     0.937500       158162        16.00
     104.703     0.943750       159309        17.78
     104.831     0.950000       160228        20.00
     104.959     0.956250       161046        22.86
     105.151     0.962500       162185        26.67
     105.343     0.968750       163165        32.00
     105.471     0.971875       163816        35.56
     105.599     0.975000       164424        40.00
     105.727     0.978125       164922        45.71
     105.855     0.981250       165413        53.33
     105.983     0.984375       165813        64.00
     106.111     0.985938       166177        71.11
     106.175     0.987500       166337        80.00
     106.303     0.989062       166640        91.43
     106.431     0.990625       166889       106.67
     106.559     0.992188       167120       128.00
     106.687     0.992969       167309       142.22
     106.751     0.993750       167406       160.00
     106.879     0.994531       167553       182.86
     106.943     0.995313       167635       213.33
     107.071     0.996094       167783       256.00
     107.135     0.996484       167832       284.44
     107.199     0.996875       167887       320.00
     107.327     0.997266       167984       365.71
     107.391     0.997656       168013       426.67
     107.519     0.998047       168079       512.00
     107.583     0.998242       168112       568.89
     107.711     0.998437       168173       640.00
     107.775     0.998633       168193       731.43
     107.839     0.998828       168212       853.33
     107.967     0.999023       168243      1024.00
     108.031     0.999121       168264      1137.78
     108.095     0.999219       168277      1280.00
     108.223     0.999316       168293      1462.86
     108.415     0.999414       168314      1706.67
     108.543     0.999512       168330      2048.00
     108.607     0.999561       168338      2275.56
     108.735     0.999609       168345      2560.00
     108.863     0.999658       168353      2925.71
     108.991     0.999707       168360      3413.33
     109.183     0.999756       168367      4096.00
     109.247     0.999780       168375      4551.11
     109.247     0.999805       168375      5120.00
     109.311     0.999829       168379      5851.43
     109.375     0.999854       168387      6826.67
     109.375     0.999878       168387      8192.00
     109.439     0.999890       168394      9102.22
     109.439     0.999902       168394     10240.00
     109.439     0.999915       168394     11702.86
     109.503     0.999927       168397     13653.33
     109.503     0.999939       168397     16384.00
     109.567     0.999945       168399     18204.44
     109.567     0.999951       168399     20480.00
     109.631     0.999957       168400     23405.71
     109.695     0.999963       168401     27306.67
     109.823     0.999969       168402     32768.00
     109.887     0.999973       168403     36408.89
     109.887     0.999976       168403     40960.00
     110.143     0.999979       168404     46811.43
     110.143     0.999982       168404     54613.33
     110.207     0.999985       168405     65536.00
     110.207     0.999986       168405     72817.78
     110.207     0.999988       168405     81920.00
     110.271     0.999989       168406     93622.86
     110.271     0.999991       168406    109226.67
     110.271     0.999992       168406    131072.00
     110.271     0.999993       168406    145635.56
     110.271     0.999994       168406    163840.00
     110.399     0.999995       168407    187245.71
     110.399     1.000000       168407          inf
#[Mean    =      102.317, StdDeviation   =        1.259]
#[Max     =      110.336, Total count    =       168407]
#[Buckets =           27, SubBuckets     =         2048]
----------------------------------------------------------
  260165 requests in 30.00s, 39.70MB read
Requests/sec:   8672.01
Transfer/sec:      1.32MB
