Running 30s test @ http://10.116.0.2:8080/block?ms=100
  4 threads and 2000 connections
  Thread calibration: mean lat.: 105.672ms, rate sampling interval: 225ms
  Thread calibration: mean lat.: 104.738ms, rate sampling interval: 223ms
  Thread calibration: mean lat.: 107.641ms, rate sampling interval: 242ms
  Thread calibration: mean lat.: 105.828ms, rate sampling interval: 225ms
  Thread Stats   Avg      Stdev     Max   +/- Stdev
    Latency   102.45ms    2.46ms 121.34ms   91.68%
    Req/Sec     4.51k   118.95     4.94k    72.37%
  Latency Distribution (HdrHistogram - Recorded Latency)
 50.000%  101.76ms
 75.000%  102.78ms
 90.000%  104.45ms
 99.000%  113.86ms
 99.900%  118.14ms
 99.990%  120.51ms
 99.999%  121.28ms
100.000%  121.41ms

  Detailed Percentile spectrum:
       Value   Percentile   TotalCount 1/(1-Percentile)

     100.351     0.000000          121         1.00
     100.799     0.100000        32948         1.11
     101.055     0.200000        65464         1.25
     101.311     0.300000       102737         1.43
     101.503     0.400000       131378         1.67
     101.759     0.500000       163190         2.00
     101.887     0.550000       176688         2.22
     102.079     0.600000       193941         2.50
     102.271     0.650000       208602         2.86
     102.463     0.700000       221095         3.33
     102.783     0.750000       238507         4.00
     102.911     0.775000       244609         4.44
     103.103     0.800000       252916         5.00
     103.295     0.825000       259857         5.71
     103.551     0.850000       267652         6.67
     103.935     0.875000       276067         8.00
     104.127     0.887500       279390         8.89
     104.447     0.900000       283690        10.00
     104.831     0.912500       287497        11.43
     105.343     0.925000       291299        13.33
     106.175     0.937500       295228        16.00
     106.751     0.943750       297132        17.78
     107.519     0.950000       299132        20.00
     108.287     0.956250       301132        22.86
     109.183     0.962500       303121        26.67
     110.079     0.968750       305050        32.00
     110.527     0.971875       306007        35.56
     110.975     0.975000       306971        40.00
     111.487     0.978125       307930        45.71
     112.063     0.981250       308925        53.33
     112.639     0.984375       309952        64.00
     112.959     0.985938       310424        71.11
     113.279     0.987500       310888        80.00
     113.663     0.989062       311385        91.43
     114.047     0.990625       311894       106.67
     114.431     0.992188       312345       128.00
     114.687     0.992969       312640       142.22
     114.943     0.993750       312874       160.00
     115.135     0.994531       313106       182.86
     115.391     0.995313       313338       213.33
     115.711     0.996094       313576       256.00
     115.903     0.996484       313730       284.44
     116.031     0.996875       313821       320.00
     116.223     0.997266       313959       365.71
     116.415     0.997656       314085       426.67
     116.671     0.998047       314193       512.00
     116.799     0.998242       314248       568.89
     117.055     0.998437       314313       640.00
     117.247     0.998633       314369       731.43
     117.631     0.998828       314426       853.33
     118.207     0.999023       314490      1024.00
     118.463     0.999121       314523      1137.78
     118.719     0.999219       314548      1280.00
     118.975     0.999316       314584      1462.86
     119.167     0.999414       314610      1706.67
     119.359     0.999512       314641      2048.00
     119.551     0.999561       314666      2275.56
     119.615     0.999609       314676      2560.00
     119.679     0.999658       314692      2925.71
     119.807     0.999707       314709      3413.33
     119.999     0.999756       314724      4096.00
     119.999     0.999780       314724      4551.11
     120.063     0.999805       314732      5120.00
     120.127     0.999829       314740      5851.43
     120.255     0.999854       314747      6826.67
     120.383     0.999878       314756      8192.00
     120.511     0.999890       314762      9102.22
     120.575     0.999902       314768     10240.00
     120.575     0.999915       314768     11702.86
     120.639     0.999927       314774     13653.33
     120.639     0.999939       314774     16384.00
     120.703     0.999945       314779     18204.44
     120.703     0.999951       314779     20480.00
     120.831     0.999957       314782     23405.71
     120.831     0.999963       314782     27306.67
     120.959     0.999969       314785     32768.00
     120.959     0.999973       314785     36408.89
     121.023     0.999976       314787     40960.00
     121.023     0.999979       314787     46811.43
     121.151     0.999982       314789     54613.33
     121.151     0.999985       314789     65536.00
     121.151     0.999986       314789     72817.78
     121.279     0.999988       314790     81920.00
     121.279     0.999989       314790     93622.86
     121.343     0.999991       314791    109226.67
     121.343     0.999992       314791    131072.00
     121.343     0.999993       314791    145635.56
     121.407     0.999994       314793    163840.00
     121.407     1.000000       314793          inf
#[Mean    =      102.453, StdDeviation   =        2.457]
#[Max     =      121.344, Total count    =       314793]
#[Buckets =           27, SubBuckets     =         2048]
----------------------------------------------------------
  512852 requests in 30.00s, 78.26MB read
Requests/sec:  17095.01
Transfer/sec:      2.61MB
