Running 30s test @ http://10.116.0.2:8080/block?ms=100
  4 threads and 2000 connections
  Thread calibration: mean lat.: 103.582ms, rate sampling interval: 214ms
  Thread calibration: mean lat.: 103.831ms, rate sampling interval: 218ms
  Thread calibration: mean lat.: 103.693ms, rate sampling interval: 218ms
  Thread calibration: mean lat.: 103.720ms, rate sampling interval: 217ms
  Thread Stats   Avg      Stdev     Max   +/- Stdev
    Latency   102.74ms    2.96ms 126.66ms   90.73%
    Req/Sec     4.51k   141.30     4.93k    82.87%
  Latency Distribution (HdrHistogram - Recorded Latency)
 50.000%  101.76ms
 75.000%  103.17ms
 90.000%  105.47ms
 99.000%  115.46ms
 99.900%  122.43ms
 99.990%  125.63ms
 99.999%  126.21ms
100.000%  126.72ms

  Detailed Percentile spectrum:
       Value   Percentile   TotalCount 1/(1-Percentile)

     100.287     0.000000            3         1.00
     100.799     0.100000        34081         1.11
     101.055     0.200000        67586         1.25
     101.247     0.300000        95485         1.43
     101.503     0.400000       132209         1.67
     101.759     0.500000       161589         2.00
     101.951     0.550000       178206         2.22
     102.143     0.600000       191605         2.50
     102.399     0.650000       205755         2.86
     102.719     0.700000       220365         3.33
     103.167     0.750000       238171         4.00
     103.359     0.775000       244588         4.44
     103.615     0.800000       252369         5.00
     103.935     0.825000       260395         5.71
     104.319     0.850000       268278         6.67
     104.767     0.875000       275453         8.00
     105.087     0.887500       279511         8.89
     105.471     0.900000       283495        10.00
     105.983     0.912500       287574        11.43
     106.623     0.925000       291388        13.33
     107.583     0.937500       295207        16.00
     108.351     0.943750       297143        17.78
     109.247     0.950000       299141        20.00
     110.207     0.956250       301151        22.86
     111.103     0.962500       303120        26.67
     111.935     0.968750       304996        32.00
     112.383     0.971875       306007        35.56
     112.831     0.975000       307021        40.00
     113.279     0.978125       307980        45.71
     113.727     0.981250       308939        53.33
     114.239     0.984375       309886        64.00
     114.559     0.985938       310449        71.11
     114.879     0.987500       310920        80.00
     115.263     0.989062       311412        91.43
     115.647     0.990625       311914       106.67
     116.095     0.992188       312360       128.00
     116.351     0.992969       312600       142.22
     116.671     0.993750       312862       160.00
     116.991     0.994531       313070       182.86
     117.439     0.995313       313338       213.33
     117.887     0.996094       313561       256.00
     118.335     0.996484       313697       284.44
     118.719     0.996875       313806       320.00
     119.295     0.997266       313939       365.71
     119.871     0.997656       314053       426.67
     120.511     0.998047       314175       512.00
     120.895     0.998242       314239       568.89
     121.279     0.998437       314299       640.00
     121.727     0.998633       314360       731.43
     122.047     0.998828       314433       853.33
     122.495     0.999023       314482      1024.00
     122.751     0.999121       314522      1137.78
     123.007     0.999219       314545      1280.00
     123.263     0.999316       314579      1462.86
     123.455     0.999414       314606      1706.67
     123.775     0.999512       314639      2048.00
     123.903     0.999561       314653      2275.56
     124.095     0.999609       314670      2560.00
     124.287     0.999658       314684      2925.71
     124.543     0.999707       314698      3413.33
     124.735     0.999756       314718      4096.00
     124.799     0.999780       314722      4551.11
     124.991     0.999805       314729      5120.00
     125.247     0.999829       314738      5851.43
     125.375     0.999854       314743      6826.67
     125.567     0.999878       314752      8192.00
     125.631     0.999890       314759      9102.22
     125.631     0.999902       314759     10240.00
     125.695     0.999915       314764     11702.86
     125.759     0.999927       314767     13653.33
     125.823     0.999939       314772     16384.00
     125.823     0.999945       314772     18204.44
     125.887     0.999951       314779     20480.00
     125.887     0.999957       314779     23405.71
     125.887     0.999963       314779     27306.67
     125.951     0.999969       314782     32768.00
     125.951     0.999973       314782     36408.89
     125.951     0.999976       314782     40960.00
     126.015     0.999979       314783     46811.43
     126.079     0.999982       314785     54613.33
     126.079     0.999985       314785     65536.00
     126.079     0.999986       314785     72817.78
     126.207     0.999988       314786     81920.00
     126.207     0.999989       314786     93622.86
     126.271     0.999991       314787    109226.67
     126.271     0.999992       314787    131072.00
     126.271     0.999993       314787    145635.56
     126.463     0.999994       314788    163840.00
     126.463     0.999995       314788    187245.71
     126.463     0.999995       314788    218453.33
     126.463     0.999996       314788    262144.00
     126.463     0.999997       314788    291271.11
     126.719     0.999997       314789    327680.00
     126.719     1.000000       314789          inf
#[Mean    =      102.744, StdDeviation   =        2.960]
#[Max     =      126.656, Total count    =       314789]
#[Buckets =           27, SubBuckets     =         2048]
----------------------------------------------------------
  512844 requests in 30.00s, 78.25MB read
Requests/sec:  17094.76
Transfer/sec:      2.61MB
