Running 30s test @ http://10.116.0.2:8080/json
  4 threads and 256 connections
  Thread calibration: mean lat.: 1.752ms, rate sampling interval: 10ms
  Thread calibration: mean lat.: 1.786ms, rate sampling interval: 10ms
  Thread calibration: mean lat.: 1.761ms, rate sampling interval: 10ms
  Thread calibration: mean lat.: 2.135ms, rate sampling interval: 10ms
  Thread Stats   Avg      Stdev     Max   +/- Stdev
    Latency     1.79ms    1.11ms  18.54ms   84.62%
    Req/Sec    21.10k     2.12k   30.33k    72.44%
  Latency Distribution (HdrHistogram - Recorded Latency)
 50.000%    1.52ms
 75.000%    2.15ms
 90.000%    2.96ms
 99.000%    6.24ms
 99.900%   10.32ms
 99.990%   14.18ms
 99.999%   16.77ms
100.000%   18.56ms

  Detailed Percentile spectrum:
       Value   Percentile   TotalCount 1/(1-Percentile)

       0.210     0.000000            1         1.00
       0.820     0.100000       157804         1.11
       1.017     0.200000       315202         1.25
       1.184     0.300000       473138         1.43
       1.349     0.400000       630318         1.67
       1.524     0.500000       787140         2.00
       1.621     0.550000       866622         2.22
       1.724     0.600000       945163         2.50
       1.841     0.650000      1023852         2.86
       1.983     0.700000      1101980         3.33
       2.147     0.750000      1181610         4.00
       2.233     0.775000      1220081         4.44
       2.337     0.800000      1259517         5.00
       2.461     0.825000      1298962         5.71
       2.603     0.850000      1338534         6.67
       2.763     0.875000      1377645         8.00
       2.857     0.887500      1397455         8.89
       2.965     0.900000      1416995        10.00
       3.089     0.912500      1436613        11.43
       3.229     0.925000      1456420        13.33
       3.419     0.937500      1476006        16.00
       3.541     0.943750      1485706        17.78
       3.689     0.950000      1495615        20.00
       3.859     0.956250      1505473        22.86
       4.059     0.962500      1515226        26.67
       4.307     0.968750      1525096        32.00
       4.471     0.971875      1530084        35.56
       4.663     0.975000      1534950        40.00
       4.887     0.978125      1539827        45.71
       5.151     0.981250      1544759        53.33
       5.467     0.984375      1549682        64.00
       5.651     0.985938      1552119        71.11
       5.863     0.987500      1554612        80.00
       6.095     0.989062      1557081        91.43
       6.355     0.990625      1559532       106.67
       6.671     0.992188      1561971       128.00
       6.863     0.992969      1563200       142.22
       7.091     0.993750      1564425       160.00
       7.339     0.994531      1565663       182.86
       7.635     0.995313      1566884       213.33
       7.987     0.996094      1568112       256.00
       8.187     0.996484      1568728       284.44
       8.407     0.996875      1569350       320.00
       8.663     0.997266      1569959       365.71
       8.951     0.997656      1570580       426.67
       9.247     0.998047      1571186       512.00
       9.415     0.998242      1571493       568.89
       9.599     0.998437      1571802       640.00
       9.815     0.998633      1572116       731.43
      10.071     0.998828      1572414       853.33
      10.359     0.999023      1572725      1024.00
      10.511     0.999121      1572874      1137.78
      10.687     0.999219      1573034      1280.00
      10.879     0.999316      1573180      1462.86
      11.127     0.999414      1573340      1706.67
      11.447     0.999512      1573490      2048.00
      11.583     0.999561      1573569      2275.56
      11.767     0.999609      1573644      2560.00
      11.967     0.999658      1573718      2925.71
      12.271     0.999707      1573799      3413.33
      12.567     0.999756      1573872      4096.00
      12.719     0.999780      1573911      4551.11
      12.951     0.999805      1573950      5120.00
      13.255     0.999829      1573989      5851.43
      13.487     0.999854      1574028      6826.67
      13.815     0.999878      1574064      8192.00
      14.015     0.999890      1574084      9102.22
      14.239     0.999902      1574104     10240.00
      14.591     0.999915      1574122     11702.86
      14.839     0.999927      1574141     13653.33
      15.055     0.999939      1574161     16384.00
      15.215     0.999945      1574170     18204.44
      15.335     0.999951      1574181     20480.00
      15.455     0.999957      1574189     23405.71
      15.671     0.999963      1574199     27306.67
      15.943     0.999969      1574208     32768.00
      16.095     0.999973      1574213     36408.89
      16.151     0.999976      1574218     40960.00
      16.295     0.999979      1574223     46811.43
      16.415     0.999982      1574229     54613.33
      16.479     0.999985      1574232     65536.00
      16.591     0.999986      1574235     72817.78
      16.639     0.999988      1574237     81920.00
      16.767     0.999989      1574240     93622.86
      16.831     0.999991      1574242    109226.67
      16.895     0.999992      1574244    131072.00
      17.007     0.999993      1574246    145635.56
      17.087     0.999994      1574247    163840.00
      17.103     0.999995      1574249    187245.71
      17.103     0.999995      1574249    218453.33
      17.119     0.999996      1574250    262144.00
      17.183     0.999997      1574252    291271.11
      17.183     0.999997      1574252    327680.00
      17.183     0.999997      1574252    374491.43
      17.279     0.999998      1574253    436906.67
      17.279     0.999998      1574253    524288.00
      17.311     0.999998      1574254    582542.22
      17.311     0.999998      1574254    655360.00
      17.311     0.999999      1574254    748982.86
      17.391     0.999999      1574255    873813.33
      17.391     0.999999      1574255   1048576.00
      17.391     0.999999      1574255   1165084.44
      17.391     0.999999      1574255   1310720.00
      17.391     0.999999      1574255   1497965.71
      18.559     0.999999      1574256   1747626.67
      18.559     1.000000      1574256          inf
#[Mean    =        1.788, StdDeviation   =        1.111]
#[Max     =       18.544, Total count    =      1574256]
#[Buckets =           27, SubBuckets     =         2048]
----------------------------------------------------------
  2370347 requests in 30.00s, 391.07MB read
Requests/sec:  79012.55
Transfer/sec:     13.04MB
