Linux 6.8.0-142-generic (cafeai-bench-server) 	10/01/26 	_x86_64_	(4 CPU)

19:53:10     CPU    %usr   %nice    %sys %iowait    %irq   %soft  %steal  %guest  %gnice   %idle
19:53:11     all   63.25    0.00    7.75    0.00    0.00    3.25    0.00    0.00    0.00   25.75
19:53:12     all   78.39    0.00   14.07    0.00    0.00    7.29    0.00    0.00    0.00    0.25
19:53:13     all   75.25    0.00   16.25    0.00    0.00    8.25    0.00    0.00    0.00    0.25
19:53:14     all   70.84    0.00   13.49    0.00    0.00    7.23    0.24    0.00    0.00    8.19
19:53:15     all   68.25    0.00   13.27    0.00    0.00    6.40    0.00    0.00    0.00   12.09
19:53:16     all   42.99    0.00   14.71    0.00    0.00    4.60    0.00    0.00    0.00   37.70
19:53:17     all   20.55    0.00   16.21    0.00    0.00    4.34    0.00    0.00    0.00   58.90
19:53:18     all   19.86    0.00   16.89    0.00    0.00    4.11    0.00    0.00    0.00   59.13
19:53:19     all   18.04    0.00   16.21    0.00    0.00    4.79    0.00    0.00    0.00   60.96
19:53:20     all   18.85    0.00   15.86    0.00    0.00    4.14    0.00    0.00    0.00   61.15
19:53:21     all   17.01    0.00   16.32    0.00    0.00    4.37    0.23    0.00    0.00   62.07
19:53:22     all   16.78    0.00   15.62    0.00    0.00    5.13    0.23    0.00    0.00   62.24
19:53:23     all   16.55    0.00   15.86    0.00    0.00    5.75    0.00    0.00    0.00   61.84
19:53:24     all   17.82    0.00   16.26    0.00    0.00    5.57    0.00    0.00    0.00   60.36
19:53:25     all   17.24    0.00   16.32    0.00    0.00    5.06    0.00    0.00    0.00   61.38
19:53:26     all   16.36    0.00   15.90    0.00    0.00    5.30    0.23    0.00    0.00   62.21
19:53:27     all   16.63    0.00   16.63    0.00    0.00    5.24    0.23    0.00    0.00   61.28
19:53:28     all   16.78    0.00   16.55    0.00    0.00    4.37    0.00    0.00    0.00   62.30
19:53:29     all   18.36    0.00   15.71    0.00    0.00    5.53    0.00    0.00    0.00   60.40
19:53:30     all   16.78    0.00   14.71    0.00    0.00    3.91    0.46    0.00    0.00   64.14
19:53:31     all   15.33    0.00   15.56    0.00    0.00    5.26    0.00    0.00    0.00   63.84
19:53:32     all   17.46    0.00   15.87    0.00    0.00    4.99    0.00    0.00    0.00   61.68
19:53:33     all   16.78    0.00   16.09    0.00    0.00    4.83    0.00    0.00    0.00   62.30
19:53:34     all   15.26    0.00   15.72    0.00    0.00    4.33    0.00    0.00    0.00   64.69
19:53:35     all   15.53    0.00   16.89    0.00    0.00    3.65    0.00    0.00    0.00   63.93
19:53:36     all   17.32    0.00   15.01    0.00    0.00    4.39    0.00    0.00    0.00   63.28
19:53:37     all   17.38    0.00   16.03    0.00    0.00    5.19    0.23    0.00    0.00   61.17
19:53:38     all   15.67    0.00   16.36    0.00    0.00    4.84    0.00    0.00    0.00   63.13
19:53:39     all   16.10    0.00   15.19    0.00    0.00    4.99    0.23    0.00    0.00   63.49
19:53:40     all   16.55    0.00   14.94    0.00    0.00    5.06    0.46    0.00    0.00   62.99
19:53:41     all   19.51    0.00    6.42    0.00    0.00    1.98    0.00    0.00    0.00   72.10
19:53:42     all   32.06    0.00    8.65    0.00    0.00    4.58    0.00    0.00    0.00   54.71
19:53:43     all   23.23    0.00   11.36    0.00    0.00    4.55    0.00    0.00    0.00   60.86
19:53:44     all   13.45    0.00   12.18    0.00    0.00    3.30    0.00    0.00    0.00   71.07
19:53:45     all   11.36    0.00   12.63    0.00    0.00    3.79    0.00    0.00    0.00   72.22
19:53:46     all   14.86    0.00   12.85    0.00    0.00    3.78    0.00    0.00    0.00   68.51
19:53:47     all   10.80    0.00   13.32    0.00    0.00    3.52    0.25    0.00    0.00   72.11
19:53:48     all   10.57    0.00   12.37    0.00    0.00    3.09    0.00    0.00    0.00   73.97
19:53:49     all   11.62    0.00   12.63    0.00    0.00    3.54    0.00    0.00    0.00   72.22
19:53:50     all   11.34    0.00   11.60    0.00    0.00    3.35    0.00    0.00    0.00   73.71
19:53:51     all   11.50    0.00   12.50    0.00    0.00    3.50    0.25    0.00    0.00   72.25
19:53:52     all   10.15    0.00   12.69    0.00    0.00    3.30    0.00    0.00    0.00   73.86
19:53:53     all   10.83    0.00   12.34    0.00    0.00    3.53    0.25    0.00    0.00   73.05
19:53:54     all   11.42    0.00   12.44    0.00    0.00    3.30    0.25    0.00    0.00   72.59
19:53:55     all   10.43    0.00   12.47    0.00    0.00    3.56    0.00    0.00    0.00   73.54
19:53:56     all   10.63    0.00   12.66    0.00    0.00    3.80    0.00    0.00    0.00   72.91
19:53:57     all   13.28    0.00   12.53    0.00    0.00    3.76    0.00    0.00    0.00   70.43
19:53:58     all   11.05    0.00   11.83    0.00    0.00    3.08    0.00    0.00    0.00   74.04
19:53:59     all   10.26    0.00   12.05    0.00    0.00    3.33    0.26    0.00    0.00   74.10
19:54:00     all   11.11    0.00   12.88    0.00    0.00    3.54    0.00    0.00    0.00   72.47
19:54:01     all   11.11    0.00   11.62    0.00    0.00    3.54    0.00    0.00    0.00   73.74
19:54:02     all   10.97    0.00   11.99    0.00    0.00    3.32    0.00    0.00    0.00   73.72
19:54:03     all   10.94    0.00   12.47    0.00    0.00    3.56    0.00    0.00    0.00   73.03
19:54:04     all   10.71    0.00   12.76    0.00    0.00    3.32    0.00    0.00    0.00   73.21
19:54:05     all   14.07    0.00   12.10    0.00    0.00    3.95    0.25    0.00    0.00   69.63
19:54:06     all   11.87    0.00   11.87    0.00    0.00    3.54    0.51    0.00    0.00   72.22
19:54:07     all   11.34    0.00   12.59    0.00    0.00    3.53    0.00    0.00    0.00   72.54
19:54:08     all   11.11    0.00   12.12    0.00    0.00    3.28    0.00    0.00    0.00   73.48
19:54:09     all   11.36    0.00   12.37    0.00    0.00    3.54    0.00    0.00    0.00   72.73
19:54:10     all   10.71    0.00   12.76    0.00    0.00    3.32    0.00    0.00    0.00   73.21
19:54:11     all   15.93    0.00   11.52    0.00    0.00    6.86    0.25    0.00    0.00   65.44
19:54:12     all   13.86    0.00   13.63    0.00    0.00    8.55    0.00    0.00    0.00   63.97
19:54:13     all   11.97    0.00   12.68    0.00    0.00    8.69    0.23    0.00    0.00   66.43
19:54:14     all    8.82    0.00   10.78    0.00    0.00   10.29    0.00    0.00    0.00   70.10
19:54:15     all   13.45    0.00   15.18    0.22    0.00   10.63    0.43    0.00    0.00   60.09
19:54:16     all   10.59    0.00   12.00    0.00    0.00   10.12    0.00    0.00    0.00   67.29
19:54:17     all   10.74    0.00   11.69    0.00    0.00   10.26    0.24    0.00    0.00   67.06
19:54:18     all    9.76    0.00   12.38    0.00    0.00   10.00    0.00    0.00    0.00   67.86
19:54:19     all   11.16    0.00   13.02    0.00    0.00   11.16    0.00    0.00    0.00   64.65
19:54:20     all    8.77    0.00    9.02    0.00    0.00    9.27    0.25    0.00    0.00   72.68
19:54:21     all   10.31    0.00   11.27    0.00    0.00   10.31    0.24    0.00    0.00   67.87
19:54:22     all   11.72    0.00   13.33    0.00    0.00   10.34    0.23    0.00    0.00   64.37
19:54:23     all    8.44    0.00    9.93    0.00    0.00   10.42    0.00    0.00    0.00   71.22
19:54:24     all    9.83    0.00   10.57    0.00    0.00    9.83    0.25    0.00    0.00   69.53
19:54:25     all   12.59    0.00   13.52    0.00    0.00    9.56    0.00    0.00    0.00   64.34
19:54:26     all    8.06    0.00   10.08    0.00    0.00   10.33    0.25    0.00    0.00   71.28
19:54:27     all   13.21    0.00   13.67    0.00    0.00   10.02    0.23    0.00    0.00   62.87
19:54:28     all   11.16    0.00   12.98    0.00    0.00   11.39    0.46    0.00    0.00   64.01
19:54:29     all    7.89    0.00    8.40    0.00    0.00   11.20    0.00    0.00    0.00   72.52
19:54:30     all    7.79    0.00   10.05    0.25    0.00   11.06    0.00    0.00    0.00   70.85
19:54:31     all    7.54    0.00    9.80    0.00    0.00   11.31    0.25    0.00    0.00   71.11
19:54:32     all    9.14    0.00    9.39    0.00    0.00    9.64    0.00    0.00    0.00   71.83
19:54:33     all    9.49    0.00   10.46    0.00    0.00   11.68    0.24    0.00    0.00   68.13
19:54:34     all   10.69    0.00   12.83    0.00    0.00   11.16    0.24    0.00    0.00   65.08
19:54:35     all   10.79    0.00   11.27    0.00    0.00   11.51    0.00    0.00    0.00   66.43
19:54:36     all   10.61    0.00   13.44    0.00    0.00   11.08    0.24    0.00    0.00   64.62
19:54:37     all    9.41    0.00    9.41    0.00    0.00   10.64    0.00    0.00    0.00   70.54
19:54:38     all    8.35    0.00   10.81    0.00    0.00   12.04    0.00    0.00    0.00   68.80
19:54:39     all   10.45    0.00   12.11    0.00    0.00   11.40    0.24    0.00    0.00   65.80
19:54:40     all    8.82    0.00    9.57    0.00    0.00    9.82    0.50    0.00    0.00   71.28
19:54:41     all    9.77    0.00   11.03    0.00    0.00    7.52    0.00    0.00    0.00   71.68
19:54:42     all   16.79    0.00   17.52    0.00    0.00    9.00    0.00    0.00    0.00   56.69
19:54:43     all   18.27    0.00   19.47    0.00    0.00   10.58    0.00    0.00    0.00   51.68
19:54:44     all   18.89    0.00   19.61    0.00    0.00    9.69    0.00    0.00    0.00   51.82
19:54:45     all   18.05    0.00   19.27    0.00    0.00   10.00    0.98    0.00    0.00   51.71
19:54:46     all   18.80    0.00   18.80    0.00    0.00    9.77    0.00    0.00    0.00   52.63
19:54:47     all   18.67    0.00   19.66    0.00    0.00    9.83    0.00    0.00    0.00   51.84
19:54:48     all   18.23    0.00   19.27    0.00    0.00    9.90    0.00    0.00    0.00   52.60
19:54:49     all   16.62    0.00   18.96    0.00    0.00   10.65    0.26    0.00    0.00   53.51
19:54:50     all   16.28    0.00   18.60    0.00    0.00   10.08    0.26    0.00    0.00   54.78
19:54:51     all   18.02    0.00   19.04    0.00    0.00    9.14    0.25    0.00    0.00   53.55
19:54:52     all   16.97    0.00   17.75    0.26    0.00    9.40    0.00    0.00    0.00   55.61
19:54:53     all   17.44    0.00   18.21    0.00    0.00    9.74    0.26    0.00    0.00   54.36
19:54:54     all   18.13    0.00   18.65    0.00    0.00    9.59    0.26    0.00    0.00   53.37
19:54:55     all   16.58    0.00   19.21    0.00    0.00    8.68    0.00    0.00    0.00   55.53
19:54:56     all   17.97    0.00   18.23    0.00    0.00    8.07    0.52    0.00    0.00   55.21
19:54:57     all   18.28    0.00   18.80    0.00    0.00    8.62    0.00    0.00    0.00   54.31
19:54:58     all   17.60    0.00   19.90    0.00    0.00    7.91    0.00    0.00    0.00   54.59
19:54:59     all   18.37    0.00   19.39    0.00    0.00    7.65    0.26    0.00    0.00   54.34
19:55:00     all   17.41    0.00   19.00    0.00    0.00    8.71    0.00    0.00    0.00   54.88
19:55:01     all   18.35    0.00   20.41    0.00    0.00    7.49    0.52    0.00    0.00   53.23
19:55:02     all   18.44    0.00   21.04    0.00    0.00    7.01    0.00    0.00    0.00   53.51
19:55:03     all   18.25    0.00   18.52    0.00    0.00    7.94    0.26    0.00    0.00   55.03
19:55:04     all   17.39    0.00   19.44    0.00    0.00    7.67    0.26    0.00    0.00   55.24
19:55:05     all   18.81    0.00   19.33    0.00    0.00    7.73    0.26    0.00    0.00   53.87
19:55:06     all   18.06    0.00   20.16    0.00    0.00    6.81    0.26    0.00    0.00   54.71
19:55:07     all   18.47    0.00   19.79    0.00    0.00    6.60    0.00    0.00    0.00   55.15
19:55:08     all   18.91    0.00   19.43    0.00    0.00    6.99    0.26    0.00    0.00   54.40
19:55:09     all   17.86    0.00   19.39    0.00    0.00    7.91    0.00    0.00    0.00   54.85
19:55:10     all   17.40    0.00   19.22    0.00    0.00    7.53    0.52    0.00    0.00   55.32
19:55:11     all   16.24    0.00   18.30    0.00    0.00    6.70    0.00    0.00    0.00   58.76
19:55:12     all   22.57    0.00   24.15    0.00    0.00   11.29    0.26    0.00    0.00   41.73
19:55:13     all   24.68    0.00   25.19    0.00    0.00   13.51    0.52    0.00    0.00   36.10
19:55:14     all   24.32    0.00   26.80    0.00    0.00   13.40    0.00    0.00    0.00   35.48
19:55:15     all   24.41    0.00   25.98    0.00    0.00   13.39    0.26    0.00    0.00   35.96
19:55:16     all   23.47    0.00   26.40    0.00    0.00   13.33    0.27    0.00    0.00   36.53
19:55:17     all   23.80    0.00   24.65    0.00    0.00   11.33    0.28    0.00    0.00   39.94
19:55:18     all   22.84    0.00   25.91    0.00    0.00   11.98    0.00    0.00    0.00   39.28
19:55:19     all   24.32    0.00   26.22    0.00    0.00   10.81    0.27    0.00    0.00   38.38
19:55:20     all   23.43    0.00   25.34    0.00    0.00   10.90    0.00    0.00    0.00   40.33
19:55:21     all   23.31    0.00   26.02    0.00    0.00   11.65    0.27    0.00    0.00   38.75
19:55:22     all   24.45    0.00   24.45    0.00    0.00   11.26    0.27    0.00    0.00   39.56
19:55:23     all   24.93    0.00   25.73    0.00    0.00   12.20    0.00    0.00    0.00   37.14
19:55:24     all   24.07    0.00   26.46    0.00    0.00   11.11    0.53    0.00    0.00   37.83
19:55:25     all   24.32    0.00   25.68    0.00    0.00   12.02    0.00    0.00    0.00   37.98
19:55:26     all   24.22    0.00   26.30    0.00    0.00   11.98    0.26    0.00    0.00   37.24
19:55:27     all   23.66    0.00   26.34    0.00    0.00   11.83    0.27    0.00    0.00   37.90
19:55:28     all   25.00    0.00   25.27    0.00    0.00   10.75    0.27    0.00    0.00   38.71
19:55:29     all   23.32    0.00   27.72    0.00    0.00   11.92    0.00    0.00    0.00   37.05
19:55:30     all   24.86    0.00   27.30    0.00    0.00   10.27    0.00    0.00    0.00   37.57
19:55:31     all   24.80    0.00   26.95    0.00    0.00   11.32    0.00    0.00    0.00   36.93
19:55:32     all   25.00    0.00   27.11    0.00    0.00   10.53    0.26    0.00    0.00   37.11
19:55:33     all   24.80    0.00   26.42    0.00    0.00   10.51    0.27    0.00    0.00   38.01
19:55:34     all   23.32    0.00   26.01    0.00    0.00   11.53    0.54    0.00    0.00   38.61
19:55:35     all   24.74    0.00   27.08    0.00    0.00   12.24    0.00    0.00    0.00   35.94
19:55:36     all   24.06    0.00   27.27    0.00    0.00   10.70    0.00    0.00    0.00   37.97
19:55:37     all   25.07    0.00   27.97    0.00    0.00   11.08    0.53    0.00    0.00   35.36
19:55:38     all   23.75    0.00   27.18    0.00    0.00   11.87    0.00    0.00    0.00   37.20
19:55:39     all   25.00    0.00   24.72    0.00    0.00    9.17    0.28    0.00    0.00   40.83
19:55:40     all   23.69    0.00   26.45    0.00    0.00    8.54    0.28    0.00    0.00   41.05
19:55:41     all   19.94    0.00   19.37    0.00    0.00    6.84    0.28    0.00    0.00   53.56
19:55:42     all   28.13    0.00   29.05    0.00    0.00    7.95    0.00    0.00    0.00   34.86
19:55:43     all   34.73    0.00   36.41    0.00    0.00    8.40    0.00    0.00    0.00   20.45
19:55:44     all   33.63    0.00   37.13    0.00    0.00    8.77    0.00    0.00    0.00   20.47
19:55:45     all   34.02    0.00   37.28    0.00    0.00    8.58    0.59    0.00    0.00   19.53
19:55:46     all   35.22    0.00   36.72    0.00    0.00    8.36    0.00    0.00    0.00   19.70
19:55:47     all   33.53    0.00   36.44    0.00    0.00   10.20    0.58    0.00    0.00   19.24
19:55:48     all   33.33    0.00   38.64    0.00    0.00    9.44    0.00    0.00    0.00   18.58
19:55:49     all   35.34    0.00   36.21    0.00    0.00    9.20    0.00    0.00    0.00   19.25
19:55:50     all   34.78    0.00   36.81    0.00    0.00   10.14    0.29    0.00    0.00   17.97
19:55:51     all   32.94    0.00   37.98    0.00    0.00    8.01    0.00    0.00    0.00   21.07
19:55:52     all   35.09    0.00   37.43    0.00    0.00    7.89    0.00    0.00    0.00   19.59
19:55:53     all   34.75    0.00   38.42    0.00    0.00    7.91    0.56    0.00    0.00   18.36
19:55:54     all   34.10    0.00   38.73    0.00    0.00    6.94    0.00    0.00    0.00   20.23
19:55:55     all   36.11    0.00   37.50    0.00    0.00    7.22    0.28    0.00    0.00   18.89
19:55:56     all   35.21    0.00   37.46    0.00    0.00    7.89    0.28    0.00    0.00   19.15
19:55:57     all   34.94    0.00   37.50    0.00    0.00    8.81    0.28    0.00    0.00   18.47
19:55:58     all   35.33    0.00   37.61    0.00    0.00    7.69    0.00    0.00    0.00   19.37
19:55:59     all   34.75    0.00   37.57    0.00    0.00    8.76    0.00    0.00    0.00   18.93
19:56:00     all   35.41    0.00   37.68    0.00    0.00    7.93    0.28    0.00    0.00   18.70
19:56:01     all   36.18    0.00   37.06    0.00    0.00    6.47    0.29    0.00    0.00   20.00
19:56:02     all   35.57    0.00   36.97    0.00    0.00    6.72    0.00    0.00    0.00   20.73
19:56:03     all   34.54    0.00   39.83    0.00    0.00    6.96    0.28    0.00    0.00   18.38
19:56:04     all   35.90    0.00   36.18    0.00    0.00    8.83    0.57    0.00    0.00   18.52
19:56:05     all   34.58    0.00   37.75    0.00    0.00    7.78    0.00    0.00    0.00   19.88
19:56:06     all   34.99    0.00   37.47    0.00    0.00    8.26    0.28    0.00    0.00   19.01
19:56:07     all   34.69    0.00   37.32    0.00    0.00    9.33    0.00    0.00    0.00   18.66
19:56:08     all   35.41    0.00   36.83    0.00    0.00    8.50    0.00    0.00    0.00   19.26
19:56:09     all   33.62    0.00   37.89    0.00    0.00    9.12    0.00    0.00    0.00   19.37
19:56:10     all   34.38    0.00   37.22    0.00    0.00    7.95    0.57    0.00    0.00   19.89
19:56:11     all   32.17    0.00   31.10    0.00    0.00   10.19    0.00    0.00    0.00   26.54
19:56:12     all   40.75    0.00   37.50    0.00    0.00   20.25    0.00    0.00    0.00    1.50
19:56:13     all   41.46    0.00   34.42    0.00    0.00   21.36    0.25    0.00    0.00    2.51
19:56:14     all   41.21    0.00   36.68    0.00    0.00   19.35    0.00    0.00    0.00    2.76
19:56:15     all   39.90    0.00   36.91    0.00    0.00   20.95    0.25    0.00    0.00    2.00
19:56:16     all   38.00    0.00   38.00    0.00    0.00   22.00    0.00    0.00    0.00    2.00
19:56:17     all   36.02    0.00   41.06    0.00    0.00   21.91    0.00    0.00    0.00    1.01
19:56:18     all   38.13    0.00   39.39    0.00    0.00   20.71    0.00    0.00    0.00    1.77
19:56:19     all   37.56    0.00   39.05    0.00    0.00   21.89    0.00    0.00    0.00    1.49
19:56:20     all   38.19    0.00   38.69    0.00    0.00   20.85    0.00    0.00    0.00    2.26
19:56:21     all   37.19    0.00   38.69    0.00    0.00   22.11    0.25    0.00    0.00    1.76
19:56:22     all   38.29    0.00   37.78    0.00    0.00   22.17    0.25    0.00    0.00    1.51
19:56:23     all   37.88    0.00   40.15    0.00    0.00   20.45    0.00    0.00    0.00    1.52
19:56:24     all   37.41    0.00   38.15    0.00    0.00   22.19    0.00    0.00    0.00    2.24
19:56:25     all   38.75    0.00   38.25    0.00    0.00   21.25    0.25    0.00    0.00    1.50
19:56:26     all   37.75    0.00   38.75    0.00    0.00   22.00    0.00    0.00    0.00    1.50
19:56:27     all   37.94    0.00   40.45    0.00    0.00   20.85    0.00    0.00    0.00    0.75
19:56:28     all   37.22    0.00   39.24    0.00    0.00   21.27    0.00    0.00    0.00    2.28
19:56:29     all   38.60    0.00   38.10    0.00    0.00   21.55    0.00    0.00    0.00    1.75
19:56:30     all   37.50    0.00   39.75    0.00    0.00   21.25    0.25    0.00    0.00    1.25
19:56:31     all   37.44    0.00   39.70    0.00    0.00   20.85    0.00    0.00    0.00    2.01
19:56:32     all   40.20    0.00   37.69    0.00    0.00   20.10    0.00    0.00    0.00    2.01
19:56:33     all   38.85    0.00   39.10    0.00    0.00   21.05    0.00    0.00    0.00    1.00
19:56:34     all   38.65    0.00   38.40    0.00    0.00   20.95    0.00    0.00    0.00    2.00
19:56:35     all   37.69    0.00   39.70    0.00    0.00   20.60    0.25    0.00    0.00    1.76
19:56:36     all   36.23    0.00   40.20    0.00    0.00   21.34    0.00    0.00    0.00    2.23
19:56:37     all   37.69    0.00   38.94    0.00    0.00   21.86    0.25    0.00    0.00    1.26
19:56:38     all   37.78    0.00   38.29    0.00    0.00   21.41    0.25    0.00    0.00    2.27
19:56:39     all   37.22    0.00   39.21    0.00    0.00   21.09    0.25    0.00    0.00    2.23
19:56:40     all   36.87    0.00   39.65    0.00    0.00   21.46    0.00    0.00    0.00    2.02
19:56:41     all   31.71    0.00   32.23    0.00    0.00   13.81    0.00    0.00    0.00   22.25
19:56:42     all   39.24    0.00   36.96    0.00    0.00   17.47    0.00    0.00    0.00    6.33
19:56:43     all   40.00    0.00   37.00    0.00    0.00   18.75    0.00    0.00    0.00    4.25
19:56:44     all   38.04    0.00   38.29    0.00    0.00   19.14    0.00    0.00    0.00    4.53
19:56:45     all   38.35    0.00   38.35    0.00    0.00   21.55    0.00    0.00    0.00    1.75
19:56:46     all   35.34    0.00   39.85    0.00    0.00   22.31    0.25    0.00    0.00    2.26
19:56:47     all   37.19    0.00   38.94    0.00    0.00   21.86    0.00    0.00    0.00    2.01
19:56:48     all   37.94    0.00   39.20    0.00    0.00   21.11    0.00    0.00    0.00    1.76
19:56:49     all   37.16    0.00   39.65    0.00    0.00   21.45    0.00    0.00    0.00    1.75
19:56:50     all   37.50    0.00   39.00    0.00    0.00   21.75    0.25    0.00    0.00    1.50
19:56:51     all   37.25    0.00   39.50    0.00    0.00   20.75    0.25    0.00    0.00    2.25
19:56:52     all   36.91    0.00   40.65    0.00    0.00   20.95    0.25    0.00    0.00    1.25
19:56:53     all   37.63    0.00   39.65    0.00    0.00   21.21    0.00    0.00    0.00    1.52
19:56:54     all   36.66    0.00   39.65    0.00    0.00   21.70    0.00    0.00    0.00    2.00
19:56:55     all   37.50    0.00   39.25    0.00    0.00   21.75    0.00    0.00    0.00    1.50
19:56:56     all   36.68    0.00   40.45    0.00    0.00   21.36    0.25    0.00    0.00    1.26
19:56:57     all   37.34    0.00   38.60    0.00    0.00   22.31    0.00    0.00    0.00    1.75
19:56:58     all   35.84    0.00   40.60    0.00    0.00   21.80    0.00    0.00    0.00    1.75
19:56:59     all   36.75    0.00   38.75    0.00    0.00   22.50    0.00    0.00    0.00    2.00
19:57:00     all   38.29    0.00   38.04    0.00    0.00   22.42    0.00    0.00    0.00    1.26
19:57:01     all   37.75    0.00   39.00    0.00    0.00   21.50    0.00    0.00    0.00    1.75
19:57:02     all   37.78    0.00   38.79    0.00    0.00   21.66    0.00    0.00    0.00    1.76
19:57:03     all   35.84    0.00   39.85    0.00    0.00   22.31    0.25    0.00    0.00    1.75
19:57:04     all   36.07    0.00   39.80    0.00    0.00   22.64    0.00    0.00    0.00    1.49
19:57:05     all   37.31    0.00   39.05    0.00    0.00   21.39    0.25    0.00    0.00    1.99
19:57:06     all   36.52    0.00   38.04    0.00    0.00   23.17    0.25    0.00    0.00    2.02
19:57:07     all   37.84    0.00   38.60    0.00    0.00   22.56    0.00    0.00    0.00    1.00
19:57:08     all   37.06    0.00   38.81    0.00    0.00   22.14    0.25    0.00    0.00    1.74
19:57:09     all   37.09    0.00   39.35    0.00    0.00   21.55    0.00    0.00    0.00    2.01
19:57:10     all   37.19    0.00   39.45    0.00    0.00   21.86    0.00    0.00    0.00    1.51
19:57:11     all   19.45    0.00   20.20    0.00    0.00   10.97    0.00    0.00    0.00   49.38
19:57:12     all    7.85    0.00    4.30    0.00    0.00    2.28    0.00    0.00    0.00   85.57
19:57:13     all   13.01    0.00    9.18    0.00    0.00    4.08    0.00    0.00    0.00   73.72
19:57:14     all   12.59    0.00   10.58    0.00    0.00    3.53    0.00    0.00    0.00   73.30
19:57:15     all   11.60    0.00   10.05    0.00    0.00    2.84    0.26    0.00    0.00   75.26
19:57:16     all   11.45    0.00   10.94    0.00    0.00    3.05    0.25    0.00    0.00   74.30
19:57:17     all   11.70    0.00   10.94    0.00    0.00    3.05    0.00    0.00    0.00   74.30
19:57:18     all    8.97    0.00   10.77    0.00    0.00    2.56    0.00    0.00    0.00   77.69
19:57:19     all   11.00    0.00    9.97    0.00    0.00    3.07    0.00    0.00    0.00   75.96
19:57:20     all   12.47    0.00    9.16    0.00    0.00    2.29    0.00    0.00    0.00   76.08
19:57:21     all   11.87    0.00   11.11    0.00    0.00    2.53    0.00    0.00    0.00   74.49
19:57:22     all    9.46    0.00    9.97    0.00    0.00    3.07    0.26    0.00    0.00   77.24
19:57:23     all   11.25    0.00   10.23    0.00    0.00    3.07    0.00    0.00    0.00   75.45
19:57:24     all   12.66    0.00   10.89    0.00    0.00    2.78    0.00    0.00    0.00   73.67
19:57:25     all   13.55    0.00   10.49    0.00    0.00    2.56    0.26    0.00    0.00   73.15
19:57:26     all    9.11    0.00   11.14    0.00    0.00    3.29    0.00    0.00    0.00   76.46
19:57:27     all   11.48    0.00   10.20    0.00    0.00    3.57    0.00    0.00    0.00   74.74
19:57:28     all   11.20    0.00   11.45    0.00    0.00    3.31    0.00    0.00    0.00   74.05
19:57:29     all   11.62    0.00   10.86    0.00    0.00    2.78    0.00    0.00    0.00   74.75
19:57:30     all    8.81    0.00   10.62    0.00    0.00    2.85    0.00    0.00    0.00   77.72
19:57:31     all   11.22    0.00   10.97    0.00    0.00    2.81    0.00    0.00    0.00   75.00
19:57:32     all   11.54    0.00   10.51    0.00    0.00    2.56    0.26    0.00    0.00   75.13
19:57:33     all   11.48    0.00   10.46    0.00    0.00    3.06    0.00    0.00    0.00   75.00
19:57:34     all    9.72    0.00   10.74    0.00    0.00    2.81    0.00    0.00    0.00   76.73
19:57:35     all   11.70    0.00   10.69    0.00    0.00    2.80    0.25    0.00    0.00   74.55
19:57:36     all   11.70    0.00   10.94    0.00    0.00    3.31    0.00    0.00    0.00   74.05
19:57:37     all   11.54    0.00   10.77    0.00    0.00    2.56    0.00    0.00    0.00   75.13
19:57:38     all    9.82    0.00   10.58    0.00    0.00    3.53    0.25    0.00    0.00   75.82
19:57:39     all   11.05    0.00   10.28    0.00    0.00    3.08    0.00    0.00    0.00   75.58
19:57:40     all   12.63    0.00   11.11    0.00    0.00    2.53    0.00    0.00    0.00   73.74
19:57:41     all    5.78    0.00    6.78    0.00    0.00    2.26    0.00    0.00    0.00   85.18
19:57:42     all    9.55    0.00    4.27    0.00    0.00    1.51    0.00    0.00    0.00   84.67
19:57:43     all   30.15    0.00   15.21    0.00    0.00    5.15    0.26    0.00    0.00   49.23
19:57:44     all   30.90    0.00   17.84    0.00    0.00    5.28    0.25    0.00    0.00   45.73
19:57:45     all   22.45    0.00   18.11    1.28    0.00    4.59    0.00    0.00    0.00   53.57
19:57:46     all   22.05    0.00   21.79    0.00    0.00    4.62    0.00    0.00    0.00   51.54
19:57:47     all   23.59    0.00   22.56    0.00    0.00    5.64    0.00    0.00    0.00   48.21
19:57:48     all   20.73    0.00   22.02    0.00    0.00    5.18    0.00    0.00    0.00   52.07
19:57:49     all   23.71    0.00   22.42    0.00    0.00    5.41    0.52    0.00    0.00   47.94
19:57:50     all   19.22    0.00   22.34    0.00    0.00    4.68    0.26    0.00    0.00   53.51
19:57:51     all   22.94    0.00   21.39    0.00    0.00    5.41    0.00    0.00    0.00   50.26
19:57:52     all   19.74    0.00   22.08    0.00    0.00    5.45    0.00    0.00    0.00   52.73
19:57:53     all   22.45    0.00   21.41    0.00    0.00    5.22    0.26    0.00    0.00   50.65
19:57:54     all   19.95    0.00   23.23    0.00    0.00    5.81    0.25    0.00    0.00   50.76
19:57:55     all   22.25    0.00   22.51    0.00    0.00    5.63    0.00    0.00    0.00   49.62
19:57:56     all   19.90    0.00   23.26    0.00    0.00    5.17    0.26    0.00    0.00   51.42
19:57:57     all   21.45    0.00   22.74    0.00    0.00    5.17    0.26    0.00    0.00   50.39
19:57:58     all   21.43    0.00   22.45    0.00    0.00    5.10    0.00    0.00    0.00   51.02
19:57:59     all   22.16    0.00   21.91    0.00    0.00    5.67    0.00    0.00    0.00   50.26
19:58:00     all   21.13    0.00   22.94    0.00    0.00    5.41    0.00    0.00    0.00   50.52
19:58:01     all   23.90    0.00   22.08    0.00    0.00    5.45    0.00    0.00    0.00   48.57
19:58:02     all   18.94    0.00   22.98    0.00    0.00    5.30    0.00    0.00    0.00   52.78
19:58:03     all   24.09    0.00   20.47    0.00    0.00    4.66    0.26    0.00    0.00   50.52
19:58:04     all   18.88    0.00   21.68    0.00    0.00    5.10    0.26    0.00    0.00   54.08
19:58:05     all   23.91    0.00   21.08    0.00    0.00    5.40    0.00    0.00    0.00   49.61
19:58:06     all   18.32    0.00   22.14    0.00    0.00    4.83    0.51    0.00    0.00   54.20
19:58:07     all   24.42    0.00   22.88    0.00    0.00    4.88    0.00    0.00    0.00   47.81
19:58:08     all   18.85    0.00   21.99    0.00    0.00    5.76    0.00    0.00    0.00   53.40
19:58:09     all   23.14    0.00   22.88    0.00    0.00    5.14    0.00    0.00    0.00   48.84
19:58:10     all   18.70    0.00   23.64    0.00    0.00    5.45    0.00    0.00    0.00   52.21
19:58:11     all   16.75    0.00   16.75    0.00    0.00    4.12    0.00    0.00    0.00   62.37
19:58:12     all    5.79    0.00    3.27    0.00    0.00    2.02    0.00    0.00    0.00   88.92
19:58:13     all   21.79    0.00   15.13    0.00    0.00    7.44    0.26    0.00    0.00   55.38
19:58:14     all   26.75    0.00   23.90    0.00    0.00    9.09    0.00    0.00    0.00   40.26
19:58:15     all   43.37    0.00   29.08    0.00    0.00   10.71    0.26    0.00    0.00   16.58
19:58:16     all   53.88    0.00   26.32    0.00    0.00   12.78    0.25    0.00    0.00    6.77
19:58:17     all   52.76    0.00   25.88    0.00    0.00   13.82    0.00    0.00    0.00    7.54
19:58:18     all   53.79    0.00   27.53    0.00    0.00   13.64    0.00    0.00    0.00    5.05
19:58:19     all   51.38    0.00   26.82    0.00    0.00   12.03    0.00    0.00    0.00    9.77
19:58:20     all   51.01    0.00   27.39    0.00    0.00   10.80    0.00    0.00    0.00   10.80
19:58:21     all   53.27    0.00   25.13    0.00    0.00   11.06    0.25    0.00    0.00   10.30
19:58:22     all   49.87    0.00   29.22    0.00    0.00   12.34    0.00    0.00    0.00    8.56
19:58:23     all   52.63    0.00   27.57    0.00    0.00   11.78    0.00    0.00    0.00    8.02
19:58:24     all   50.00    0.00   30.56    0.00    0.00   11.11    0.00    0.00    0.00    8.33
19:58:25     all   52.76    0.00   29.15    0.00    0.00   10.30    0.00    0.00    0.00    7.79
19:58:26     all   51.51    0.00   30.40    0.00    0.00   11.31    0.00    0.00    0.00    6.78
19:58:27     all   50.38    0.00   28.32    0.00    0.00   12.03    0.00    0.00    0.00    9.27
19:58:28     all   48.87    0.00   25.94    0.00    0.00   12.85    0.00    0.00    0.00   12.34
19:58:29     all   53.28    0.00   28.54    0.00    0.00   10.86    0.00    0.00    0.00    7.32
19:58:30     all   52.00    0.00   30.75    0.00    0.00   13.00    0.00    0.00    0.00    4.25
19:58:31     all   49.62    0.00   27.82    0.00    0.00   12.03    0.00    0.00    0.00   10.53
19:58:32     all   55.14    0.00   27.07    0.00    0.00    9.77    0.00    0.00    0.00    8.02
19:58:33     all   50.25    0.00   28.75    0.00    0.00   12.75    0.25    0.00    0.00    8.00
19:58:34     all   52.00    0.00   27.00    0.00    0.00   13.25    0.25    0.00    0.00    7.50
19:58:35     all   51.39    0.00   28.72    0.00    0.00   11.84    0.00    0.00    0.00    8.06
19:58:36     all   51.00    0.00   30.75    0.00    0.00   11.00    0.00    0.00    0.00    7.25
19:58:37     all   54.02    0.00   28.39    0.00    0.00   12.06    0.00    0.00    0.00    5.53
19:58:38     all   41.71    0.00   26.38    0.00    0.00   13.82    0.00    0.00    0.00   18.09
19:58:39     all   55.92    0.00   26.45    0.00    0.00   12.34    0.00    0.00    0.00    5.29
19:58:40     all   46.72    0.00   29.55    0.00    0.00   12.12    0.00    0.00    0.00   11.62
19:58:41     all   42.46    0.00   21.36    0.00    0.00    9.55    0.00    0.00    0.00   26.63
19:58:42     all    3.52    0.00    2.51    0.00    0.00    1.76    0.00    0.00    0.00   92.21
19:58:43     all   18.35    0.00   16.54    0.00    0.00    6.72    0.26    0.00    0.00   58.14
19:58:44     all   24.87    0.00   22.22    0.00    0.00    8.47    0.00    0.00    0.00   44.44
19:58:45     all   31.03    0.00   28.91    0.00    0.00   11.14    0.00    0.00    0.00   28.91
19:58:46     all   43.37    0.00   31.38    0.00    0.00   11.99    0.26    0.00    0.00   13.01
19:58:47     all   55.50    0.00   27.25    0.00    0.00   12.50    0.00    0.00    0.00    4.75
19:58:48     all   55.83    0.00   22.08    0.00    0.00   13.65    0.00    0.00    0.00    8.44
19:58:49     all   60.05    0.00   20.85    0.00    0.00   11.81    0.25    0.00    0.00    7.04
19:58:50     all   66.08    0.00   16.83    0.00    0.00    9.05    0.00    0.00    0.00    8.04
19:58:51     all   76.63    0.00   10.05    0.00    0.00    5.53    0.00    0.00    0.00    7.79
19:58:52     all   85.39    0.00    6.55    0.00    0.00    3.02    0.00    0.00    0.00    5.04
19:58:53     all   88.41    0.00    5.04    0.00    0.00    2.02    0.00    0.00    0.00    4.53
19:58:54     all   89.45    0.00    3.77    0.00    0.00    2.26    0.00    0.00    0.00    4.52
19:58:55     all   86.43    0.00    6.03    0.00    0.00    3.02    0.00    0.00    0.00    4.52
19:58:56     all   88.25    0.00    5.50    0.00    0.00    2.00    0.00    0.00    0.00    4.25
19:58:57     all   90.45    0.00    2.76    0.00    0.00    1.01    0.00    0.00    0.00    5.78
19:58:58     all   90.61    0.00    3.30    0.00    0.00    1.27    0.00    0.00    0.00    4.82
19:58:59     all   88.78    0.00    4.24    0.00    0.00    2.24    0.25    0.00    0.00    4.49
19:59:00     all   85.29    0.00    5.99    0.00    0.00    2.99    0.00    0.00    0.00    5.74
19:59:01     all   89.08    0.00    4.71    0.00    0.00    1.74    0.00    0.00    0.00    4.47
19:59:02     all   86.62    0.00    5.30    0.00    0.00    2.53    0.00    0.00    0.00    5.56
19:59:03     all   87.28    0.00    4.99    0.00    0.00    2.24    0.50    0.00    0.00    4.99
19:59:04     all   86.07    0.00    5.47    0.00    0.00    2.24    0.25    0.00    0.00    5.97
19:59:05     all   86.97    0.00    5.76    0.00    0.00    3.01    0.00    0.00    0.00    4.26
19:59:06     all   87.69    0.00    4.52    0.00    0.00    2.76    0.00    0.00    0.00    5.03
19:59:07     all   89.97    0.00    3.26    0.00    0.00    1.50    0.00    0.00    0.00    5.26
19:59:08     all   88.16    0.00    5.54    0.00    0.00    2.02    0.00    0.00    0.00    4.28
19:59:09     all   88.25    0.00    5.00    0.00    0.00    2.00    0.00    0.00    0.00    4.75
19:59:10     all   87.15    0.00    5.29    0.00    0.00    2.02    0.00    0.00    0.00    5.54
19:59:11     all   86.00    0.00    5.25    0.00    0.00    3.25    0.00    0.00    0.00    5.50
