Running 30s test @ http://10.116.0.2:8080/json
  4 threads and 256 connections
  Thread calibration: mean lat.: 740.977ms, rate sampling interval: 6324ms
  Thread calibration: mean lat.: 634.768ms, rate sampling interval: 5545ms
  Thread calibration: mean lat.: 841.778ms, rate sampling interval: 5898ms
  Thread calibration: mean lat.: 1042.062ms, rate sampling interval: 6340ms
  Thread Stats   Avg      Stdev     Max   +/- Stdev
    Latency     3.54s     2.16s   10.71s    70.21%
    Req/Sec    24.25k     1.69k   26.28k    66.67%
  Latency Distribution (HdrHistogram - Recorded Latency)
 50.000%    3.37s 
 75.000%    4.61s 
 90.000%    7.06s 
 99.000%    8.89s 
 99.900%    9.72s 
 99.990%   10.57s 
 99.999%   10.67s 
100.000%   10.72s 

  Detailed Percentile spectrum:
       Value   Percentile   TotalCount 1/(1-Percentile)

       0.531     0.000000            1         1.00
     562.175     0.100000       190863         1.11
    1701.887     0.200000       382020         1.25
    2164.735     0.300000       572832         1.43
    2887.679     0.400000       763620         1.67
    3371.007     0.500000       954547         2.00
    3639.295     0.550000      1050117         2.22
    3839.999     0.600000      1145510         2.50
    4073.471     0.650000      1241021         2.86
    4276.223     0.700000      1336209         3.33
    4612.095     0.750000      1432501         4.00
    4870.143     0.775000      1479526         4.44
    4997.119     0.800000      1526958         5.00
    5124.095     0.825000      1574762         5.71
    6189.055     0.850000      1622260         6.67
    6848.511     0.875000      1670012         8.00
    6967.295     0.887500      1693966         8.89
    7057.407     0.900000      1717804        10.00
    7163.903     0.912500      1741818        11.43
    7278.591     0.925000      1765839        13.33
    7516.159     0.937500      1789632        16.00
    7610.367     0.943750      1801572        17.78
    7716.863     0.950000      1813384        20.00
    7786.495     0.956250      1825278        22.86
    7884.799     0.962500      1837058        26.67
    7974.911     0.968750      1849231        32.00
    8024.063     0.971875      1855082        35.56
    8204.287     0.975000      1860827        40.00
    8404.991     0.978125      1866855        45.71
    8470.527     0.981250      1873203        53.33
    8519.679     0.984375      1879113        64.00
    8544.255     0.985938      1882550        71.11
    8577.023     0.987500      1884853        80.00
    8781.823     0.989062      1887689        91.43
    8937.471     0.990625      1890834       106.67
    9043.967     0.992188      1893806       128.00
    9093.119     0.992969      1895208       142.22
    9158.655     0.993750      1896771       160.00
    9215.999     0.994531      1898086       182.86
    9281.535     0.995313      1899573       213.33
    9355.263     0.996094      1901216       256.00
    9388.031     0.996484      1901849       284.44
    9437.183     0.996875      1902640       320.00
    9469.951     0.997266      1903308       365.71
    9510.911     0.997656      1904190       426.67
    9543.679     0.998047      1904938       512.00
    9560.063     0.998242      1905309       568.89
    9576.447     0.998437      1905621       640.00
    9601.023     0.998633      1905912       731.43
    9658.367     0.998828      1906308       853.33
    9740.287     0.999023      1906665      1024.00
    9781.247     0.999121      1906830      1137.78
    9863.167     0.999219      1907016      1280.00
    9969.663     0.999316      1907206      1462.86
   10084.351     0.999414      1907401      1706.67
   10207.231     0.999512      1907583      2048.00
   10239.999     0.999561      1907684      2275.56
   10272.767     0.999609      1907763      2560.00
   10321.919     0.999658      1907860      2925.71
   10371.071     0.999707      1907955      3413.33
   10420.223     0.999756      1908049      4096.00
   10444.799     0.999780      1908093      4551.11
   10469.375     0.999805      1908137      5120.00
   10493.951     0.999829      1908184      5851.43
   10518.527     0.999854      1908229      6826.67
   10543.103     0.999878      1908274      8192.00
   10559.487     0.999890      1908301      9102.22
   10575.871     0.999902      1908330     10240.00
   10584.063     0.999915      1908346     11702.86
   10600.447     0.999927      1908376     13653.33
   10608.639     0.999939      1908393     16384.00
   10616.831     0.999945      1908405     18204.44
   10625.023     0.999951      1908423     20480.00
   10633.215     0.999957      1908440     23405.71
   10633.215     0.999963      1908440     27306.67
   10641.407     0.999969      1908455     32768.00
   10641.407     0.999973      1908455     36408.89
   10649.599     0.999976      1908470     40960.00
   10649.599     0.999979      1908470     46811.43
   10657.791     0.999982      1908480     54613.33
   10657.791     0.999985      1908480     65536.00
   10657.791     0.999986      1908480     72817.78
   10665.983     0.999988      1908489     81920.00
   10665.983     0.999989      1908489     93622.86
   10665.983     0.999991      1908489    109226.67
   10674.175     0.999992      1908494    131072.00
   10674.175     0.999993      1908494    145635.56
   10682.367     0.999994      1908497    163840.00
   10682.367     0.999995      1908497    187245.71
   10690.559     0.999995      1908501    218453.33
   10690.559     0.999996      1908501    262144.00
   10690.559     0.999997      1908501    291271.11
   10690.559     0.999997      1908501    327680.00
   10690.559     0.999997      1908501    374491.43
   10698.751     0.999998      1908503    436906.67
   10698.751     0.999998      1908503    524288.00
   10698.751     0.999998      1908503    582542.22
   10706.943     0.999998      1908505    655360.00
   10706.943     0.999999      1908505    748982.86
   10706.943     0.999999      1908505    873813.33
   10706.943     0.999999      1908505   1048576.00
   10706.943     0.999999      1908505   1165084.44
   10706.943     0.999999      1908505   1310720.00
   10706.943     0.999999      1908505   1497965.71
   10706.943     0.999999      1908505   1747626.67
   10715.135     1.000000      1908506   2097152.00
   10715.135     1.000000      1908506          inf
#[Mean    =     3538.928, StdDeviation   =     2161.358]
#[Max     =    10706.944, Total count    =      1908506]
#[Buckets =           27, SubBuckets     =         2048]
----------------------------------------------------------
  2871276 requests in 30.00s, 473.72MB read
Requests/sec:  95710.32
Transfer/sec:     15.79MB
