1790884755 135728
1790884756 196348
1790884757 217512
1790884758 219792
1790884759 225088
1790884760 226768
1790884761 226780
1790884762 226796
1790884763 226888
1790884764 230580
1790884765 231156
1790884766 231168
1790884767 231192
1790884769 231192
1790884770 231204
1790884771 231208
1790884772 231208
1790884773 231208
1790884774 231212
1790884775 231216
1790884776 231224
1790884777 231224
1790884778 231224
1790884779 231248
1790884780 231248
1790884781 231248
1790884782 231260
1790884783 231260
1790884784 231272
1790884785 231292
1790884786 244580
1790884787 279152
1790884788 284328
1790884789 284368
1790884790 284396
1790884791 284432
1790884792 284432
1790884793 284436
1790884794 284440
1790884796 284440
1790884797 284444
1790884798 284448
1790884799 284448
1790884800 284456
1790884801 284460
1790884802 284472
1790884803 284472
1790884804 284476
1790884805 285144
1790884806 286724
1790884807 287604
1790884808 287604
1790884809 287628
1790884810 287808
1790884811 288032
1790884812 288032
1790884813 288052
1790884814 288052
1790884815 288052
1790884816 288252
1790884817 288284
1790884818 256140
1790884819 256212
1790884820 256212
1790884821 256212
1790884822 256212
1790884824 256216
1790884825 256216
1790884826 256216
1790884827 256220
1790884828 256220
1790884829 256220
1790884830 256220
1790884831 256224
1790884832 256224
1790884833 256224
1790884834 256224
1790884835 256224
1790884836 256224
1790884837 256228
1790884838 256228
1790884839 256228
1790884840 256228
1790884841 256228
1790884842 256228
1790884843 256228
1790884844 256228
1790884845 256232
1790884846 256768
1790884847 256772
1790884848 256772
1790884850 256776
1790884851 256788
1790884852 256788
1790884853 256792
1790884854 256792
1790884855 256792
1790884856 256792
1790884857 256792
1790884858 256792
1790884859 256796
1790884860 256796
1790884861 256796
1790884862 256796
1790884863 256796
1790884864 256796
1790884865 256796
1790884866 256796
1790884867 256796
1790884868 256796
1790884869 256800
1790884871 256800
1790884872 256804
1790884873 256804
1790884874 256804
1790884875 256844
1790884876 256848
1790884877 256868
1790884878 256868
1790884879 256872
1790884880 256872
1790884881 256880
1790884882 256880
1790884883 256888
1790884884 256888
1790884885 256888
1790884886 256888
1790884887 256888
1790884888 256888
1790884890 256892
1790884891 256892
1790884892 256896
1790884893 256896
1790884894 256900
1790884895 256900
1790884896 256900
1790884897 256904
1790884898 256904
1790884899 256908
1790884900 256908
1790884901 256912
1790884902 256912
1790884903 256916
1790884904 256916
1790884905 256916
1790884906 257456
1790884908 257932
1790884909 257940
1790884910 257944
1790884911 257944
1790884912 257944
1790884913 257948
1790884914 257952
1790884915 257956
1790884916 257956
1790884917 257956
1790884918 257956
1790884919 257956
1790884920 257960
1790884922 257960
1790884923 257964
1790884924 257964
1790884925 257968
1790884926 257968
1790884927 257972
1790884928 257972
1790884929 257972
1790884930 257972
1790884931 257980
1790884932 257980
1790884933 257980
1790884935 257980
1790884936 257988
1790884937 239060
1790884938 250716
1790884939 250720
1790884940 250728
1790884941 250732
1790884942 250736
1790884943 250736
1790884945 250736
1790884946 250740
1790884947 250744
1790884948 250744
1790884949 250752
1790884950 250756
1790884951 250760
1790884952 250760
1790884953 250764
1790884955 250764
1790884956 250764
1790884957 250768
1790884958 250768
1790884959 250768
1790884960 250776
1790884961 250780
1790884962 250780
1790884963 250784
1790884965 250784
1790884966 250784
1790884967 222664
1790884968 223736
1790884969 281772
1790884970 281792
1790884971 281800
1790884972 281800
1790884973 281808
1790884975 281808
1790884976 281808
1790884977 281808
1790884978 281812
1790884979 281816
1790884980 281820
1790884981 281824
1790884982 281828
1790884983 281828
1790884984 281828
1790884986 281828
1790884987 281828
1790884988 281840
1790884989 281844
1790884990 281844
1790884991 281844
1790884992 281844
1790884993 281844
1790884995 281848
1790884996 281852
1790884997 292808
1790884998 293688
1790884999 297828
1790885000 297832
1790885001 297832
1790885002 297844
1790885003 297844
1790885004 297844
1790885005 297880
1790885006 297892
1790885007 297896
1790885008 297896
1790885009 297912
1790885010 297916
1790885011 297920
1790885012 297920
1790885013 297920
1790885014 297920
1790885015 297932
1790885016 297956
1790885017 297960
1790885018 297960
1790885019 297960
1790885020 297960
1790885022 297960
1790885023 297964
1790885024 297964
1790885025 297964
1790885026 297964
1790885027 297964
1790885028 320508
1790885029 355896
1790885030 356428
1790885031 356436
1790885032 356436
1790885033 356440
1790885034 356444
1790885035 356444
1790885036 356448
1790885037 356448
1790885038 356452
1790885039 356452
1790885040 356460
1790885041 356460
1790885042 356468
1790885043 356472
1790885044 356476
1790885046 356484
1790885047 356484
1790885048 356496
1790885049 356496
1790885050 356504
1790885051 356504
1790885052 356508
1790885053 356508
1790885054 356520
1790885055 356520
1790885056 356548
1790885057 365360
1790885058 365616
1790885059 365732
1790885060 437064
1790885061 502408
1790885062 580864
1790885063 580888
1790885064 580892
1790885065 581356
1790885067 582028
1790885068 582028
1790885069 582032
1790885070 582032
1790885071 582084
1790885072 582092
1790885073 582092
1790885074 582092
1790885075 582092
1790885076 582092
1790885077 582092
1790885078 582092
1790885079 582092
1790885080 582092
1790885081 582092
1790885083 582092
1790885084 582092
1790885085 582092
1790885086 582124
1790885087 582124
1790885088 586092
1790885089 586148
1790885090 586180
1790885091 587424
1790885092 587440
1790885093 597932
1790885094 618004
1790885095 690760
1790885096 693656
1790885097 693716
1790885099 694096
1790885100 694620
1790885101 694620
1790885102 694616
1790885103 694964
1790885104 694968
1790885105 694976
1790885106 694988
1790885107 694988
1790885108 694988
1790885109 695036
1790885110 695128
1790885111 695140
1790885113 695140
1790885114 695140
1790885115 695140
1790885116 695308
