Running 30s test @ http://10.116.0.2:8080/json
  4 threads and 64 connections
  Thread calibration: mean lat.: 49.816ms, rate sampling interval: 432ms
  Thread calibration: mean lat.: 22.262ms, rate sampling interval: 122ms
  Thread calibration: mean lat.: 43.996ms, rate sampling interval: 349ms
  Thread calibration: mean lat.: 40.773ms, rate sampling interval: 337ms
  Thread Stats   Avg      Stdev     Max   +/- Stdev
    Latency     1.08ms  449.46us   5.26ms   61.42%
    Req/Sec     5.01k    28.56     5.13k    74.77%
  Latency Distribution (HdrHistogram - Recorded Latency)
 50.000%    1.06ms
 75.000%    1.43ms
 90.000%    1.70ms
 99.000%    2.04ms
 99.900%    2.49ms
 99.990%    3.75ms
 99.999%    4.57ms
100.000%    5.27ms

  Detailed Percentile spectrum:
       Value   Percentile   TotalCount 1/(1-Percentile)

       0.200     0.000000            1         1.00
       0.498     0.100000        39854         1.11
       0.638     0.200000        79882         1.25
       0.774     0.300000       119556         1.43
       0.922     0.400000       159601         1.67
       1.062     0.500000       199243         2.00
       1.130     0.550000       219111         2.22
       1.200     0.600000       239048         2.50
       1.273     0.650000       259134         2.86
       1.349     0.700000       279083         3.33
       1.428     0.750000       298902         4.00
       1.471     0.775000       308865         4.44
       1.515     0.800000       318840         5.00
       1.562     0.825000       328839         5.71
       1.608     0.850000       338768         6.67
       1.654     0.875000       348692         8.00
       1.677     0.887500       353604         8.89
       1.701     0.900000       358555        10.00
       1.726     0.912500       363572        11.43
       1.754     0.925000       368647        13.33
       1.784     0.937500       373538        16.00
       1.801     0.943750       376030        17.78
       1.820     0.950000       378567        20.00
       1.840     0.956250       381018        22.86
       1.861     0.962500       383462        26.67
       1.887     0.968750       385973        32.00
       1.902     0.971875       387214        35.56
       1.918     0.975000       388490        40.00
       1.936     0.978125       389713        45.71
       1.955     0.981250       390922        53.33
       1.978     0.984375       392162        64.00
       1.992     0.985938       392780        71.11
       2.007     0.987500       393410        80.00
       2.024     0.989062       394017        91.43
       2.046     0.990625       394653       106.67
       2.069     0.992188       395277       128.00
       2.083     0.992969       395612       142.22
       2.099     0.993750       395918       160.00
       2.117     0.994531       396215       182.86
       2.139     0.995313       396508       213.33
       2.167     0.996094       396827       256.00
       2.183     0.996484       396986       284.44
       2.203     0.996875       397144       320.00
       2.225     0.997266       397294       365.71
       2.253     0.997656       397457       426.67
       2.283     0.998047       397596       512.00
       2.309     0.998242       397679       568.89
       2.333     0.998437       397756       640.00
       2.363     0.998633       397831       731.43
       2.409     0.998828       397910       853.33
       2.501     0.999023       397985      1024.00
       2.555     0.999121       398024      1137.78
       2.637     0.999219       398063      1280.00
       2.727     0.999316       398102      1462.86
       2.823     0.999414       398141      1706.67
       2.927     0.999512       398180      2048.00
       3.011     0.999561       398199      2275.56
       3.081     0.999609       398219      2560.00
       3.165     0.999658       398238      2925.71
       3.271     0.999707       398258      3413.33
       3.349     0.999756       398277      4096.00
       3.407     0.999780       398287      4551.11
       3.481     0.999805       398297      5120.00
       3.529     0.999829       398306      5851.43
       3.621     0.999854       398316      6826.67
       3.697     0.999878       398326      8192.00
       3.749     0.999890       398332      9102.22
       3.769     0.999902       398336     10240.00
       3.797     0.999915       398340     11702.86
       3.881     0.999927       398345     13653.33
       3.957     0.999939       398350     16384.00
       4.049     0.999945       398353     18204.44
       4.159     0.999951       398355     20480.00
       4.171     0.999957       398357     23405.71
       4.215     0.999963       398360     27306.67
       4.355     0.999969       398362     32768.00
       4.423     0.999973       398364     36408.89
       4.443     0.999976       398365     40960.00
       4.479     0.999979       398366     46811.43
       4.483     0.999982       398368     54613.33
       4.483     0.999985       398368     65536.00
       4.539     0.999986       398369     72817.78
       4.567     0.999988       398370     81920.00
       4.567     0.999989       398370     93622.86
       4.819     0.999991       398371    109226.67
       4.819     0.999992       398371    131072.00
       4.939     0.999993       398372    145635.56
       4.939     0.999994       398372    163840.00
       4.939     0.999995       398372    187245.71
       5.039     0.999995       398373    218453.33
       5.039     0.999996       398373    262144.00
       5.039     0.999997       398373    291271.11
       5.039     0.999997       398373    327680.00
       5.039     0.999997       398373    374491.43
       5.267     0.999998       398374    436906.67
       5.267     1.000000       398374          inf
#[Mean    =        1.083, StdDeviation   =        0.449]
#[Max     =        5.264, Total count    =       398374]
#[Buckets =           27, SubBuckets     =         2048]
----------------------------------------------------------
  594429 requests in 30.00s, 98.07MB read
Requests/sec:  19814.29
Transfer/sec:      3.27MB
