Running 30s test @ http://10.116.0.2:8080/block?ms=100
  4 threads and 4000 connections
  Thread calibration: mean lat.: 195.531ms, rate sampling interval: 574ms
  Thread calibration: mean lat.: 223.921ms, rate sampling interval: 606ms
  Thread calibration: mean lat.: 202.064ms, rate sampling interval: 587ms
  Thread calibration: mean lat.: 192.574ms, rate sampling interval: 554ms
  Thread Stats   Avg      Stdev     Max   +/- Stdev
    Latency   151.65ms   51.50ms 368.13ms   83.75%
    Req/Sec     9.02k   322.63     9.62k    65.69%
  Latency Distribution (HdrHistogram - Recorded Latency)
 50.000%  134.40ms
 75.000%  178.30ms
 90.000%  228.35ms
 99.000%  301.57ms
 99.900%  323.84ms
 99.990%  336.13ms
 99.999%  352.26ms
100.000%  368.38ms

  Detailed Percentile spectrum:
       Value   Percentile   TotalCount 1/(1-Percentile)

     100.351     0.000000            7         1.00
     102.399     0.100000        55245         1.11
     106.239     0.200000       108510         1.25
     114.367     0.300000       162433         1.43
     123.903     0.400000       216630         1.67
     134.399     0.500000       270947         2.00
     140.927     0.550000       297728         2.22
     148.607     0.600000       324732         2.50
     157.439     0.650000       351712         2.86
     167.295     0.700000       378852         3.33
     178.303     0.750000       405852         4.00
     184.575     0.775000       419362         4.44
     191.615     0.800000       432721         5.00
     199.295     0.825000       446189         5.71
     207.487     0.850000       459767         6.67
     216.831     0.875000       473307         8.00
     222.207     0.887500       479997         8.89
     228.351     0.900000       486755        10.00
     235.903     0.912500       493524        11.43
     245.887     0.925000       500338        13.33
     257.279     0.937500       507093        16.00
     262.911     0.943750       510505        17.78
     268.031     0.950000       513932        20.00
     272.639     0.956250       517192        22.86
     277.247     0.962500       520682        26.67
     281.599     0.968750       523937        32.00
     284.159     0.971875       525708        35.56
     286.719     0.975000       527401        40.00
     289.535     0.978125       529141        45.71
     292.351     0.981250       530765        53.33
     295.423     0.984375       532470        64.00
     296.959     0.985938       533271        71.11
     298.751     0.987500       534147        80.00
     300.543     0.989062       535009        91.43
     302.335     0.990625       535850       106.67
     304.383     0.992188       536725       128.00
     305.407     0.992969       537099       142.22
     306.687     0.993750       537491       160.00
     308.223     0.994531       537914       182.86
     310.015     0.995313       538349       213.33
     311.807     0.996094       538769       256.00
     312.831     0.996484       538963       284.44
     313.855     0.996875       539163       320.00
     315.391     0.997266       539376       365.71
     316.927     0.997656       539594       426.67
     318.463     0.998047       539782       512.00
     319.487     0.998242       539909       568.89
     320.511     0.998437       540017       640.00
     321.535     0.998633       540109       731.43
     322.559     0.998828       540204       853.33
     324.351     0.999023       540321      1024.00
     324.863     0.999121       540361      1137.78
     325.887     0.999219       540422      1280.00
     326.911     0.999316       540476      1462.86
     327.935     0.999414       540533      1706.67
     328.703     0.999512       540580      2048.00
     329.471     0.999561       540609      2275.56
     329.727     0.999609       540626      2560.00
     330.495     0.999658       540657      2925.71
     331.263     0.999707       540682      3413.33
     332.031     0.999756       540711      4096.00
     332.287     0.999780       540723      4551.11
     332.799     0.999805       540731      5120.00
     333.567     0.999829       540745      5851.43
     334.335     0.999854       540756      6826.67
     335.103     0.999878       540769      8192.00
     335.615     0.999890       540777      9102.22
     336.383     0.999902       540786     10240.00
     336.639     0.999915       540791     11702.86
     337.407     0.999927       540797     13653.33
     337.919     0.999939       540803     16384.00
     339.199     0.999945       540807     18204.44
     339.455     0.999951       540809     20480.00
     340.223     0.999957       540812     23405.71
     341.247     0.999963       540816     27306.67
     342.783     0.999969       540819     32768.00
     343.295     0.999973       540821     36408.89
     344.063     0.999976       540822     40960.00
     345.087     0.999979       540824     46811.43
     346.623     0.999982       540826     54613.33
     347.903     0.999985       540827     65536.00
     348.159     0.999986       540828     72817.78
     348.927     0.999988       540829     81920.00
     352.255     0.999989       540830     93622.86
     353.023     0.999991       540831    109226.67
     353.023     0.999992       540831    131072.00
     354.559     0.999993       540832    145635.56
     354.559     0.999994       540832    163840.00
     356.607     0.999995       540833    187245.71
     356.607     0.999995       540833    218453.33
     356.607     0.999996       540833    262144.00
     361.727     0.999997       540834    291271.11
     361.727     0.999997       540834    327680.00
     361.727     0.999997       540834    374491.43
     361.727     0.999998       540834    436906.67
     361.727     0.999998       540834    524288.00
     368.383     0.999998       540835    582542.22
     368.383     1.000000       540835          inf
#[Mean    =      151.652, StdDeviation   =       51.495]
#[Max     =      368.128, Total count    =       540835]
#[Buckets =           27, SubBuckets     =         2048]
----------------------------------------------------------
  983227 requests in 30.00s, 150.03MB read
Requests/sec:  32773.09
Transfer/sec:      5.00MB
