Running 30s test @ http://10.116.0.2:8080/json
  4 threads and 256 connections
  Thread calibration: mean lat.: 1.320ms, rate sampling interval: 10ms
  Thread calibration: mean lat.: 1.339ms, rate sampling interval: 10ms
  Thread calibration: mean lat.: 1.477ms, rate sampling interval: 10ms
  Thread calibration: mean lat.: 1.326ms, rate sampling interval: 10ms
  Thread Stats   Avg      Stdev     Max   +/- Stdev
    Latency     1.35ms  597.35us  12.27ms   66.36%
    Req/Sec    10.52k     1.23k   16.10k    78.63%
  Latency Distribution (HdrHistogram - Recorded Latency)
 50.000%    1.27ms
 75.000%    1.75ms
 90.000%    2.14ms
 99.000%    2.79ms
 99.900%    4.53ms
 99.990%    7.32ms
 99.999%    9.65ms
100.000%   12.28ms

  Detailed Percentile spectrum:
       Value   Percentile   TotalCount 1/(1-Percentile)

       0.223     0.000000            1         1.00
       0.630     0.100000        78766         1.11
       0.802     0.200000       157853         1.25
       0.958     0.300000       236225         1.43
       1.115     0.400000       315376         1.67
       1.271     0.500000       393892         2.00
       1.354     0.550000       433018         2.22
       1.443     0.600000       472478         2.50
       1.538     0.650000       511746         2.86
       1.642     0.700000       551255         3.33
       1.752     0.750000       590486         4.00
       1.810     0.775000       610181         4.44
       1.869     0.800000       629814         5.00
       1.930     0.825000       649625         5.71
       1.995     0.850000       669375         6.67
       2.065     0.875000       689183         8.00
       2.101     0.887500       698688         8.89
       2.143     0.900000       708913        10.00
       2.185     0.912500       718369        11.43
       2.235     0.925000       728403        13.33
       2.289     0.937500       738147        16.00
       2.319     0.943750       742967        17.78
       2.353     0.950000       747916        20.00
       2.391     0.956250       752857        22.86
       2.433     0.962500       757782        26.67
       2.481     0.968750       762761        32.00
       2.509     0.971875       765191        35.56
       2.539     0.975000       767616        40.00
       2.573     0.978125       770028        45.71
       2.613     0.981250       772453        53.33
       2.661     0.984375       774893        64.00
       2.691     0.985938       776132        71.11
       2.723     0.987500       777374        80.00
       2.761     0.989062       778582        91.43
       2.809     0.990625       779861       106.67
       2.865     0.992188       781055       128.00
       2.903     0.992969       781673       142.22
       2.949     0.993750       782282       160.00
       3.009     0.994531       782888       182.86
       3.085     0.995313       783503       213.33
       3.189     0.996094       784119       256.00
       3.261     0.996484       784425       284.44
       3.365     0.996875       784734       320.00
       3.485     0.997266       785037       365.71
       3.643     0.997656       785348       426.67
       3.827     0.998047       785654       512.00
       3.951     0.998242       785807       568.89
       4.075     0.998437       785960       640.00
       4.215     0.998633       786114       731.43
       4.387     0.998828       786270       853.33
       4.555     0.999023       786422      1024.00
       4.651     0.999121       786498      1137.78
       4.835     0.999219       786575      1280.00
       5.043     0.999316       786652      1462.86
       5.299     0.999414       786728      1706.67
       5.595     0.999512       786805      2048.00
       5.747     0.999561       786844      2275.56
       5.891     0.999609       786882      2560.00
       6.035     0.999658       786920      2925.71
       6.211     0.999707       786961      3413.33
       6.419     0.999756       786997      4096.00
       6.539     0.999780       787017      4551.11
       6.703     0.999805       787036      5120.00
       6.787     0.999829       787055      5851.43
       6.983     0.999854       787074      6826.67
       7.111     0.999878       787093      8192.00
       7.259     0.999890       787104      9102.22
       7.339     0.999902       787113     10240.00
       7.459     0.999915       787122     11702.86
       7.683     0.999927       787133     13653.33
       7.739     0.999939       787141     16384.00
       7.815     0.999945       787146     18204.44
       8.003     0.999951       787151     20480.00
       8.223     0.999957       787156     23405.71
       8.367     0.999963       787161     27306.67
       8.495     0.999969       787165     32768.00
       8.735     0.999973       787168     36408.89
       8.823     0.999976       787172     40960.00
       8.855     0.999979       787173     46811.43
       8.919     0.999982       787175     54613.33
       9.143     0.999985       787177     65536.00
       9.191     0.999986       787179     72817.78
       9.623     0.999988       787180     81920.00
       9.647     0.999989       787181     93622.86
       9.815     0.999991       787182    109226.67
      10.063     0.999992       787183    131072.00
      10.071     0.999993       787184    145635.56
      10.439     0.999994       787185    163840.00
      10.439     0.999995       787185    187245.71
      10.479     0.999995       787186    218453.33
      10.479     0.999996       787186    262144.00
      11.151     0.999997       787187    291271.11
      11.151     0.999997       787187    327680.00
      11.151     0.999997       787187    374491.43
      11.495     0.999998       787188    436906.67
      11.495     0.999998       787188    524288.00
      11.495     0.999998       787188    582542.22
      11.495     0.999998       787188    655360.00
      11.495     0.999999       787188    748982.86
      12.279     0.999999       787189    873813.33
      12.279     1.000000       787189          inf
#[Mean    =        1.345, StdDeviation   =        0.597]
#[Max     =       12.272, Total count    =       787189]
#[Buckets =           27, SubBuckets     =         2048]
----------------------------------------------------------
  1185286 requests in 30.00s, 195.56MB read
Requests/sec:  39508.63
Transfer/sec:      6.52MB
