Running 30s test @ http://10.116.0.2:8080/block?ms=100
  4 threads and 8000 connections
  Thread calibration: mean lat.: 2461.977ms, rate sampling interval: 11689ms
  Thread calibration: mean lat.: 2528.430ms, rate sampling interval: 11968ms
  Thread calibration: mean lat.: 2499.130ms, rate sampling interval: 11894ms
  Thread calibration: mean lat.: 2491.953ms, rate sampling interval: 11870ms
  Thread Stats   Avg      Stdev     Max   +/- Stdev
    Latency     9.69s     1.61s   12.89s    60.62%
    Req/Sec       -nan      -nan   0.00      0.00%
  Latency Distribution (HdrHistogram - Recorded Latency)
 50.000%    9.69s 
 75.000%   10.99s 
 90.000%   11.92s 
 99.000%   12.59s 
 99.900%   12.81s 
 99.990%   12.87s 
 99.999%   12.89s 
100.000%   12.89s 

  Detailed Percentile spectrum:
       Value   Percentile   TotalCount 1/(1-Percentile)

    5570.559     0.000000            1         1.00
    7540.735     0.100000        32121         1.11
    8081.407     0.200000        64038         1.25
    8642.559     0.300000        96285         1.43
    9191.423     0.400000       128180         1.67
    9691.135     0.500000       160553         2.00
    9945.087     0.550000       175933         2.22
   10272.767     0.600000       192150         2.50
   10493.951     0.650000       208027         2.86
   10756.095     0.700000       224093         3.33
   10985.471     0.750000       240393         4.00
   11124.735     0.775000       248328         4.44
   11272.191     0.800000       255921         5.00
   11419.647     0.825000       264021         5.71
   11558.911     0.850000       272066         6.67
   11730.943     0.875000       280179         8.00
   11829.247     0.887500       284141         8.89
   11919.359     0.900000       288064        10.00
   12001.279     0.912500       292090        11.43
   12083.199     0.925000       296051        13.33
   12148.735     0.937500       299881        16.00
   12197.887     0.943750       302074        17.78
   12238.847     0.950000       304291        20.00
   12271.615     0.956250       306028        22.86
   12328.959     0.962500       307896        26.67
   12386.303     0.968750       310066        32.00
   12410.879     0.971875       311107        35.56
   12427.263     0.975000       311919        40.00
   12460.031     0.978125       312916        45.71
   12500.991     0.981250       314120        53.33
   12525.567     0.984375       315048        64.00
   12541.951     0.985938       315512        71.11
   12558.335     0.987500       316031        80.00
   12574.719     0.989062       316387        91.43
   12599.295     0.990625       316864       106.67
   12632.063     0.992188       317489       128.00
   12640.255     0.992969       317735       142.22
   12648.447     0.993750       317952       160.00
   12656.639     0.994531       318145       182.86
   12681.215     0.995313       318379       213.33
   12713.983     0.996094       318666       256.00
   12722.175     0.996484       318740       284.44
   12754.943     0.996875       318901       320.00
   12771.327     0.997266       319043       365.71
   12779.519     0.997656       319134       426.67
   12787.711     0.998047       319264       512.00
   12795.903     0.998242       319402       568.89
   12795.903     0.998437       319402       640.00
   12804.095     0.998633       319541       731.43
   12804.095     0.998828       319541       853.33
   12812.287     0.999023       319673      1024.00
   12812.287     0.999121       319673      1137.78
   12812.287     0.999219       319673      1280.00
   12812.287     0.999316       319673      1462.86
   12820.479     0.999414       319716      1706.67
   12820.479     0.999512       319716      2048.00
   12828.671     0.999561       319754      2275.56
   12828.671     0.999609       319754      2560.00
   12828.671     0.999658       319754      2925.71
   12836.863     0.999707       319777      3413.33
   12845.055     0.999756       319794      4096.00
   12845.055     0.999780       319794      4551.11
   12853.247     0.999805       319812      5120.00
   12853.247     0.999829       319812      5851.43
   12861.439     0.999854       319822      6826.67
   12869.631     0.999878       319837      8192.00
   12869.631     0.999890       319837      9102.22
   12869.631     0.999902       319837     10240.00
   12869.631     0.999915       319837     11702.86
   12877.823     0.999927       319854     13653.33
   12877.823     0.999939       319854     16384.00
   12877.823     0.999945       319854     18204.44
   12877.823     0.999951       319854     20480.00
   12877.823     0.999957       319854     23405.71
   12877.823     0.999963       319854     27306.67
   12877.823     0.999969       319854     32768.00
   12877.823     0.999973       319854     36408.89
   12886.015     0.999976       319858     40960.00
   12886.015     0.999979       319858     46811.43
   12886.015     0.999982       319858     54613.33
   12886.015     0.999985       319858     65536.00
   12886.015     0.999986       319858     72817.78
   12894.207     0.999988       319862     81920.00
   12894.207     1.000000       319862          inf
#[Mean    =     9687.451, StdDeviation   =     1610.505]
#[Max     =    12886.016, Total count    =       319862]
#[Buckets =           27, SubBuckets     =         2048]
----------------------------------------------------------
  900786 requests in 30.00s, 137.45MB read
Requests/sec:  30024.57
Transfer/sec:      4.58MB
