Running 30s test @ http://10.116.0.2:8080/json
  4 threads and 256 connections
  Thread calibration: mean lat.: 1.521ms, rate sampling interval: 10ms
  Thread calibration: mean lat.: 1.574ms, rate sampling interval: 10ms
  Thread calibration: mean lat.: 1.868ms, rate sampling interval: 10ms
  Thread calibration: mean lat.: 1.495ms, rate sampling interval: 10ms
  Thread Stats   Avg      Stdev     Max   +/- Stdev
    Latency     1.63ms  779.23us  12.77ms   70.65%
    Req/Sec    15.81k     1.51k   24.44k    72.74%
  Latency Distribution (HdrHistogram - Recorded Latency)
 50.000%    1.52ms
 75.000%    2.10ms
 90.000%    2.62ms
 99.000%    3.85ms
 99.900%    6.49ms
 99.990%    9.88ms
 99.999%   11.73ms
100.000%   12.77ms

  Detailed Percentile spectrum:
       Value   Percentile   TotalCount 1/(1-Percentile)

       0.223     0.000000            1         1.00
       0.753     0.100000       118160         1.11
       0.960     0.200000       236644         1.25
       1.149     0.300000       354813         1.43
       1.336     0.400000       472436         1.67
       1.525     0.500000       590518         2.00
       1.625     0.550000       649793         2.22
       1.731     0.600000       708957         2.50
       1.845     0.650000       767733         2.86
       1.967     0.700000       826959         3.33
       2.097     0.750000       886417         4.00
       2.165     0.775000       915723         4.44
       2.239     0.800000       945211         5.00
       2.317     0.825000       974198         5.71
       2.405     0.850000      1004205         6.67
       2.503     0.875000      1033692         8.00
       2.555     0.887500      1047962         8.89
       2.615     0.900000      1063010        10.00
       2.681     0.912500      1077843        11.43
       2.755     0.925000      1092323        13.33
       2.845     0.937500      1106999        16.00
       2.897     0.943750      1114397        17.78
       2.955     0.950000      1121817        20.00
       3.019     0.956250      1129332        22.86
       3.087     0.962500      1136590        26.67
       3.169     0.968750      1143977        32.00
       3.217     0.971875      1147619        35.56
       3.277     0.975000      1151330        40.00
       3.347     0.978125      1155041        45.71
       3.435     0.981250      1158683        53.33
       3.539     0.984375      1162334        64.00
       3.603     0.985938      1164168        71.11
       3.683     0.987500      1166041        80.00
       3.777     0.989062      1167879        91.43
       3.897     0.990625      1169717       106.67
       4.053     0.992188      1171560       128.00
       4.151     0.992969      1172493       142.22
       4.287     0.993750      1173409       160.00
       4.443     0.994531      1174332       182.86
       4.631     0.995313      1175250       213.33
       4.839     0.996094      1176161       256.00
       4.967     0.996484      1176636       284.44
       5.115     0.996875      1177098       320.00
       5.283     0.997266      1177544       365.71
       5.471     0.997656      1178006       426.67
       5.683     0.998047      1178473       512.00
       5.799     0.998242      1178703       568.89
       5.939     0.998437      1178930       640.00
       6.083     0.998633      1179164       731.43
       6.279     0.998828      1179395       853.33
       6.523     0.999023      1179620      1024.00
       6.639     0.999121      1179739      1137.78
       6.787     0.999219      1179851      1280.00
       6.971     0.999316      1179967      1462.86
       7.175     0.999414      1180081      1706.67
       7.411     0.999512      1180198      2048.00
       7.587     0.999561      1180254      2275.56
       7.827     0.999609      1180311      2560.00
       8.023     0.999658      1180370      2925.71
       8.287     0.999707      1180428      3413.33
       8.575     0.999756      1180485      4096.00
       8.695     0.999780      1180513      4551.11
       8.911     0.999805      1180542      5120.00
       9.119     0.999829      1180572      5851.43
       9.383     0.999854      1180601      6826.67
       9.655     0.999878      1180628      8192.00
       9.807     0.999890      1180643      9102.22
       9.911     0.999902      1180657     10240.00
      10.111     0.999915      1180672     11702.86
      10.255     0.999927      1180686     13653.33
      10.463     0.999939      1180700     16384.00
      10.535     0.999945      1180708     18204.44
      10.663     0.999951      1180715     20480.00
      10.751     0.999957      1180723     23405.71
      10.783     0.999963      1180729     27306.67
      11.079     0.999969      1180737     32768.00
      11.151     0.999973      1180740     36408.89
      11.287     0.999976      1180745     40960.00
      11.303     0.999979      1180747     46811.43
      11.423     0.999982      1180751     54613.33
      11.543     0.999985      1180754     65536.00
      11.559     0.999986      1180756     72817.78
      11.671     0.999988      1180758     81920.00
      11.727     0.999989      1180760     93622.86
      11.767     0.999991      1180762    109226.67
      11.863     0.999992      1180763    131072.00
      12.207     0.999993      1180764    145635.56
      12.295     0.999994      1180765    163840.00
      12.367     0.999995      1180766    187245.71
      12.399     0.999995      1180767    218453.33
      12.487     0.999996      1180768    262144.00
      12.487     0.999997      1180768    291271.11
      12.527     0.999997      1180769    327680.00
      12.527     0.999997      1180769    374491.43
      12.567     0.999998      1180770    436906.67
      12.567     0.999998      1180770    524288.00
      12.567     0.999998      1180770    582542.22
      12.623     0.999998      1180771    655360.00
      12.623     0.999999      1180771    748982.86
      12.623     0.999999      1180771    873813.33
      12.623     0.999999      1180771   1048576.00
      12.623     0.999999      1180771   1165084.44
      12.775     0.999999      1180772   1310720.00
      12.775     1.000000      1180772          inf
#[Mean    =        1.635, StdDeviation   =        0.779]
#[Max     =       12.768, Total count    =      1180772]
#[Buckets =           27, SubBuckets     =         2048]
----------------------------------------------------------
  1777868 requests in 30.00s, 293.32MB read
Requests/sec:  59263.08
Transfer/sec:      9.78MB
