Running 30s test @ http://10.116.0.2:8080/block?ms=100
  4 threads and 1000 connections
  Thread calibration: mean lat.: 103.501ms, rate sampling interval: 210ms
  Thread calibration: mean lat.: 103.373ms, rate sampling interval: 209ms
  Thread calibration: mean lat.: 103.683ms, rate sampling interval: 213ms
  Thread calibration: mean lat.: 101.714ms, rate sampling interval: 204ms
  Thread Stats   Avg      Stdev     Max   +/- Stdev
    Latency   101.97ms    1.21ms 116.22ms   78.50%
    Req/Sec     2.25k   179.64     2.38k    87.92%
  Latency Distribution (HdrHistogram - Recorded Latency)
 50.000%  101.76ms
 75.000%  102.53ms
 90.000%  103.36ms
 99.000%  106.94ms
 99.900%  108.93ms
 99.990%  113.73ms
 99.999%  115.97ms
100.000%  116.29ms

  Detailed Percentile spectrum:
       Value   Percentile   TotalCount 1/(1-Percentile)

     100.351     0.000000           69         1.00
     100.799     0.100000        17333         1.11
     101.055     0.200000        34679         1.25
     101.311     0.300000        54493         1.43
     101.503     0.400000        70163         1.67
     101.759     0.500000        88633         2.00
     101.823     0.550000        92872         2.22
     102.015     0.600000       104557         2.50
     102.143     0.650000       111577         2.86
     102.335     0.700000       120699         3.33
     102.527     0.750000       128788         4.00
     102.591     0.775000       131106         4.44
     102.719     0.800000       135697         5.00
     102.847     0.825000       139779         5.71
     102.975     0.850000       143431         6.67
     103.167     0.875000       148105         8.00
     103.231     0.887500       149468         8.89
     103.359     0.900000       151956        10.00
     103.487     0.912500       154098        11.43
     103.615     0.925000       155795        13.33
     103.807     0.937500       157977        16.00
     103.935     0.943750       159107        17.78
     104.063     0.950000       160002        20.00
     104.255     0.956250       161181        22.86
     104.447     0.962500       162064        26.67
     104.767     0.968750       163111        32.00
     105.023     0.971875       163696        35.56
     105.279     0.975000       164211        40.00
     105.535     0.978125       164646        45.71
     105.855     0.981250       165175        53.33
     106.239     0.984375       165699        64.00
     106.495     0.985938       166048        71.11
     106.623     0.987500       166249        80.00
     106.815     0.989062       166518        91.43
     107.007     0.990625       166797       106.67
     107.199     0.992188       167082       128.00
     107.263     0.992969       167163       142.22
     107.391     0.993750       167291       160.00
     107.519     0.994531       167436       182.86
     107.647     0.995313       167569       213.33
     107.839     0.996094       167719       256.00
     107.903     0.996484       167765       284.44
     108.031     0.996875       167839       320.00
     108.095     0.997266       167870       365.71
     108.223     0.997656       167939       426.67
     108.415     0.998047       168009       512.00
     108.479     0.998242       168039       568.89
     108.607     0.998437       168074       640.00
     108.735     0.998633       168114       731.43
     108.863     0.998828       168146       853.33
     108.991     0.999023       168170      1024.00
     109.055     0.999121       168182      1137.78
     109.183     0.999219       168200      1280.00
     109.311     0.999316       168218      1462.86
     109.503     0.999414       168232      1706.67
     109.631     0.999512       168249      2048.00
     109.759     0.999561       168259      2275.56
     109.823     0.999609       168267      2560.00
     109.951     0.999658       168272      2925.71
     110.015     0.999707       168279      3413.33
     110.271     0.999756       168289      4096.00
     110.655     0.999780       168294      4551.11
     110.783     0.999805       168296      5120.00
     111.999     0.999829       168300      5851.43
     113.535     0.999854       168304      6826.67
     113.599     0.999878       168308      8192.00
     113.727     0.999890       168313      9102.22
     113.727     0.999902       168313     10240.00
     113.855     0.999915       168316     11702.86
     113.855     0.999927       168316     13653.33
     113.919     0.999939       168319     16384.00
     113.919     0.999945       168319     18204.44
     113.983     0.999951       168320     20480.00
     114.431     0.999957       168321     23405.71
     115.647     0.999963       168322     27306.67
     115.775     0.999969       168323     32768.00
     115.839     0.999973       168324     36408.89
     115.839     0.999976       168324     40960.00
     115.967     0.999979       168326     46811.43
     115.967     0.999982       168326     54613.33
     115.967     0.999985       168326     65536.00
     115.967     0.999986       168326     72817.78
     115.967     0.999988       168326     81920.00
     116.287     0.999989       168328     93622.86
     116.287     1.000000       168328          inf
#[Mean    =      101.965, StdDeviation   =        1.211]
#[Max     =      116.224, Total count    =       168328]
#[Buckets =           27, SubBuckets     =         2048]
----------------------------------------------------------
  260959 requests in 30.00s, 39.82MB read
Requests/sec:   8698.50
Transfer/sec:      1.33MB
