Running 30s test @ http://10.116.0.2:8080/block?ms=100
  4 threads and 4000 connections
  Thread calibration: mean lat.: 966.059ms, rate sampling interval: 3727ms
  Thread calibration: mean lat.: 976.160ms, rate sampling interval: 3817ms
  Thread calibration: mean lat.: 974.061ms, rate sampling interval: 3749ms
  Thread calibration: mean lat.: 958.141ms, rate sampling interval: 3704ms
  Thread Stats   Avg      Stdev     Max   +/- Stdev
    Latency     3.44s   744.86ms   4.85s    57.14%
    Req/Sec     7.38k   111.49     7.52k    64.29%
  Latency Distribution (HdrHistogram - Recorded Latency)
 50.000%    3.48s 
 75.000%    4.10s 
 90.000%    4.46s 
 99.000%    4.73s 
 99.900%    4.78s 
 99.990%    4.80s 
 99.999%    4.82s 
100.000%    4.85s 

  Detailed Percentile spectrum:
       Value   Percentile   TotalCount 1/(1-Percentile)

    1805.311     0.000000            1         1.00
    2394.111     0.100000        44406         1.11
    2648.063     0.200000        88906         1.25
    2914.303     0.300000       133187         1.43
    3176.447     0.400000       177655         1.67
    3477.503     0.500000       221982         2.00
    3592.191     0.550000       244168         2.22
    3747.839     0.600000       266345         2.50
    3844.095     0.650000       288811         2.86
    3977.215     0.700000       310797         3.33
    4098.047     0.750000       333151         4.00
    4169.727     0.775000       344104         4.44
    4218.879     0.800000       356009         5.00
    4259.839     0.825000       366396         5.71
    4304.895     0.850000       378027         6.67
    4358.143     0.875000       388517         8.00
    4407.295     0.887500       394137         8.89
    4456.447     0.900000       399861        10.00
    4485.119     0.912500       405523        11.43
    4509.695     0.925000       411430        13.33
    4530.175     0.937500       416459        16.00
    4542.463     0.943750       419174        17.78
    4558.847     0.950000       422303        20.00
    4575.231     0.956250       425000        22.86
    4595.711     0.962500       427530        26.67
    4624.383     0.968750       430053        32.00
    4644.863     0.971875       431687        35.56
    4665.343     0.975000       433031        40.00
    4681.727     0.978125       434435        45.71
    4694.015     0.981250       435639        53.33
    4710.399     0.984375       437251        64.00
    4714.495     0.985938       437695        71.11
    4722.687     0.987500       438662        80.00
    4726.783     0.989062       439205        91.43
    4734.975     0.990625       440112       106.67
    4739.071     0.992188       440570       128.00
    4743.167     0.992969       441007       142.22
    4747.263     0.993750       441492       160.00
    4747.263     0.994531       441492       182.86
    4751.359     0.995313       441892       213.33
    4755.455     0.996094       442243       256.00
    4759.551     0.996484       442555       284.44
    4759.551     0.996875       442555       320.00
    4763.647     0.997266       442802       365.71
    4767.743     0.997656       442982       426.67
    4771.839     0.998047       443116       512.00
    4771.839     0.998242       443116       568.89
    4775.935     0.998437       443246       640.00
    4780.031     0.998633       443375       731.43
    4780.031     0.998828       443375       853.33
    4784.127     0.999023       443495      1024.00
    4784.127     0.999121       443495      1137.78
    4788.223     0.999219       443592      1280.00
    4788.223     0.999316       443592      1462.86
    4792.319     0.999414       443680      1706.67
    4792.319     0.999512       443680      2048.00
    4796.415     0.999561       443755      2275.56
    4796.415     0.999609       443755      2560.00
    4796.415     0.999658       443755      2925.71
    4796.415     0.999707       443755      3413.33
    4800.511     0.999756       443818      4096.00
    4800.511     0.999780       443818      4551.11
    4800.511     0.999805       443818      5120.00
    4800.511     0.999829       443818      5851.43
    4800.511     0.999854       443818      6826.67
    4804.607     0.999878       443853      8192.00
    4804.607     0.999890       443853      9102.22
    4804.607     0.999902       443853     10240.00
    4804.607     0.999915       443853     11702.86
    4804.607     0.999927       443853     13653.33
    4804.607     0.999939       443853     16384.00
    4808.703     0.999945       443866     18204.44
    4808.703     0.999951       443866     20480.00
    4808.703     0.999957       443866     23405.71
    4808.703     0.999963       443866     27306.67
    4812.799     0.999969       443873     32768.00
    4812.799     0.999973       443873     36408.89
    4812.799     0.999976       443873     40960.00
    4812.799     0.999979       443873     46811.43
    4812.799     0.999982       443873     54613.33
    4816.895     0.999985       443876     65536.00
    4816.895     0.999986       443876     72817.78
    4816.895     0.999988       443876     81920.00
    4816.895     0.999989       443876     93622.86
    4816.895     0.999991       443876    109226.67
    4820.991     0.999992       443877    131072.00
    4820.991     0.999993       443877    145635.56
    4825.087     0.999994       443878    163840.00
    4825.087     0.999995       443878    187245.71
    4825.087     0.999995       443878    218453.33
    4833.279     0.999996       443879    262144.00
    4833.279     0.999997       443879    291271.11
    4833.279     0.999997       443879    327680.00
    4833.279     0.999997       443879    374491.43
    4833.279     0.999998       443879    436906.67
    4849.663     0.999998       443880    524288.00
    4849.663     1.000000       443880          inf
#[Mean    =     3441.676, StdDeviation   =      744.862]
#[Max     =     4845.568, Total count    =       443880]
#[Buckets =           27, SubBuckets     =         2048]
----------------------------------------------------------
  817918 requests in 30.00s, 124.80MB read
Requests/sec:  27260.18
Transfer/sec:      4.16MB
