Running 30s test @ http://10.116.0.2:8080/json
  4 threads and 256 connections
  Thread calibration: mean lat.: 1.835ms, rate sampling interval: 10ms
  Thread calibration: mean lat.: 1.858ms, rate sampling interval: 10ms
  Thread calibration: mean lat.: 1.942ms, rate sampling interval: 10ms
  Thread calibration: mean lat.: 2.007ms, rate sampling interval: 10ms
  Thread Stats   Avg      Stdev     Max   +/- Stdev
    Latency     1.84ms    1.23ms  20.40ms   87.11%
    Req/Sec    21.10k     2.33k   30.44k    72.81%
  Latency Distribution (HdrHistogram - Recorded Latency)
 50.000%    1.56ms
 75.000%    2.19ms
 90.000%    3.04ms
 99.000%    6.78ms
 99.900%   11.94ms
 99.990%   17.10ms
 99.999%   19.23ms
100.000%   20.42ms

  Detailed Percentile spectrum:
       Value   Percentile   TotalCount 1/(1-Percentile)

       0.215     0.000000            1         1.00
       0.821     0.100000       157907         1.11
       1.028     0.200000       315415         1.25
       1.204     0.300000       473076         1.43
       1.375     0.400000       629926         1.67
       1.556     0.500000       787633         2.00
       1.654     0.550000       865975         2.22
       1.761     0.600000       944752         2.50
       1.883     0.650000      1023750         2.86
       2.025     0.700000      1102344         3.33
       2.187     0.750000      1181529         4.00
       2.277     0.775000      1220143         4.44
       2.387     0.800000      1260124         5.00
       2.509     0.825000      1298862         5.71
       2.653     0.850000      1338429         6.67
       2.823     0.875000      1377753         8.00
       2.925     0.887500      1397435         8.89
       3.043     0.900000      1416898        10.00
       3.177     0.912500      1436827        11.43
       3.341     0.925000      1456330        13.33
       3.577     0.937500      1475947        16.00
       3.735     0.943750      1485802        17.78
       3.919     0.950000      1495650        20.00
       4.135     0.956250      1505464        22.86
       4.399     0.962500      1515362        26.67
       4.719     0.968750      1525195        32.00
       4.907     0.971875      1530144        35.56
       5.115     0.975000      1535022        40.00
       5.351     0.978125      1539912        45.71
       5.615     0.981250      1544845        53.33
       5.935     0.984375      1549749        64.00
       6.123     0.985938      1552207        71.11
       6.347     0.987500      1554668        80.00
       6.611     0.989062      1557129        91.43
       6.911     0.990625      1559569       106.67
       7.283     0.992188      1562037       128.00
       7.495     0.992969      1563270       142.22
       7.751     0.993750      1564504       160.00
       8.047     0.994531      1565719       182.86
       8.375     0.995313      1566947       213.33
       8.807     0.996094      1568195       256.00
       9.023     0.996484      1568791       284.44
       9.279     0.996875      1569405       320.00
       9.567     0.997266      1570023       365.71
       9.911     0.997656      1570635       426.67
      10.351     0.998047      1571250       512.00
      10.575     0.998242      1571560       568.89
      10.863     0.998437      1571867       640.00
      11.175     0.998633      1572179       731.43
      11.535     0.998828      1572481       853.33
      11.999     0.999023      1572786      1024.00
      12.311     0.999121      1572939      1137.78
      12.663     0.999219      1573099      1280.00
      13.023     0.999316      1573247      1462.86
      13.511     0.999414      1573404      1706.67
      14.063     0.999512      1573558      2048.00
      14.295     0.999561      1573635      2275.56
      14.543     0.999609      1573709      2560.00
      14.815     0.999658      1573786      2925.71
      15.127     0.999707      1573861      3413.33
      15.591     0.999756      1573938      4096.00
      15.751     0.999780      1573977      4551.11
      15.935     0.999805      1574018      5120.00
      16.127     0.999829      1574054      5851.43
      16.495     0.999854      1574092      6826.67
      16.815     0.999878      1574131      8192.00
      17.023     0.999890      1574153      9102.22
      17.119     0.999902      1574171     10240.00
      17.311     0.999915      1574189     11702.86
      17.535     0.999927      1574207     13653.33
      17.743     0.999939      1574226     16384.00
      17.871     0.999945      1574239     18204.44
      17.999     0.999951      1574248     20480.00
      18.079     0.999957      1574255     23405.71
      18.207     0.999963      1574266     27306.67
      18.335     0.999969      1574275     32768.00
      18.383     0.999973      1574279     36408.89
      18.559     0.999976      1574284     40960.00
      18.607     0.999979      1574290     46811.43
      18.831     0.999982      1574294     54613.33
      19.023     0.999985      1574298     65536.00
      19.135     0.999986      1574302     72817.78
      19.183     0.999988      1574303     81920.00
      19.231     0.999989      1574306     93622.86
      19.295     0.999991      1574308    109226.67
      19.391     0.999992      1574311    131072.00
      19.439     0.999993      1574313    145635.56
      19.439     0.999994      1574313    163840.00
      19.503     0.999995      1574314    187245.71
      19.535     0.999995      1574315    218453.33
      19.647     0.999996      1574316    262144.00
      19.663     0.999997      1574317    291271.11
      19.759     0.999997      1574318    327680.00
      19.759     0.999997      1574318    374491.43
      19.855     0.999998      1574319    436906.67
      19.855     0.999998      1574319    524288.00
      20.079     0.999998      1574320    582542.22
      20.079     0.999998      1574320    655360.00
      20.079     0.999999      1574320    748982.86
      20.383     0.999999      1574321    873813.33
      20.383     0.999999      1574321   1048576.00
      20.383     0.999999      1574321   1165084.44
      20.383     0.999999      1574321   1310720.00
      20.383     0.999999      1574321   1497965.71
      20.415     0.999999      1574322   1747626.67
      20.415     1.000000      1574322          inf
#[Mean    =        1.844, StdDeviation   =        1.226]
#[Max     =       20.400, Total count    =      1574322]
#[Buckets =           27, SubBuckets     =         2048]
----------------------------------------------------------
  2370463 requests in 30.00s, 391.09MB read
Requests/sec:  79015.10
Transfer/sec:     13.04MB
