Running 30s test @ http://10.116.0.2:8080/json
  4 threads and 256 connections
  Thread calibration: mean lat.: 60.954ms, rate sampling interval: 317ms
  Thread calibration: mean lat.: 87.850ms, rate sampling interval: 463ms
  Thread calibration: mean lat.: 87.109ms, rate sampling interval: 473ms
  Thread calibration: mean lat.: 839.043ms, rate sampling interval: 3629ms
  Thread Stats   Avg      Stdev     Max   +/- Stdev
    Latency   673.72ms  961.41ms   3.23s    80.54%
    Req/Sec    23.35k     6.03k   34.49k    76.67%
  Latency Distribution (HdrHistogram - Recorded Latency)
 50.000%  119.68ms
 75.000%    1.00s 
 90.000%    2.44s 
 99.000%    3.07s 
 99.900%    3.14s 
 99.990%    3.20s 
 99.999%    3.22s 
100.000%    3.23s 

  Detailed Percentile spectrum:
       Value   Percentile   TotalCount 1/(1-Percentile)

       0.239     0.000000            1         1.00
       2.631     0.100000       191733         1.11
       9.567     0.200000       383329         1.25
      24.351     0.300000       574917         1.43
      53.887     0.400000       766699         1.67
     119.679     0.500000       958221         2.00
     212.735     0.550000      1053988         2.22
     341.503     0.600000      1149828         2.50
     427.007     0.650000      1245664         2.86
     634.879     0.700000      1341562         3.33
    1001.471     0.750000      1437243         4.00
    1272.831     0.775000      1485466         4.44
    1574.911     0.800000      1533160         5.00
    1929.215     0.825000      1581024         5.71
    2164.735     0.850000      1629826         6.67
    2324.479     0.875000      1677126         8.00
    2373.631     0.887500      1701153         8.89
    2435.071     0.900000      1724730        10.00
    2537.471     0.912500      1748740        11.43
    2611.199     0.925000      1772940        13.33
    2709.503     0.937500      1796616        16.00
    2748.415     0.943750      1808996        17.78
    2793.471     0.950000      1820537        20.00
    2832.383     0.956250      1832987        22.86
    2916.351     0.962500      1844619        26.67
    2955.263     0.968750      1856555        32.00
    2971.647     0.971875      1863068        35.56
    2990.079     0.975000      1868830        40.00
    3002.367     0.978125      1874425        45.71
    3016.703     0.981250      1881152        53.33
    3031.039     0.984375      1886683        64.00
    3041.279     0.985938      1889893        71.11
    3049.471     0.987500      1892571        80.00
    3059.711     0.989062      1895840        91.43
    3067.903     0.990625      1898490       106.67
    3078.143     0.992188      1901863       128.00
    3082.239     0.992969      1903079       142.22
    3088.383     0.993750      1904915       160.00
    3092.479     0.994531      1905965       182.86
    3098.623     0.995313      1907446       213.33
    3104.767     0.996094      1908852       256.00
    3108.863     0.996484      1909765       284.44
    3112.959     0.996875      1910654       320.00
    3117.055     0.997266      1911469       365.71
    3119.103     0.997656      1911832       426.67
    3125.247     0.998047      1912822       512.00
    3127.295     0.998242      1913089       568.89
    3129.343     0.998437      1913363       640.00
    3133.439     0.998633      1913785       731.43
    3137.535     0.998828      1914165       853.33
    3141.631     0.999023      1914471      1024.00
    3145.727     0.999121      1914762      1137.78
    3147.775     0.999219      1914876      1280.00
    3151.871     0.999316      1915080      1462.86
    3155.967     0.999414      1915259      1706.67
    3162.111     0.999512      1915429      2048.00
    3166.207     0.999561      1915506      2275.56
    3170.303     0.999609      1915572      2560.00
    3176.447     0.999658      1915685      2925.71
    3180.543     0.999707      1915786      3413.33
    3184.639     0.999756      1915859      4096.00
    3186.687     0.999780      1915901      4551.11
    3188.735     0.999805      1915954      5120.00
    3190.783     0.999829      1916003      5851.43
    3192.831     0.999854      1916050      6826.67
    3194.879     0.999878      1916103      8192.00
    3196.927     0.999890      1916149      9102.22
    3196.927     0.999902      1916149     10240.00
    3198.975     0.999915      1916173     11702.86
    3201.023     0.999927      1916192     13653.33
    3203.071     0.999939      1916211     16384.00
    3203.071     0.999945      1916211     18204.44
    3205.119     0.999951      1916233     20480.00
    3207.167     0.999957      1916245     23405.71
    3209.215     0.999963      1916264     27306.67
    3209.215     0.999969      1916264     32768.00
    3209.215     0.999973      1916264     36408.89
    3211.263     0.999976      1916271     40960.00
    3213.311     0.999979      1916286     46811.43
    3213.311     0.999982      1916286     54613.33
    3215.359     0.999985      1916293     65536.00
    3215.359     0.999986      1916293     72817.78
    3215.359     0.999988      1916293     81920.00
    3217.407     0.999989      1916297     93622.86
    3219.455     0.999991      1916301    109226.67
    3221.503     0.999992      1916304    131072.00
    3221.503     0.999993      1916304    145635.56
    3223.551     0.999994      1916307    163840.00
    3223.551     0.999995      1916307    187245.71
    3225.599     0.999995      1916311    218453.33
    3225.599     0.999996      1916311    262144.00
    3225.599     0.999997      1916311    291271.11
    3225.599     0.999997      1916311    327680.00
    3225.599     0.999997      1916311    374491.43
    3227.647     0.999998      1916314    436906.67
    3227.647     0.999998      1916314    524288.00
    3227.647     0.999998      1916314    582542.22
    3227.647     0.999998      1916314    655360.00
    3227.647     0.999999      1916314    748982.86
    3227.647     0.999999      1916314    873813.33
    3229.695     0.999999      1916316   1048576.00
    3229.695     1.000000      1916316          inf
#[Mean    =      673.720, StdDeviation   =      961.408]
#[Max     =     3227.648, Total count    =      1916316]
#[Buckets =           27, SubBuckets     =         2048]
----------------------------------------------------------
  2887581 requests in 30.00s, 476.41MB read
Requests/sec:  96253.78
Transfer/sec:     15.88MB
