Running 30s test @ http://10.116.0.2:8080/json
  4 threads and 256 connections
  Thread calibration: mean lat.: 1.156ms, rate sampling interval: 10ms
  Thread calibration: mean lat.: 1.144ms, rate sampling interval: 10ms
  Thread calibration: mean lat.: 1.399ms, rate sampling interval: 10ms
  Thread calibration: mean lat.: 1.357ms, rate sampling interval: 10ms
  Thread Stats   Avg      Stdev     Max   +/- Stdev
    Latency     1.29ms  552.70us   8.56ms   66.23%
    Req/Sec     5.28k     1.50k    7.11k    76.99%
  Latency Distribution (HdrHistogram - Recorded Latency)
 50.000%    1.24ms
 75.000%    1.66ms
 90.000%    2.03ms
 99.000%    2.72ms
 99.900%    3.40ms
 99.990%    4.17ms
 99.999%    5.96ms
100.000%    8.57ms

  Detailed Percentile spectrum:
       Value   Percentile   TotalCount 1/(1-Percentile)

       0.212     0.000000            1         1.00
       0.592     0.100000        39434         1.11
       0.777     0.200000        78874         1.25
       0.938     0.300000       118192         1.43
       1.090     0.400000       157607         1.67
       1.240     0.500000       197071         2.00
       1.316     0.550000       216629         2.22
       1.394     0.600000       236346         2.50
       1.478     0.650000       256009         2.86
       1.567     0.700000       275715         3.33
       1.659     0.750000       295270         4.00
       1.707     0.775000       305116         4.44
       1.759     0.800000       315076         5.00
       1.814     0.825000       324882         5.71
       1.875     0.850000       334709         6.67
       1.947     0.875000       344513         8.00
       1.987     0.887500       349471         8.89
       2.029     0.900000       354282        10.00
       2.077     0.912500       359309        11.43
       2.129     0.925000       364178        13.33
       2.187     0.937500       369048        16.00
       2.221     0.943750       371561        17.78
       2.257     0.950000       373974        20.00
       2.297     0.956250       376498        22.86
       2.341     0.962500       378913        26.67
       2.393     0.968750       381383        32.00
       2.423     0.971875       382575        35.56
       2.457     0.975000       383788        40.00
       2.497     0.978125       385059        45.71
       2.541     0.981250       386288        53.33
       2.591     0.984375       387495        64.00
       2.623     0.985938       388123        71.11
       2.657     0.987500       388743        80.00
       2.693     0.989062       389335        91.43
       2.737     0.990625       389950       106.67
       2.791     0.992188       390564       128.00
       2.819     0.992969       390863       142.22
       2.851     0.993750       391178       160.00
       2.891     0.994531       391492       182.86
       2.933     0.995313       391792       213.33
       2.987     0.996094       392092       256.00
       3.015     0.996484       392247       284.44
       3.049     0.996875       392404       320.00
       3.087     0.997266       392555       365.71
       3.141     0.997656       392710       426.67
       3.195     0.998047       392862       512.00
       3.225     0.998242       392937       568.89
       3.259     0.998437       393014       640.00
       3.301     0.998633       393090       731.43
       3.351     0.998828       393167       853.33
       3.413     0.999023       393244      1024.00
       3.449     0.999121       393288      1137.78
       3.487     0.999219       393323      1280.00
       3.519     0.999316       393359      1462.86
       3.573     0.999414       393399      1706.67
       3.631     0.999512       393436      2048.00
       3.665     0.999561       393457      2275.56
       3.699     0.999609       393475      2560.00
       3.749     0.999658       393494      2925.71
       3.793     0.999707       393513      3413.33
       3.855     0.999756       393532      4096.00
       3.873     0.999780       393542      4551.11
       3.913     0.999805       393552      5120.00
       3.947     0.999829       393561      5851.43
       3.999     0.999854       393571      6826.67
       4.091     0.999878       393580      8192.00
       4.123     0.999890       393585      9102.22
       4.175     0.999902       393590     10240.00
       4.227     0.999915       393595     11702.86
       4.295     0.999927       393600     13653.33
       4.467     0.999939       393604     16384.00
       4.503     0.999945       393608     18204.44
       4.567     0.999951       393609     20480.00
       4.663     0.999957       393612     23405.71
       4.791     0.999963       393615     27306.67
       4.827     0.999969       393616     32768.00
       4.935     0.999973       393618     36408.89
       5.451     0.999976       393619     40960.00
       5.491     0.999979       393620     46811.43
       5.623     0.999982       393621     54613.33
       5.647     0.999985       393622     65536.00
       5.723     0.999986       393623     72817.78
       5.959     0.999988       393624     81920.00
       5.959     0.999989       393624     93622.86
       6.935     0.999991       393625    109226.67
       6.935     0.999992       393625    131072.00
       7.127     0.999993       393626    145635.56
       7.127     0.999994       393626    163840.00
       7.127     0.999995       393626    187245.71
       8.503     0.999995       393627    218453.33
       8.503     0.999996       393627    262144.00
       8.503     0.999997       393627    291271.11
       8.503     0.999997       393627    327680.00
       8.503     0.999997       393627    374491.43
       8.567     0.999998       393628    436906.67
       8.567     1.000000       393628          inf
#[Mean    =        1.288, StdDeviation   =        0.553]
#[Max     =        8.560, Total count    =       393628]
#[Buckets =           27, SubBuckets     =         2048]
----------------------------------------------------------
  588521 requests in 30.01s, 97.10MB read
Requests/sec:  19613.62
Transfer/sec:      3.24MB
