Linux 6.8.0-142-generic (cafeai-bench-server) 	10/01/26 	_x86_64_	(4 CPU)

19:59:15     CPU    %usr   %nice    %sys %iowait    %irq   %soft  %steal  %guest  %gnice   %idle
19:59:16     all   62.00    0.00    6.25    0.00    0.00    2.25    0.00    0.00    0.00   29.50
19:59:17     all   80.45    0.00   12.78    0.00    0.00    6.52    0.25    0.00    0.00    0.00
19:59:18     all   72.93    0.00   17.79    0.00    0.00    7.52    0.00    0.00    0.00    1.75
19:59:19     all   66.93    0.00   11.63    0.00    0.00    5.68    0.00    0.00    0.00   15.76
19:59:20     all   37.16    0.00   13.47    0.00    0.00    4.74    0.00    0.00    0.00   44.64
19:59:21     all   19.50    0.00   13.75    0.00    0.00    4.00    0.25    0.00    0.00   62.50
19:59:22     all   18.30    0.00   14.54    0.00    0.00    3.51    0.00    0.00    0.00   63.66
19:59:23     all   16.75    0.00   13.79    0.00    0.00    3.45    0.49    0.00    0.00   65.52
19:59:24     all   16.15    0.00   12.82    0.00    0.00    3.33    0.00    0.00    0.00   67.69
19:59:25     all   15.68    0.00   14.40    0.00    0.00    2.83    0.00    0.00    0.00   67.10
19:59:26     all   15.60    0.00   14.32    0.00    0.00    3.07    0.00    0.00    0.00   67.01
19:59:27     all   14.51    0.00   13.73    0.00    0.00    3.11    0.00    0.00    0.00   68.65
19:59:28     all   12.83    0.00   13.87    0.00    0.00    3.40    0.26    0.00    0.00   69.63
19:59:29     all   13.70    0.00   12.66    0.00    0.00    3.88    0.26    0.00    0.00   69.51
19:59:30     all   13.01    0.00   13.52    0.00    0.00    3.83    0.26    0.00    0.00   69.39
19:59:31     all   12.95    0.00   13.21    0.00    0.00    4.15    0.26    0.00    0.00   69.43
19:59:32     all   14.29    0.00   12.78    0.00    0.00    3.76    0.00    0.00    0.00   69.17
19:59:33     all   14.11    0.00   13.37    0.00    0.00    3.22    0.00    0.00    0.00   69.31
19:59:34     all   13.47    0.00   13.22    0.00    0.00    3.49    0.25    0.00    0.00   69.58
19:59:35     all   12.76    0.00   13.28    0.00    0.00    3.65    0.00    0.00    0.00   70.31
19:59:36     all   13.67    0.00   13.92    0.00    0.00    3.80    0.00    0.00    0.00   68.61
19:59:37     all   12.38    0.00   13.86    0.25    0.00    3.47    0.25    0.00    0.00   69.80
19:59:38     all   12.34    0.00   12.86    0.00    0.00    2.89    0.00    0.00    0.00   71.92
19:59:39     all   12.05    0.00   12.31    0.00    0.00    4.10    0.51    0.00    0.00   71.03
19:59:40     all   13.61    0.00   13.12    0.00    0.00    3.47    0.00    0.00    0.00   69.80
19:59:41     all   13.04    0.00   13.04    0.00    0.00    3.58    0.26    0.00    0.00   70.08
19:59:42     all   14.46    0.00   13.97    0.00    0.00    3.68    0.00    0.00    0.00   67.89
19:59:43     all   14.00    0.00   13.27    0.00    0.00    3.69    0.00    0.00    0.00   69.04
19:59:44     all   13.12    0.00   13.61    0.00    0.00    3.22    0.00    0.00    0.00   70.05
19:59:45     all   12.41    0.00   14.68    0.00    0.00    3.80    0.25    0.00    0.00   68.86
19:59:46     all   28.93    0.00    6.35    0.00    0.00    1.78    0.00    0.00    0.00   62.94
19:59:47     all   25.77    0.00    8.42    0.26    0.00    4.08    0.00    0.00    0.00   61.48
19:59:48     all   22.59    0.00   11.17    0.00    0.00    3.30    0.00    0.00    0.00   62.94
19:59:49     all   14.75    0.00   12.50    0.00    0.00    3.50    0.50    0.00    0.00   68.75
19:59:50     all   11.28    0.00   13.53    0.00    0.00    3.26    0.25    0.00    0.00   71.68
19:59:51     all   15.13    0.00   11.54    0.00    0.00    3.08    0.00    0.00    0.00   70.26
19:59:52     all   13.16    0.00   12.66    0.00    0.00    3.54    0.00    0.00    0.00   70.63
19:59:53     all   12.81    0.00   13.32    0.00    0.00    3.27    0.00    0.00    0.00   70.60
19:59:54     all   11.68    0.00   13.45    0.00    0.00    2.79    0.00    0.00    0.00   72.08
19:59:55     all   10.85    0.00   12.40    0.00    0.00    3.36    0.00    0.00    0.00   73.39
19:59:56     all   11.99    0.00   12.24    0.00    0.00    2.81    0.00    0.00    0.00   72.96
19:59:57     all   11.25    0.00   13.04    0.00    0.00    3.32    0.00    0.00    0.00   72.38
19:59:58     all   11.90    0.00   12.91    0.00    0.00    3.29    0.00    0.00    0.00   71.90
19:59:59     all   11.93    0.00   12.69    0.00    0.00    3.30    0.00    0.00    0.00   72.08
20:00:00     all   12.56    0.00   13.57    0.00    0.00    3.52    0.25    0.00    0.00   70.10
20:00:01     all   12.25    0.00   13.25    0.00    0.00    3.25    0.00    0.00    0.00   71.25
20:00:02     all   11.97    0.00   13.72    0.00    0.00    3.24    2.00    0.00    0.00   69.08
20:00:03     all   11.78    0.00   13.03    0.00    0.00    3.51    0.50    0.00    0.00   71.18
20:00:04     all   11.81    0.00   14.07    0.00    0.00    3.02    0.00    0.00    0.00   71.11
20:00:05     all   13.27    0.00   13.01    0.00    0.00    3.57    0.26    0.00    0.00   69.90
20:00:06     all   11.70    0.00   12.47    0.00    0.00    3.05    0.00    0.00    0.00   72.77
20:00:07     all   11.34    0.00   12.85    0.00    0.00    3.27    0.00    0.00    0.00   72.54
20:00:08     all   12.00    0.00   13.25    0.00    0.00    3.25    0.25    0.00    0.00   71.25
20:00:09     all   11.34    0.00   12.85    0.00    0.00    3.53    0.25    0.00    0.00   72.04
20:00:10     all   11.65    0.00   12.66    0.25    0.00    3.29    0.00    0.00    0.00   72.15
20:00:11     all   11.20    0.00   12.72    0.00    0.00    3.31    0.00    0.00    0.00   72.77
20:00:12     all   12.24    0.00   12.50    0.00    0.00    3.06    0.00    0.00    0.00   72.19
20:00:13     all   11.39    0.00   12.41    0.00    0.00    3.80    0.00    0.00    0.00   72.41
20:00:14     all   12.78    0.00   13.03    0.00    0.00    2.76    0.25    0.00    0.00   71.18
20:00:15     all   11.03    0.00   12.78    0.00    0.00    3.51    0.25    0.00    0.00   72.43
20:00:16     all   12.16    0.00    9.18    0.00    0.00    2.23    0.00    0.00    0.00   76.43
20:00:17     all   10.58    0.00   11.34    0.00    0.00    3.27    0.00    0.00    0.00   74.81
20:00:18     all   15.37    0.00   13.35    0.00    0.00    3.53    0.00    0.00    0.00   67.76
20:00:19     all   11.31    0.00   12.85    0.00    0.00    3.34    0.26    0.00    0.00   72.24
20:00:20     all   12.66    0.00   11.90    0.00    0.00    3.54    0.25    0.00    0.00   71.65
20:00:21     all   12.21    0.00   12.47    0.00    0.00    3.82    0.00    0.00    0.00   71.50
20:00:22     all   12.62    0.00   14.11    0.00    0.00    3.71    0.00    0.00    0.00   69.55
20:00:23     all   12.81    0.00   12.81    0.00    0.00    3.52    0.00    0.00    0.00   70.85
20:00:24     all   11.48    0.00   13.52    0.00    0.00    3.83    0.26    0.00    0.00   70.92
20:00:25     all   11.84    0.00   13.60    0.00    0.00    3.27    0.25    0.00    0.00   71.03
20:00:26     all   12.21    0.00   12.72    0.00    0.00    3.31    0.00    0.00    0.00   71.76
20:00:27     all   11.94    0.00   13.68    0.00    0.00    3.98    0.00    0.00    0.00   70.40
20:00:28     all   12.15    0.00   13.42    0.00    0.00    3.54    0.00    0.00    0.00   70.89
20:00:29     all   12.93    0.00   13.90    0.00    0.00    4.15    0.00    0.00    0.00   69.02
20:00:30     all   12.24    0.00   13.27    0.00    0.00    3.57    0.00    0.00    0.00   70.92
20:00:31     all   13.03    0.00   12.03    0.00    0.00    3.51    0.50    0.00    0.00   70.93
20:00:32     all   13.15    0.00   14.14    0.00    0.00    3.23    0.00    0.00    0.00   69.48
20:00:33     all   13.45    0.00   13.69    0.00    0.00    3.18    0.24    0.00    0.00   69.44
20:00:34     all   12.90    0.00   12.90    0.00    0.00    3.72    0.25    0.00    0.00   70.22
20:00:35     all   13.32    0.00   14.04    0.00    0.00    3.87    0.00    0.00    0.00   68.77
20:00:36     all   14.08    0.00   13.59    0.00    0.00    3.40    0.00    0.00    0.00   68.93
20:00:37     all   14.29    0.00   13.55    0.00    0.00    3.45    0.00    0.00    0.00   68.72
20:00:38     all   13.51    0.00   14.25    0.00    0.00    2.95    0.00    0.00    0.00   69.29
20:00:39     all   13.88    0.00   14.35    0.00    0.00    3.83    0.00    0.00    0.00   67.94
20:00:40     all   14.18    0.00   13.22    0.00    0.00    3.61    0.48    0.00    0.00   68.51
20:00:41     all   12.44    0.00   15.12    0.00    0.00    3.41    0.24    0.00    0.00   68.78
20:00:42     all   13.24    0.00   13.73    0.00    0.00    3.68    0.25    0.00    0.00   69.12
20:00:43     all   12.88    0.00   13.13    0.00    0.00    3.28    0.00    0.00    0.00   70.71
20:00:44     all   12.38    0.00   14.11    0.00    0.00    3.47    0.00    0.00    0.00   70.05
20:00:45     all   13.75    0.00   13.50    0.00    0.00    3.50    0.00    0.00    0.00   69.25
20:00:46     all   12.95    0.00   11.99    0.00    0.00    3.84    0.00    0.00    0.00   71.22
20:00:47     all   16.63    0.00   17.62    0.00    0.00    6.70    0.00    0.00    0.00   59.06
20:00:48     all   17.31    0.00   18.96    0.00    0.00    6.59    0.55    0.00    0.00   56.59
20:00:49     all   18.80    0.00   18.80    0.00    0.00    8.09    0.26    0.00    0.00   54.05
20:00:50     all   20.16    0.00   20.16    0.00    0.00    7.07    0.00    0.00    0.00   52.62
20:00:51     all   20.05    0.00   19.02    0.00    0.00    7.71    0.26    0.00    0.00   52.96
20:00:52     all   19.85    0.00   20.36    0.00    0.00    7.22    0.26    0.00    0.00   52.32
20:00:53     all   20.05    0.00   20.57    0.00    0.00    7.71    0.00    0.00    0.00   51.67
20:00:54     all   18.28    0.00   20.10    0.00    0.00    6.79    0.52    0.00    0.00   54.31
20:00:55     all   19.63    0.00   20.16    0.00    0.00    6.81    0.00    0.00    0.00   53.40
20:00:56     all   19.39    0.00   22.19    0.00    0.00    8.42    0.00    0.00    0.00   50.00
20:00:57     all   19.04    0.00   20.81    0.00    0.00    8.12    0.00    0.00    0.00   52.03
20:00:58     all   19.69    0.00   18.64    0.00    0.00    7.35    0.52    0.00    0.00   53.81
20:00:59     all   18.85    0.00   20.42    0.00    0.00    7.07    0.00    0.00    0.00   53.66
20:01:00     all   19.63    0.00   19.63    0.00    0.00    7.85    0.00    0.00    0.00   52.88
20:01:01     all   18.30    0.00   18.83    0.00    0.00    7.16    0.00    0.00    0.00   55.70
20:01:02     all   19.01    0.00   20.31    0.00    0.00    7.03    0.78    0.00    0.00   52.86
20:01:03     all   19.34    0.00   20.87    0.00    0.00    7.38    0.25    0.00    0.00   52.16
20:01:04     all   18.90    0.00   20.21    0.00    0.00    7.09    0.00    0.00    0.00   53.81
20:01:05     all   19.69    0.00   20.98    0.00    0.00    7.25    0.26    0.00    0.00   51.81
20:01:06     all   19.60    0.00   21.61    0.00    0.00    7.79    0.25    0.00    0.00   50.75
20:01:07     all   20.20    0.00   21.23    0.00    0.00    7.42    0.26    0.00    0.00   50.90
20:01:08     all   19.06    0.00   20.10    0.00    0.00    7.83    0.00    0.00    0.00   53.00
20:01:09     all   19.05    0.00   19.58    0.00    0.00    7.41    0.26    0.00    0.00   53.70
20:01:10     all   18.58    0.00   21.12    0.00    0.00    8.40    0.76    0.00    0.00   51.15
20:01:11     all   18.72    0.00   21.54    0.00    0.00    7.69    0.00    0.00    0.00   52.05
20:01:12     all   19.85    0.00   19.07    0.00    0.00    7.22    0.52    0.00    0.00   53.35
20:01:13     all   20.00    0.00   20.26    0.00    0.00    6.49    0.00    0.00    0.00   53.25
20:01:14     all   18.68    0.00   19.74    0.26    0.00    7.11    0.26    0.00    0.00   53.95
20:01:15     all   18.68    0.00   19.74    0.00    0.00    7.63    0.00    0.00    0.00   53.95
20:01:16     all   15.75    0.00   16.30    0.00    0.00    6.91    0.28    0.00    0.00   60.77
20:01:17     all   20.60    0.00   22.39    0.00    0.00   11.34    0.60    0.00    0.00   45.07
20:01:18     all   28.10    0.00   28.65    0.00    0.00    6.89    0.28    0.00    0.00   36.09
20:01:19     all   29.57    0.00   29.81    0.00    0.00    6.25    0.00    0.00    0.00   34.38
20:01:20     all   26.84    0.00   28.25    0.00    0.00    7.34    0.28    0.00    0.00   37.29
20:01:21     all   27.32    0.00   29.01    0.00    0.00    7.04    0.56    0.00    0.00   36.06
20:01:22     all   27.49    0.00   29.58    0.00    0.00    7.59    0.26    0.00    0.00   35.08
20:01:23     all   27.70    0.00   28.50    0.00    0.00    8.18    0.26    0.00    0.00   35.36
20:01:24     all   26.72    0.00   28.65    0.00    0.00    7.16    0.55    0.00    0.00   36.91
20:01:25     all   27.47    0.00   29.95    0.00    0.00    6.87    0.00    0.00    0.00   35.71
20:01:26     all   26.59    0.00   27.98    0.00    0.00    7.48    0.28    0.00    0.00   37.67
20:01:27     all   26.80    0.00   29.28    0.00    0.00    6.91    0.28    0.00    0.00   36.74
20:01:28     all   26.72    0.00   28.10    0.00    0.00    7.99    0.28    0.00    0.00   36.91
20:01:29     all   26.46    0.00   28.69    0.00    0.00    6.96    0.28    0.00    0.00   37.60
20:01:30     all   27.05    0.00   28.14    0.00    0.00    7.92    0.27    0.00    0.00   36.61
20:01:31     all   26.85    0.00   28.77    0.00    0.00    7.12    0.27    0.00    0.00   36.99
20:01:32     all   26.59    0.00   29.92    0.00    0.00    6.09    0.28    0.00    0.00   37.12
20:01:33     all   26.63    0.00   29.62    0.00    0.00    8.70    0.00    0.00    0.00   35.05
20:01:34     all   25.61    0.00   29.11    0.00    0.00    7.82    0.54    0.00    0.00   36.93
20:01:35     all   26.23    0.00   29.51    0.00    0.00    7.10    0.55    0.00    0.00   36.61
20:01:36     all   27.15    0.00   27.98    0.00    0.00    8.31    0.00    0.00    0.00   36.57
20:01:37     all   26.91    0.00   28.23    0.00    0.00    8.18    0.53    0.00    0.00   36.15
20:01:38     all   27.08    0.00   29.22    0.00    0.00    8.04    0.27    0.00    0.00   35.39
20:01:39     all   26.26    0.00   27.65    0.00    0.00    9.50    0.00    0.00    0.00   36.59
20:01:40     all   29.70    0.00   29.19    0.00    0.00    7.11    0.00    0.00    0.00   34.01
20:01:41     all   27.81    0.00   28.88    0.00    0.00    7.49    0.00    0.00    0.00   35.83
20:01:42     all   27.34    0.00   29.69    0.00    0.00    6.77    0.52    0.00    0.00   35.68
20:01:43     all   27.84    0.00   29.19    0.00    0.00    7.03    0.54    0.00    0.00   35.41
20:01:44     all   26.98    0.00   27.79    0.00    0.00    8.72    0.00    0.00    0.00   36.51
20:01:45     all   27.72    0.00   29.08    0.00    0.00    7.07    0.00    0.00    0.00   36.14
20:01:46     all   22.14    0.00   23.18    0.00    0.00    7.29    0.26    0.00    0.00   47.14
20:01:47     all   31.27    0.00   33.00    0.00    0.00    9.43    0.25    0.00    0.00   26.05
20:01:48     all   36.87    0.00   36.39    0.00    0.00   13.01    0.00    0.00    0.00   13.73
20:01:49     all   36.58    0.00   38.72    0.00    0.00   11.88    0.24    0.00    0.00   12.59
20:01:50     all   36.96    0.00   37.44    0.00    0.00   12.32    0.00    0.00    0.00   13.29
20:01:51     all   36.34    0.00   39.02    0.00    0.00   11.71    0.00    0.00    0.00   12.93
20:01:52     all   36.04    0.00   37.95    0.00    0.00   11.69    0.00    0.00    0.00   14.32
20:01:53     all   35.12    0.00   38.29    0.00    0.00   12.20    0.24    0.00    0.00   14.15
20:01:54     all   35.85    0.00   37.74    0.00    0.00   11.79    0.24    0.00    0.00   14.39
20:01:55     all   36.98    0.00   39.42    0.00    0.00   10.71    0.24    0.00    0.00   12.65
20:01:56     all   35.68    0.00   38.35    0.00    0.00   11.65    0.00    0.00    0.00   14.32
20:01:57     all   36.52    0.00   36.52    0.00    0.00   13.48    0.00    0.00    0.00   13.48
20:01:58     all   35.77    0.00   37.96    0.00    0.00   12.17    0.24    0.00    0.00   13.87
20:01:59     all   36.23    0.00   38.41    0.00    0.00   12.08    0.00    0.00    0.00   13.29
20:02:00     all   37.20    0.00   38.39    0.00    0.00   10.43    0.24    0.00    0.00   13.74
20:02:01     all   36.08    0.00   38.92    0.00    0.00    9.43    0.24    0.00    0.00   15.33
20:02:02     all   36.64    0.00   38.30    0.00    0.00   10.87    0.00    0.00    0.00   14.18
20:02:03     all   37.44    0.00   38.16    0.00    0.00   10.39    0.00    0.00    0.00   14.01
20:02:04     all   37.32    0.00   38.52    0.00    0.00   10.53    0.00    0.00    0.00   13.64
20:02:05     all   37.26    0.00   37.26    0.00    0.00   12.26    0.24    0.00    0.00   12.98
20:02:06     all   35.66    0.00   37.83    0.00    0.00   11.33    0.24    0.00    0.00   14.94
20:02:07     all   34.95    0.00   38.89    0.00    0.00   10.42    0.46    0.00    0.00   15.28
20:02:08     all   37.29    0.00   37.77    0.00    0.00   10.65    0.00    0.00    0.00   14.29
20:02:09     all   36.23    0.00   38.16    0.24    0.00   11.59    0.24    0.00    0.00   13.53
20:02:10     all   36.52    0.00   37.47    0.00    0.00   10.98    0.48    0.00    0.00   14.56
20:02:11     all   35.75    0.00   38.32    0.00    0.00   11.21    0.00    0.00    0.00   14.72
20:02:12     all   36.75    0.00   37.71    0.00    0.00   11.69    0.00    0.00    0.00   13.84
20:02:13     all   37.18    0.00   37.65    0.00    0.00   10.82    0.24    0.00    0.00   14.12
20:02:14     all   36.26    0.00   38.63    0.00    0.00   10.43    0.00    0.00    0.00   14.69
20:02:15     all   36.43    0.00   38.10    0.00    0.00   10.71    0.00    0.00    0.00   14.76
20:02:16     all   33.00    0.00   32.26    0.00    0.00   10.67    0.25    0.00    0.00   23.82
20:02:17     all   43.03    0.00   37.81    0.00    0.00   17.91    0.00    0.00    0.00    1.24
20:02:18     all   38.56    0.00   38.31    0.00    0.00   20.90    0.25    0.00    0.00    1.99
20:02:19     all   38.64    0.00   38.89    0.00    0.00   20.71    0.00    0.00    0.00    1.77
20:02:20     all   39.00    0.00   40.00    0.00    0.00   20.25    0.25    0.00    0.00    0.50
20:02:21     all   39.05    0.00   40.30    0.00    0.00   19.90    0.00    0.00    0.00    0.75
20:02:22     all   38.94    0.00   39.45    0.00    0.00   19.85    0.00    0.00    0.00    1.76
20:02:23     all   38.85    0.00   40.60    0.00    0.00   20.05    0.00    0.00    0.00    0.50
20:02:24     all   37.84    0.00   40.85    0.00    0.00   20.05    0.00    0.00    0.00    1.25
20:02:25     all   37.81    0.00   41.29    0.00    0.00   19.40    0.00    0.00    0.00    1.49
20:02:26     all   39.95    0.00   39.45    0.00    0.00   18.34    0.00    0.00    0.00    2.26
20:02:27     all   39.25    0.00   39.75    0.00    0.00   20.00    0.00    0.00    0.00    1.00
20:02:28     all   39.55    0.00   40.05    0.00    0.00   19.40    0.25    0.00    0.00    0.75
20:02:29     all   37.75    0.00   41.25    0.00    0.00   20.25    0.25    0.00    0.00    0.50
20:02:30     all   38.50    0.00   41.50    0.00    0.00   19.50    0.00    0.00    0.00    0.50
20:02:31     all   39.20    0.00   39.45    0.00    0.00   20.35    0.25    0.00    0.00    0.75
20:02:32     all   38.56    0.00   40.05    0.00    0.00   19.65    0.00    0.00    0.00    1.74
20:02:33     all   39.90    0.00   38.89    0.00    0.00   20.20    0.00    0.00    0.00    1.01
20:02:34     all   37.66    0.00   40.90    0.00    0.00   20.20    0.00    0.00    0.00    1.25
20:02:35     all   41.10    0.00   41.60    0.00    0.00   15.79    0.25    0.00    0.00    1.25
20:02:36     all   39.25    0.00   40.75    0.00    0.00   18.50    0.00    0.00    0.00    1.50
20:02:37     all   40.35    0.00   40.60    0.00    0.00   18.30    0.00    0.00    0.00    0.75
20:02:38     all   39.10    0.00   40.85    0.00    0.00   18.05    0.00    0.00    0.00    2.01
20:02:39     all   39.05    0.00   40.55    0.00    0.00   19.40    0.00    0.00    0.00    1.00
20:02:40     all   39.04    0.00   39.80    0.00    0.00   20.40    0.00    0.00    0.00    0.76
20:02:41     all   37.41    0.00   39.40    0.00    0.00   21.45    0.25    0.00    0.00    1.50
20:02:42     all   37.06    0.00   40.55    0.00    0.00   20.90    0.00    0.00    0.00    1.49
20:02:43     all   38.04    0.00   40.05    0.00    0.00   20.91    0.00    0.00    0.00    1.01
20:02:44     all   38.15    0.00   41.15    0.00    0.00   19.70    0.00    0.00    0.00    1.00
20:02:45     all   39.70    0.00   40.45    0.00    0.00   18.59    0.00    0.00    0.00    1.26
20:02:46     all   33.50    0.00   33.25    0.00    0.00   15.74    0.25    0.00    0.00   17.26
20:02:47     all   40.05    0.00   36.32    0.00    0.00   16.92    0.25    0.00    0.00    6.47
20:02:48     all   40.70    0.00   37.19    0.00    0.00   18.09    0.00    0.00    0.00    4.02
20:02:49     all   39.49    0.00   36.96    0.00    0.00   18.73    0.00    0.00    0.00    4.81
20:02:50     all   37.59    0.00   40.10    0.00    0.00   21.55    0.00    0.00    0.00    0.75
20:02:51     all   38.75    0.00   39.75    0.00    0.00   20.75    0.00    0.00    0.00    0.75
20:02:52     all   36.72    0.00   41.44    0.00    0.00   20.35    0.50    0.00    0.00    0.99
20:02:53     all   39.15    0.00   39.40    0.00    0.00   20.70    0.00    0.00    0.00    0.75
20:02:54     all   38.44    0.00   39.95    0.00    0.00   20.85    0.00    0.00    0.00    0.75
20:02:55     all   38.64    0.00   39.39    0.00    0.00   21.21    0.00    0.00    0.00    0.76
20:02:56     all   37.91    0.00   39.65    0.00    0.00   20.70    0.50    0.00    0.00    1.25
20:02:57     all   37.34    0.00   40.60    0.00    0.00   21.55    0.00    0.00    0.00    0.50
20:02:58     all   37.00    0.00   40.00    0.00    0.00   22.00    0.00    0.00    0.00    1.00
20:02:59     all   38.50    0.00   39.25    0.00    0.00   21.75    0.00    0.00    0.00    0.50
20:03:00     all   38.50    0.00   39.50    0.00    0.00   21.00    0.00    0.00    0.00    1.00
20:03:01     all   38.50    0.00   40.50    0.00    0.00   20.25    0.00    0.00    0.00    0.75
20:03:02     all   39.20    0.00   41.21    0.00    0.00   19.35    0.00    0.00    0.00    0.25
20:03:03     all   38.00    0.00   40.00    0.00    0.00   20.25    0.25    0.00    0.00    1.50
20:03:04     all   38.54    0.00   40.30    0.00    0.00   20.91    0.00    0.00    0.00    0.25
20:03:05     all   39.00    0.00   39.25    0.00    0.00   20.25    0.50    0.00    0.00    1.00
20:03:06     all   38.25    0.00   40.50    0.00    0.00   20.25    0.00    0.00    0.00    1.00
20:03:07     all   37.69    0.00   41.21    0.00    0.00   20.85    0.00    0.00    0.00    0.25
20:03:08     all   38.56    0.00   39.80    0.00    0.00   20.40    0.00    0.00    0.00    1.24
20:03:09     all   38.50    0.00   39.00    0.00    0.00   21.50    0.00    0.00    0.00    1.00
20:03:10     all   36.66    0.00   40.15    0.00    0.00   22.19    0.00    0.00    0.00    1.00
20:03:11     all   38.54    0.00   39.80    0.00    0.00   21.16    0.25    0.00    0.00    0.25
20:03:12     all   37.91    0.00   39.40    0.00    0.00   20.95    0.00    0.00    0.00    1.75
20:03:13     all   37.34    0.00   40.10    0.00    0.00   22.06    0.25    0.00    0.00    0.25
20:03:14     all   36.34    0.00   41.35    0.00    0.00   21.55    0.00    0.00    0.00    0.75
20:03:15     all   40.25    0.00   37.25    0.00    0.00   21.50    0.00    0.00    0.00    1.00
20:03:16     all   20.50    0.00   21.50    0.00    0.00   11.75    0.25    0.00    0.00   46.00
20:03:17     all    5.01    0.00    4.01    0.00    0.00    2.51    0.00    0.00    0.00   88.47
20:03:18     all    9.34    0.00   10.10    0.00    0.00    4.29    0.00    0.00    0.00   76.26
20:03:19     all    9.82    0.00   10.08    0.00    0.00    3.53    0.25    0.00    0.00   76.32
20:03:20     all    9.75    0.00   11.50    0.00    0.00    3.50    0.00    0.00    0.00   75.25
20:03:21     all    8.51    0.00   10.82    0.00    0.00    3.35    0.00    0.00    0.00   77.32
20:03:22     all    9.16    0.00   11.20    0.00    0.00    3.05    0.00    0.00    0.00   76.59
20:03:23     all    8.48    0.00   10.80    0.00    0.00    2.57    0.26    0.00    0.00   77.89
20:03:24     all    8.63    0.00   11.17    0.00    0.00    3.55    0.25    0.00    0.00   76.40
20:03:25     all   10.53    0.00   10.78    0.00    0.00    3.01    0.25    0.00    0.00   75.44
20:03:26     all    9.46    0.00    9.72    0.00    0.00    3.07    0.00    0.00    0.00   77.75
20:03:27     all    7.67    0.00   11.25    0.00    0.00    2.81    0.00    0.00    0.00   78.26
20:03:28     all    8.65    0.00   10.43    0.00    0.00    3.31    0.00    0.00    0.00   77.61
20:03:29     all    9.21    0.00   10.23    0.00    0.00    3.07    0.00    0.00    0.00   77.49
20:03:30     all    8.35    0.00   11.39    0.00    0.00    3.04    0.25    0.00    0.00   76.96
20:03:31     all    9.64    0.00   10.91    0.00    0.00    3.05    0.25    0.00    0.00   76.14
20:03:32     all    8.97    0.00   10.26    0.00    0.00    2.82    0.00    0.00    0.00   77.95
20:03:33     all    8.86    0.00   10.89    0.00    0.00    3.54    0.00    0.00    0.00   76.71
20:03:34     all    9.55    0.00   10.80    0.00    0.00    3.52    0.00    0.00    0.00   76.13
20:03:35     all   10.94    0.00   11.45    0.00    0.00    3.31    0.00    0.00    0.00   74.30
20:03:36     all    9.09    0.00   11.36    0.00    0.00    2.78    0.25    0.00    0.00   76.52
20:03:37     all    9.07    0.00   11.08    0.25    0.00    3.27    0.00    0.00    0.00   76.32
20:03:38     all    8.88    0.00   10.41    0.00    0.00    3.55    0.00    0.00    0.00   77.16
20:03:39     all    8.93    0.00   11.22    0.00    0.00    2.81    0.00    0.00    0.00   77.04
20:03:40     all    9.14    0.00   10.41    0.00    0.00    3.55    0.00    0.00    0.00   76.90
20:03:41     all    8.95    0.00   10.74    0.00    0.00    3.07    0.00    0.00    0.00   77.24
20:03:42     all    9.34    0.00   10.35    0.00    0.00    3.03    0.25    0.00    0.00   77.02
20:03:43     all    8.88    0.00   11.93    0.00    0.00    2.79    0.00    0.00    0.00   76.40
20:03:44     all    9.16    0.00   11.20    0.00    0.00    3.05    0.00    0.00    0.00   76.59
20:03:45     all    9.05    0.00   11.56    0.00    0.00    2.51    0.25    0.00    0.00   76.63
20:03:46     all    6.84    0.00    7.09    0.00    0.00    2.53    0.00    0.00    0.00   83.54
20:03:47     all    7.48    0.00    4.24    0.00    0.00    2.49    0.50    0.00    0.00   85.29
20:03:48     all   24.74    0.00   14.95    0.00    0.00    6.19    0.00    0.00    0.00   54.12
20:03:49     all   31.65    0.00   21.27    0.00    0.00    5.57    0.00    0.00    0.00   41.52
20:03:50     all   24.68    0.00   20.82    0.00    0.00    5.14    0.00    0.00    0.00   49.36
20:03:51     all   20.10    0.00   20.89    0.00    0.00    6.01    0.00    0.00    0.00   53.00
20:03:52     all   18.81    0.00   22.68    0.00    0.00    6.70    0.00    0.00    0.00   51.80
20:03:53     all   22.80    0.00   23.58    0.00    0.00    5.70    0.00    0.00    0.00   47.93
20:03:54     all   23.30    0.00   21.73    0.00    0.00    6.28    0.00    0.00    0.00   48.69
20:03:55     all   18.81    0.00   21.91    0.00    0.00    6.19    0.52    0.00    0.00   52.58
20:03:56     all   23.00    0.00   21.71    0.00    0.00    6.98    0.26    0.00    0.00   48.06
20:03:57     all   19.07    0.00   22.94    0.00    0.00    6.44    0.26    0.00    0.00   51.29
20:03:58     all   23.56    0.00   21.20    0.00    0.00    6.02    0.00    0.00    0.00   49.21
20:03:59     all   19.28    0.00   21.85    0.00    0.00    6.94    0.00    0.00    0.00   51.93
20:04:00     all   23.48    0.00   21.37    0.00    0.00    6.60    0.00    0.00    0.00   48.55
20:04:01     all   19.38    0.00   22.74    0.00    0.00    6.20    0.00    0.00    0.00   51.68
20:04:02     all   22.68    0.00   22.42    0.00    0.00    6.19    0.00    0.00    0.00   48.71
20:04:03     all   18.81    0.00   22.68    0.00    0.00    6.70    0.00    0.00    0.00   51.80
20:04:04     all   24.16    0.00   21.04    0.00    0.00    6.23    0.26    0.00    0.00   48.31
20:04:05     all   19.33    0.00   22.16    0.00    0.00    6.70    0.26    0.00    0.00   51.55
20:04:06     all   23.70    0.00   21.61    0.00    0.00    6.25    0.52    0.00    0.00   47.92
20:04:07     all   18.86    0.00   22.48    0.00    0.00    6.98    0.00    0.00    0.00   51.68
20:04:08     all   23.04    0.00   21.73    0.00    0.00    6.54    0.00    0.00    0.00   48.69
20:04:09     all   18.86    0.00   22.48    0.00    0.00    6.72    0.00    0.00    0.00   51.94
20:04:10     all   23.12    0.00   22.34    0.00    0.00    6.75    0.00    0.00    0.00   47.79
20:04:11     all   18.64    0.00   21.78    0.00    0.00    6.82    0.00    0.00    0.00   52.76
20:04:12     all   23.18    0.00   22.92    0.00    0.00    6.25    0.00    0.00    0.00   47.66
20:04:13     all   18.90    0.00   22.05    0.00    0.00    6.56    0.00    0.00    0.00   52.49
20:04:14     all   24.29    0.00   21.71    0.00    0.00    6.46    0.00    0.00    0.00   47.55
20:04:15     all   19.02    0.00   22.37    0.00    0.00    6.17    0.51    0.00    0.00   51.93
20:04:16     all   18.32    0.00   16.03    0.00    0.00    4.83    0.25    0.00    0.00   60.56
20:04:17     all    5.24    0.00    2.99    0.00    0.00    2.00    0.00    0.00    0.00   89.78
20:04:18     all   21.91    0.00   15.46    0.00    0.00    6.19    0.26    0.00    0.00   56.19
20:04:19     all   27.85    0.00   20.69    0.00    0.00    8.75    0.00    0.00    0.00   42.71
20:04:20     all   41.01    0.00   29.87    0.00    0.00   10.13    0.00    0.00    0.00   18.99
20:04:21     all   43.69    0.00   32.07    0.00    0.00   11.87    0.00    0.00    0.00   12.37
20:04:22     all   39.60    0.00   35.84    0.00    0.00   11.53    0.00    0.00    0.00   13.03
20:04:23     all   36.87    0.00   39.90    0.00    0.00   11.11    0.00    0.00    0.00   12.12
20:04:24     all   33.08    0.00   40.20    0.00    0.00   11.20    0.00    0.00    0.00   15.52
20:04:25     all   38.85    0.00   37.59    0.00    0.00   11.78    0.00    0.00    0.00   11.78
20:04:26     all   30.96    0.00   39.09    0.00    0.00   11.68    0.00    0.00    0.00   18.27
20:04:27     all   40.05    0.00   36.78    0.00    0.00   11.59    0.00    0.00    0.00   11.59
20:04:28     all   31.57    0.00   41.16    0.00    0.00   11.62    0.00    0.00    0.00   15.66
20:04:29     all   36.62    0.00   38.89    0.00    0.00   11.36    0.25    0.00    0.00   12.88
20:04:30     all   33.50    0.00   38.32    0.00    0.00   11.68    0.00    0.00    0.00   16.50
20:04:31     all   35.26    0.00   37.03    0.00    0.00   10.33    0.00    0.00    0.00   17.38
20:04:32     all   31.57    0.00   38.38    0.00    0.00   12.12    0.00    0.00    0.00   17.93
20:04:33     all   34.26    0.00   39.29    0.00    0.00   11.34    0.00    0.00    0.00   15.11
20:04:34     all   33.83    0.00   37.06    0.00    0.00   10.95    0.25    0.00    0.00   17.91
20:04:35     all   32.65    0.00   41.33    0.00    0.00   11.22    0.00    0.00    0.00   14.80
20:04:36     all   37.78    0.00   38.29    0.00    0.00   11.59    0.25    0.00    0.00   12.09
20:04:37     all   34.61    0.00   39.69    0.00    0.00   11.20    0.00    0.00    0.00   14.50
20:04:38     all   37.78    0.00   38.79    0.00    0.00   10.33    0.00    0.00    0.00   13.10
20:04:39     all   30.87    0.00   40.31    0.00    0.00   10.71    0.00    0.00    0.00   18.11
20:04:40     all   35.01    0.00   39.29    0.00    0.00   10.83    0.00    0.00    0.00   14.86
20:04:41     all   35.44    0.00   40.25    0.00    0.00    9.62    0.25    0.00    0.00   14.43
20:04:42     all   32.83    0.00   39.60    0.00    0.00    9.52    0.00    0.00    0.00   18.05
20:04:43     all   34.94    0.00   39.49    0.00    0.00   11.39    0.00    0.00    0.00   14.18
20:04:44     all   34.10    0.00   39.44    0.00    0.00   11.20    0.00    0.00    0.00   15.27
20:04:45     all   35.35    0.00   38.13    0.00    0.00   10.86    0.00    0.00    0.00   15.66
20:04:46     all   26.45    0.00   32.24    0.00    0.00   10.08    0.25    0.00    0.00   30.98
20:04:47     all    2.53    0.00    2.02    0.00    0.00    1.52    0.00    0.00    0.00   93.94
20:04:48     all   16.54    0.00   16.04    0.00    0.00    7.27    0.00    0.00    0.00   60.15
20:04:49     all   25.32    0.00   21.96    0.00    0.00    9.56    0.00    0.00    0.00   43.15
20:04:50     all   29.26    0.00   29.26    0.00    0.00   11.45    0.25    0.00    0.00   29.77
20:04:51     all   33.33    0.00   33.59    0.00    0.00   12.88    0.00    0.00    0.00   20.20
20:04:52     all   42.89    0.00   37.66    0.00    0.00   12.72    0.00    0.00    0.00    6.73
20:04:53     all   46.48    0.00   38.69    0.00    0.00   14.07    0.00    0.00    0.00    0.75
20:04:54     all   49.37    0.00   35.34    0.00    0.00   13.78    0.00    0.00    0.00    1.50
20:04:55     all   52.87    0.00   28.43    0.00    0.00   16.46    0.00    0.00    0.00    2.24
20:04:56     all   58.25    0.00   23.00    0.00    0.00   13.00    0.00    0.00    0.00    5.75
20:04:57     all   52.85    0.00   29.28    0.00    0.00   16.38    0.25    0.00    0.00    1.24
20:04:58     all   50.25    0.00   30.65    0.00    0.00   15.33    0.00    0.00    0.00    3.77
20:04:59     all   55.78    0.00   27.89    0.00    0.00   15.58    0.00    0.00    0.00    0.75
20:05:00     all   50.75    0.00   30.00    0.00    0.00   18.75    0.00    0.00    0.00    0.50
20:05:01     all   55.25    0.00   27.00    0.00    0.00   15.00    0.00    0.00    0.00    2.75
20:05:02     all   58.15    0.00   23.81    0.00    0.00   13.78    0.00    0.00    0.00    4.26
20:05:03     all   49.25    0.00   31.09    0.00    0.00   18.91    0.00    0.00    0.00    0.75
20:05:04     all   53.75    0.00   28.00    0.00    0.00   16.75    0.25    0.00    0.00    1.25
20:05:05     all   54.61    0.00   26.68    0.00    0.00   15.71    0.00    0.00    0.00    2.99
20:05:06     all   53.92    0.00   28.61    0.00    0.00   14.18    0.51    0.00    0.00    2.78
20:05:07     all   54.00    0.00   28.50    0.00    0.00   15.25    0.00    0.00    0.00    2.25
20:05:08     all   54.77    0.00   28.39    0.00    0.00   14.82    0.00    0.00    0.00    2.01
20:05:09     all   56.22    0.00   25.37    0.00    0.00   13.68    0.00    0.00    0.00    4.73
20:05:10     all   51.25    0.00   30.75    0.00    0.00   17.25    0.00    0.00    0.00    0.75
20:05:11     all   51.63    0.00   27.57    0.00    0.00   16.04    0.00    0.00    0.00    4.76
20:05:12     all   56.17    0.00   27.96    0.00    0.00   14.86    0.00    0.00    0.00    1.01
20:05:13     all   50.62    0.00   30.67    0.00    0.00   16.71    0.00    0.00    0.00    2.00
20:05:14     all   52.88    0.00   29.82    0.00    0.00   16.04    0.00    0.00    0.00    1.25
20:05:15     all   56.14    0.00   26.07    0.00    0.00   15.29    0.25    0.00    0.00    2.26
20:05:16     all   54.89    0.00   23.06    0.00    0.00   14.54    0.00    0.00    0.00    7.52
