Linux 6.8.0-142-generic (cafeai-bench-loadgen) 	10/01/26 	_x86_64_	(4 CPU)

19:59:15     CPU    %usr   %nice    %sys %iowait    %irq   %soft  %steal  %guest  %gnice   %idle
19:59:16     all    1.04    0.00    2.34    0.00    0.00    0.78    0.00    0.00    0.00   95.84
19:59:17     all    2.49    0.00    5.54    0.28    0.00    1.66    0.00    0.00    0.00   90.03
19:59:18     all    3.24    0.00    7.57    0.00    0.00    4.86    0.00    0.00    0.00   84.32
19:59:19     all    2.65    0.00    6.61    0.00    0.00    3.17    0.00    0.00    0.00   87.57
19:59:20     all    3.34    0.00    6.68    0.00    0.00    3.60    0.00    0.00    0.00   86.38
19:59:21     all    3.83    0.00    6.12    0.00    0.00    4.59    0.00    0.00    0.00   85.46
19:59:22     all    3.81    0.00    6.85    0.00    0.00    3.55    0.00    0.00    0.00   85.79
19:59:23     all    4.07    0.00    6.36    0.00    0.00    3.82    0.00    0.00    0.00   85.75
19:59:24     all    3.55    0.00    6.85    0.00    0.00    3.81    0.00    0.00    0.00   85.79
19:59:25     all    4.55    0.00    6.57    0.00    0.00    4.04    0.00    0.00    0.00   84.85
19:59:26     all    3.55    0.00    6.60    0.00    0.00    3.81    0.00    0.00    0.00   86.04
19:59:27     all    3.84    0.00    6.14    0.00    0.00    3.58    0.00    0.00    0.00   86.45
19:59:28     all    3.06    0.00    6.89    0.00    0.00    3.83    0.00    0.00    0.00   86.22
19:59:29     all    3.58    0.00    6.65    0.00    0.00    3.58    0.00    0.00    0.00   86.19
19:59:30     all    3.55    0.00    6.85    0.00    0.00    3.81    0.00    0.00    0.00   85.79
19:59:31     all    3.56    0.00    6.87    0.00    0.00    3.31    0.00    0.00    0.00   86.26
19:59:32     all    4.27    0.00    6.53    0.00    0.00    4.27    0.00    0.00    0.00   84.92
19:59:33     all    3.11    0.00    5.96    0.00    0.00    3.63    0.00    0.00    0.00   87.31
19:59:34     all    3.56    0.00    6.62    0.00    0.00    3.82    0.00    0.00    0.00   86.01
19:59:35     all    3.79    0.00    7.07    0.00    0.00    3.79    0.00    0.00    0.00   85.35
19:59:36     all    3.74    0.00    7.48    0.00    0.00    4.49    0.00    0.00    0.00   84.29
19:59:37     all    3.57    0.00    6.38    0.00    0.00    3.57    0.51    0.00    0.00   85.97
19:59:38     all    3.79    0.00    6.57    0.00    0.00    4.29    0.00    0.00    0.00   85.35
19:59:39     all    3.57    0.00    6.63    0.00    0.00    3.57    0.00    0.00    0.00   86.22
19:59:40     all    4.09    0.00    6.14    0.00    0.00    3.07    0.00    0.00    0.00   86.70
19:59:41     all    3.79    0.00    7.07    0.00    0.00    4.55    0.25    0.00    0.00   84.34
19:59:42     all    3.79    0.00    6.31    0.00    0.00    4.29    0.00    0.00    0.00   85.61
19:59:43     all    3.80    0.00    6.58    0.00    0.00    4.05    0.00    0.00    0.00   85.57
19:59:44     all    4.50    0.00    7.00    0.00    0.00    4.00    0.00    0.00    0.00   84.50
19:59:45     all    4.00    0.00    7.50    0.00    0.00    4.00    0.25    0.00    0.00   84.25
19:59:46     all    0.51    0.00    0.76    0.00    0.00    0.00    0.00    0.00    0.00   98.73
19:59:47     all    2.29    0.00    3.31    0.00    0.00    2.80    0.00    0.00    0.00   91.60
19:59:48     all    2.28    0.00    3.80    0.00    0.00    2.53    0.00    0.00    0.00   91.39
19:59:49     all    2.78    0.00    2.78    0.00    0.00    3.04    0.00    0.00    0.00   91.39
19:59:50     all    2.02    0.00    3.79    0.00    0.00    3.28    0.00    0.00    0.00   90.91
19:59:51     all    2.02    0.00    3.28    0.00    0.00    3.03    0.00    0.00    0.00   91.67
19:59:52     all    2.29    0.00    3.05    0.00    0.00    2.80    0.00    0.00    0.00   91.86
19:59:53     all    2.25    0.00    4.00    0.00    0.00    3.00    0.25    0.00    0.00   90.50
19:59:54     all   11.37    0.00    5.68    0.00    0.00    1.81    0.00    0.00    0.00   81.14
19:59:55     all    5.28    0.00    5.03    0.25    0.00    3.02    0.00    0.00    0.00   86.43
19:59:56     all    2.53    0.00    3.28    0.00    0.00    2.78    0.25    0.00    0.00   91.16
19:59:57     all    2.03    0.00    3.05    0.00    0.00    3.55    0.00    0.00    0.00   91.37
19:59:58     all    2.53    0.00    3.03    0.00    0.00    3.28    0.00    0.00    0.00   91.16
19:59:59     all    2.52    0.00    3.27    0.25    0.00    3.02    0.00    0.00    0.00   90.93
20:00:00     all    2.78    0.00    2.78    0.00    0.00    3.03    0.00    0.00    0.00   91.41
20:00:01     all    2.28    0.00    3.29    0.00    0.00    3.04    0.00    0.00    0.00   91.39
20:00:02     all    1.79    0.00    3.07    0.00    0.00    3.58    0.00    0.00    0.00   91.56
20:00:03     all    2.97    0.00    3.96    0.00    0.00    3.47    0.00    0.00    0.00   89.60
20:00:04     all    2.51    0.00    3.27    0.00    0.00    3.77    0.00    0.00    0.00   90.45
20:00:05     all    2.26    0.00    3.76    0.00    0.00    3.76    0.00    0.00    0.00   90.23
20:00:06     all    2.24    0.00    3.74    0.00    0.00    3.49    0.00    0.00    0.00   90.52
20:00:07     all    2.53    0.00    3.03    0.00    0.00    3.03    0.00    0.00    0.00   91.41
20:00:08     all    2.03    0.00    4.06    0.00    0.00    3.30    0.00    0.00    0.00   90.61
20:00:09     all    2.25    0.00    3.50    0.00    0.00    3.25    0.00    0.00    0.00   91.00
20:00:10     all    2.54    0.00    3.05    0.00    0.00    2.79    0.00    0.00    0.00   91.62
20:00:11     all    2.99    0.00    3.49    0.00    0.00    3.24    0.00    0.00    0.00   90.27
20:00:12     all    2.27    0.00    3.54    0.00    0.00    3.03    0.00    0.00    0.00   91.16
20:00:13     all    2.52    0.00    3.27    0.00    0.00    3.02    0.25    0.00    0.00   90.93
20:00:14     all    2.77    0.00    3.27    0.00    0.00    2.77    0.25    0.00    0.00   90.93
20:00:15     all    2.51    0.00    3.76    0.00    0.00    3.26    0.00    0.00    0.00   90.48
20:00:16     all    2.74    0.00    3.74    0.00    0.00    1.75    0.00    0.00    0.00   91.77
20:00:17     all    5.26    0.00    6.77    0.00    0.00    3.26    0.00    0.00    0.00   84.71
20:00:18     all    5.22    0.00    7.71    0.00    0.00    3.23    0.00    0.00    0.00   83.83
20:00:19     all    5.09    0.00    5.85    0.00    0.00    3.31    0.00    0.00    0.00   85.75
20:00:20     all    5.03    0.00    7.29    0.00    0.00    3.02    0.00    0.00    0.00   84.67
20:00:21     all    5.47    0.00    6.72    0.00    0.00    3.98    0.00    0.00    0.00   83.83
20:00:22     all    5.53    0.00    7.79    0.00    0.00    3.02    0.00    0.00    0.00   83.67
20:00:23     all    5.25    0.00    7.00    0.00    0.00    3.50    0.00    0.00    0.00   84.25
20:00:24     all    5.79    0.00    6.05    0.00    0.00    3.53    0.25    0.00    0.00   84.38
20:00:25     all    5.57    0.00    6.58    0.00    0.00    2.53    0.25    0.00    0.00   85.06
20:00:26     all    5.99    0.00    7.73    0.00    0.00    3.74    0.00    0.00    0.00   82.54
20:00:27     all    6.30    0.00    6.05    0.00    0.00    3.02    0.00    0.00    0.00   84.63
20:00:28     all    5.99    0.00    6.73    0.00    0.00    3.99    0.00    0.00    0.00   83.29
20:00:29     all    5.56    0.00    7.07    0.00    0.00    3.28    0.00    0.00    0.00   84.09
20:00:30     all    4.99    0.00    7.48    0.00    0.00    3.49    0.00    0.00    0.00   84.04
20:00:31     all    5.22    0.00    6.97    0.00    0.00    3.98    0.00    0.00    0.00   83.83
20:00:32     all    5.81    0.00    6.31    0.00    0.00    3.28    0.00    0.00    0.00   84.60
20:00:33     all    5.76    0.00    6.52    0.00    0.00    3.51    0.00    0.00    0.00   84.21
20:00:34     all    5.09    0.00    7.12    0.00    0.00    2.54    0.00    0.00    0.00   85.24
20:00:35     all    5.56    0.00    6.82    0.00    0.00    2.78    0.00    0.00    0.00   84.85
20:00:36     all    6.03    0.00    6.78    0.00    0.00    3.27    0.00    0.00    0.00   83.92
20:00:37     all    5.56    0.00    6.82    0.00    0.00    2.78    0.00    0.00    0.00   84.85
20:00:38     all    5.60    0.00    6.62    0.00    0.00    2.80    0.00    0.00    0.00   84.99
20:00:39     all    5.57    0.00    6.58    0.00    0.00    3.80    0.00    0.00    0.00   84.05
20:00:40     all    6.38    0.00    5.36    0.00    0.00    3.32    0.00    0.00    0.00   84.95
20:00:41     all    6.06    0.00    6.57    0.00    0.00    3.28    0.00    0.00    0.00   84.09
20:00:42     all    5.09    0.00    6.62    0.00    0.00    3.05    0.00    0.00    0.00   85.24
20:00:43     all    5.75    0.00    7.50    0.00    0.00    3.00    0.00    0.00    0.00   83.75
20:00:44     all    5.28    0.00    7.29    0.00    0.00    3.27    0.00    0.00    0.00   84.17
20:00:45     all    6.09    0.00    6.09    0.00    0.00    2.54    0.00    0.00    0.00   85.28
20:00:46     all    4.55    0.00    5.30    0.00    0.00    3.54    0.00    0.00    0.00   86.62
20:00:47     all    8.40    0.00   10.76    0.00    0.00    5.51    0.00    0.00    0.00   75.33
20:00:48     all    8.38    0.00   12.57    0.00    0.00    5.76    0.00    0.00    0.00   73.30
20:00:49     all    9.07    0.00   10.36    0.00    0.00    7.25    0.00    0.00    0.00   73.32
20:00:50     all    9.04    0.00   11.37    0.00    0.00    6.46    0.00    0.00    0.00   73.13
20:00:51     all    9.30    0.00   10.85    0.00    0.00    6.98    0.00    0.00    0.00   72.87
20:00:52     all    9.84    0.00   10.88    0.00    0.00    6.48    0.26    0.00    0.00   72.54
20:00:53     all    9.09    0.00   11.95    0.00    0.00    5.71    0.00    0.00    0.00   73.25
20:00:54     all    8.64    0.00   10.99    0.00    0.00    6.28    0.00    0.00    0.00   74.08
20:00:55     all   14.17    0.00   12.60    0.00    0.00    6.82    0.00    0.00    0.00   66.40
20:00:56     all   17.62    0.00   13.99    0.00    0.00    6.22    0.00    0.00    0.00   62.18
20:00:57     all    9.14    0.00   10.44    0.00    0.00    7.31    0.00    0.00    0.00   73.11
20:00:58     all    9.07    0.00   12.44    0.00    0.00    6.48    0.00    0.00    0.00   72.02
20:00:59     all    9.11    0.00   11.46    0.00    0.00    5.99    0.00    0.00    0.00   73.44
20:01:00     all    8.25    0.00   11.86    0.00    0.00    6.96    0.26    0.00    0.00   72.68
20:01:01     all    9.74    0.00   10.53    0.00    0.00    6.05    0.00    0.00    0.00   73.68
20:01:02     all    9.77    0.00   11.57    0.00    0.00    6.43    0.00    0.00    0.00   72.24
20:01:03     all    9.61    0.00   10.91    0.00    0.00    6.75    0.00    0.00    0.00   72.73
20:01:04     all    8.67    0.00   11.99    0.00    0.00    7.14    0.26    0.00    0.00   71.94
20:01:05     all    9.77    0.00   12.08    0.00    0.00    5.91    0.00    0.00    0.00   72.24
20:01:06     all    9.00    0.00   12.08    0.00    0.00    6.68    0.00    0.00    0.00   72.24
20:01:07     all    9.56    0.00   11.37    0.00    0.00    6.46    0.26    0.00    0.00   72.35
20:01:08     all    9.35    0.00   11.43    0.00    0.00    6.23    0.00    0.00    0.00   72.99
20:01:09     all    9.56    0.00   11.63    0.00    0.00    6.20    0.00    0.00    0.00   72.61
20:01:10     all    9.64    0.00   11.20    0.00    0.00    6.25    0.00    0.00    0.00   72.92
20:01:11     all    9.38    0.00   11.46    0.00    0.00    5.99    0.00    0.00    0.00   73.18
20:01:12     all    9.40    0.00   10.18    0.00    0.00    6.79    0.00    0.00    0.00   73.63
20:01:13     all    8.88    0.00   10.97    0.00    0.00    6.79    0.00    0.00    0.00   73.37
20:01:14     all    9.28    0.00   11.34    0.00    0.00    6.44    0.00    0.00    0.00   72.94
20:01:15     all    9.66    0.00   10.70    0.00    0.00    6.27    0.00    0.00    0.00   73.37
20:01:16     all    6.38    0.00   10.37    0.00    0.00    6.12    0.00    0.00    0.00   77.13
20:01:17     all   12.89    0.00   19.47    0.00    0.00    8.68    0.00    0.00    0.00   58.95
20:01:18     all   14.29    0.00   20.15    0.00    0.00    9.95    0.00    0.00    0.00   55.61
20:01:19     all   16.97    0.00   17.74    0.00    0.00   10.28    0.00    0.00    0.00   55.01
20:01:20     all   14.51    0.00   20.73    0.00    0.00    8.81    0.00    0.00    0.00   55.96
20:01:21     all   15.10    0.00   20.31    0.00    0.00   10.16    0.00    0.00    0.00   54.43
20:01:22     all   15.71    0.00   18.85    0.00    0.00   10.47    0.00    0.00    0.00   54.97
20:01:23     all   15.38    0.00   19.89    0.00    0.00    9.02    0.00    0.00    0.00   55.70
20:01:24     all   15.49    0.00   19.42    0.00    0.00    9.45    0.00    0.00    0.00   55.64
20:01:25     all   15.30    0.00   19.79    0.00    0.00    9.50    0.00    0.00    0.00   55.41
20:01:26     all   15.18    0.00   19.11    0.00    0.00    9.95    0.00    0.00    0.00   55.76
20:01:27     all   14.18    0.00   21.39    0.00    0.00    9.54    0.00    0.00    0.00   54.90
20:01:28     all   15.14    0.00   19.84    0.00    0.00    9.92    0.00    0.00    0.00   55.09
20:01:29     all   14.85    0.00   19.89    0.00    0.00    9.28    0.00    0.00    0.00   55.97
20:01:30     all   15.06    0.00   20.26    0.00    0.00    9.61    0.00    0.00    0.00   55.06
20:01:31     all   15.42    0.00   20.05    0.00    0.00    9.51    0.00    0.00    0.00   55.01
20:01:32     all   15.97    0.00   19.90    0.00    0.00    8.90    0.00    0.00    0.00   55.24
20:01:33     all   15.18    0.00   19.63    0.00    0.00    9.95    0.00    0.00    0.00   55.24
20:01:34     all   15.40    0.00   19.06    0.00    0.00    9.92    0.00    0.00    0.00   55.61
20:01:35     all   16.01    0.00   19.16    0.00    0.00    9.19    0.00    0.00    0.00   55.64
20:01:36     all   15.45    0.00   19.37    0.00    0.00    9.95    0.00    0.00    0.00   55.24
20:01:37     all   14.81    0.00   19.31    0.00    0.00   10.32    0.00    0.00    0.00   55.56
20:01:38     all   15.58    0.00   19.74    0.00    0.00    9.87    0.26    0.00    0.00   54.55
20:01:39     all   15.18    0.00   19.11    0.00    0.00   10.21    0.00    0.00    0.00   55.50
20:01:40     all   16.15    0.00   19.23    0.00    0.00   10.26    0.26    0.00    0.00   54.10
20:01:41     all   15.13    0.00   20.51    0.00    0.00   10.26    0.00    0.00    0.00   54.10
20:01:42     all   15.58    0.00   18.70    0.00    0.00   10.39    0.00    0.00    0.00   55.32
20:01:43     all   15.49    0.00   18.90    0.00    0.00   10.50    0.00    0.00    0.00   55.12
20:01:44     all   15.46    0.00   20.10    0.00    0.00    9.54    0.00    0.00    0.00   54.90
20:01:45     all   15.58    0.00   19.48    0.00    0.00    9.61    0.00    0.00    0.00   55.32
20:01:46     all   11.38    0.00   15.34    0.00    0.00    6.08    0.00    0.00    0.00   67.20
20:01:47     all   17.73    0.00   20.50    0.00    0.00   11.91    0.00    0.00    0.00   49.86
20:01:48     all   20.22    0.00   22.13    0.00    0.00   14.75    0.00    0.00    0.00   42.90
20:01:49     all   21.39    0.00   22.50    0.00    0.00   13.89    0.00    0.00    0.00   42.22
20:01:50     all   24.38    0.00   23.29    0.00    0.00   13.97    0.00    0.00    0.00   38.36
20:01:51     all   19.67    0.00   21.86    0.00    0.00   14.75    0.00    0.00    0.00   43.72
20:01:52     all   19.18    0.00   20.55    0.00    0.00   14.79    0.55    0.00    0.00   44.93
20:01:53     all   18.92    0.00   23.51    0.00    0.00   14.05    0.00    0.00    0.00   43.51
20:01:54     all   20.51    0.00   20.79    0.00    0.00   13.48    0.00    0.00    0.00   45.22
20:01:55     all   19.25    0.00   22.99    0.27    0.00   14.17    0.00    0.00    0.00   43.32
20:01:56     all   21.64    0.00   20.82    0.00    0.00   13.70    0.00    0.00    0.00   43.84
20:01:57     all   34.77    0.00   26.15    0.00    0.00   14.29    0.00    0.00    0.00   24.80
20:01:58     all   19.83    0.00   22.04    0.00    0.00   13.77    0.00    0.00    0.00   44.35
20:01:59     all   18.44    0.00   22.63    0.00    0.00   15.08    0.00    0.00    0.00   43.85
20:02:00     all   20.87    0.00   20.33    0.00    0.00   15.18    0.00    0.00    0.00   43.63
20:02:01     all   21.51    0.00   20.95    0.00    0.00   13.97    0.00    0.00    0.00   43.58
20:02:02     all   20.89    0.00   20.89    0.00    0.00   15.32    0.00    0.00    0.00   42.90
20:02:03     all   19.66    0.00   20.79    0.00    0.00   16.01    0.00    0.00    0.00   43.54
20:02:04     all   19.11    0.00   22.44    0.00    0.00   13.57    0.00    0.00    0.00   44.88
20:02:05     all   20.00    0.00   22.74    0.00    0.00   12.88    0.00    0.00    0.00   44.38
20:02:06     all   20.44    0.00   20.99    0.00    0.00   14.36    0.00    0.00    0.00   44.20
20:02:07     all   19.72    0.00   20.83    0.00    0.00   15.00    0.00    0.00    0.00   44.44
20:02:08     all   19.02    0.00   22.55    0.00    0.00   14.13    0.00    0.00    0.00   44.29
20:02:09     all   18.85    0.00   22.68    0.00    0.00   14.48    0.00    0.00    0.00   43.99
20:02:10     all   19.13    0.00   21.04    0.00    0.00   15.03    0.00    0.00    0.00   44.81
20:02:11     all   19.62    0.00   20.71    0.00    0.00   15.53    0.00    0.00    0.00   44.14
20:02:12     all   20.82    0.00   19.18    0.00    0.00   15.62    0.00    0.00    0.00   44.38
20:02:13     all   19.44    0.00   21.41    0.00    0.00   14.65    0.00    0.00    0.00   44.51
20:02:14     all   20.79    0.00   19.10    0.00    0.00   15.73    0.00    0.00    0.00   44.38
20:02:15     all   20.78    0.00   21.88    0.00    0.00   13.85    0.00    0.00    0.00   43.49
20:02:16     all   15.57    0.00   23.75    0.00    0.00   13.19    0.00    0.00    0.00   47.49
20:02:17     all   13.26    0.00   31.83    0.00    0.00   18.04    0.00    0.00    0.00   36.87
20:02:18     all   14.47    0.00   33.68    0.00    0.00   17.11    0.00    0.00    0.00   34.74
20:02:19     all   17.37    0.00   34.47    0.00    0.00   18.16    0.00    0.00    0.00   30.00
20:02:20     all   15.04    0.00   34.30    0.00    0.00   17.94    0.00    0.00    0.00   32.72
20:02:21     all   16.84    0.00   33.42    0.00    0.00   19.52    0.00    0.00    0.00   30.21
20:02:22     all   15.75    0.00   34.12    0.00    0.00   18.11    0.00    0.00    0.00   32.02
20:02:23     all   16.45    0.00   33.69    0.00    0.00   18.30    0.00    0.00    0.00   31.56
20:02:24     all   15.96    0.00   34.04    0.00    0.00   18.35    0.00    0.00    0.00   31.65
20:02:25     all   16.13    0.00   33.60    0.00    0.00   18.01    0.00    0.00    0.00   32.26
20:02:26     all   15.89    0.00   33.33    0.00    0.00   18.75    0.00    0.00    0.00   32.03
20:02:27     all   16.58    0.00   34.22    0.00    0.00   18.45    0.00    0.00    0.00   30.75
20:02:28     all   17.31    0.00   33.33    0.00    0.00   17.57    0.52    0.00    0.00   31.27
20:02:29     all   15.24    0.00   33.42    0.00    0.00   18.98    0.00    0.00    0.00   32.35
20:02:30     all   17.06    0.00   33.86    0.00    0.00   17.85    0.00    0.00    0.00   31.23
20:02:31     all   16.00    0.00   32.80    0.00    0.00   19.47    0.00    0.00    0.00   31.73
20:02:32     all   15.87    0.00   33.07    0.00    0.00   18.25    0.00    0.00    0.00   32.80
20:02:33     all   15.43    0.00   33.78    0.00    0.00   19.15    0.00    0.00    0.00   31.65
20:02:34     all   16.09    0.00   31.13    0.00    0.00   19.53    0.00    0.00    0.00   33.25
20:02:35     all   17.59    0.00   31.76    0.00    0.00   18.11    0.26    0.00    0.00   32.28
20:02:36     all   16.41    0.00   34.11    0.00    0.00   18.23    0.00    0.00    0.00   31.25
20:02:37     all   16.09    0.00   34.56    0.00    0.00   18.73    0.00    0.00    0.00   30.61
20:02:38     all   17.65    0.00   31.55    0.00    0.00   18.98    0.00    0.00    0.00   31.82
20:02:39     all   16.62    0.00   34.04    0.00    0.00   17.94    0.00    0.00    0.00   31.40
20:02:40     all   15.87    0.00   34.92    0.00    0.00   19.31    0.00    0.00    0.00   29.89
20:02:41     all   14.81    0.00   35.19    0.00    0.00   18.25    0.00    0.00    0.00   31.75
20:02:42     all   15.12    0.00   35.28    0.00    0.00   19.10    0.00    0.00    0.00   30.50
20:02:43     all   16.22    0.00   35.90    0.00    0.00   16.49    0.00    0.00    0.00   31.38
20:02:44     all   17.11    0.00   32.11    0.00    0.00   18.42    0.00    0.00    0.00   32.37
20:02:45     all   15.92    0.00   32.89    0.00    0.00   18.83    0.00    0.00    0.00   32.36
20:02:46     all   13.07    0.00   26.40    0.00    0.00   14.40    0.00    0.00    0.00   46.13
20:02:47     all   14.44    0.00   30.97    0.00    0.00   16.01    0.00    0.00    0.00   38.58
20:02:48     all   12.96    0.00   31.22    0.00    0.00   17.20    0.00    0.00    0.00   38.62
20:02:49     all   13.76    0.00   31.75    0.00    0.00   16.93    0.00    0.00    0.00   37.57
20:02:50     all   14.91    0.00   32.90    0.00    0.00   17.22    0.00    0.00    0.00   34.96
20:02:51     all   14.84    0.00   33.07    0.00    0.00   16.93    0.00    0.00    0.00   35.16
20:02:52     all   15.06    0.00   33.77    0.00    0.00   16.88    0.00    0.00    0.00   34.29
20:02:53     all   14.58    0.00   32.55    0.00    0.00   17.71    0.00    0.00    0.00   35.16
20:02:54     all   15.30    0.00   34.30    0.00    0.00   18.47    0.00    0.00    0.00   31.93
20:02:55     all   15.58    0.00   33.51    0.00    0.00   18.18    0.00    0.00    0.00   32.73
20:02:56     all   15.00    0.00   32.89    0.00    0.00   17.37    0.00    0.00    0.00   34.74
20:02:57     all   14.85    0.00   31.56    0.00    0.00   18.30    0.00    0.00    0.00   35.28
20:02:58     all   25.97    0.00   35.06    0.26    0.00   16.88    0.00    0.00    0.00   21.82
20:02:59     all   18.30    0.00   35.31    0.00    0.00   15.98    0.00    0.00    0.00   30.41
20:03:00     all   14.03    0.00   33.77    0.00    0.00   16.88    0.00    0.00    0.00   35.32
20:03:01     all   15.71    0.00   34.29    0.00    0.00   18.32    0.00    0.00    0.00   31.68
20:03:02     all   15.86    0.00   33.87    0.00    0.00   19.35    0.27    0.00    0.00   30.65
20:03:03     all   15.53    0.00   35.53    0.00    0.00   18.68    0.00    0.00    0.00   30.26
20:03:04     all   15.83    0.00   34.56    0.00    0.00   18.73    0.00    0.00    0.00   30.87
20:03:05     all   14.03    0.00   34.81    0.00    0.00   17.14    0.00    0.00    0.00   34.03
20:03:06     all   14.06    0.00   33.85    0.00    0.00   17.71    0.00    0.00    0.00   34.38
20:03:07     all   13.84    0.00   32.64    0.00    0.00   18.02    0.00    0.00    0.00   35.51
20:03:08     all   15.18    0.00   32.72    0.00    0.00   18.59    0.00    0.00    0.00   33.51
20:03:09     all   16.62    0.00   34.83    0.00    0.00   18.73    0.00    0.00    0.00   29.82
20:03:10     all   15.80    0.00   36.01    0.00    0.00   18.13    0.00    0.00    0.00   30.05
20:03:11     all   16.49    0.00   35.08    0.00    0.00   18.59    0.00    0.00    0.00   29.84
20:03:12     all   16.01    0.00   36.48    0.00    0.00   18.37    0.00    0.00    0.00   29.13
20:03:13     all   16.45    0.00   34.99    0.00    0.00   18.28    0.00    0.00    0.00   30.29
20:03:14     all   14.81    0.00   35.71    0.00    0.00   19.31    0.00    0.00    0.00   30.16
20:03:15     all   16.32    0.00   36.01    0.00    0.00   18.65    0.00    0.00    0.00   29.02
20:03:16     all    5.84    0.00   12.44    0.00    0.00    5.08    0.00    0.00    0.00   76.65
20:03:17     all    1.26    0.00    2.53    0.00    0.00    1.77    0.00    0.00    0.00   94.44
20:03:18     all    2.79    0.00    3.05    0.00    0.00    3.05    0.00    0.00    0.00   91.12
20:03:19     all    2.28    0.00    3.05    0.00    0.00    2.79    0.00    0.00    0.00   91.88
20:03:20     all    2.78    0.00    3.03    0.00    0.00    2.78    0.00    0.00    0.00   91.41
20:03:21     all    2.04    0.00    3.31    0.00    0.00    2.80    0.00    0.00    0.00   91.86
20:03:22     all    2.04    0.00    3.06    0.00    0.00    2.81    0.00    0.00    0.00   92.09
20:03:23     all    2.03    0.00    3.30    0.00    0.00    3.30    0.00    0.00    0.00   91.37
20:03:24     all    2.80    0.00    3.05    0.00    0.00    2.54    0.00    0.00    0.00   91.60
20:03:25     all    2.51    0.00    3.01    0.00    0.00    3.26    0.00    0.00    0.00   91.23
20:03:26     all    2.30    0.00    2.81    0.00    0.00    3.32    0.00    0.00    0.00   91.58
20:03:27     all    2.04    0.00    3.05    0.00    0.00    2.80    0.00    0.00    0.00   92.11
20:03:28     all    2.54    0.00    2.80    0.00    0.00    2.54    0.00    0.00    0.00   92.11
20:03:29     all    3.30    0.00    2.79    0.00    0.00    2.28    0.00    0.00    0.00   91.62
20:03:30     all    1.77    0.00    3.54    0.00    0.00    3.03    0.25    0.00    0.00   91.41
20:03:31     all    2.79    0.00    3.30    0.00    0.00    2.28    0.00    0.00    0.00   91.62
20:03:32     all    2.28    0.00    3.55    0.00    0.00    2.79    0.00    0.00    0.00   91.37
20:03:33     all    2.28    0.00    3.05    0.00    0.00    2.79    0.00    0.00    0.00   91.88
20:03:34     all    2.53    0.00    3.28    0.00    0.00    2.53    0.00    0.00    0.00   91.67
20:03:35     all    2.05    0.00    2.82    0.00    0.00    2.56    0.00    0.00    0.00   92.56
20:03:36     all    2.78    0.00    3.29    0.00    0.00    2.28    0.00    0.00    0.00   91.65
20:03:37     all    2.03    0.00    3.80    0.00    0.00    2.78    0.00    0.00    0.00   91.39
20:03:38     all    2.54    0.00    3.05    0.00    0.00    2.29    0.00    0.00    0.00   92.11
20:03:39     all    2.04    0.00    3.31    0.00    0.00    2.54    0.00    0.00    0.00   92.11
20:03:40     all    2.51    0.00    3.51    0.00    0.00    3.01    0.00    0.00    0.00   90.98
20:03:41     all    2.28    0.00    3.30    0.00    0.00    2.54    0.00    0.00    0.00   91.88
20:03:42     all    1.79    0.00    2.81    0.00    0.00    3.07    0.00    0.00    0.00   92.33
20:03:43     all    2.78    0.00    2.78    0.00    0.00    2.78    0.00    0.00    0.00   91.65
20:03:44     all    2.53    0.00    3.03    0.00    0.00    3.03    0.00    0.00    0.00   91.41
20:03:45     all    1.78    0.00    3.31    0.00    0.00    2.80    0.00    0.00    0.00   92.11
20:03:46     all    1.51    0.00    2.02    0.00    0.00    1.51    0.00    0.00    0.00   94.96
20:03:47     all    2.54    0.00    2.79    0.00    0.00    1.78    0.00    0.00    0.00   92.89
20:03:48     all    5.26    0.00    5.26    0.00    0.00    3.95    0.00    0.00    0.00   85.53
20:03:49     all    4.94    0.00    6.75    0.00    0.00    5.19    0.26    0.00    0.00   82.86
20:03:50     all    4.12    0.00    6.19    0.00    0.00    6.70    0.00    0.00    0.00   82.99
20:03:51     all    4.83    0.00    6.11    0.00    0.00    6.62    0.00    0.00    0.00   82.44
20:03:52     all    5.10    0.00    6.63    0.00    0.00    5.36    0.26    0.00    0.00   82.65
20:03:53     all    4.59    0.00    5.87    0.00    0.00    6.63    0.00    0.00    0.00   82.91
20:03:54     all    4.86    0.00    6.65    0.00    0.00    5.63    0.00    0.00    0.00   82.86
20:03:55     all    4.60    0.00    6.14    0.00    0.00    6.65    0.26    0.00    0.00   82.35
20:03:56     all    5.36    0.00    6.38    0.00    0.00    6.12    0.00    0.00    0.00   82.14
20:03:57     all    4.85    0.00    6.63    0.00    0.00    6.12    0.00    0.00    0.00   82.40
20:03:58     all    4.36    0.00    6.41    0.00    0.00    6.41    0.00    0.00    0.00   82.82
20:03:59     all   11.31    0.00    7.46    0.00    0.00    5.66    0.00    0.00    0.00   75.58
20:04:00     all   11.37    0.00    8.27    0.00    0.00    5.68    0.00    0.00    0.00   74.68
20:04:01     all    4.85    0.00    6.63    0.00    0.00    5.87    0.00    0.00    0.00   82.65
20:04:02     all    5.56    0.00    6.31    0.00    0.00    6.31    0.00    0.00    0.00   81.82
20:04:03     all    5.18    0.00    5.44    0.00    0.00    5.70    0.00    0.00    0.00   83.68
20:04:04     all    5.13    0.00    5.90    0.00    0.00    6.41    0.00    0.00    0.00   82.56
20:04:05     all    5.10    0.00    5.87    0.26    0.00    6.12    0.00    0.00    0.00   82.65
20:04:06     all    5.57    0.00    6.08    0.00    0.00    6.84    0.00    0.00    0.00   81.52
20:04:07     all    5.06    0.00    6.08    0.00    0.00    6.84    0.00    0.00    0.00   82.03
20:04:08     all    5.09    0.00    6.62    0.00    0.00    6.11    0.00    0.00    0.00   82.19
20:04:09     all    4.85    0.00    6.12    0.00    0.00    6.38    0.00    0.00    0.00   82.65
20:04:10     all    5.56    0.00    6.57    0.00    0.00    6.06    0.00    0.00    0.00   81.82
20:04:11     all    4.88    0.00    6.94    0.00    0.00    5.14    0.26    0.00    0.00   82.78
20:04:12     all    4.40    0.00    5.44    0.00    0.00    6.99    0.00    0.00    0.00   83.16
20:04:13     all    5.12    0.00    5.88    0.00    0.00    6.39    0.00    0.00    0.00   82.61
20:04:14     all    5.09    0.00    6.11    0.00    0.00    6.62    0.00    0.00    0.00   82.19
20:04:15     all    5.13    0.00    6.15    0.00    0.00    6.15    0.00    0.00    0.00   82.56
20:04:16     all    2.52    0.00    4.53    0.00    0.00    2.77    0.00    0.00    0.00   90.18
20:04:17     all    5.26    0.00    2.01    0.00    0.00    2.26    0.00    0.00    0.00   90.48
20:04:18     all   13.40    0.00    5.41    0.00    0.00    5.15    0.00    0.00    0.00   76.03
20:04:19     all   13.35    0.00    8.12    0.00    0.00    6.81    0.00    0.00    0.00   71.73
20:04:20     all   13.04    0.00   10.74    0.00    0.00    8.44    0.51    0.00    0.00   67.26
20:04:21     all    6.31    0.00   13.38    0.00    0.00   11.11    0.00    0.00    0.00   69.19
20:04:22     all    6.55    0.00   13.10    0.00    0.00    9.82    0.00    0.00    0.00   70.53
20:04:23     all    5.85    0.00   13.99    0.00    0.00   12.72    0.00    0.00    0.00   67.43
20:04:24     all    6.31    0.00   14.65    0.00    0.00   11.11    0.00    0.00    0.00   67.93
20:04:25     all    6.58    0.00   14.68    0.00    0.00   10.63    0.00    0.00    0.00   68.10
20:04:26     all    6.30    0.00   15.37    0.00    0.00   10.83    0.00    0.00    0.00   67.51
20:04:27     all    6.06    0.00   13.64    0.00    0.00   12.12    0.00    0.00    0.00   68.18
20:04:28     all    6.11    0.00   15.27    0.00    0.00   11.45    0.00    0.00    0.00   67.18
20:04:29     all    5.87    0.00   13.52    0.00    0.00   11.48    0.00    0.00    0.00   69.13
20:04:30     all    6.30    0.00   13.85    0.00    0.00   12.09    0.00    0.00    0.00   67.76
20:04:31     all    5.87    0.00   14.80    0.00    0.00   11.22    0.00    0.00    0.00   68.11
20:04:32     all    6.12    0.00   14.29    0.00    0.00   11.99    0.00    0.00    0.00   67.60
20:04:33     all    6.52    0.00   15.04    0.00    0.00   12.53    0.00    0.00    0.00   65.91
20:04:34     all    5.33    0.00   15.23    0.00    0.00   12.69    0.00    0.00    0.00   66.75
20:04:35     all    6.39    0.00   15.09    0.00    0.00   12.53    0.00    0.00    0.00   65.98
20:04:36     all    6.53    0.00   15.58    0.00    0.00   12.31    0.00    0.00    0.00   65.58
20:04:37     all    8.14    0.00   13.39    0.00    0.00   12.07    0.00    0.00    0.00   66.40
20:04:38     all    8.07    0.00   13.54    0.00    0.00   11.72    0.00    0.00    0.00   66.67
20:04:39     all    7.49    0.00   14.21    0.00    0.00   10.85    0.00    0.00    0.00   67.44
20:04:40     all    8.33    0.00   13.28    0.00    0.00   12.76    0.26    0.00    0.00   65.36
20:04:41     all    9.21    0.00   12.20    0.00    0.00   11.65    0.00    0.00    0.00   66.94
20:04:42     all   10.34    0.00   12.73    0.00    0.00   10.88    0.00    0.00    0.00   66.05
20:04:43     all    5.91    0.00   14.65    0.00    0.00   10.80    0.51    0.00    0.00   68.12
20:04:44     all    9.47    0.00   12.89    0.00    0.00   11.58    0.00    0.00    0.00   66.05
20:04:45     all    6.68    0.00   13.37    0.00    0.00   12.08    0.00    0.00    0.00   67.87
20:04:46     all    3.78    0.00    9.32    0.00    0.00    8.06    0.00    0.00    0.00   78.84
20:04:47     all    5.81    0.00    2.27    0.00    0.00    1.52    0.00    0.00    0.00   90.40
20:04:48     all   24.30    0.00    5.12    0.00    0.00    5.37    0.00    0.00    0.00   65.22
20:04:49     all   25.97    0.00    8.05    0.00    0.00    7.27    0.00    0.00    0.00   58.70
20:04:50     all   30.59    0.00   10.03    0.00    0.00    9.51    0.00    0.00    0.00   49.87
20:04:51     all   30.37    0.00   12.04    0.00    0.00   10.73    0.00    0.00    0.00   46.86
20:04:52     all   31.62    0.00   14.14    0.00    0.00   12.34    0.00    0.00    0.00   41.90
20:04:53     all   27.85    0.00   15.19    0.00    0.00   12.91    0.25    0.00    0.00   43.80
20:04:54     all   21.54    0.00   13.08    0.00    0.00   12.05    0.00    0.00    0.00   53.33
20:04:55     all   14.50    0.00   12.98    0.00    0.00   11.45    0.00    0.00    0.00   61.07
20:04:56     all    5.90    0.00   11.28    0.00    0.00    7.95    0.00    0.00    0.00   74.87
20:04:57     all    6.53    0.00   13.58    0.00    0.00    9.14    0.00    0.00    0.00   70.76
20:04:58     all    4.94    0.00   12.73    0.00    0.00    9.87    0.00    0.00    0.00   72.47
20:04:59     all    5.63    0.00   14.07    0.00    0.00   10.74    0.00    0.00    0.00   69.57
20:05:00     all    9.64    0.00   15.48    0.00    0.00   11.42    0.00    0.00    0.00   63.45
20:05:01     all   16.67    0.00   12.82    0.00    0.00    8.97    0.00    0.00    0.00   61.54
20:05:02     all    4.07    0.00   10.18    0.00    0.00    9.16    0.00    0.00    0.00   76.59
20:05:03     all    6.14    0.00   14.32    0.00    0.00   12.28    0.00    0.00    0.00   67.26
20:05:04     all    5.61    0.00   11.73    0.00    0.00    9.69    0.00    0.00    0.00   72.96
20:05:05     all    5.49    0.00   13.22    0.00    0.00   10.22    0.00    0.00    0.00   71.07
20:05:06     all    4.80    0.00   12.37    0.25    0.00   11.62    0.00    0.00    0.00   70.96
20:05:07     all    5.30    0.00   13.13    0.00    0.00   11.11    0.00    0.00    0.00   70.45
20:05:08     all    5.41    0.00   12.89    0.00    0.00   10.31    0.00    0.00    0.00   71.39
20:05:09     all    5.30    0.00   12.88    0.00    0.00    9.60    0.00    0.00    0.00   72.22
20:05:10     all    4.87    0.00   13.08    0.00    0.00   11.03    0.00    0.00    0.00   71.03
20:05:11     all    5.57    0.00   11.14    0.00    0.00    9.62    0.00    0.00    0.00   73.67
20:05:12     all    6.08    0.00   14.18    0.00    0.00   10.63    0.00    0.00    0.00   69.11
20:05:13     all    6.28    0.00   13.82    0.00    0.00   10.80    0.00    0.00    0.00   69.10
20:05:14     all    5.58    0.00   13.20    0.00    0.00   10.41    0.00    0.00    0.00   70.81
20:05:15     all    6.04    0.00   13.65    0.00    0.00    7.35    0.00    0.00    0.00   72.97
