Running 30s test @ http://10.116.0.2:8080/json
  4 threads and 256 connections
  Thread calibration: mean lat.: 1.488ms, rate sampling interval: 10ms
  Thread calibration: mean lat.: 1.548ms, rate sampling interval: 10ms
  Thread calibration: mean lat.: 1.531ms, rate sampling interval: 10ms
  Thread calibration: mean lat.: 1.470ms, rate sampling interval: 10ms
  Thread Stats   Avg      Stdev     Max   +/- Stdev
    Latency     1.58ms  743.15us  13.58ms   71.81%
    Req/Sec    15.82k     1.50k   25.00k    72.87%
  Latency Distribution (HdrHistogram - Recorded Latency)
 50.000%    1.47ms
 75.000%    2.00ms
 90.000%    2.50ms
 99.000%    3.71ms
 99.900%    6.48ms
 99.990%   10.36ms
 99.999%   12.06ms
100.000%   13.59ms

  Detailed Percentile spectrum:
       Value   Percentile   TotalCount 1/(1-Percentile)

       0.207     0.000000            1         1.00
       0.752     0.100000       118224         1.11
       0.950     0.200000       236270         1.25
       1.126     0.300000       354505         1.43
       1.300     0.400000       472768         1.67
       1.474     0.500000       590641         2.00
       1.565     0.550000       649509         2.22
       1.662     0.600000       708831         2.50
       1.766     0.650000       768026         2.86
       1.880     0.700000       826842         3.33
       2.004     0.750000       885616         4.00
       2.071     0.775000       915842         4.44
       2.139     0.800000       944695         5.00
       2.215     0.825000       974707         5.71
       2.297     0.850000      1003818         6.67
       2.391     0.875000      1033250         8.00
       2.443     0.887500      1048056         8.89
       2.499     0.900000      1062811        10.00
       2.561     0.912500      1077597        11.43
       2.633     0.925000      1092440        13.33
       2.717     0.937500      1107198        16.00
       2.767     0.943750      1114534        17.78
       2.823     0.950000      1121894        20.00
       2.889     0.956250      1129228        22.86
       2.967     0.962500      1136605        26.67
       3.055     0.968750      1143891        32.00
       3.103     0.971875      1147645        35.56
       3.155     0.975000      1151274        40.00
       3.217     0.978125      1154940        45.71
       3.297     0.981250      1158628        53.33
       3.405     0.984375      1162305        64.00
       3.471     0.985938      1164142        71.11
       3.549     0.987500      1166002        80.00
       3.645     0.989062      1167857        91.43
       3.759     0.990625      1169684       106.67
       3.909     0.992188      1171525       128.00
       4.009     0.992969      1172441       142.22
       4.131     0.993750      1173370       160.00
       4.283     0.994531      1174292       182.86
       4.487     0.995313      1175225       213.33
       4.723     0.996094      1176133       256.00
       4.871     0.996484      1176591       284.44
       5.031     0.996875      1177056       320.00
       5.211     0.997266      1177522       365.71
       5.423     0.997656      1177981       426.67
       5.663     0.998047      1178437       512.00
       5.791     0.998242      1178669       568.89
       5.931     0.998437      1178902       640.00
       6.087     0.998633      1179132       731.43
       6.291     0.998828      1179363       853.33
       6.507     0.999023      1179591      1024.00
       6.639     0.999121      1179706      1137.78
       6.783     0.999219      1179822      1280.00
       6.975     0.999316      1179936      1462.86
       7.215     0.999414      1180052      1706.67
       7.455     0.999512      1180167      2048.00
       7.611     0.999561      1180224      2275.56
       7.791     0.999609      1180282      2560.00
       8.067     0.999658      1180339      2925.71
       8.399     0.999707      1180399      3413.33
       8.751     0.999756      1180454      4096.00
       9.015     0.999780      1180483      4551.11
       9.271     0.999805      1180514      5120.00
       9.535     0.999829      1180542      5851.43
       9.839     0.999854      1180571      6826.67
      10.151     0.999878      1180598      8192.00
      10.247     0.999890      1180615      9102.22
      10.383     0.999902      1180627     10240.00
      10.527     0.999915      1180644     11702.86
      10.607     0.999927      1180656     13653.33
      10.807     0.999939      1180670     16384.00
      10.871     0.999945      1180678     18204.44
      10.935     0.999951      1180685     20480.00
      11.039     0.999957      1180692     23405.71
      11.191     0.999963      1180699     27306.67
      11.279     0.999969      1180706     32768.00
      11.311     0.999973      1180710     36408.89
      11.463     0.999976      1180714     40960.00
      11.527     0.999979      1180717     46811.43
      11.759     0.999982      1180721     54613.33
      11.823     0.999985      1180724     65536.00
      11.967     0.999986      1180726     72817.78
      12.023     0.999988      1180728     81920.00
      12.063     0.999989      1180730     93622.86
      12.135     0.999991      1180732    109226.67
      12.175     0.999992      1180733    131072.00
      12.239     0.999993      1180734    145635.56
      12.463     0.999994      1180735    163840.00
      12.711     0.999995      1180736    187245.71
      12.743     0.999995      1180737    218453.33
      12.791     0.999996      1180738    262144.00
      12.791     0.999997      1180738    291271.11
      12.935     0.999997      1180739    327680.00
      12.935     0.999997      1180739    374491.43
      12.943     0.999998      1180740    436906.67
      12.943     0.999998      1180740    524288.00
      12.943     0.999998      1180740    582542.22
      13.399     0.999998      1180741    655360.00
      13.399     0.999999      1180741    748982.86
      13.399     0.999999      1180741    873813.33
      13.399     0.999999      1180741   1048576.00
      13.399     0.999999      1180741   1165084.44
      13.591     0.999999      1180742   1310720.00
      13.591     1.000000      1180742          inf
#[Mean    =        1.580, StdDeviation   =        0.743]
#[Max     =       13.584, Total count    =      1180742]
#[Buckets =           27, SubBuckets     =         2048]
----------------------------------------------------------
  1777843 requests in 30.00s, 293.32MB read
Requests/sec:  59260.72
Transfer/sec:      9.78MB
