Running 30s test @ http://10.116.0.2:8080/json
  4 threads and 256 connections
  Thread calibration: mean lat.: 153.062ms, rate sampling interval: 752ms
  Thread calibration: mean lat.: 152.375ms, rate sampling interval: 759ms
  Thread calibration: mean lat.: 219.788ms, rate sampling interval: 1073ms
  Thread calibration: mean lat.: 1037.396ms, rate sampling interval: 3491ms
  Thread Stats   Avg      Stdev     Max   +/- Stdev
    Latency     1.08s     1.32s    4.62s    76.09%
    Req/Sec    23.41k     4.66k   37.88k    66.22%
  Latency Distribution (HdrHistogram - Recorded Latency)
 50.000%  316.67ms
 75.000%    2.35s 
 90.000%    3.28s 
 99.000%    4.42s 
 99.900%    4.56s 
 99.990%    4.60s 
 99.999%    4.61s 
100.000%    4.62s 

  Detailed Percentile spectrum:
       Value   Percentile   TotalCount 1/(1-Percentile)

       0.311     0.000000            1         1.00
       9.695     0.100000       188371         1.11
      41.951     0.200000       376820         1.25
      96.383     0.300000       565090         1.43
     197.119     0.400000       753313         1.67
     316.671     0.500000       941763         2.00
     402.431     0.550000      1035814         2.22
     525.823     0.600000      1130207         2.50
     965.631     0.650000      1224077         2.86
    1645.567     0.700000      1318230         3.33
    2349.055     0.750000      1412862         4.00
    2473.983     0.775000      1459482         4.44
    2588.671     0.800000      1507373         5.00
    2668.543     0.825000      1553708         5.71
    2836.479     0.850000      1600899         6.67
    3041.279     0.875000      1648086         8.00
    3180.543     0.887500      1671675         8.89
    3284.991     0.900000      1694924        10.00
    3373.055     0.912500      1718986        11.43
    3463.167     0.925000      1742014        13.33
    3573.759     0.937500      1765786        16.00
    3629.055     0.943750      1777331        17.78
    3676.159     0.950000      1789496        20.00
    3706.879     0.956250      1801095        22.86
    3741.695     0.962500      1813019        26.67
    3844.095     0.968750      1824409        32.00
    3946.495     0.971875      1830281        35.56
    4048.895     0.975000      1836113        40.00
    4128.767     0.978125      1842084        45.71
    4206.591     0.981250      1847891        53.33
    4288.511     0.984375      1853906        64.00
    4329.471     0.985938      1857033        71.11
    4362.239     0.987500      1859653        80.00
    4403.199     0.989062      1862862        91.43
    4440.063     0.990625      1865771       106.67
    4464.639     0.992188      1868988       128.00
    4472.831     0.992969      1869972       142.22
    4485.119     0.993750      1871553       160.00
    4497.407     0.994531      1873282       182.86
    4505.599     0.995313      1874380       213.33
    4517.887     0.996094      1876261       256.00
    4521.983     0.996484      1876933       284.44
    4526.079     0.996875      1877467       320.00
    4530.175     0.997266      1878048       365.71
    4538.367     0.997656      1879217       426.67
    4542.463     0.998047      1879812       512.00
    4546.559     0.998242      1880434       568.89
    4546.559     0.998437      1880434       640.00
    4550.655     0.998633      1880894       731.43
    4554.751     0.998828      1881251       853.33
    4558.847     0.999023      1881532      1024.00
    4558.847     0.999121      1881532      1137.78
    4562.943     0.999219      1881835      1280.00
    4567.039     0.999316      1882132      1462.86
    4567.039     0.999414      1882132      1706.67
    4571.135     0.999512      1882353      2048.00
    4575.231     0.999561      1882517      2275.56
    4575.231     0.999609      1882517      2560.00
    4579.327     0.999658      1882645      2925.71
    4579.327     0.999707      1882645      3413.33
    4583.423     0.999756      1882732      4096.00
    4587.519     0.999780      1882848      4551.11
    4587.519     0.999805      1882848      5120.00
    4591.615     0.999829      1882920      5851.43
    4591.615     0.999854      1882920      6826.67
    4595.711     0.999878      1882991      8192.00
    4595.711     0.999890      1882991      9102.22
    4599.807     0.999902      1883048     10240.00
    4599.807     0.999915      1883048     11702.86
    4599.807     0.999927      1883048     13653.33
    4603.903     0.999939      1883104     16384.00
    4603.903     0.999945      1883104     18204.44
    4603.903     0.999951      1883104     20480.00
    4603.903     0.999957      1883104     23405.71
    4607.999     0.999963      1883129     27306.67
    4607.999     0.999969      1883129     32768.00
    4612.095     0.999973      1883166     36408.89
    4612.095     0.999976      1883166     40960.00
    4612.095     0.999979      1883166     46811.43
    4612.095     0.999982      1883166     54613.33
    4612.095     0.999985      1883166     65536.00
    4612.095     0.999986      1883166     72817.78
    4612.095     0.999988      1883166     81920.00
    4612.095     0.999989      1883166     93622.86
    4612.095     0.999991      1883166    109226.67
    4616.191     0.999992      1883177    131072.00
    4616.191     0.999993      1883177    145635.56
    4616.191     0.999994      1883177    163840.00
    4616.191     0.999995      1883177    187245.71
    4616.191     0.999995      1883177    218453.33
    4616.191     0.999996      1883177    262144.00
    4616.191     0.999997      1883177    291271.11
    4620.287     0.999997      1883183    327680.00
    4620.287     1.000000      1883183          inf
#[Mean    =     1080.897, StdDeviation   =     1321.388]
#[Max     =     4616.192, Total count    =      1883183]
#[Buckets =           27, SubBuckets     =         2048]
----------------------------------------------------------
  2831406 requests in 30.00s, 467.14MB read
Requests/sec:  94381.40
Transfer/sec:     15.57MB
