Running 30s test @ http://10.116.0.2:8080/json
  4 threads and 64 connections
  Thread calibration: mean lat.: 60.252ms, rate sampling interval: 601ms
  Thread calibration: mean lat.: 58.364ms, rate sampling interval: 615ms
  Thread calibration: mean lat.: 61.835ms, rate sampling interval: 639ms
  Thread calibration: mean lat.: 71.110ms, rate sampling interval: 840ms
  Thread Stats   Avg      Stdev     Max   +/- Stdev
    Latency     1.09ms  584.40us  18.72ms   77.64%
    Req/Sec     5.00k     4.52     5.02k    80.67%
  Latency Distribution (HdrHistogram - Recorded Latency)
 50.000%    1.06ms
 75.000%    1.43ms
 90.000%    1.71ms
 99.000%    2.06ms
 99.900%    5.98ms
 99.990%   17.20ms
 99.999%   18.50ms
100.000%   18.74ms

  Detailed Percentile spectrum:
       Value   Percentile   TotalCount 1/(1-Percentile)

       0.207     0.000000            1         1.00
       0.496     0.100000        40007         1.11
       0.637     0.200000        79722         1.25
       0.772     0.300000       119658         1.43
       0.917     0.400000       159425         1.67
       1.064     0.500000       199397         2.00
       1.134     0.550000       219323         2.22
       1.204     0.600000       239127         2.50
       1.276     0.650000       259050         2.86
       1.351     0.700000       279081         3.33
       1.430     0.750000       298877         4.00
       1.472     0.775000       308755         4.44
       1.519     0.800000       318897         5.00
       1.565     0.825000       328851         5.71
       1.612     0.850000       338697         6.67
       1.659     0.875000       348592         8.00
       1.683     0.887500       353599         8.89
       1.708     0.900000       358685        10.00
       1.734     0.912500       363627        11.43
       1.761     0.925000       368557        13.33
       1.791     0.937500       373531        16.00
       1.808     0.943750       376087        17.78
       1.826     0.950000       378463        20.00
       1.847     0.956250       380984        22.86
       1.871     0.962500       383523        26.67
       1.899     0.968750       385991        32.00
       1.914     0.971875       387179        35.56
       1.933     0.975000       388456        40.00
       1.952     0.978125       389673        45.71
       1.974     0.981250       390923        53.33
       2.000     0.984375       392161        64.00
       2.015     0.985938       392809        71.11
       2.030     0.987500       393417        80.00
       2.049     0.989062       394016        91.43
       2.071     0.990625       394636       106.67
       2.097     0.992188       395256       128.00
       2.113     0.992969       395576       142.22
       2.133     0.993750       395906       160.00
       2.153     0.994531       396204       182.86
       2.183     0.995313       396504       213.33
       2.221     0.996094       396821       256.00
       2.245     0.996484       396967       284.44
       2.281     0.996875       397125       320.00
       2.327     0.997266       397276       365.71
       2.439     0.997656       397432       426.67
       2.715     0.998047       397587       512.00
       2.907     0.998242       397665       568.89
       3.263     0.998437       397743       640.00
       3.935     0.998633       397821       731.43
       4.767     0.998828       397899       853.33
       6.175     0.999023       397976      1024.00
       7.075     0.999121       398015      1137.78
       8.179     0.999219       398054      1280.00
       9.327     0.999316       398093      1462.86
      10.815     0.999414       398132      1706.67
      12.407     0.999512       398171      2048.00
      12.863     0.999561       398190      2275.56
      13.119     0.999609       398210      2560.00
      13.727     0.999658       398229      2925.71
      14.751     0.999707       398249      3413.33
      15.663     0.999756       398268      4096.00
      15.879     0.999780       398278      4551.11
      15.975     0.999805       398288      5120.00
      16.231     0.999829       398297      5851.43
      16.799     0.999854       398308      6826.67
      17.023     0.999878       398317      8192.00
      17.167     0.999890       398324      9102.22
      17.343     0.999902       398327     10240.00
      17.439     0.999915       398331     11702.86
      17.663     0.999927       398337     13653.33
      17.807     0.999939       398342     16384.00
      17.855     0.999945       398344     18204.44
      18.079     0.999951       398346     20480.00
      18.127     0.999957       398348     23405.71
      18.175     0.999963       398351     27306.67
      18.271     0.999969       398353     32768.00
      18.319     0.999973       398355     36408.89
      18.335     0.999976       398358     40960.00
      18.335     0.999979       398358     46811.43
      18.335     0.999982       398358     54613.33
      18.415     0.999985       398359     65536.00
      18.431     0.999986       398360     72817.78
      18.495     0.999988       398361     81920.00
      18.495     0.999989       398361     93622.86
      18.559     0.999991       398362    109226.67
      18.559     0.999992       398362    131072.00
      18.591     0.999993       398363    145635.56
      18.591     0.999994       398363    163840.00
      18.591     0.999995       398363    187245.71
      18.655     0.999995       398364    218453.33
      18.655     0.999996       398364    262144.00
      18.655     0.999997       398364    291271.11
      18.655     0.999997       398364    327680.00
      18.655     0.999997       398364    374491.43
      18.735     0.999998       398365    436906.67
      18.735     1.000000       398365          inf
#[Mean    =        1.094, StdDeviation   =        0.584]
#[Max     =       18.720, Total count    =       398365]
#[Buckets =           27, SubBuckets     =         2048]
----------------------------------------------------------
  594427 requests in 30.00s, 98.07MB read
Requests/sec:  19814.07
Transfer/sec:      3.27MB
