1790884390 131012
1790884391 191152
1790884392 212080
1790884393 213396
1790884394 245688
1790884395 246696
1790884397 247224
1790884398 247236
1790884399 247244
1790884400 251044
1790884401 251576
1790884402 251592
1790884403 251616
1790884404 251652
1790884405 251668
1790884406 251676
1790884407 251676
1790884408 251676
1790884409 251692
1790884410 251692
1790884411 251692
1790884412 251692
1790884413 251692
1790884414 251700
1790884415 251700
1790884416 251708
1790884417 251728
1790884418 251728
1790884419 251728
1790884420 251904
1790884421 256184
1790884423 293516
1790884424 300000
1790884425 300052
1790884426 300076
1790884427 300096
1790884428 300100
1790884429 300100
1790884430 300124
1790884431 300156
1790884432 300160
1790884433 300164
1790884434 300176
1790884435 300180
1790884436 300184
1790884437 302376
1790884438 302384
1790884439 302388
1790884440 302392
1790884441 302404
1790884442 302404
1790884443 302484
1790884444 303012
1790884445 303040
1790884446 303040
1790884447 303044
1790884448 303048
1790884450 303052
1790884451 303164
1790884452 303216
1790884453 271660
1790884454 271692
1790884455 271692
1790884456 271692
1790884457 271692
1790884458 271696
1790884459 271696
1790884460 271696
1790884461 271696
1790884462 271700
1790884463 271700
1790884464 271700
1790884465 271700
1790884466 271700
1790884467 271700
1790884468 271700
1790884469 271700
1790884470 271700
1790884471 271704
1790884472 271704
1790884473 271704
1790884474 271704
1790884475 271704
1790884477 271704
1790884478 271704
1790884479 271708
1790884480 271708
1790884481 271708
1790884482 271908
1790884483 271908
1790884484 271908
1790884485 271916
1790884486 271924
1790884487 271932
1790884488 271932
1790884489 271932
1790884490 271932
1790884491 271940
1790884492 271940
1790884493 271944
1790884494 271944
1790884495 271948
1790884496 271948
1790884497 271948
1790884498 271948
1790884500 271948
1790884501 271948
1790884502 271948
1790884503 271948
1790884504 271948
1790884505 271956
1790884506 271956
1790884507 271956
1790884508 271956
1790884509 271960
1790884510 271988
1790884511 271996
1790884512 272020
1790884513 272032
1790884514 272032
1790884515 272032
1790884516 272032
1790884517 272032
1790884518 272040
1790884519 272040
1790884521 272044
1790884522 272044
1790884523 272044
1790884524 272044
1790884525 272044
1790884526 272048
1790884527 272048
1790884528 272052
1790884529 272052
1790884530 272056
1790884531 272056
1790884532 272060
1790884533 272060
1790884534 272060
1790884535 272060
1790884536 272060
1790884537 272064
1790884538 272068
1790884539 272068
1790884541 272068
1790884542 272080
1790884543 272080
1790884544 272080
1790884545 272088
1790884546 272092
1790884547 272092
1790884548 272096
1790884549 272096
1790884550 272100
1790884551 272100
1790884552 272108
1790884554 272112
1790884555 272112
1790884556 272112
1790884557 272120
1790884558 272120
1790884559 272124
1790884560 272124
1790884561 272128
1790884562 272132
1790884563 272132
1790884564 272136
1790884566 272136
1790884567 272140
1790884568 272140
1790884569 272148
1790884570 272148
1790884571 272152
1790884572 243780
1790884573 238880
1790884574 238904
1790884575 238912
1790884577 238912
1790884578 238916
1790884579 238916
1790884580 238916
1790884581 238956
1790884582 238960
1790884583 238960
1790884584 238960
1790884586 238964
1790884587 238976
1790884588 238980
1790884589 238980
1790884590 238980
1790884591 238980
1790884592 238988
1790884593 238988
1790884594 238996
1790884596 238996
1790884597 238996
1790884598 239000
1790884599 239004
1790884600 239004
1790884601 239016
1790884602 232084
1790884603 232160
1790884604 239684
1790884606 239692
1790884607 239700
1790884608 239712
1790884609 239712
1790884610 239720
1790884611 239724
1790884612 239732
1790884613 239736
1790884614 239736
1790884615 239748
1790884617 239748
1790884618 239756
1790884619 239760
1790884620 239760
1790884621 239760
1790884622 239768
1790884623 239768
1790884625 239768
1790884626 239772
1790884627 239776
1790884628 239776
1790884629 239784
1790884630 239796
1790884631 239796
1790884632 253764
1790884633 258600
1790884634 259004
1790884635 259012
1790884636 259032
1790884637 259984
1790884638 259992
1790884640 259996
1790884641 261028
1790884642 261068
1790884643 261084
1790884644 261084
1790884645 261192
1790884646 261192
1790884647 261196
1790884648 261196
1790884649 261196
1790884650 261204
1790884651 261204
1790884652 261204
1790884653 261208
1790884654 261212
1790884655 261220
1790884656 261220
1790884657 261220
1790884658 261220
1790884659 261220
1790884660 261224
1790884661 261236
1790884662 271520
1790884663 328108
1790884664 358872
1790884665 371324
1790884666 372352
1790884668 372676
1790884669 372680
1790884670 372700
1790884671 372700
1790884672 372828
1790884673 372844
1790884674 372852
1790884675 372852
1790884676 372880
1790884677 372888
1790884678 373216
1790884679 373228
1790884680 373260
1790884681 373260
1790884682 373260
1790884683 373260
1790884684 373292
1790884685 373292
1790884686 373292
1790884687 373292
1790884688 373576
1790884690 373576
1790884691 373576
1790884692 373576
1790884693 376076
1790884694 376160
1790884695 406848
1790884696 442248
1790884697 442604
1790884698 442900
1790884699 442968
1790884700 442968
1790884701 442976
1790884702 443000
1790884703 443004
1790884704 443024
1790884705 443028
1790884706 443028
1790884707 443040
1790884708 443044
1790884710 443056
1790884711 443056
1790884712 443064
1790884713 443076
1790884714 443108
1790884715 443152
1790884716 443160
1790884717 443164
1790884718 443188
1790884719 443200
1790884720 443208
1790884721 443216
1790884722 443216
1790884723 443216
1790884724 443216
1790884725 443240
1790884727 443300
1790884728 443348
1790884729 443472
1790884730 443516
1790884731 443588
1790884732 443652
1790884733 443668
1790884734 443704
1790884735 443720
1790884736 443724
1790884737 443728
1790884738 443736
1790884739 443736
1790884740 443744
1790884741 443752
1790884742 443884
1790884744 443912
1790884745 443936
1790884746 443936
1790884747 443936
1790884748 443944
1790884749 443956
1790884750 443964
1790884751 443968
1790884752 443968
