Linux 6.8.0-142-generic (cafeai-bench-loadgen) 	10/01/26 	_x86_64_	(4 CPU)

19:53:10     CPU    %usr   %nice    %sys %iowait    %irq   %soft  %steal  %guest  %gnice   %idle
19:53:11     all    1.53    0.00    4.34    0.26    0.00    2.30    0.00    0.00    0.00   91.58
19:53:12     all    2.78    0.00    7.85    0.00    0.00    4.30    0.00    0.00    0.00   85.06
19:53:13     all    4.06    0.00    8.88    0.00    0.00    6.09    0.00    0.00    0.00   80.96
19:53:14     all    3.59    0.00    7.69    0.00    0.00    4.62    0.00    0.00    0.00   84.10
19:53:15     all    4.10    0.00    6.41    0.00    0.00    4.62    0.00    0.00    0.00   84.87
19:53:16     all    3.33    0.00    6.41    0.00    0.00    4.10    0.00    0.00    0.00   86.15
19:53:17     all    4.50    0.00    6.25    0.00    0.00    5.00    0.00    0.00    0.00   84.25
19:53:18     all    4.05    0.00    6.58    0.00    0.00    4.05    0.00    0.00    0.00   85.32
19:53:19     all    4.41    0.00    7.60    0.00    0.00    4.90    0.00    0.00    0.00   83.09
19:53:20     all    3.83    0.00    6.12    0.00    0.00    4.08    0.00    0.00    0.00   85.97
19:53:21     all    4.53    0.00    6.05    0.00    0.00    4.28    0.00    0.00    0.00   85.14
19:53:22     all    4.02    0.00    7.04    0.00    0.00    4.02    0.00    0.00    0.00   84.92
19:53:23     all    4.00    0.00    7.00    0.00    0.00    4.50    0.00    0.00    0.00   84.50
19:53:24     all    4.71    0.00    6.70    0.00    0.00    4.47    0.25    0.00    0.00   83.87
19:53:25     all    4.25    0.00    6.75    0.00    0.00    4.50    0.00    0.00    0.00   84.50
19:53:26     all    3.80    0.00    6.84    0.00    0.00    4.05    0.00    0.00    0.00   85.32
19:53:27     all    4.25    0.00    6.50    0.00    0.00    4.75    0.00    0.00    0.00   84.50
19:53:28     all    4.77    0.00    6.53    0.00    0.00    3.77    0.25    0.00    0.00   84.67
19:53:29     all    3.99    0.00    6.73    0.00    0.00    5.24    0.00    0.00    0.00   84.04
19:53:30     all    4.46    0.00    6.19    0.00    0.00    5.20    0.00    0.00    0.00   84.16
19:53:31     all    3.77    0.00    6.78    0.00    0.00    4.77    0.00    0.00    0.00   84.67
19:53:32     all    4.06    0.00    6.60    0.00    0.00    3.81    0.00    0.00    0.00   85.53
19:53:33     all    4.52    0.00    7.04    0.00    0.00    3.77    0.00    0.00    0.00   84.67
19:53:34     all    4.48    0.00    6.97    0.00    0.00    4.73    0.00    0.00    0.00   83.83
19:53:35     all    4.00    0.00    7.25    0.00    0.00    4.00    0.25    0.00    0.00   84.50
19:53:36     all    5.30    0.00    6.57    0.00    0.00    3.28    0.00    0.00    0.00   84.85
19:53:37     all    4.52    0.00    7.04    0.00    0.00    4.02    0.00    0.00    0.00   84.42
19:53:38     all    3.78    0.00    7.05    0.00    0.00    3.78    0.25    0.00    0.00   85.14
19:53:39     all    4.28    0.00    7.05    0.00    0.00    4.03    0.00    0.00    0.00   84.63
19:53:40     all    4.02    0.00    6.28    0.00    0.00    4.77    0.00    0.00    0.00   84.92
19:53:41     all    0.51    0.00    1.26    0.00    0.00    0.25    0.00    0.00    0.00   97.98
19:53:42     all    1.78    0.00    3.56    0.00    0.00    2.54    0.00    0.00    0.00   92.11
19:53:43     all    3.01    0.00    3.51    0.00    0.00    3.51    0.00    0.00    0.00   89.97
19:53:44     all    2.03    0.00    3.29    0.00    0.00    3.04    0.00    0.00    0.00   91.65
19:53:45     all    1.77    0.00    3.29    0.00    0.00    3.54    0.00    0.00    0.00   91.39
19:53:46     all    3.27    0.00    3.27    0.00    0.00    2.77    0.00    0.00    0.00   90.68
19:53:47     all    3.25    0.00    6.00    0.00    0.00    3.50    0.00    0.00    0.00   87.25
19:53:48     all    3.03    0.00    3.28    0.00    0.00    3.28    0.00    0.00    0.00   90.40
19:53:49     all    2.99    0.00    4.24    0.00    0.00    2.99    0.00    0.00    0.00   89.78
19:53:50     all    3.06    0.00    2.30    0.00    0.00    2.30    0.00    0.00    0.00   92.35
19:53:51     all    2.51    0.00    3.52    0.00    0.00    3.52    0.00    0.00    0.00   90.45
19:53:52     all    2.52    0.00    3.53    0.00    0.00    2.77    0.00    0.00    0.00   91.18
19:53:53     all    2.53    0.00    3.28    0.25    0.00    3.54    0.00    0.00    0.00   90.40
19:53:54     all    2.27    0.00    3.03    0.00    0.00    3.54    0.00    0.00    0.00   91.16
19:53:55     all    2.99    0.00    4.23    0.00    0.00    3.23    0.00    0.00    0.00   89.55
19:53:56     all    2.02    0.00    3.79    0.00    0.00    3.28    0.00    0.00    0.00   90.91
19:53:57     all    2.76    0.00    3.52    0.00    0.00    3.02    0.00    0.00    0.00   90.70
19:53:58     all    2.53    0.00    3.29    0.00    0.00    3.29    0.00    0.00    0.00   90.89
19:53:59     all    2.53    0.00    3.54    0.00    0.00    2.78    0.00    0.00    0.00   91.16
19:54:00     all    2.04    0.00    3.82    0.00    0.00    2.04    0.00    0.00    0.00   92.11
19:54:01     all    2.51    0.00    3.26    0.00    0.00    3.76    0.00    0.00    0.00   90.48
19:54:02     all    2.76    0.00    3.76    0.00    0.00    3.01    0.00    0.00    0.00   90.48
19:54:03     all    2.28    0.00    3.29    0.00    0.00    3.29    0.00    0.00    0.00   91.14
19:54:04     all    2.54    0.00    3.55    0.00    0.00    2.03    0.00    0.00    0.00   91.88
19:54:05     all    2.53    0.00    3.28    0.00    0.00    3.03    0.00    0.00    0.00   91.16
19:54:06     all    2.26    0.00    3.77    1.01    0.00    3.02    0.00    0.00    0.00   89.95
19:54:07     all    2.26    0.00    3.51    0.00    0.00    3.76    0.00    0.00    0.00   90.48
19:54:08     all    2.04    0.00    3.57    0.00    0.00    2.30    0.00    0.00    0.00   92.09
19:54:09     all    2.03    0.00    3.54    0.00    0.00    2.78    0.00    0.00    0.00   91.65
19:54:10     all    2.51    0.00    3.26    0.00    0.00    3.51    0.00    0.00    0.00   90.73
19:54:11     all    5.57    0.00    6.84    0.00    0.00    4.05    0.00    0.00    0.00   83.54
19:54:12     all    6.95    0.00    6.20    0.00    0.00    5.71    0.25    0.00    0.00   80.89
19:54:13     all    6.48    0.00    6.73    0.00    0.00    4.99    0.00    0.00    0.00   81.80
19:54:14     all    6.75    0.00    6.75    0.00    0.00    4.75    0.00    0.00    0.00   81.75
19:54:15     all    8.03    0.00    7.30    0.00    0.00    4.87    0.00    0.00    0.00   79.81
19:54:16     all    6.70    0.00    6.45    0.00    0.00    5.21    0.00    0.00    0.00   81.64
19:54:17     all    6.27    0.00    6.77    0.00    0.00    5.26    0.00    0.00    0.00   81.70
19:54:18     all    7.14    0.00    7.39    0.00    0.00    4.68    0.00    0.00    0.00   80.79
19:54:19     all    6.53    0.00    6.53    0.00    0.00    4.27    0.00    0.00    0.00   82.66
19:54:20     all    6.30    0.00    6.05    0.00    0.00    5.79    0.00    0.00    0.00   81.86
19:54:21     all    6.91    0.00    6.91    0.00    0.00    4.94    0.25    0.00    0.00   80.99
19:54:22     all    6.90    0.00    7.14    0.00    0.00    4.93    0.25    0.00    0.00   80.79
19:54:23     all    7.44    0.00    6.45    0.00    0.00    4.96    0.00    0.00    0.00   81.14
19:54:24     all    6.93    0.00    6.68    0.00    0.00    5.20    0.00    0.00    0.00   81.19
19:54:25     all    7.62    0.00    7.13    0.00    0.00    5.16    0.00    0.00    0.00   80.10
19:54:26     all    7.16    0.00    6.91    0.00    0.00    5.19    0.00    0.00    0.00   80.74
19:54:27     all    8.09    0.00    6.86    0.00    0.00    4.41    0.00    0.00    0.00   80.64
19:54:28     all    7.14    0.00    7.14    0.00    0.00    4.93    0.00    0.00    0.00   80.79
19:54:29     all    6.83    0.00    7.56    0.00    0.00    5.37    0.00    0.00    0.00   80.24
19:54:30     all    7.44    0.00    6.45    0.00    0.00    4.96    0.00    0.00    0.00   81.14
19:54:31     all    6.67    0.00    7.41    0.00    0.00    5.19    0.25    0.00    0.00   80.49
19:54:32     all    7.46    0.00    6.22    0.00    0.00    4.73    0.00    0.00    0.00   81.59
19:54:33     all    7.60    0.00    6.86    0.00    0.00    4.90    0.00    0.00    0.00   80.64
19:54:34     all    6.93    0.00    7.67    0.00    0.00    4.46    0.00    0.00    0.00   80.94
19:54:35     all    6.88    0.00    7.86    0.00    0.00    4.91    0.00    0.00    0.00   80.34
19:54:36     all    7.79    0.00    7.79    0.00    0.00    4.38    0.00    0.00    0.00   80.05
19:54:37     all    6.95    0.00    6.70    0.00    0.00    5.46    0.00    0.00    0.00   80.89
19:54:38     all    7.67    0.00    7.91    0.00    0.00    5.52    0.00    0.00    0.00   78.90
19:54:39     all    7.99    0.00    7.99    0.00    0.00    4.84    0.00    0.00    0.00   79.18
19:54:40     all    6.73    0.00    6.23    0.00    0.00    5.49    0.25    0.00    0.00   81.30
19:54:41     all    5.69    0.00    8.40    0.00    0.00    1.36    0.00    0.00    0.00   84.55
19:54:42     all    8.38    0.00   14.05    0.00    0.00    4.05    0.00    0.00    0.00   73.51
19:54:43     all    8.87    0.00   14.25    0.00    0.00    4.57    0.00    0.00    0.00   72.31
19:54:44     all    9.81    0.00   14.32    0.00    0.00    4.77    0.00    0.00    0.00   71.09
19:54:45     all    8.72    0.00   13.62    0.00    0.00    4.36    0.00    0.00    0.00   73.30
19:54:46     all    9.33    0.00   13.60    0.00    0.00    5.07    0.27    0.00    0.00   71.73
19:54:47     all    8.20    0.00   13.39    0.00    0.00    4.64    0.27    0.00    0.00   73.50
19:54:48     all   23.90    0.00   16.10    0.00    0.00    5.71    0.00    0.00    0.00   54.29
19:54:49     all   10.71    0.00   13.52    0.00    0.00    6.12    0.26    0.00    0.00   69.39
19:54:50     all    9.38    0.00   13.02    0.00    0.00    6.25    0.00    0.00    0.00   71.35
19:54:51     all    8.92    0.00   13.65    0.00    0.00    6.30    0.00    0.00    0.00   71.13
19:54:52     all   10.10    0.00   12.18    0.00    0.00    6.99    0.00    0.00    0.00   70.73
19:54:53     all    9.33    0.00   13.47    0.00    0.00    6.74    0.00    0.00    0.00   70.47
19:54:54     all   10.18    0.00   13.32    0.00    0.00    6.01    0.00    0.00    0.00   70.50
19:54:55     all   10.77    0.00   13.08    0.00    0.00    5.90    0.00    0.00    0.00   70.26
19:54:56     all    9.84    0.00   13.47    0.00    0.00    6.74    0.00    0.00    0.00   69.95
19:54:57     all   10.23    0.00   13.30    0.00    0.00    7.16    0.00    0.00    0.00   69.31
19:54:58     all    8.95    0.00   12.89    0.00    0.00    6.58    0.00    0.00    0.00   71.58
19:54:59     all    9.38    0.00   13.02    0.00    0.00    6.51    0.00    0.00    0.00   71.09
19:55:00     all    9.14    0.00   13.05    0.00    0.00    6.53    0.00    0.00    0.00   71.28
19:55:01     all   10.05    0.00   13.40    0.00    0.00    7.22    0.26    0.00    0.00   69.07
19:55:02     all    9.42    0.00   12.30    0.00    0.00    6.81    0.52    0.00    0.00   70.94
19:55:03     all    9.46    0.00   14.07    0.00    0.00    6.65    0.00    0.00    0.00   69.82
19:55:04     all    9.16    0.00   13.87    0.00    0.00    5.24    0.00    0.00    0.00   71.73
19:55:05     all   10.08    0.00   12.92    0.00    0.00    6.98    0.00    0.00    0.00   70.03
19:55:06     all   10.31    0.00   12.89    0.26    0.00    6.44    0.00    0.00    0.00   70.10
19:55:07     all   10.39    0.00   12.47    0.00    0.00    6.49    0.00    0.00    0.00   70.65
19:55:08     all   10.34    0.00   13.44    0.00    0.00    5.94    0.00    0.00    0.00   70.28
19:55:09     all    9.11    0.00   13.80    0.00    0.00    5.99    0.00    0.00    0.00   71.09
19:55:10     all    9.61    0.00   12.99    0.00    0.00    6.49    0.00    0.00    0.00   70.91
19:55:11     all    7.27    0.00   12.47    0.00    0.00    4.94    0.00    0.00    0.00   75.32
19:55:12     all   13.20    0.00   19.80    0.00    0.00    8.12    0.00    0.00    0.00   58.88
19:55:13     all   14.92    0.00   20.68    0.00    0.00    7.33    0.00    0.00    0.00   57.07
19:55:14     all   14.10    0.00   21.67    0.00    0.00    7.05    0.00    0.00    0.00   57.18
19:55:15     all   14.14    0.00   20.68    0.00    0.00    7.85    0.26    0.00    0.00   57.07
19:55:16     all   16.24    0.00   19.85    0.00    0.00    7.22    0.00    0.00    0.00   56.70
19:55:17     all   15.36    0.00   20.31    0.00    0.00    8.33    0.00    0.00    0.00   55.99
19:55:18     all   15.68    0.00   19.54    0.00    0.00    8.23    0.26    0.00    0.00   56.30
19:55:19     all   15.36    0.00   19.79    0.00    0.00    9.11    0.00    0.00    0.00   55.73
19:55:20     all   15.80    0.00   19.95    0.00    0.00    8.55    0.00    0.00    0.00   55.70
19:55:21     all   16.28    0.00   19.90    0.00    0.00    8.27    0.00    0.00    0.00   55.56
19:55:22     all   15.46    0.00   20.10    0.00    0.00    9.54    0.00    0.00    0.00   54.90
19:55:23     all   16.02    0.00   20.16    0.00    0.00    8.53    0.00    0.00    0.00   55.30
19:55:24     all   14.55    0.00   21.04    0.00    0.00    9.09    0.00    0.00    0.00   55.32
19:55:25     all   14.47    0.00   21.05    0.00    0.00    8.95    0.00    0.00    0.00   55.53
19:55:26     all   15.67    0.00   20.63    0.00    0.00    8.09    0.00    0.00    0.00   55.61
19:55:27     all   15.46    0.00   20.88    0.00    0.00    7.99    0.26    0.00    0.00   55.41
19:55:28     all   15.34    0.00   19.84    0.00    0.00    8.99    0.00    0.00    0.00   55.82
19:55:29     all   14.58    0.00   20.57    0.00    0.00    9.11    0.00    0.00    0.00   55.73
19:55:30     all   15.76    0.00   21.19    0.00    0.00    9.04    0.00    0.00    0.00   54.01
19:55:31     all   15.57    0.00   19.53    0.00    0.00    8.97    0.00    0.00    0.00   55.94
19:55:32     all   15.25    0.00   19.38    0.26    0.00    9.56    0.26    0.00    0.00   55.30
19:55:33     all   15.80    0.00   20.47    0.00    0.00    8.03    0.00    0.00    0.00   55.70
19:55:34     all   15.45    0.00   20.94    0.00    0.00    8.12    0.00    0.00    0.00   55.50
19:55:35     all   14.36    0.00   20.21    0.00    0.00    9.04    0.00    0.00    0.00   56.38
19:55:36     all   14.81    0.00   21.04    0.00    0.00    9.09    0.00    0.00    0.00   55.06
19:55:37     all   15.00    0.00   20.26    0.00    0.00    9.21    0.00    0.00    0.00   55.53
19:55:38     all   15.03    0.00   20.98    0.00    0.00    8.29    0.00    0.00    0.00   55.70
19:55:39     all   16.37    0.00   19.44    0.00    0.00    9.72    0.00    0.00    0.00   54.48
19:55:40     all   16.37    0.00   19.44    0.00    0.00    9.72    0.00    0.00    0.00   54.48
19:55:41     all   14.01    0.00   14.85    0.00    0.00    2.80    0.00    0.00    0.00   68.35
19:55:42     all   19.94    0.00   19.66    0.00    0.00   11.40    0.00    0.00    0.00   49.00
19:55:43     all   21.21    0.00   19.83    0.00    0.00   15.70    0.00    0.00    0.00   43.25
19:55:44     all   21.75    0.00   18.93    0.00    0.00   14.97    0.28    0.00    0.00   44.07
19:55:45     all   20.98    0.00   20.69    0.00    0.00   14.08    0.29    0.00    0.00   43.97
19:55:46     all   21.25    0.00   20.68    0.00    0.00   13.88    0.00    0.00    0.00   44.19
19:55:47     all   20.29    0.00   22.29    0.00    0.00   13.43    0.00    0.00    0.00   44.00
19:55:48     all   19.03    0.00   22.16    0.00    0.00   15.62    0.00    0.00    0.00   43.18
19:55:49     all   30.06    0.00   23.60    0.00    0.00   13.48    0.00    0.00    0.00   32.87
19:55:50     all   27.22    0.00   23.89    0.00    0.00   13.89    0.00    0.00    0.00   35.00
19:55:51     all   21.39    0.00   19.36    0.00    0.00   14.45    0.00    0.00    0.00   44.80
19:55:52     all   19.21    0.00   21.75    0.00    0.00   14.69    0.00    0.00    0.00   44.35
19:55:53     all   21.97    0.00   20.28    0.00    0.00   13.80    0.00    0.00    0.00   43.94
19:55:54     all   20.75    0.00   19.31    0.00    0.00   16.14    0.00    0.00    0.00   43.80
19:55:55     all   21.88    0.00   19.67    0.00    0.00   14.68    0.00    0.00    0.00   43.77
19:55:56     all   20.06    0.00   20.63    0.00    0.00   14.33    0.57    0.00    0.00   44.41
19:55:57     all   20.79    0.00   21.35    0.00    0.00   14.04    0.00    0.00    0.00   43.82
19:55:58     all   20.46    0.00   21.04    0.00    0.00   14.70    0.00    0.00    0.00   43.80
19:55:59     all   21.02    0.00   21.31    0.00    0.00   14.20    0.00    0.00    0.00   43.47
19:56:00     all   22.91    0.00   18.99    0.00    0.00   15.36    0.00    0.00    0.00   42.74
19:56:01     all   20.86    0.00   19.43    0.00    0.00   15.71    0.00    0.00    0.00   44.00
19:56:02     all   21.10    0.00   19.36    0.00    0.00   15.03    0.00    0.00    0.00   44.51
19:56:03     all   20.40    0.00   21.25    0.00    0.00   14.73    0.00    0.00    0.00   43.63
19:56:04     all   21.08    0.00   19.94    0.00    0.00   14.81    0.00    0.00    0.00   44.16
19:56:05     all   21.49    0.00   19.48    0.00    0.00   14.61    0.29    0.00    0.00   44.13
19:56:06     all   20.78    0.00   21.61    0.00    0.00   14.40    0.00    0.00    0.00   43.21
19:56:07     all   21.49    0.00   19.77    0.00    0.00   14.61    0.00    0.00    0.00   44.13
19:56:08     all   20.40    0.00   21.25    0.00    0.00   13.60    0.00    0.00    0.00   44.76
19:56:09     all   21.14    0.00   20.00    0.00    0.00   14.86    0.29    0.00    0.00   43.71
19:56:10     all   20.95    0.00   20.39    0.00    0.00   14.25    0.00    0.00    0.00   44.41
19:56:11     all   15.47    0.00   22.93    0.00    0.00   13.07    0.00    0.00    0.00   48.53
19:56:12     all   13.17    0.00   32.80    0.00    0.00   17.74    0.00    0.00    0.00   36.29
19:56:13     all   14.32    0.00   30.47    0.00    0.00   16.41    0.00    0.00    0.00   38.80
19:56:14     all   14.17    0.00   31.82    0.00    0.00   16.84    0.00    0.00    0.00   37.17
19:56:15     all   15.34    0.00   33.33    0.00    0.00   17.20    0.00    0.00    0.00   34.13
19:56:16     all   14.10    0.00   35.64    0.00    0.00   18.88    0.00    0.00    0.00   31.38
19:56:17     all   15.09    0.00   33.96    0.00    0.00   18.87    0.00    0.00    0.00   32.08
19:56:18     all   13.30    0.00   33.51    0.00    0.00   18.62    0.00    0.00    0.00   34.57
19:56:19     all   15.43    0.00   34.31    0.00    0.00   17.02    0.27    0.00    0.00   32.98
19:56:20     all   15.87    0.00   33.86    0.00    0.00   17.46    0.00    0.00    0.00   32.80
19:56:21     all   15.36    0.00   33.69    0.00    0.00   18.06    0.00    0.00    0.00   32.88
19:56:22     all   14.06    0.00   34.48    0.00    0.00   18.30    0.00    0.00    0.00   33.16
19:56:23     all   14.75    0.00   34.32    0.00    0.00   18.50    0.00    0.00    0.00   32.44
19:56:24     all   14.67    0.00   34.93    0.00    0.00   18.67    0.00    0.00    0.00   31.73
19:56:25     all   16.44    0.00   33.96    0.00    0.00   18.06    0.00    0.00    0.00   31.54
19:56:26     all   15.45    0.00   35.23    0.00    0.00   17.89    0.00    0.00    0.00   31.44
19:56:27     all   15.24    0.00   33.42    0.00    0.00   18.72    0.00    0.00    0.00   32.62
19:56:28     all   15.65    0.00   33.69    0.00    0.00   18.30    0.00    0.00    0.00   32.36
19:56:29     all   15.26    0.00   33.79    0.00    0.00   18.26    0.00    0.00    0.00   32.70
19:56:30     all   14.85    0.00   34.75    0.00    0.00   17.51    0.00    0.00    0.00   32.89
19:56:31     all   15.68    0.00   33.24    0.00    0.00   17.84    0.00    0.00    0.00   33.24
19:56:32     all   15.82    0.00   32.98    0.00    0.00   17.43    0.00    0.00    0.00   33.78
19:56:33     all   16.39    0.00   31.42    0.00    0.00   18.58    0.00    0.00    0.00   33.61
19:56:34     all   14.97    0.00   33.16    0.00    0.00   17.65    0.00    0.00    0.00   34.22
19:56:35     all   15.40    0.00   34.20    0.00    0.00   17.49    0.00    0.00    0.00   32.90
19:56:36     all   15.26    0.00   33.68    0.00    0.00   17.63    0.00    0.00    0.00   33.42
19:56:37     all   14.93    0.00   34.93    0.00    0.00   19.20    0.00    0.00    0.00   30.93
19:56:38     all   16.27    0.00   34.40    0.00    0.00   18.13    0.00    0.00    0.00   31.20
19:56:39     all   15.05    0.00   34.14    0.00    0.00   17.74    0.00    0.00    0.00   33.06
19:56:40     all   14.82    0.00   34.50    0.00    0.00   18.06    0.00    0.00    0.00   32.61
19:56:41     all   11.87    0.00   23.48    0.00    0.00   11.08    0.00    0.00    0.00   53.56
19:56:42     all   13.98    0.00   29.02    0.00    0.00   16.09    0.00    0.00    0.00   40.90
19:56:43     all   14.47    0.00   32.37    0.00    0.00   16.58    0.00    0.00    0.00   36.58
19:56:44     all   14.75    0.00   34.32    0.00    0.00   17.16    0.00    0.00    0.00   33.78
19:56:45     all   15.69    0.00   34.31    0.00    0.00   18.09    0.00    0.00    0.00   31.91
19:56:46     all   14.56    0.00   34.50    0.00    0.00   17.79    0.00    0.00    0.00   33.15
19:56:47     all   14.44    0.00   35.03    0.00    0.00   18.45    0.00    0.00    0.00   32.09
19:56:48     all   15.41    0.00   33.24    0.00    0.00   18.38    0.00    0.00    0.00   32.97
19:56:49     all   14.85    0.00   36.07    0.00    0.00   17.24    0.00    0.00    0.00   31.83
19:56:50     all   15.83    0.00   35.88    0.00    0.00   17.15    0.00    0.00    0.00   31.13
19:56:51     all   28.23    0.00   34.83    0.00    0.00   17.94    0.00    0.00    0.00   19.00
19:56:52     all   14.82    0.00   35.31    0.00    0.00   17.52    0.00    0.00    0.00   32.35
19:56:53     all   15.24    0.00   33.69    0.00    0.00   18.18    0.00    0.00    0.00   32.89
19:56:54     all   15.55    0.00   34.32    0.00    0.00   17.96    0.00    0.00    0.00   32.17
19:56:55     all   15.51    0.00   35.03    0.00    0.00   18.18    0.00    0.00    0.00   31.28
19:56:56     all   15.61    0.00   34.39    0.26    0.00   18.25    0.00    0.00    0.00   31.48
19:56:57     all   14.67    0.00   35.47    0.00    0.00   18.40    0.00    0.00    0.00   31.47
19:56:58     all   15.24    0.00   34.76    0.00    0.00   18.18    0.00    0.00    0.00   31.82
19:56:59     all   14.44    0.00   35.43    0.00    0.00   17.59    0.00    0.00    0.00   32.55
19:57:00     all   15.79    0.00   34.74    0.00    0.00   17.63    0.00    0.00    0.00   31.84
19:57:01     all   14.93    0.00   33.87    0.00    0.00   18.93    0.00    0.00    0.00   32.27
19:57:02     all   13.98    0.00   36.41    0.00    0.00   17.94    0.00    0.00    0.00   31.66
19:57:03     all   14.96    0.00   35.43    0.00    0.00   18.37    0.00    0.00    0.00   31.23
19:57:04     all   15.20    0.00   35.20    0.00    0.00   18.67    0.00    0.00    0.00   30.93
19:57:05     all   15.96    0.00   33.78    0.00    0.00   17.55    0.00    0.00    0.00   32.71
19:57:06     all   15.96    0.00   33.78    0.00    0.00   18.09    0.00    0.00    0.00   32.18
19:57:07     all   16.18    0.00   33.95    0.27    0.00   17.77    0.00    0.00    0.00   31.83
19:57:08     all   15.57    0.00   34.83    0.00    0.00   17.68    0.00    0.00    0.00   31.93
19:57:09     all   14.32    0.00   34.22    0.00    0.00   18.83    0.00    0.00    0.00   32.63
19:57:10     all   15.57    0.00   34.56    0.00    0.00   18.47    0.00    0.00    0.00   31.40
19:57:11     all    5.34    0.00   11.45    0.00    0.00    5.09    0.00    0.00    0.00   78.12
19:57:12     all    1.26    0.00    2.52    0.00    0.00    2.27    0.00    0.00    0.00   93.95
19:57:13     all    2.27    0.00    3.54    0.00    0.00    2.78    0.00    0.00    0.00   91.41
19:57:14     all    3.31    0.00    2.80    0.00    0.00    2.04    0.00    0.00    0.00   91.86
19:57:15     all    2.30    0.00    3.07    0.00    0.00    2.05    0.00    0.00    0.00   92.58
19:57:16     all    2.76    0.00    3.51    0.00    0.00    2.76    0.25    0.00    0.00   90.73
19:57:17     all    2.52    0.00    3.27    0.00    0.00    3.02    0.00    0.00    0.00   91.18
19:57:18     all    2.78    0.00    3.03    0.00    0.00    2.78    0.00    0.00    0.00   91.41
19:57:19     all    2.05    0.00    3.07    0.00    0.00    2.30    0.00    0.00    0.00   92.58
19:57:20     all    2.03    0.00    2.79    0.00    0.00    2.79    0.00    0.00    0.00   92.39
19:57:21     all    2.28    0.00    2.79    0.00    0.00    3.30    0.00    0.00    0.00   91.62
19:57:22     all    2.04    0.00    3.57    0.00    0.00    2.04    0.00    0.00    0.00   92.35
19:57:23     all    2.53    0.00    3.04    0.00    0.00    2.78    0.00    0.00    0.00   91.65
19:57:24     all    2.55    0.00    2.81    0.00    0.00    2.30    0.00    0.00    0.00   92.35
19:57:25     all    2.04    0.00    3.05    0.00    0.00    3.05    0.00    0.00    0.00   91.86
19:57:26     all    2.80    0.00    3.05    0.00    0.00    2.04    0.00    0.00    0.00   92.11
19:57:27     all    2.53    0.00    3.03    0.00    0.00    3.03    0.00    0.00    0.00   91.41
19:57:28     all    2.54    0.00    3.31    0.00    0.00    2.29    0.00    0.00    0.00   91.86
19:57:29     all    2.02    0.00    3.54    0.00    0.00    2.27    0.51    0.00    0.00   91.67
19:57:30     all    2.02    0.00    3.78    0.00    0.00    3.02    0.00    0.00    0.00   91.18
19:57:31     all    2.54    0.00    2.54    0.00    0.00    2.80    0.00    0.00    0.00   92.11
19:57:32     all    2.52    0.00    3.27    0.00    0.00    3.27    0.00    0.00    0.00   90.93
19:57:33     all    2.04    0.00    3.82    0.00    0.00    2.29    0.00    0.00    0.00   91.86
19:57:34     all    2.78    0.00    3.04    0.00    0.00    3.04    0.00    0.00    0.00   91.14
19:57:35     all    2.27    0.00    3.78    0.00    0.00    2.77    0.00    0.00    0.00   91.18
19:57:36     all    2.78    0.00    3.28    0.00    0.00    2.53    0.25    0.00    0.00   91.16
19:57:37     all    2.76    0.00    3.27    0.00    0.00    2.76    0.00    0.00    0.00   91.21
19:57:38     all    2.54    0.00    3.05    0.00    0.00    2.54    0.00    0.00    0.00   91.88
19:57:39     all    2.28    0.00    3.30    0.00    0.00    2.79    0.00    0.00    0.00   91.62
19:57:40     all    2.53    0.00    3.29    0.00    0.00    2.53    0.00    0.00    0.00   91.65
19:57:41     all    1.52    0.00    1.77    0.00    0.00    1.26    0.00    0.00    0.00   95.45
19:57:42     all    3.27    0.00    3.02    0.00    0.00    2.27    0.00    0.00    0.00   91.44
19:57:43     all    5.44    0.00    6.22    0.00    0.00    4.40    0.00    0.00    0.00   83.94
19:57:44     all    4.08    0.00    6.63    0.00    0.00    6.12    0.00    0.00    0.00   83.16
19:57:45     all    3.65    0.00    6.25    0.00    0.00    5.73    0.00    0.00    0.00   84.38
19:57:46     all    4.62    0.00    6.15    0.00    0.00    6.15    0.00    0.00    0.00   83.08
19:57:47     all    5.14    0.00    6.68    0.00    0.00    5.14    0.00    0.00    0.00   83.03
19:57:48     all    5.58    0.00    6.85    0.00    0.00    6.35    0.00    0.00    0.00   81.22
19:57:49     all    5.37    0.00    6.91    0.00    0.00    5.37    0.00    0.00    0.00   82.35
19:57:50     all    5.05    0.00    6.82    0.00    0.00    6.06    0.00    0.00    0.00   82.07
19:57:51     all    4.95    0.00    6.25    0.00    0.00    5.21    0.00    0.00    0.00   83.59
19:57:52     all   18.59    0.00   10.47    0.00    0.00    3.66    0.00    0.00    0.00   67.28
19:57:53     all    5.12    0.00    6.65    0.00    0.00    5.63    0.00    0.00    0.00   82.61
19:57:54     all    5.87    0.00    5.61    0.26    0.00    6.12    0.00    0.00    0.00   82.14
19:57:55     all    4.15    0.00    6.48    0.00    0.00    5.70    0.00    0.00    0.00   83.68
19:57:56     all    5.17    0.00    6.46    0.00    0.00    4.91    0.00    0.00    0.00   83.46
19:57:57     all    5.61    0.00    6.89    0.00    0.00    5.36    0.00    0.00    0.00   82.14
19:57:58     all    4.86    0.00    6.39    0.00    0.00    5.88    0.00    0.00    0.00   82.86
19:57:59     all    5.13    0.00    6.41    0.00    0.00    5.90    0.00    0.00    0.00   82.56
19:58:00     all    5.60    0.00    6.36    0.00    0.00    5.85    0.00    0.00    0.00   82.19
19:58:01     all    5.56    0.00    6.82    0.00    0.00    6.06    0.00    0.00    0.00   81.57
19:58:02     all    5.17    0.00    5.94    0.00    0.00    5.68    0.00    0.00    0.00   83.20
19:58:03     all    5.15    0.00    6.44    0.00    0.00    4.90    0.00    0.00    0.00   83.51
19:58:04     all    5.06    0.00    6.84    0.00    0.00    5.82    0.00    0.00    0.00   82.28
19:58:05     all    5.17    0.00    6.46    0.00    0.00    5.17    0.00    0.00    0.00   83.20
19:58:06     all    5.90    0.00    5.64    0.00    0.00    5.90    0.00    0.00    0.00   82.56
19:58:07     all    5.34    0.00    6.87    0.00    0.00    5.60    0.00    0.00    0.00   82.19
19:58:08     all    5.19    0.00    6.49    0.00    0.00    4.42    0.00    0.00    0.00   83.90
19:58:09     all    4.86    0.00    5.88    0.00    0.00    6.14    0.00    0.00    0.00   83.12
19:58:10     all    5.36    0.00    6.38    0.00    0.00    5.61    0.00    0.00    0.00   82.65
19:58:11     all    2.28    0.00    4.31    0.00    0.00    3.05    0.00    0.00    0.00   90.36
19:58:12     all    4.51    0.00    2.26    0.00    0.00    1.75    0.25    0.00    0.00   91.23
19:58:13     all   14.10    0.00    5.38    0.00    0.00    5.13    0.00    0.00    0.00   75.38
19:58:14     all   14.07    0.00    8.18    0.00    0.00    6.91    0.26    0.00    0.00   70.59
19:58:15     all   12.40    0.00   10.08    0.00    0.00    8.79    0.00    0.00    0.00   68.73
19:58:16     all    5.30    0.00   11.11    0.00    0.00    9.60    0.00    0.00    0.00   73.99
19:58:17     all    4.34    0.00   10.71    0.00    0.00    9.44    0.00    0.00    0.00   75.51
19:58:18     all    5.08    0.00   11.17    0.00    0.00    9.90    0.00    0.00    0.00   73.86
19:58:19     all    4.35    0.00   11.76    0.00    0.00    8.70    0.00    0.00    0.00   75.19
19:58:20     all    4.12    0.00   11.08    0.00    0.00    7.47    0.00    0.00    0.00   77.32
19:58:21     all    4.36    0.00   11.28    0.00    0.00    9.49    0.00    0.00    0.00   74.87
19:58:22     all    5.08    0.00   10.66    0.00    0.00    9.64    0.00    0.00    0.00   74.62
19:58:23     all    4.83    0.00   11.20    0.25    0.00    9.92    0.00    0.00    0.00   73.79
19:58:24     all    4.51    0.00   11.78    0.00    0.00    9.52    0.00    0.00    0.00   74.19
19:58:25     all    4.85    0.00   11.73    0.00    0.00    8.93    0.00    0.00    0.00   74.49
19:58:26     all    4.60    0.00   11.00    0.00    0.00    7.93    0.00    0.00    0.00   76.47
19:58:27     all    4.68    0.00   12.73    0.00    0.00    7.27    0.00    0.00    0.00   75.32
19:58:28     all    5.06    0.00   11.90    0.00    0.00    8.35    0.25    0.00    0.00   74.43
19:58:29     all    5.25    0.00   12.34    0.00    0.00    6.04    0.00    0.00    0.00   76.38
19:58:30     all    4.88    0.00   10.80    0.00    0.00    7.71    0.26    0.00    0.00   76.35
19:58:31     all    5.12    0.00   13.04    0.00    0.00    8.44    0.00    0.00    0.00   73.40
19:58:32     all    4.60    0.00   12.02    0.00    0.00    6.91    0.00    0.00    0.00   76.47
19:58:33     all    4.90    0.00   12.37    0.00    0.00    7.99    0.00    0.00    0.00   74.74
19:58:34     all    4.65    0.00   13.18    0.00    0.00    8.53    0.00    0.00    0.00   73.64
19:58:35     all    5.10    0.00   12.24    0.00    0.00    8.16    0.00    0.00    0.00   74.49
19:58:36     all    5.93    0.00   12.63    0.00    0.00    7.22    0.00    0.00    0.00   74.23
19:58:37     all    4.34    0.00   12.50    0.00    0.00    7.40    0.00    0.00    0.00   75.77
19:58:38     all    4.45    0.00   12.30    0.00    0.00    7.59    0.00    0.00    0.00   75.65
19:58:39     all    4.90    0.00   12.11    0.00    0.00    6.96    0.00    0.00    0.00   76.03
19:58:40     all    4.63    0.00   12.08    0.00    0.00    7.97    0.00    0.00    0.00   75.32
19:58:41     all    3.57    0.00    7.91    0.00    0.00    4.34    0.00    0.00    0.00   84.18
19:58:42     all    6.57    0.00    1.77    0.00    0.00    1.26    0.00    0.00    0.00   90.40
19:58:43     all   24.68    0.00    5.40    0.00    0.00    4.37    0.00    0.00    0.00   65.55
19:58:44     all   29.72    0.00    7.24    0.00    0.00    4.91    0.00    0.00    0.00   58.14
19:58:45     all   30.85    0.00   10.80    0.00    0.00    6.17    0.00    0.00    0.00   52.19
19:58:46     all   30.53    0.00   11.20    0.00    0.00    8.14    0.00    0.00    0.00   50.13
19:58:47     all   23.10    0.00   10.15    0.00    0.00    6.35    0.00    0.00    0.00   60.41
19:58:48     all   19.90    0.00   10.46    0.00    0.00    7.14    0.00    0.00    0.00   62.50
19:58:49     all   14.36    0.00    7.95    0.00    0.00    6.15    0.00    0.00    0.00   71.54
19:58:50     all    8.21    0.00    7.69    0.00    0.00    5.64    0.00    0.00    0.00   78.46
19:58:51     all    2.03    0.00    2.53    0.00    0.00    2.53    0.00    0.00    0.00   92.91
19:58:52     all    0.76    0.00    2.53    0.00    0.00    1.77    0.00    0.00    0.00   94.95
19:58:53     all    9.55    0.00    4.52    0.00    0.00    1.51    0.00    0.00    0.00   84.42
19:58:54     all    0.25    0.00    1.52    0.00    0.00    0.51    0.00    0.00    0.00   97.72
19:58:55     all    1.25    0.00    2.01    0.00    0.00    1.75    0.00    0.00    0.00   94.99
19:58:56     all    0.51    0.00    1.27    0.00    0.00    1.02    0.00    0.00    0.00   97.21
19:58:57     all    0.50    0.00    1.01    0.00    0.00    0.50    0.00    0.00    0.00   97.98
19:58:58     all    0.50    0.00    1.26    0.25    0.00    1.26    0.00    0.00    0.00   96.73
19:58:59     all    0.51    0.00    1.52    0.00    0.00    0.76    0.00    0.00    0.00   97.22
19:59:00     all    1.00    0.00    1.50    0.00    0.00    1.25    0.00    0.00    0.00   96.24
19:59:01     all    1.02    0.00    1.53    0.00    0.00    1.02    0.00    0.00    0.00   96.42
19:59:02     all    0.25    0.00    2.27    0.00    0.00    1.26    0.00    0.00    0.00   96.21
19:59:03     all    1.01    0.00    2.02    0.00    0.00    1.51    0.00    0.00    0.00   95.47
19:59:04     all    1.26    0.00    2.26    0.00    0.00    1.26    0.00    0.00    0.00   95.23
19:59:05     all    0.76    0.00    1.78    0.00    0.00    0.76    0.00    0.00    0.00   96.69
19:59:06     all    0.76    0.00    1.76    0.00    0.00    1.26    0.00    0.00    0.00   96.22
19:59:07     all    0.25    0.00    1.02    0.00    0.00    0.51    0.00    0.00    0.00   98.22
19:59:08     all    0.25    0.00    2.03    0.00    0.00    1.27    0.00    0.00    0.00   96.46
19:59:09     all    0.76    0.00    1.27    0.00    0.00    0.51    0.00    0.00    0.00   97.46
19:59:10     all    0.25    0.00    1.27    0.00    0.00    0.76    0.00    0.00    0.00   97.72
