Running 30s test @ http://10.116.0.2:8080/json
  4 threads and 256 connections
  Thread calibration: mean lat.: 1223.053ms, rate sampling interval: 5312ms
  Thread calibration: mean lat.: 1445.964ms, rate sampling interval: 5566ms
  Thread calibration: mean lat.: 1211.279ms, rate sampling interval: 5193ms
  Thread calibration: mean lat.: 1980.185ms, rate sampling interval: 6713ms
  Thread Stats   Avg      Stdev     Max   +/- Stdev
    Latency     6.21s     2.21s   12.62s    63.66%
    Req/Sec    13.42k    69.77    13.56k    63.64%
  Latency Distribution (HdrHistogram - Recorded Latency)
 50.000%    6.02s 
 75.000%    7.80s 
 90.000%    9.38s 
 99.000%   11.20s 
 99.900%   11.94s 
 99.990%   12.42s 
 99.999%   12.60s 
100.000%   12.63s 

  Detailed Percentile spectrum:
       Value   Percentile   TotalCount 1/(1-Percentile)

    1685.503     0.000000            1         1.00
    3448.831     0.100000       105879         1.11
    4130.815     0.200000       211690         1.25
    4751.359     0.300000       317167         1.43
    5386.239     0.400000       423441         1.67
    6017.023     0.500000       528568         2.00
    6340.607     0.550000       581524         2.22
    6668.287     0.600000       634462         2.50
    7020.543     0.650000       687134         2.86
    7397.375     0.700000       740230         3.33
    7802.879     0.750000       792864         4.00
    8024.063     0.775000       819261         4.44
    8257.535     0.800000       845784         5.00
    8511.487     0.825000       872241         5.71
    8773.631     0.850000       898721         6.67
    9060.351     0.875000       925151         8.00
    9215.999     0.887500       938291         8.89
    9379.839     0.900000       951336        10.00
    9560.063     0.912500       964935        11.43
    9740.287     0.925000       977692        13.33
    9953.279     0.937500       991248        16.00
   10059.775     0.943750       997537        17.78
   10174.463     0.950000      1004478        20.00
   10289.151     0.956250      1010725        22.86
   10428.415     0.962500      1017521        26.67
   10575.871     0.968750      1024026        32.00
   10649.599     0.971875      1027209        35.56
   10731.519     0.975000      1030592        40.00
   10813.439     0.978125      1033978        45.71
   10895.359     0.981250      1037128        53.33
   10993.663     0.984375      1040524        64.00
   11042.815     0.985938      1042160        71.11
   11100.159     0.987500      1043864        80.00
   11157.503     0.989062      1045456        91.43
   11223.039     0.990625      1047177       106.67
   11296.767     0.992188      1048721       128.00
   11345.919     0.992969      1049594       142.22
   11395.071     0.993750      1050388       160.00
   11452.415     0.994531      1051227       182.86
   11517.951     0.995313      1052088       213.33
   11583.487     0.996094      1052853       256.00
   11616.255     0.996484      1053291       284.44
   11649.023     0.996875      1053651       320.00
   11689.983     0.997266      1054058       365.71
   11739.135     0.997656      1054462       426.67
   11796.479     0.998047      1054924       512.00
   11821.055     0.998242      1055121       568.89
   11845.631     0.998437      1055278       640.00
   11878.399     0.998633      1055513       731.43
   11911.167     0.998828      1055708       853.33
   11952.127     0.999023      1055945      1024.00
   11960.319     0.999121      1056003      1137.78
   11984.895     0.999219      1056113      1280.00
   12017.663     0.999316      1056211      1462.86
   12058.623     0.999414      1056309      1706.67
   12099.583     0.999512      1056421      2048.00
   12115.967     0.999561      1056468      2275.56
   12132.351     0.999609      1056518      2560.00
   12165.119     0.999658      1056580      2925.71
   12189.695     0.999707      1056622      3413.33
   12230.655     0.999756      1056683      4096.00
   12238.847     0.999780      1056695      4551.11
   12271.615     0.999805      1056727      5120.00
   12287.999     0.999829      1056747      5851.43
   12328.959     0.999854      1056773      6826.67
   12394.495     0.999878      1056801      8192.00
   12419.071     0.999890      1056824      9102.22
   12419.071     0.999902      1056824     10240.00
   12451.839     0.999915      1056839     11702.86
   12476.415     0.999927      1056850     13653.33
   12500.991     0.999939      1056866     16384.00
   12509.183     0.999945      1056881     18204.44
   12509.183     0.999951      1056881     20480.00
   12517.375     0.999957      1056883     23405.71
   12533.759     0.999963      1056889     27306.67
   12550.143     0.999969      1056895     32768.00
   12566.527     0.999973      1056899     36408.89
   12574.719     0.999976      1056905     40960.00
   12574.719     0.999979      1056905     46811.43
   12591.103     0.999982      1056915     54613.33
   12591.103     0.999985      1056915     65536.00
   12591.103     0.999986      1056915     72817.78
   12591.103     0.999988      1056915     81920.00
   12599.295     0.999989      1056918     93622.86
   12599.295     0.999991      1056918    109226.67
   12607.487     0.999992      1056919    131072.00
   12615.679     0.999993      1056922    145635.56
   12615.679     0.999994      1056922    163840.00
   12615.679     0.999995      1056922    187245.71
   12623.871     0.999995      1056926    218453.33
   12623.871     0.999996      1056926    262144.00
   12623.871     0.999997      1056926    291271.11
   12623.871     0.999997      1056926    327680.00
   12623.871     0.999997      1056926    374491.43
   12623.871     0.999998      1056926    436906.67
   12623.871     0.999998      1056926    524288.00
   12623.871     0.999998      1056926    582542.22
   12623.871     0.999998      1056926    655360.00
   12623.871     0.999999      1056926    748982.86
   12623.871     0.999999      1056926    873813.33
   12623.871     0.999999      1056926   1048576.00
   12632.063     0.999999      1056927   1165084.44
   12632.063     1.000000      1056927          inf
#[Mean    =     6214.686, StdDeviation   =     2209.962]
#[Max     =    12623.872, Total count    =      1056927]
#[Buckets =           27, SubBuckets     =         2048]
----------------------------------------------------------
  1590808 requests in 30.00s, 204.81MB read
Requests/sec:  53027.95
Transfer/sec:      6.83MB
