Running 30s test @ http://10.116.0.2:8080/block?ms=100
  4 threads and 1000 connections
  Thread calibration: mean lat.: 481.078ms, rate sampling interval: 2545ms
  Thread calibration: mean lat.: 477.548ms, rate sampling interval: 2494ms
  Thread calibration: mean lat.: 465.888ms, rate sampling interval: 2381ms
  Thread calibration: mean lat.: 428.266ms, rate sampling interval: 2285ms
  Thread Stats   Avg      Stdev     Max   +/- Stdev
    Latency   135.45ms  115.74ms   1.12s    92.64%
    Req/Sec     2.27k    38.52     2.35k    65.52%
  Latency Distribution (HdrHistogram - Recorded Latency)
 50.000%  103.49ms
 75.000%  107.07ms
 90.000%  123.26ms
 99.000%  697.85ms
 99.900%    1.02s 
 99.990%    1.10s 
 99.999%    1.12s 
100.000%    1.12s 

  Detailed Percentile spectrum:
       Value   Percentile   TotalCount 1/(1-Percentile)

     100.351     0.000000            1         1.00
     101.183     0.100000        18136         1.11
     101.631     0.200000        34903         1.25
     102.207     0.300000        52808         1.43
     102.783     0.400000        68545         1.67
     103.487     0.500000        85659         2.00
     103.935     0.550000        94670         2.22
     104.383     0.600000       102253         2.50
     105.023     0.650000       110881         2.86
     105.855     0.700000       119135         3.33
     107.071     0.750000       127873         4.00
     107.711     0.775000       132148         4.44
     108.351     0.800000       136330         5.00
     109.055     0.825000       140494         5.71
     110.015     0.850000       144612         6.67
     112.127     0.875000       148789         8.00
     114.623     0.887500       150859         8.89
     123.263     0.900000       152984        10.00
     177.023     0.912500       155106        11.43
     243.455     0.925000       157230        13.33
     317.183     0.937500       159354        16.00
     347.647     0.943750       160423        17.78
     387.071     0.950000       161484        20.00
     427.775     0.956250       162548        22.86
     465.407     0.962500       163613        26.67
     509.951     0.968750       164667        32.00
     534.015     0.971875       165201        35.56
     555.519     0.975000       165733        40.00
     577.023     0.978125       166263        45.71
     604.159     0.981250       166799        53.33
     631.295     0.984375       167325        64.00
     648.703     0.985938       167597        71.11
     665.087     0.987500       167861        80.00
     683.007     0.989062       168120        91.43
     708.095     0.990625       168387       106.67
     736.255     0.992188       168650       128.00
     752.639     0.992969       168786       142.22
     773.631     0.993750       168915       160.00
     800.255     0.994531       169048       182.86
     839.167     0.995313       169183       213.33
     875.519     0.996094       169314       256.00
     895.487     0.996484       169381       284.44
     913.919     0.996875       169447       320.00
     934.399     0.997266       169514       365.71
     955.391     0.997656       169581       426.67
     976.383     0.998047       169646       512.00
     987.135     0.998242       169680       568.89
     994.815     0.998437       169715       640.00
    1004.031     0.998633       169752       731.43
    1013.247     0.998828       169781       853.33
    1025.023     0.999023       169812      1024.00
    1031.679     0.999121       169828      1137.78
    1040.383     0.999219       169848      1280.00
    1044.991     0.999316       169861      1462.86
    1053.695     0.999414       169880      1706.67
    1061.887     0.999512       169896      2048.00
    1065.983     0.999561       169903      2275.56
    1071.103     0.999609       169911      2560.00
    1074.175     0.999658       169919      2925.71
    1080.319     0.999707       169928      3413.33
    1084.415     0.999756       169938      4096.00
    1087.487     0.999780       169941      4551.11
    1091.583     0.999805       169944      5120.00
    1093.631     0.999829       169949      5851.43
    1096.703     0.999854       169953      6826.67
    1102.847     0.999878       169958      8192.00
    1103.871     0.999890       169961      9102.22
    1103.871     0.999902       169961     10240.00
    1105.919     0.999915       169963     11702.86
    1108.991     0.999927       169965     13653.33
    1113.087     0.999939       169970     16384.00
    1113.087     0.999945       169970     18204.44
    1113.087     0.999951       169970     20480.00
    1113.087     0.999957       169970     23405.71
    1114.111     0.999963       169971     27306.67
    1116.159     0.999969       169972     32768.00
    1121.279     0.999973       169974     36408.89
    1121.279     0.999976       169974     40960.00
    1121.279     0.999979       169974     46811.43
    1121.279     0.999982       169974     54613.33
    1122.303     0.999985       169977     65536.00
    1122.303     1.000000       169977          inf
#[Mean    =      135.448, StdDeviation   =      115.743]
#[Max     =     1121.280, Total count    =       169977]
#[Buckets =           27, SubBuckets     =         2048]
----------------------------------------------------------
  260149 requests in 30.00s, 30.27MB read
Requests/sec:   8671.47
Transfer/sec:      1.01MB
