Running 30s test @ http://10.116.0.2:8080/json
  4 threads and 64 connections
  Thread calibration: mean lat.: 733.504ms, rate sampling interval: 3450ms
  Thread calibration: mean lat.: 729.988ms, rate sampling interval: 3387ms
  Thread calibration: mean lat.: 706.564ms, rate sampling interval: 3237ms
  Thread calibration: mean lat.: 761.479ms, rate sampling interval: 3571ms
  Thread Stats   Avg      Stdev     Max   +/- Stdev
    Latency     1.22ms  528.04us   8.91ms   67.01%
    Req/Sec     5.00k     1.17     5.00k    90.48%
  Latency Distribution (HdrHistogram - Recorded Latency)
 50.000%    1.17ms
 75.000%    1.58ms
 90.000%    1.89ms
 99.000%    2.57ms
 99.900%    4.38ms
 99.990%    5.76ms
 99.999%    6.95ms
100.000%    8.92ms

  Detailed Percentile spectrum:
       Value   Percentile   TotalCount 1/(1-Percentile)

       0.225     0.000000            1         1.00
       0.581     0.100000        40028         1.11
       0.740     0.200000        79774         1.25
       0.882     0.300000       119551         1.43
       1.023     0.400000       159625         1.67
       1.168     0.500000       199320         2.00
       1.246     0.550000       219359         2.22
       1.326     0.600000       239111         2.50
       1.409     0.650000       258953         2.86
       1.494     0.700000       278919         3.33
       1.583     0.750000       298854         4.00
       1.630     0.775000       308928         4.44
       1.676     0.800000       318824         5.00
       1.723     0.825000       328679         5.71
       1.773     0.850000       338681         6.67
       1.827     0.875000       348752         8.00
       1.856     0.887500       353711         8.89
       1.887     0.900000       358692        10.00
       1.921     0.912500       363605        11.43
       1.959     0.925000       368556        13.33
       2.003     0.937500       373533        16.00
       2.028     0.943750       376071        17.78
       2.055     0.950000       378610        20.00
       2.085     0.956250       381049        22.86
       2.121     0.962500       383466        26.67
       2.167     0.968750       385994        32.00
       2.193     0.971875       387186        35.56
       2.225     0.975000       388461        40.00
       2.265     0.978125       389720        45.71
       2.313     0.981250       390967        53.33
       2.373     0.984375       392161        64.00
       2.417     0.985938       392798        71.11
       2.465     0.987500       393420        80.00
       2.527     0.989062       394037        91.43
       2.597     0.990625       394655       106.67
       2.707     0.992188       395278       128.00
       2.777     0.992969       395588       142.22
       2.867     0.993750       395898       160.00
       2.967     0.994531       396213       182.86
       3.099     0.995313       396521       213.33
       3.249     0.996094       396830       256.00
       3.335     0.996484       396988       284.44
       3.437     0.996875       397143       320.00
       3.539     0.997266       397297       365.71
       3.673     0.997656       397455       426.67
       3.815     0.998047       397608       512.00
       3.895     0.998242       397687       568.89
       4.003     0.998437       397763       640.00
       4.115     0.998633       397841       731.43
       4.243     0.998828       397919       853.33
       4.395     0.999023       397998      1024.00
       4.463     0.999121       398035      1137.78
       4.559     0.999219       398074      1280.00
       4.655     0.999316       398113      1462.86
       4.763     0.999414       398153      1706.67
       4.883     0.999512       398191      2048.00
       4.955     0.999561       398210      2275.56
       5.023     0.999609       398230      2560.00
       5.103     0.999658       398249      2925.71
       5.187     0.999707       398269      3413.33
       5.323     0.999756       398288      4096.00
       5.387     0.999780       398298      4551.11
       5.415     0.999805       398308      5120.00
       5.491     0.999829       398317      5851.43
       5.559     0.999854       398327      6826.67
       5.675     0.999878       398337      8192.00
       5.759     0.999890       398343      9102.22
       5.767     0.999902       398347     10240.00
       5.835     0.999915       398351     11702.86
       5.895     0.999927       398356     13653.33
       6.047     0.999939       398361     16384.00
       6.107     0.999945       398365     18204.44
       6.111     0.999951       398366     20480.00
       6.159     0.999957       398368     23405.71
       6.179     0.999963       398371     27306.67
       6.227     0.999969       398373     32768.00
       6.243     0.999973       398375     36408.89
       6.279     0.999976       398376     40960.00
       6.383     0.999979       398377     46811.43
       6.471     0.999982       398378     54613.33
       6.559     0.999985       398379     65536.00
       6.903     0.999986       398380     72817.78
       6.951     0.999988       398381     81920.00
       6.951     0.999989       398381     93622.86
       6.967     0.999991       398382    109226.67
       6.967     0.999992       398382    131072.00
       7.563     0.999993       398383    145635.56
       7.563     0.999994       398383    163840.00
       7.563     0.999995       398383    187245.71
       8.631     0.999995       398384    218453.33
       8.631     0.999996       398384    262144.00
       8.631     0.999997       398384    291271.11
       8.631     0.999997       398384    327680.00
       8.631     0.999997       398384    374491.43
       8.919     0.999998       398385    436906.67
       8.919     1.000000       398385          inf
#[Mean    =        1.221, StdDeviation   =        0.528]
#[Max     =        8.912, Total count    =       398385]
#[Buckets =           27, SubBuckets     =         2048]
----------------------------------------------------------
  599244 requests in 30.00s, 77.15MB read
Requests/sec:  19974.45
Transfer/sec:      2.57MB
