Running 30s test @ http://10.116.0.2:8080/json
  4 threads and 256 connections
  Thread calibration: mean lat.: 2431.945ms, rate sampling interval: 8708ms
  Thread calibration: mean lat.: 2487.702ms, rate sampling interval: 8871ms
  Thread calibration: mean lat.: 2436.429ms, rate sampling interval: 8691ms
  Thread calibration: mean lat.: 2418.504ms, rate sampling interval: 8691ms
  Thread Stats   Avg      Stdev     Max   +/- Stdev
    Latency     9.40s     2.82s   16.38s    61.17%
    Req/Sec    13.25k   143.78    13.36k    75.00%
  Latency Distribution (HdrHistogram - Recorded Latency)
 50.000%    9.31s 
 75.000%   11.58s 
 90.000%   13.34s 
 99.000%   15.32s 
 99.900%   15.94s 
 99.990%   16.22s 
 99.999%   16.35s 
100.000%   16.38s 

  Detailed Percentile spectrum:
       Value   Percentile   TotalCount 1/(1-Percentile)

    3852.287     0.000000            3         1.00
    5668.863     0.100000       104536         1.11
    6574.079     0.200000       208794         1.25
    7487.487     0.300000       313478         1.43
    8404.991     0.400000       417994         1.67
    9306.111     0.500000       522258         2.00
    9748.479     0.550000       574681         2.22
   10199.039     0.600000       626710         2.50
   10649.599     0.650000       678727         2.86
   11108.351     0.700000       731402         3.33
   11583.487     0.750000       783010         4.00
   11837.439     0.775000       809049         4.44
   12099.583     0.800000       835129         5.00
   12378.111     0.825000       861377         5.71
   12673.023     0.850000       887616         6.67
   12984.319     0.875000       913815         8.00
   13156.351     0.887500       926928         8.89
   13336.575     0.900000       940021        10.00
   13524.991     0.912500       953054        11.43
   13721.599     0.925000       965781        13.33
   13942.783     0.937500       978899        16.00
   14057.471     0.943750       985298        17.78
   14180.351     0.950000       991839        20.00
   14311.423     0.956250       998248        22.86
   14458.879     0.962500      1005055        26.67
   14614.527     0.968750      1011421        32.00
   14696.447     0.971875      1014591        35.56
   14786.559     0.975000      1018081        40.00
   14868.479     0.978125      1021052        45.71
   14974.975     0.981250      1024559        53.33
   15081.471     0.984375      1027614        64.00
   15147.007     0.985938      1029352        71.11
   15212.543     0.987500      1031011        80.00
   15278.079     0.989062      1032654        91.43
   15343.615     0.990625      1034187       106.67
   15417.343     0.992188      1035800       128.00
   15458.303     0.992969      1036612       142.22
   15507.455     0.993750      1037494       160.00
   15556.607     0.994531      1038282       182.86
   15597.567     0.995313      1038986       213.33
   15654.911     0.996094      1039879       256.00
   15687.679     0.996484      1040274       284.44
   15720.447     0.996875      1040713       320.00
   15753.215     0.997266      1041055       365.71
   15785.983     0.997656      1041433       426.67
   15826.943     0.998047      1041865       512.00
   15851.519     0.998242      1042130       568.89
   15867.903     0.998437      1042278       640.00
   15892.479     0.998633      1042505       731.43
   15917.055     0.998828      1042709       853.33
   15941.631     0.999023      1042882      1024.00
   15958.015     0.999121      1042976      1137.78
   15974.399     0.999219      1043073      1280.00
   15998.975     0.999316      1043183      1462.86
   16015.359     0.999414      1043276      1706.67
   16039.935     0.999512      1043401      2048.00
   16048.127     0.999561      1043435      2275.56
   16064.511     0.999609      1043492      2560.00
   16072.703     0.999658      1043523      2925.71
   16089.087     0.999707      1043575      3413.33
   16113.663     0.999756      1043628      4096.00
   16130.047     0.999780      1043658      4551.11
   16146.431     0.999805      1043686      5120.00
   16154.623     0.999829      1043700      5851.43
   16179.199     0.999854      1043732      6826.67
   16195.583     0.999878      1043759      8192.00
   16203.775     0.999890      1043764      9102.22
   16220.159     0.999902      1043778     10240.00
   16236.543     0.999915      1043792     11702.86
   16244.735     0.999927      1043801     13653.33
   16269.311     0.999939      1043813     16384.00
   16285.695     0.999945      1043830     18204.44
   16285.695     0.999951      1043830     20480.00
   16293.887     0.999957      1043834     23405.71
   16302.079     0.999963      1043839     27306.67
   16318.463     0.999969      1043849     32768.00
   16318.463     0.999973      1043849     36408.89
   16326.655     0.999976      1043854     40960.00
   16326.655     0.999979      1043854     46811.43
   16334.847     0.999982      1043858     54613.33
   16343.039     0.999985      1043863     65536.00
   16343.039     0.999986      1043863     72817.78
   16351.231     0.999988      1043866     81920.00
   16351.231     0.999989      1043866     93622.86
   16359.423     0.999991      1043869    109226.67
   16359.423     0.999992      1043869    131072.00
   16359.423     0.999993      1043869    145635.56
   16367.615     0.999994      1043871    163840.00
   16367.615     0.999995      1043871    187245.71
   16375.807     0.999995      1043874    218453.33
   16375.807     0.999996      1043874    262144.00
   16375.807     0.999997      1043874    291271.11
   16375.807     0.999997      1043874    327680.00
   16375.807     0.999997      1043874    374491.43
   16375.807     0.999998      1043874    436906.67
   16383.999     0.999998      1043876    524288.00
   16383.999     1.000000      1043876          inf
#[Mean    =     9401.331, StdDeviation   =     2823.653]
#[Max     =    16375.808, Total count    =      1043876]
#[Buckets =           27, SubBuckets     =         2048]
----------------------------------------------------------
  1573169 requests in 30.00s, 202.54MB read
Requests/sec:  52439.55
Transfer/sec:      6.75MB
