Running 30s test @ http://10.116.0.2:8080/block?ms=100
  4 threads and 1000 connections
  Thread calibration: mean lat.: 107.886ms, rate sampling interval: 226ms
  Thread calibration: mean lat.: 108.707ms, rate sampling interval: 227ms
  Thread calibration: mean lat.: 167.006ms, rate sampling interval: 272ms
  Thread calibration: mean lat.: 127.762ms, rate sampling interval: 231ms
  Thread Stats   Avg      Stdev     Max   +/- Stdev
    Latency   105.52ms   11.69ms 396.54ms   98.73%
    Req/Sec     2.25k   163.09     2.68k    76.68%
  Latency Distribution (HdrHistogram - Recorded Latency)
 50.000%  104.00ms
 75.000%  106.69ms
 90.000%  109.95ms
 99.000%  118.46ms
 99.900%  318.98ms
 99.990%  375.55ms
 99.999%  396.54ms
100.000%  396.80ms

  Detailed Percentile spectrum:
       Value   Percentile   TotalCount 1/(1-Percentile)

     100.351     0.000000            5         1.00
     101.247     0.100000        18270         1.11
     101.823     0.200000        35098         1.25
     102.463     0.300000        50558         1.43
     103.231     0.400000        68567         1.67
     103.999     0.500000        85421         2.00
     104.383     0.550000        93580         2.22
     104.767     0.600000       101148         2.50
     105.279     0.650000       109745         2.86
     105.919     0.700000       118326         3.33
     106.687     0.750000       126590         4.00
     107.135     0.775000       130598         4.44
     107.711     0.800000       135205         5.00
     108.223     0.825000       139223         5.71
     108.735     0.850000       143229         6.67
     109.311     0.875000       147615         8.00
     109.631     0.887500       149758         8.89
     109.951     0.900000       151688        10.00
     110.335     0.912500       153752        11.43
     110.847     0.925000       156090        13.33
     111.423     0.937500       158160        16.00
     111.743     0.943750       159131        17.78
     112.127     0.950000       160238        20.00
     112.511     0.956250       161139        22.86
     113.087     0.962500       162253        26.67
     113.727     0.968750       163230        32.00
     114.175     0.971875       163815        35.56
     114.623     0.975000       164312        40.00
     115.071     0.978125       164821        45.71
     115.711     0.981250       165360        53.33
     116.415     0.984375       165875        64.00
     116.863     0.985938       166149        71.11
     117.375     0.987500       166399        80.00
     118.079     0.989062       166678        91.43
     118.783     0.990625       166930       106.67
     119.679     0.992188       167186       128.00
     120.255     0.992969       167321       142.22
     120.831     0.993750       167444       160.00
     121.855     0.994531       167576       182.86
     124.223     0.995313       167704       213.33
     165.503     0.996094       167835       256.00
     187.007     0.996484       167902       284.44
     209.663     0.996875       167967       320.00
     224.127     0.997266       168033       365.71
     249.727     0.997656       168099       426.67
     271.615     0.998047       168166       512.00
     282.367     0.998242       168198       568.89
     296.959     0.998437       168231       640.00
     307.455     0.998633       168263       731.43
     313.087     0.998828       168297       853.33
     321.023     0.999023       168329      1024.00
     325.375     0.999121       168345      1137.78
     333.311     0.999219       168363      1280.00
     334.847     0.999316       168380      1462.86
     343.551     0.999414       168397      1706.67
     345.343     0.999512       168411      2048.00
     350.207     0.999561       168420      2275.56
     354.303     0.999609       168428      2560.00
     355.327     0.999658       168438      2925.71
     358.143     0.999707       168444      3413.33
     364.543     0.999756       168452      4096.00
     365.823     0.999780       168460      4551.11
     366.079     0.999805       168465      5120.00
     366.079     0.999829       168465      5851.43
     368.895     0.999854       168469      6826.67
     375.039     0.999878       168473      8192.00
     375.295     0.999890       168475      9102.22
     375.551     0.999902       168477     10240.00
     380.159     0.999915       168479     11702.86
     385.791     0.999927       168481     13653.33
     386.047     0.999939       168483     16384.00
     386.303     0.999945       168485     18204.44
     386.303     0.999951       168485     20480.00
     390.399     0.999957       168486     23405.71
     390.911     0.999963       168487     27306.67
     396.287     0.999969       168488     32768.00
     396.543     0.999973       168491     36408.89
     396.543     0.999976       168491     40960.00
     396.543     0.999979       168491     46811.43
     396.543     0.999982       168491     54613.33
     396.543     0.999985       168491     65536.00
     396.543     0.999986       168491     72817.78
     396.543     0.999988       168491     81920.00
     396.799     0.999989       168493     93622.86
     396.799     1.000000       168493          inf
#[Mean    =      105.520, StdDeviation   =       11.687]
#[Max     =      396.544, Total count    =       168493]
#[Buckets =           27, SubBuckets     =         2048]
----------------------------------------------------------
  260157 requests in 30.00s, 30.27MB read
Requests/sec:   8671.94
Transfer/sec:      1.01MB
