Running 30s test @ http://10.116.0.2:8080/json
  4 threads and 256 connections
  Thread calibration: mean lat.: 1596.801ms, rate sampling interval: 5869ms
  Thread calibration: mean lat.: 1502.503ms, rate sampling interval: 5926ms
  Thread calibration: mean lat.: 1525.619ms, rate sampling interval: 6025ms
  Thread calibration: mean lat.: 1522.500ms, rate sampling interval: 5935ms
  Thread Stats   Avg      Stdev     Max   +/- Stdev
    Latency     6.55s     2.32s   12.94s    63.99%
    Req/Sec    13.10k    46.00    13.19k    58.33%
  Latency Distribution (HdrHistogram - Recorded Latency)
 50.000%    6.32s 
 75.000%    8.22s 
 90.000%    9.90s 
 99.000%   11.91s 
 99.900%   12.62s 
 99.990%   12.88s 
 99.999%   12.93s 
100.000%   12.94s 

  Detailed Percentile spectrum:
       Value   Percentile   TotalCount 1/(1-Percentile)

    1846.271     0.000000            2         1.00
    3672.063     0.100000       103277         1.11
    4382.719     0.200000       206848         1.25
    5017.599     0.300000       310005         1.43
    5668.863     0.400000       412814         1.67
    6316.031     0.500000       516247         2.00
    6647.807     0.550000       567723         2.22
    7000.063     0.600000       619457         2.50
    7368.703     0.650000       670798         2.86
    7770.111     0.700000       722576         3.33
    8220.671     0.750000       774088         4.00
    8454.143     0.775000       799560         4.44
    8699.903     0.800000       825657         5.00
    8953.855     0.825000       851566         5.71
    9240.575     0.850000       877086         6.67
    9551.871     0.875000       902872         8.00
    9723.903     0.887500       916071         8.89
    9895.935     0.900000       928485        10.00
   10084.351     0.912500       941801        11.43
   10272.767     0.925000       954595        13.33
   10485.759     0.937500       967452        16.00
   10592.255     0.943750       973847        17.78
   10715.135     0.950000       980178        20.00
   10854.399     0.956250       986683        22.86
   10993.663     0.962500       993021        26.67
   11149.311     0.968750       999398        32.00
   11239.423     0.971875      1002719        35.56
   11329.535     0.975000      1005828        40.00
   11427.839     0.978125      1009192        45.71
   11534.335     0.981250      1012462        53.33
   11649.023     0.984375      1015545        64.00
   11714.559     0.985938      1017147        71.11
   11788.287     0.987500      1018902        80.00
   11862.015     0.989062      1020421        91.43
   11935.743     0.990625      1021967       106.67
   12025.855     0.992188      1023651       128.00
   12075.007     0.992969      1024414       142.22
   12132.351     0.993750      1025202       160.00
   12181.503     0.994531      1025977       182.86
   12247.039     0.995313      1026883       213.33
   12304.383     0.996094      1027673       256.00
   12337.151     0.996484      1028090       284.44
   12369.919     0.996875      1028484       320.00
   12402.687     0.997266      1028881       365.71
   12443.647     0.997656      1029270       426.67
   12484.607     0.998047      1029641       512.00
   12509.183     0.998242      1029837       568.89
   12533.759     0.998437      1030023       640.00
   12566.527     0.998633      1030239       731.43
   12599.295     0.998828      1030433       853.33
   12632.063     0.999023      1030646      1024.00
   12648.447     0.999121      1030734      1137.78
   12673.023     0.999219      1030827      1280.00
   12697.599     0.999316      1030958      1462.86
   12713.983     0.999414      1031018      1706.67
   12746.751     0.999512      1031133      2048.00
   12754.943     0.999561      1031163      2275.56
   12779.519     0.999609      1031232      2560.00
   12795.903     0.999658      1031292      2925.71
   12804.095     0.999707      1031328      3413.33
   12820.479     0.999756      1031367      4096.00
   12828.671     0.999780      1031395      4551.11
   12836.863     0.999805      1031418      5120.00
   12845.055     0.999829      1031440      5851.43
   12853.247     0.999854      1031463      6826.67
   12869.631     0.999878      1031506      8192.00
   12869.631     0.999890      1031506      9102.22
   12877.823     0.999902      1031526     10240.00
   12877.823     0.999915      1031526     11702.86
   12886.015     0.999927      1031539     13653.33
   12902.399     0.999939      1031567     16384.00
   12902.399     0.999945      1031567     18204.44
   12902.399     0.999951      1031567     20480.00
   12910.591     0.999957      1031575     23405.71
   12918.783     0.999963      1031591     27306.67
   12918.783     0.999969      1031591     32768.00
   12918.783     0.999973      1031591     36408.89
   12918.783     0.999976      1031591     40960.00
   12926.975     0.999979      1031606     46811.43
   12926.975     0.999982      1031606     54613.33
   12926.975     0.999985      1031606     65536.00
   12926.975     0.999986      1031606     72817.78
   12926.975     0.999988      1031606     81920.00
   12926.975     0.999989      1031606     93622.86
   12926.975     0.999991      1031606    109226.67
   12935.167     0.999992      1031612    131072.00
   12935.167     0.999993      1031612    145635.56
   12935.167     0.999994      1031612    163840.00
   12935.167     0.999995      1031612    187245.71
   12935.167     0.999995      1031612    218453.33
   12935.167     0.999996      1031612    262144.00
   12935.167     0.999997      1031612    291271.11
   12935.167     0.999997      1031612    327680.00
   12935.167     0.999997      1031612    374491.43
   12935.167     0.999998      1031612    436906.67
   12943.359     0.999998      1031614    524288.00
   12943.359     1.000000      1031614          inf
#[Mean    =     6552.671, StdDeviation   =     2318.274]
#[Max     =    12935.168, Total count    =      1031614]
#[Buckets =           27, SubBuckets     =         2048]
----------------------------------------------------------
  1566154 requests in 30.00s, 201.64MB read
Requests/sec:  52205.81
Transfer/sec:      6.72MB
