Running 30s test @ http://10.116.0.2:8080/json
  4 threads and 256 connections
  Thread calibration: mean lat.: 2744.247ms, rate sampling interval: 10125ms
  Thread calibration: mean lat.: 2756.311ms, rate sampling interval: 10100ms
  Thread calibration: mean lat.: 2716.707ms, rate sampling interval: 9551ms
  Thread calibration: mean lat.: 2729.425ms, rate sampling interval: 10018ms
  Thread Stats   Avg      Stdev     Max   +/- Stdev
    Latency    11.07s     3.28s   18.73s    59.64%
    Req/Sec    13.09k    69.19    13.19k    60.00%
  Latency Distribution (HdrHistogram - Recorded Latency)
 50.000%   11.02s 
 75.000%   13.75s 
 90.000%   15.56s 
 99.000%   17.53s 
 99.900%   18.24s 
 99.990%   18.50s 
 99.999%   18.68s 
100.000%   18.74s 

  Detailed Percentile spectrum:
       Value   Percentile   TotalCount 1/(1-Percentile)

    4665.343     0.000000            4         1.00
    6647.807     0.100000       103400         1.11
    7720.959     0.200000       206400         1.25
    8822.783     0.300000       309340         1.43
    9936.895     0.400000       412761         1.67
   11018.239     0.500000       515386         2.00
   11567.103     0.550000       567022         2.22
   12107.775     0.600000       618544         2.50
   12656.639     0.650000       670302         2.86
   13213.695     0.700000       722025         3.33
   13754.367     0.750000       772904         4.00
   14032.895     0.775000       798824         4.44
   14311.423     0.800000       824367         5.00
   14598.143     0.825000       850756         5.71
   14893.055     0.850000       876552         6.67
   15204.351     0.875000       902048         8.00
   15376.383     0.887500       914699         8.89
   15556.607     0.900000       927735        10.00
   15745.023     0.912500       940665        11.43
   15941.631     0.925000       953496        13.33
   16154.623     0.937500       966163        16.00
   16269.311     0.943750       972733        17.78
   16392.191     0.950000       979120        20.00
   16523.263     0.956250       985492        22.86
   16670.719     0.962500       992129        26.67
   16826.367     0.968750       998624        32.00
   16908.287     0.971875      1001764        35.56
   16990.207     0.975000      1004760        40.00
   17088.511     0.978125      1008069        45.71
   17186.815     0.981250      1011225        53.33
   17301.503     0.984375      1014550        64.00
   17367.039     0.985938      1016368        71.11
   17416.191     0.987500      1017585        80.00
   17498.111     0.989062      1019497        91.43
   17563.647     0.990625      1020930       106.67
   17645.567     0.992188      1022580       128.00
   17694.719     0.992969      1023463       142.22
   17727.487     0.993750      1024018       160.00
   17793.023     0.994531      1024969       182.86
   17842.175     0.995313      1025659       213.33
   17907.711     0.996094      1026469       256.00
   17940.479     0.996484      1026840       284.44
   17989.631     0.996875      1027371       320.00
   18022.399     0.997266      1027706       365.71
   18071.551     0.997656      1028183       426.67
   18104.319     0.998047      1028475       512.00
   18120.703     0.998242      1028643       568.89
   18153.471     0.998437      1028915       640.00
   18186.239     0.998633      1029131       731.43
   18219.007     0.998828      1029347       853.33
   18235.391     0.999023      1029456      1024.00
   18251.775     0.999121      1029549      1137.78
   18284.543     0.999219      1029720      1280.00
   18300.927     0.999316      1029799      1462.86
   18317.311     0.999414      1029867      1706.67
   18333.695     0.999512      1029945      2048.00
   18350.079     0.999561      1030021      2275.56
   18366.463     0.999609      1030075      2560.00
   18382.847     0.999658      1030129      2925.71
   18399.231     0.999707      1030196      3413.33
   18399.231     0.999756      1030196      4096.00
   18415.615     0.999780      1030240      4551.11
   18431.999     0.999805      1030271      5120.00
   18431.999     0.999829      1030271      5851.43
   18464.767     0.999854      1030314      6826.67
   18481.151     0.999878      1030341      8192.00
   18481.151     0.999890      1030341      9102.22
   18497.535     0.999902      1030349     10240.00
   18513.919     0.999915      1030360     11702.86
   18546.687     0.999927      1030384     13653.33
   18563.071     0.999939      1030403     16384.00
   18563.071     0.999945      1030403     18204.44
   18563.071     0.999951      1030403     20480.00
   18563.071     0.999957      1030403     23405.71
   18595.839     0.999963      1030411     27306.67
   18612.223     0.999969      1030418     32768.00
   18628.607     0.999973      1030420     36408.89
   18644.991     0.999976      1030424     40960.00
   18661.375     0.999979      1030434     46811.43
   18661.375     0.999982      1030434     54613.33
   18661.375     0.999985      1030434     65536.00
   18661.375     0.999986      1030434     72817.78
   18677.759     0.999988      1030437     81920.00
   18677.759     0.999989      1030437     93622.86
   18694.143     0.999991      1030440    109226.67
   18694.143     0.999992      1030440    131072.00
   18694.143     0.999993      1030440    145635.56
   18710.527     0.999994      1030442    163840.00
   18710.527     0.999995      1030442    187245.71
   18726.911     0.999995      1030446    218453.33
   18726.911     0.999996      1030446    262144.00
   18726.911     0.999997      1030446    291271.11
   18726.911     0.999997      1030446    327680.00
   18726.911     0.999997      1030446    374491.43
   18726.911     0.999998      1030446    436906.67
   18726.911     0.999998      1030446    524288.00
   18726.911     0.999998      1030446    582542.22
   18726.911     0.999998      1030446    655360.00
   18726.911     0.999999      1030446    748982.86
   18726.911     0.999999      1030446    873813.33
   18743.295     0.999999      1030447   1048576.00
   18743.295     1.000000      1030447          inf
#[Mean    =    11070.049, StdDeviation   =     3277.364]
#[Max     =    18726.912, Total count    =      1030447]
#[Buckets =           27, SubBuckets     =         2048]
----------------------------------------------------------
  1553621 requests in 30.00s, 200.02MB read
Requests/sec:  51788.57
Transfer/sec:      6.67MB
