Running 30s test @ http://10.116.0.2:8080/json
  4 threads and 256 connections
  Thread calibration: mean lat.: 1.855ms, rate sampling interval: 10ms
  Thread calibration: mean lat.: 1.981ms, rate sampling interval: 10ms
  Thread calibration: mean lat.: 2.074ms, rate sampling interval: 10ms
  Thread calibration: mean lat.: 1.908ms, rate sampling interval: 10ms
  Thread Stats   Avg      Stdev     Max   +/- Stdev
    Latency     1.88ms    1.20ms  33.82ms   86.34%
    Req/Sec    10.55k     1.63k   18.33k    71.97%
  Latency Distribution (HdrHistogram - Recorded Latency)
 50.000%    1.63ms
 75.000%    2.25ms
 90.000%    3.02ms
 99.000%    6.23ms
 99.900%   12.77ms
 99.990%   22.00ms
 99.999%   28.99ms
100.000%   33.85ms

  Detailed Percentile spectrum:
       Value   Percentile   TotalCount 1/(1-Percentile)

       0.246     0.000000            1         1.00
       0.848     0.100000        78770         1.11
       1.077     0.200000       157771         1.25
       1.273     0.300000       236268         1.43
       1.450     0.400000       314976         1.67
       1.633     0.500000       393629         2.00
       1.733     0.550000       433053         2.22
       1.841     0.600000       472578         2.50
       1.961     0.650000       511730         2.86
       2.095     0.700000       551183         3.33
       2.247     0.750000       590614         4.00
       2.335     0.775000       610150         4.44
       2.433     0.800000       629783         5.00
       2.543     0.825000       649588         5.71
       2.671     0.850000       669212         6.67
       2.827     0.875000       688832         8.00
       2.921     0.887500       698738         8.89
       3.023     0.900000       708556        10.00
       3.147     0.912500       718288        11.43
       3.305     0.925000       728165        13.33
       3.507     0.937500       737946        16.00
       3.631     0.943750       742837        17.78
       3.779     0.950000       747806        20.00
       3.949     0.956250       752732        22.86
       4.155     0.962500       757628        26.67
       4.411     0.968750       762571        32.00
       4.559     0.971875       764990        35.56
       4.731     0.975000       767444        40.00
       4.935     0.978125       769907        45.71
       5.175     0.981250       772388        53.33
       5.471     0.984375       774835        64.00
       5.639     0.985938       776040        71.11
       5.843     0.987500       777271        80.00
       6.079     0.989062       778514        91.43
       6.351     0.990625       779732       106.67
       6.703     0.992188       780966       128.00
       6.919     0.992969       781573       142.22
       7.155     0.993750       782191       160.00
       7.463     0.994531       782805       182.86
       7.839     0.995313       783419       213.33
       8.351     0.996094       784038       256.00
       8.663     0.996484       784340       284.44
       9.087     0.996875       784648       320.00
       9.559     0.997266       784955       365.71
      10.087     0.997656       785263       426.67
      10.719     0.998047       785574       512.00
      11.063     0.998242       785724       568.89
      11.407     0.998437       785878       640.00
      11.815     0.998633       786032       731.43
      12.295     0.998828       786185       853.33
      12.895     0.999023       786340      1024.00
      13.359     0.999121       786418      1137.78
      13.935     0.999219       786493      1280.00
      14.503     0.999316       786569      1462.86
      15.047     0.999414       786647      1706.67
      15.879     0.999512       786723      2048.00
      16.239     0.999561       786763      2275.56
      16.767     0.999609       786801      2560.00
      17.199     0.999658       786838      2925.71
      18.031     0.999707       786880      3413.33
      18.911     0.999756       786916      4096.00
      19.455     0.999780       786935      4551.11
      19.887     0.999805       786956      5120.00
      20.495     0.999829       786973      5851.43
      20.895     0.999854       786992      6826.67
      21.535     0.999878       787011      8192.00
      21.839     0.999890       787021      9102.22
      22.063     0.999902       787032     10240.00
      22.383     0.999915       787040     11702.86
      22.927     0.999927       787050     13653.33
      23.407     0.999939       787059     16384.00
      24.095     0.999945       787064     18204.44
      24.479     0.999951       787069     20480.00
      24.783     0.999957       787074     23405.71
      25.407     0.999963       787079     27306.67
      26.079     0.999969       787083     32768.00
      27.087     0.999973       787086     36408.89
      27.231     0.999976       787088     40960.00
      27.743     0.999979       787091     46811.43
      28.095     0.999982       787093     54613.33
      28.303     0.999985       787095     65536.00
      28.831     0.999986       787097     72817.78
      28.911     0.999988       787098     81920.00
      28.991     0.999989       787099     93622.86
      29.295     0.999991       787100    109226.67
      30.831     0.999992       787102    131072.00
      30.831     0.999993       787102    145635.56
      30.847     0.999994       787103    163840.00
      30.847     0.999995       787103    187245.71
      30.975     0.999995       787104    218453.33
      30.975     0.999996       787104    262144.00
      32.927     0.999997       787105    291271.11
      32.927     0.999997       787105    327680.00
      32.927     0.999997       787105    374491.43
      33.279     0.999998       787106    436906.67
      33.279     0.999998       787106    524288.00
      33.279     0.999998       787106    582542.22
      33.279     0.999998       787106    655360.00
      33.279     0.999999       787106    748982.86
      33.855     0.999999       787107    873813.33
      33.855     1.000000       787107          inf
#[Mean    =        1.878, StdDeviation   =        1.198]
#[Max     =       33.824, Total count    =       787107]
#[Buckets =           27, SubBuckets     =         2048]
----------------------------------------------------------
  1185232 requests in 30.00s, 152.59MB read
Requests/sec:  39507.64
Transfer/sec:      5.09MB
