Linux 6.8.0-142-generic (cafeai-bench-loadgen) 	10/01/26 	_x86_64_	(4 CPU)

20:41:05     CPU    %usr   %nice    %sys %iowait    %irq   %soft  %steal  %guest  %gnice   %idle
20:41:06     all    0.25    0.00    1.52    0.25    0.00    0.76    0.00    0.00    0.00   97.22
20:41:07     all    1.27    0.00    3.82    0.00    0.00    1.78    0.00    0.00    0.00   93.13
20:41:08     all    2.06    0.00    4.90    0.00    0.00    3.09    0.00    0.00    0.00   89.95
20:41:09     all    2.05    0.00    6.65    0.00    0.00    4.35    0.00    0.00    0.00   86.96
20:41:10     all    3.50    0.00    8.89    0.00    0.00    5.12    0.27    0.00    0.00   82.21
20:41:11     all    5.71    0.00   11.41    0.00    0.00    8.42    0.00    0.00    0.00   74.46
20:41:12     all    4.77    0.00    9.02    0.00    0.00    6.37    0.00    0.00    0.00   79.84
20:41:13     all    3.54    0.00    7.83    0.00    0.00    4.55    0.25    0.00    0.00   83.84
20:41:14     all    4.56    0.00    5.82    0.00    0.00    5.32    0.00    0.00    0.00   84.30
20:41:15     all    3.34    0.00    6.17    0.00    0.00    5.14    0.00    0.00    0.00   85.35
20:41:16     all    3.55    0.00    6.35    0.00    0.00    5.33    0.00    0.00    0.00   84.77
20:41:17     all    3.59    0.00    6.67    0.00    0.00    4.36    0.00    0.00    0.00   85.38
20:41:18     all    3.85    0.00    6.15    0.00    0.00    4.87    0.00    0.00    0.00   85.13
20:41:19     all    4.08    0.00    5.87    0.00    0.00    4.85    0.00    0.00    0.00   85.20
20:41:20     all    6.09    0.00    7.36    0.00    0.00    5.58    0.00    0.00    0.00   80.96
20:41:21     all   14.81    0.00    9.35    0.00    0.00    2.60    0.00    0.00    0.00   73.25
20:41:22     all    3.13    0.00    5.74    0.00    0.00    4.18    0.00    0.00    0.00   86.95
20:41:23     all    3.85    0.00    6.15    0.00    0.00    4.62    0.00    0.00    0.00   85.38
20:41:24     all    3.63    0.00    5.70    0.00    0.00    4.40    0.00    0.00    0.00   86.27
20:41:25     all    3.58    0.00    6.39    0.51    0.00    4.60    0.00    0.00    0.00   84.91
20:41:26     all    3.58    0.00    6.39    0.00    0.00    4.60    0.00    0.00    0.00   85.42
20:41:27     all    3.85    0.00    6.15    0.00    0.00    4.87    0.00    0.00    0.00   85.13
20:41:28     all    3.31    0.00    6.87    0.00    0.00    4.33    0.25    0.00    0.00   85.24
20:41:29     all    4.05    0.00    6.33    0.00    0.00    5.06    0.00    0.00    0.00   84.56
20:41:30     all    4.06    0.00    6.60    0.00    0.00    4.82    0.00    0.00    0.00   84.52
20:41:31     all    3.35    0.00    6.19    0.00    0.00    4.64    0.26    0.00    0.00   85.57
20:41:32     all    4.06    0.00    6.85    0.00    0.00    4.57    0.00    0.00    0.00   84.52
20:41:33     all    3.84    0.00    6.65    0.00    0.00    4.60    0.00    0.00    0.00   84.91
20:41:34     all    3.61    0.00    6.70    0.00    0.00    3.87    0.00    0.00    0.00   85.82
20:41:35     all    3.84    0.00    5.63    0.00    0.00    5.12    0.00    0.00    0.00   85.42
20:41:36     all    0.50    0.00    0.75    0.00    0.00    0.00    0.00    0.00    0.00   98.75
20:41:37     all    0.75    0.00    2.76    0.00    0.00    2.76    0.00    0.00    0.00   93.72
20:41:38     all    0.51    0.00    2.05    0.00    0.00    2.56    0.00    0.00    0.00   94.88
20:41:39     all    1.53    0.00    3.07    0.00    0.00    3.58    0.00    0.00    0.00   91.82
20:41:40     all    1.27    0.00    3.55    0.00    0.00    3.55    0.00    0.00    0.00   91.62
20:41:41     all    2.02    0.00    3.54    0.00    0.00    3.28    0.00    0.00    0.00   91.16
20:41:42     all    1.52    0.00    4.30    0.00    0.00    3.29    0.00    0.00    0.00   90.89
20:41:43     all    2.51    0.00    3.77    0.00    0.00    3.02    0.00    0.00    0.00   90.70
20:41:44     all    1.53    0.00    2.55    0.00    0.00    3.83    0.26    0.00    0.00   91.84
20:41:45     all    1.28    0.00    3.33    0.00    0.00    2.82    0.00    0.00    0.00   92.56
20:41:46     all    2.28    0.00    3.04    0.00    0.00    3.80    0.00    0.00    0.00   90.89
20:41:47     all    1.76    0.00    3.78    0.00    0.00    3.02    0.00    0.00    0.00   91.44
20:41:48     all    1.79    0.00    3.08    0.00    0.00    3.08    0.00    0.00    0.00   92.05
20:41:49     all    2.76    0.00    3.77    0.00    0.00    3.27    0.00    0.00    0.00   90.20
20:41:50     all    2.28    0.00    2.79    0.00    0.00    3.30    0.00    0.00    0.00   91.62
20:41:51     all    1.79    0.00    3.58    0.00    0.00    2.81    0.00    0.00    0.00   91.82
20:41:52     all    2.03    0.00    3.04    0.00    0.00    3.29    0.00    0.00    0.00   91.65
20:41:53     all    2.29    0.00    3.05    0.00    0.00    3.05    0.00    0.00    0.00   91.60
20:41:54     all    2.30    0.00    2.81    0.00    0.00    3.06    0.00    0.00    0.00   91.84
20:41:55     all    2.51    0.00    3.51    0.00    0.00    3.01    0.25    0.00    0.00   90.73
20:41:56     all    1.79    0.00    2.82    0.00    0.00    3.33    0.00    0.00    0.00   92.05
20:41:57     all    2.29    0.00    3.56    0.00    0.00    2.54    0.00    0.00    0.00   91.60
20:41:58     all    1.77    0.00    3.54    0.00    0.00    3.29    0.00    0.00    0.00   91.39
20:41:59     all    2.53    0.00    3.54    0.00    0.00    3.03    0.00    0.00    0.00   90.91
20:42:00     all    2.31    0.00    2.56    0.00    0.00    2.31    0.00    0.00    0.00   92.82
20:42:01     all    2.54    0.00    2.79    0.00    0.00    3.05    0.00    0.00    0.00   91.62
20:42:02     all    1.79    0.00    3.07    0.00    0.00    3.07    0.00    0.00    0.00   92.07
20:42:03     all    2.04    0.00    3.06    0.00    0.00    2.81    0.00    0.00    0.00   92.09
20:42:04     all    2.02    0.00    3.28    0.00    0.00    3.54    0.00    0.00    0.00   91.16
20:42:05     all    2.05    0.00    3.32    0.00    0.00    2.30    0.00    0.00    0.00   92.33
20:42:06     all    3.32    0.00    5.12    0.00    0.00    3.32    0.51    0.00    0.00   87.72
20:42:07     all    5.63    0.00    5.37    0.00    0.00    4.60    0.00    0.00    0.00   84.40
20:42:08     all    4.91    0.00    5.94    0.00    0.00    4.65    0.26    0.00    0.00   84.24
20:42:09     all    4.71    0.00    4.97    0.00    0.00    4.97    0.00    0.00    0.00   85.34
20:42:10     all    6.11    0.00    5.85    0.00    0.00    4.33    0.00    0.00    0.00   83.72
20:42:11     all    5.13    0.00    6.41    0.26    0.00    4.10    0.00    0.00    0.00   84.10
20:42:12     all    5.28    0.00    5.54    0.00    0.00    3.17    0.26    0.00    0.00   85.75
20:42:13     all    4.28    0.00    5.35    0.00    0.00    2.94    0.00    0.00    0.00   87.43
20:42:14     all    5.84    0.00    4.77    0.00    0.00    2.65    0.00    0.00    0.00   86.74
20:42:15     all    5.43    0.00    5.17    0.00    0.00    4.65    0.26    0.00    0.00   84.50
20:42:16     all    4.18    0.00    5.74    0.00    0.00    4.70    0.00    0.00    0.00   85.38
20:42:17     all    4.45    0.00    5.50    0.00    0.00    4.71    0.00    0.00    0.00   85.34
20:42:18     all    4.46    0.00    5.77    0.00    0.00    3.94    0.00    0.00    0.00   85.83
20:42:19     all    5.94    0.00    5.17    0.00    0.00    4.13    0.00    0.00    0.00   84.75
20:42:20     all    4.69    0.00    5.47    0.00    0.00    4.69    0.00    0.00    0.00   85.16
20:42:21     all    6.20    0.00    6.20    0.00    0.00    3.88    0.00    0.00    0.00   83.72
20:42:22     all   18.23    0.00   10.16    0.00    0.00    3.91    0.00    0.00    0.00   67.71
20:42:23     all    4.97    0.00    4.71    0.00    0.00    4.71    0.00    0.00    0.00   85.60
20:42:24     all    5.64    0.00    5.38    0.00    0.00    4.87    0.00    0.00    0.00   84.10
20:42:25     all    5.44    0.00    5.18    0.00    0.00    4.66    0.00    0.00    0.00   84.72
20:42:26     all    5.40    0.00    5.66    0.00    0.00    5.14    0.00    0.00    0.00   83.80
20:42:27     all    5.15    0.00    5.15    0.26    0.00    4.38    0.00    0.00    0.00   85.05
20:42:28     all    5.50    0.00    5.50    0.00    0.00    3.40    0.26    0.00    0.00   85.34
20:42:29     all    5.57    0.00    4.77    0.00    0.00    3.45    0.00    0.00    0.00   86.21
20:42:30     all    5.31    0.00    5.04    0.00    0.00    2.92    0.00    0.00    0.00   86.74
20:42:31     all    5.99    0.00    5.73    0.00    0.00    3.12    0.00    0.00    0.00   85.16
20:42:32     all    4.72    0.00    6.30    0.00    0.00    3.15    0.00    0.00    0.00   85.83
20:42:33     all    4.71    0.00    6.54    0.00    0.00    3.14    0.00    0.00    0.00   85.60
20:42:34     all    5.29    0.00    5.29    0.00    0.00    3.17    0.00    0.00    0.00   86.24
20:42:35     all    5.50    0.00    6.28    0.00    0.00    2.88    0.00    0.00    0.00   85.34
20:42:36     all    6.44    0.00    9.02    0.00    0.00    3.61    0.00    0.00    0.00   80.93
20:42:37     all    9.65    0.00   11.80    0.00    0.00    7.24    0.00    0.00    0.00   71.31
20:42:38     all   10.64    0.00   12.23    0.00    0.00    8.24    0.27    0.00    0.00   68.62
20:42:39     all   10.82    0.00   12.93    0.00    0.00    7.39    0.00    0.00    0.00   68.87
20:42:40     all   11.78    0.00   12.30    0.00    0.00    8.12    0.00    0.00    0.00   67.80
20:42:41     all   11.81    0.00   13.12    0.00    0.00    7.35    0.00    0.00    0.00   67.72
20:42:42     all   11.46    0.00   13.28    0.00    0.00    7.55    0.00    0.00    0.00   67.71
20:42:43     all   11.29    0.00   12.07    0.00    0.00    8.66    0.00    0.00    0.00   67.98
20:42:44     all   11.38    0.00   12.70    0.00    0.00    7.14    0.00    0.00    0.00   68.78
20:42:45     all   11.40    0.00   12.95    0.00    0.00    8.03    0.00    0.00    0.00   67.62
20:42:46     all   12.40    0.00   11.87    0.00    0.00    7.65    0.00    0.00    0.00   68.07
20:42:47     all   11.17    0.00   13.25    0.00    0.00    8.05    0.00    0.00    0.00   67.53
20:42:48     all   11.38    0.00   12.43    0.00    0.00    6.88    0.00    0.00    0.00   69.31
20:42:49     all   11.72    0.00   13.02    0.00    0.00    7.55    0.00    0.00    0.00   67.71
20:42:50     all   11.41    0.00   12.47    0.00    0.00    7.16    0.00    0.00    0.00   68.97
20:42:51     all   10.64    0.00   12.50    0.00    0.00    7.71    0.00    0.00    0.00   69.15
20:42:52     all   10.93    0.00   12.80    0.00    0.00    7.73    0.00    0.00    0.00   68.53
20:42:53     all   11.17    0.00   13.25    0.00    0.00    8.31    0.00    0.00    0.00   67.27
20:42:54     all   10.99    0.00   13.09    0.00    0.00    8.12    0.00    0.00    0.00   67.80
20:42:55     all   10.79    0.00   12.89    0.00    0.00    8.16    0.00    0.00    0.00   68.16
20:42:56     all   10.58    0.00   13.49    0.00    0.00    7.94    0.00    0.00    0.00   67.99
20:42:57     all   11.43    0.00   12.73    0.00    0.00    8.57    0.00    0.00    0.00   67.27
20:42:58     all   12.17    0.00   12.17    0.00    0.00    7.67    0.00    0.00    0.00   67.99
20:42:59     all   10.64    0.00   13.03    0.00    0.00    7.71    0.00    0.00    0.00   68.62
20:43:00     all   11.02    0.00   12.86    0.00    0.00    8.14    0.00    0.00    0.00   67.98
20:43:01     all   10.53    0.00   13.68    0.00    0.00    7.37    0.00    0.00    0.00   68.42
20:43:02     all   11.23    0.00   13.32    0.00    0.00    7.57    0.00    0.00    0.00   67.89
20:43:03     all   10.08    0.00   13.26    0.00    0.00    7.69    0.27    0.00    0.00   68.70
20:43:04     all   10.82    0.00   12.66    0.00    0.00    7.92    0.00    0.00    0.00   68.60
20:43:05     all   10.88    0.00   12.73    0.00    0.00    7.16    0.00    0.00    0.00   69.23
20:43:06     all    5.51    0.00   10.76    0.00    0.00    1.57    0.00    0.00    0.00   82.15
20:43:07     all    5.72    0.00   13.62    0.00    0.00    8.72    0.00    0.00    0.00   71.93
20:43:08     all    7.86    0.00   18.43    0.00    0.00   10.84    0.00    0.00    0.00   62.87
20:43:09     all    6.70    0.00   18.50    0.00    0.00   13.14    0.00    0.00    0.00   61.66
20:43:10     all    7.03    0.00   19.19    0.00    0.00   11.08    0.00    0.00    0.00   62.70
20:43:11     all    6.85    0.00   17.53    0.00    0.00   11.78    0.00    0.00    0.00   63.84
20:43:12     all    7.34    0.00   16.58    0.00    0.00   12.23    0.00    0.00    0.00   63.86
20:43:13     all    7.44    0.00   17.91    0.00    0.00   11.29    0.00    0.00    0.00   63.36
20:43:14     all    7.10    0.00   19.67    0.00    0.00    9.84    0.00    0.00    0.00   63.39
20:43:15     all    7.38    0.00   18.85    0.00    0.00   10.93    0.27    0.00    0.00   62.57
20:43:16     all    6.59    0.00   19.23    0.00    0.00   11.54    0.00    0.00    0.00   62.64
20:43:17     all    7.88    0.00   19.84    0.00    0.00   10.33    0.00    0.00    0.00   61.96
20:43:18     all    7.40    0.00   17.53    0.00    0.00   12.33    0.00    0.00    0.00   62.74
20:43:19     all    6.37    0.00   18.56    0.00    0.00   12.47    0.00    0.00    0.00   62.60
20:43:20     all    6.63    0.00   18.51    0.00    0.00   11.33    0.00    0.00    0.00   63.54
20:43:21     all    7.55    0.00   18.06    0.00    0.00   12.13    0.00    0.00    0.00   62.26
20:43:22     all    7.52    0.00   17.83    0.00    0.00   11.14    0.00    0.00    0.00   63.51
20:43:23     all   21.12    0.00   18.45    0.00    0.00   10.16    0.00    0.00    0.00   50.27
20:43:24     all    7.88    0.00   17.93    0.00    0.00   10.87    0.00    0.00    0.00   63.32
20:43:25     all    7.14    0.00   18.41    0.00    0.00   11.26    0.00    0.00    0.00   63.19
20:43:26     all    8.20    0.00   17.76    0.00    0.00   12.02    0.00    0.00    0.00   62.02
20:43:27     all    6.85    0.00   18.08    0.00    0.00   12.60    0.27    0.00    0.00   62.19
20:43:28     all    7.05    0.00   17.89    0.27    0.00   11.38    0.00    0.00    0.00   63.41
20:43:29     all    7.18    0.00   18.51    0.00    0.00   10.50    0.00    0.00    0.00   63.81
20:43:30     all    7.99    0.00   17.36    0.00    0.00   10.74    0.00    0.00    0.00   63.91
20:43:31     all    6.28    0.00   18.03    0.00    0.00   12.57    0.00    0.00    0.00   63.11
20:43:32     all    7.32    0.00   18.70    0.00    0.00   11.11    0.00    0.00    0.00   62.87
20:43:33     all    7.59    0.00   18.16    0.00    0.00   10.57    0.00    0.00    0.00   63.69
20:43:34     all    6.79    0.00   17.93    0.00    0.00   11.68    0.00    0.00    0.00   63.59
20:43:35     all    6.63    0.00   17.96    0.00    0.00   11.60    0.00    0.00    0.00   63.81
20:43:36     all    6.68    0.00   15.24    0.00    0.00    7.75    0.00    0.00    0.00   70.32
20:43:37     all    7.63    0.00   16.89    0.00    0.00    7.63    0.00    0.00    0.00   67.85
20:43:38     all    8.68    0.00   20.26    0.00    0.00   11.58    0.00    0.00    0.00   59.47
20:43:39     all    7.63    0.00   17.98    0.00    0.00   11.99    0.00    0.00    0.00   62.40
20:43:40     all    7.92    0.00   18.03    0.00    0.00   11.75    0.27    0.00    0.00   62.02
20:43:41     all    7.76    0.00   17.17    0.00    0.00   11.91    0.00    0.00    0.00   63.16
20:43:42     all    7.07    0.00   18.48    0.00    0.00   11.68    0.00    0.00    0.00   62.77
20:43:43     all    7.20    0.00   18.84    0.00    0.00   11.36    0.00    0.00    0.00   62.60
20:43:44     all    7.97    0.00   18.96    0.00    0.00   11.26    0.00    0.00    0.00   61.81
20:43:45     all    6.91    0.00   18.23    0.00    0.00   11.05    0.00    0.00    0.00   63.81
20:43:46     all    7.48    0.00   18.56    0.00    0.00   10.80    0.00    0.00    0.00   63.16
20:43:47     all    7.88    0.00   17.93    0.00    0.00   12.23    0.00    0.00    0.00   61.96
20:43:48     all    7.46    0.00   18.23    0.00    0.00   10.77    0.00    0.00    0.00   63.54
20:43:49     all    7.67    0.00   18.08    0.00    0.00   11.78    0.00    0.00    0.00   62.47
20:43:50     all    7.46    0.00   18.51    0.00    0.00   11.05    0.00    0.00    0.00   62.98
20:43:51     all    6.91    0.00   16.30    0.00    0.00   12.15    0.00    0.00    0.00   64.64
20:43:52     all    6.74    0.00   18.26    0.00    0.00   10.39    0.00    0.00    0.00   64.61
20:43:53     all    7.08    0.00   18.53    0.00    0.00   11.44    0.27    0.00    0.00   62.67
20:43:54     all    7.16    0.00   18.46    0.00    0.00   11.02    0.00    0.00    0.00   63.36
20:43:55     all    6.87    0.00   19.23    0.00    0.00   11.54    0.00    0.00    0.00   62.36
20:43:56     all    7.59    0.00   19.24    0.00    0.00   12.20    0.00    0.00    0.00   60.98
20:43:57     all    6.91    0.00   17.40    0.00    0.00   11.60    0.00    0.00    0.00   64.09
20:43:58     all    7.52    0.00   19.22    0.00    0.00   10.31    0.00    0.00    0.00   62.95
20:43:59     all    8.01    0.00   17.96    0.00    0.00   10.77    0.00    0.00    0.00   63.26
20:44:00     all    6.84    0.00   19.66    0.00    0.00    9.12    0.00    0.00    0.00   64.39
20:44:01     all    6.63    0.00   18.23    0.00    0.00   11.05    0.00    0.00    0.00   64.09
20:44:02     all    7.65    0.00   18.85    0.00    0.00   10.38    0.00    0.00    0.00   63.11
20:44:03     all    7.63    0.00   17.98    0.00    0.00   11.99    0.00    0.00    0.00   62.40
20:44:04     all    7.69    0.00   18.68    0.00    0.00   11.26    0.00    0.00    0.00   62.36
20:44:05     all    7.36    0.00   18.53    0.00    0.00   10.90    0.00    0.00    0.00   63.22
20:44:06     all    7.01    0.00   14.56    0.00    0.00    8.36    0.00    0.00    0.00   70.08
20:44:07     all    7.61    0.00   17.39    0.00    0.00   10.87    0.00    0.00    0.00   64.13
20:44:08     all    7.49    0.00   18.45    0.00    0.00   12.30    0.00    0.00    0.00   61.76
20:44:09     all    7.65    0.00   17.76    0.00    0.00   11.75    0.00    0.00    0.00   62.84
20:44:10     all    7.34    0.00   19.02    0.00    0.00   10.87    0.00    0.00    0.00   62.77
20:44:11     all    7.59    0.00   18.70    0.27    0.00   11.65    0.00    0.00    0.00   61.79
20:44:12     all    7.90    0.00   17.44    0.00    0.00   11.17    0.00    0.00    0.00   63.49
20:44:13     all    7.44    0.00   17.91    0.00    0.00   11.29    0.00    0.00    0.00   63.36
20:44:14     all    7.63    0.00   19.35    0.00    0.00   11.44    0.00    0.00    0.00   61.58
20:44:15     all    6.89    0.00   17.63    0.00    0.00   11.85    0.00    0.00    0.00   63.64
20:44:16     all    7.92    0.00   18.31    0.00    0.00   12.02    0.00    0.00    0.00   61.75
20:44:17     all    6.91    0.00   18.23    0.00    0.00   11.60    0.00    0.00    0.00   63.26
20:44:18     all    7.12    0.00   17.81    0.00    0.00   12.33    0.00    0.00    0.00   62.74
20:44:19     all    6.91    0.00   18.78    0.00    0.00   11.88    0.00    0.00    0.00   62.43
20:44:20     all    7.42    0.00   17.86    0.00    0.00   12.36    0.00    0.00    0.00   62.36
20:44:21     all    7.20    0.00   18.01    0.00    0.00   11.91    0.00    0.00    0.00   62.88
20:44:22     all    6.85    0.00   18.63    0.00    0.00   12.05    0.27    0.00    0.00   62.19
20:44:23     all    7.40    0.00   18.63    0.00    0.00   10.96    0.00    0.00    0.00   63.01
20:44:24     all   15.00    0.00   20.28    0.00    0.00   11.11    0.00    0.00    0.00   53.61
20:44:25     all   18.03    0.00   21.31    0.00    0.00   11.48    0.00    0.00    0.00   49.18
20:44:26     all    7.90    0.00   18.53    0.00    0.00   10.90    0.00    0.00    0.00   62.67
20:44:27     all    6.83    0.00   18.31    0.00    0.00   13.11    0.00    0.00    0.00   61.75
20:44:28     all    7.92    0.00   18.03    0.00    0.00   12.84    0.00    0.00    0.00   61.20
20:44:29     all    8.13    0.00   17.89    0.00    0.00   13.28    0.00    0.00    0.00   60.70
20:44:30     all    7.71    0.00   18.46    0.00    0.00   11.85    0.00    0.00    0.00   61.98
20:44:31     all    7.57    0.00   18.92    0.00    0.00   11.62    0.00    0.00    0.00   61.89
20:44:32     all    7.84    0.00   17.57    0.00    0.00   11.89    0.00    0.00    0.00   62.70
20:44:33     all    7.71    0.00   18.73    0.00    0.00   11.29    0.00    0.00    0.00   62.26
20:44:34     all    7.26    0.00   19.35    0.00    0.00   12.37    0.00    0.00    0.00   61.02
20:44:35     all    7.48    0.00   17.17    0.00    0.00   12.47    0.00    0.00    0.00   62.88
20:44:36     all    6.10    0.00   14.59    0.00    0.00    8.49    0.00    0.00    0.00   70.82
20:44:37     all    6.86    0.00   16.89    0.00    0.00    9.76    0.00    0.00    0.00   66.49
20:44:38     all    7.22    0.00   18.72    0.00    0.00   10.16    0.00    0.00    0.00   63.90
20:44:39     all    6.83    0.00   19.40    0.00    0.00   10.93    0.00    0.00    0.00   62.84
20:44:40     all    7.16    0.00   17.36    0.00    0.00   11.29    0.00    0.00    0.00   64.19
20:44:41     all    6.32    0.00   17.31    0.00    0.00   12.09    0.00    0.00    0.00   64.29
20:44:42     all    6.89    0.00   19.01    0.00    0.00   11.85    0.00    0.00    0.00   62.26
20:44:43     all    7.14    0.00   18.68    0.00    0.00   11.54    0.00    0.00    0.00   62.64
20:44:44     all    7.05    0.00   19.24    0.00    0.00   12.20    0.00    0.00    0.00   61.52
20:44:45     all    6.67    0.00   17.22    0.00    0.00   11.94    0.00    0.00    0.00   64.17
20:44:46     all    6.32    0.00   19.23    0.00    0.00   12.09    0.00    0.00    0.00   62.36
20:44:47     all    7.08    0.00   19.07    0.00    0.00   10.63    0.00    0.00    0.00   63.22
20:44:48     all    7.73    0.00   18.23    0.00    0.00   11.33    0.00    0.00    0.00   62.71
20:44:49     all    7.34    0.00   19.29    0.00    0.00   11.96    0.00    0.00    0.00   61.41
20:44:50     all    7.42    0.00   19.51    0.00    0.00   10.99    0.00    0.00    0.00   62.09
20:44:51     all    8.45    0.00   17.71    0.00    0.00   11.72    0.00    0.00    0.00   62.13
20:44:52     all    7.36    0.00   18.53    0.00    0.00   11.99    0.27    0.00    0.00   61.85
20:44:53     all    6.08    0.00   18.23    0.00    0.00   11.60    0.00    0.00    0.00   64.09
20:44:54     all    7.73    0.00   18.51    0.00    0.00   10.77    0.00    0.00    0.00   62.98
20:44:55     all    7.20    0.00   18.56    0.00    0.00   11.36    0.00    0.00    0.00   62.88
20:44:56     all    7.12    0.00   18.08    0.00    0.00   12.05    0.00    0.00    0.00   62.74
20:44:57     all    6.87    0.00   18.41    0.00    0.00   11.26    0.00    0.00    0.00   63.46
20:44:58     all    6.58    0.00   19.18    0.00    0.00   12.05    0.00    0.00    0.00   62.19
20:44:59     all    7.99    0.00   17.36    0.00    0.00   11.57    0.00    0.00    0.00   63.09
20:45:00     all    7.55    0.00   17.52    0.00    0.00   12.40    0.00    0.00    0.00   62.53
20:45:01     all    6.91    0.00   19.61    0.00    0.00   11.05    0.00    0.00    0.00   62.43
20:45:02     all    7.46    0.00   18.23    0.00    0.00   10.50    0.00    0.00    0.00   63.81
20:45:03     all    7.63    0.00   18.26    0.00    0.00   11.99    0.00    0.00    0.00   62.13
20:45:04     all    7.61    0.00   18.21    0.00    0.00   11.41    0.00    0.00    0.00   62.77
20:45:05     all    6.83    0.00   18.85    0.00    0.00   11.20    0.00    0.00    0.00   63.11
20:45:06     all    2.32    0.00    6.19    0.00    0.00    4.12    0.00    0.00    0.00   87.37
20:45:07     all    0.51    0.00    1.28    0.26    0.00    1.02    0.00    0.00    0.00   96.93
20:45:08     all    1.26    0.00    3.02    0.25    0.00    2.77    0.25    0.00    0.00   92.44
20:45:09     all    1.79    0.00    2.81    0.00    0.00    3.32    0.00    0.00    0.00   92.09
20:45:10     all    2.27    0.00    4.03    0.00    0.00    3.02    0.00    0.00    0.00   90.68
20:45:11     all    1.54    0.00    2.57    0.00    0.00    2.83    0.00    0.00    0.00   93.06
20:45:12     all    2.03    0.00    3.29    0.00    0.00    3.29    0.00    0.00    0.00   91.39
20:45:13     all    1.53    0.00    3.06    0.00    0.00    3.06    0.00    0.00    0.00   92.35
20:45:14     all    1.78    0.00    3.30    0.00    0.00    3.30    0.00    0.00    0.00   91.62
20:45:15     all    2.30    0.00    2.81    0.00    0.00    2.81    0.00    0.00    0.00   92.07
20:45:16     all    2.03    0.00    2.78    0.00    0.00    3.80    0.00    0.00    0.00   91.39
20:45:17     all    2.04    0.00    3.32    0.00    0.00    2.81    0.00    0.00    0.00   91.84
20:45:18     all    2.04    0.00    3.31    0.00    0.00    2.80    0.00    0.00    0.00   91.86
20:45:19     all    2.04    0.00    3.32    0.00    0.00    2.55    0.00    0.00    0.00   92.09
20:45:20     all    1.53    0.00    3.07    0.00    0.00    2.81    0.00    0.00    0.00   92.58
20:45:21     all    2.28    0.00    3.54    0.00    0.00    2.78    0.00    0.00    0.00   91.39
20:45:22     all    1.79    0.00    3.32    0.00    0.00    2.56    0.00    0.00    0.00   92.33
20:45:23     all    2.03    0.00    2.79    0.00    0.00    3.05    0.00    0.00    0.00   92.13
20:45:24     all    2.28    0.00    3.30    0.00    0.00    3.05    0.00    0.00    0.00   91.37
20:45:25     all    3.05    0.00    2.79    0.00    0.00    3.05    0.00    0.00    0.00   91.12
20:45:26     all   13.51    0.00    6.23    0.00    0.00    1.30    0.00    0.00    0.00   78.96
20:45:27     all    2.53    0.00    2.78    0.00    0.00    2.78    0.00    0.00    0.00   91.90
20:45:28     all    2.53    0.00    2.78    0.00    0.00    3.04    0.00    0.00    0.00   91.65
20:45:29     all    2.28    0.00    3.05    0.00    0.00    3.05    0.00    0.00    0.00   91.62
20:45:30     all    2.04    0.00    3.06    0.00    0.00    2.55    0.00    0.00    0.00   92.35
20:45:31     all    2.54    0.00    2.79    0.00    0.00    2.54    0.25    0.00    0.00   91.88
20:45:32     all    2.05    0.00    3.33    0.00    0.00    2.05    0.00    0.00    0.00   92.56
20:45:33     all    2.28    0.00    3.81    0.00    0.00    2.28    0.00    0.00    0.00   91.62
20:45:34     all    1.78    0.00    3.30    0.00    0.00    3.05    0.25    0.00    0.00   91.62
20:45:35     all    2.28    0.00    3.29    0.00    0.00    2.78    0.00    0.00    0.00   91.65
20:45:36     all    1.00    0.00    2.51    0.00    0.00    1.75    0.00    0.00    0.00   94.74
20:45:37     all    2.78    0.00    2.28    0.00    0.00    1.77    0.00    0.00    0.00   93.16
20:45:38     all    2.58    0.00    3.87    0.00    0.00    4.12    0.00    0.00    0.00   89.43
20:45:39     all    1.55    0.00    2.58    0.00    0.00    2.58    0.00    0.00    0.00   93.28
20:45:40     all    1.77    0.00    3.54    0.00    0.00    4.30    0.00    0.00    0.00   90.38
20:45:41     all    1.79    0.00    3.57    0.00    0.00    3.32    0.00    0.00    0.00   91.33
20:45:42     all    1.04    0.00    3.66    0.00    0.00    2.35    0.00    0.00    0.00   92.95
20:45:43     all    1.30    0.00    3.64    0.00    0.00    2.60    0.00    0.00    0.00   92.47
20:45:44     all    1.80    0.00    3.86    0.00    0.00    2.83    0.00    0.00    0.00   91.52
20:45:45     all    1.55    0.00    3.61    0.00    0.00    3.09    0.00    0.00    0.00   91.75
20:45:46     all    1.79    0.00    3.32    0.00    0.00    3.83    0.00    0.00    0.00   91.07
20:45:47     all    1.28    0.00    4.08    0.00    0.00    3.32    0.00    0.00    0.00   91.33
20:45:48     all    1.53    0.00    3.32    0.00    0.00    3.57    0.00    0.00    0.00   91.58
20:45:49     all    1.53    0.00    4.08    0.00    0.00    3.06    0.00    0.00    0.00   91.33
20:45:50     all    1.04    0.00    3.37    0.00    0.00    2.59    0.00    0.00    0.00   93.01
20:45:51     all    1.78    0.00    4.07    0.00    0.00    3.05    0.00    0.00    0.00   91.09
20:45:52     all    1.79    0.00    4.08    0.00    0.00    3.32    0.00    0.00    0.00   90.82
20:45:53     all    1.28    0.00    4.59    0.00    0.00    3.32    0.26    0.00    0.00   90.56
20:45:54     all    1.53    0.00    4.09    0.00    0.00    3.84    0.00    0.00    0.00   90.54
20:45:55     all    1.27    0.00    3.56    0.00    0.00    4.07    0.00    0.00    0.00   91.09
20:45:56     all    1.29    0.00    3.87    0.00    0.00    2.58    0.00    0.00    0.00   92.27
20:45:57     all    1.28    0.00    3.85    0.26    0.00    3.59    0.00    0.00    0.00   91.03
20:45:58     all    1.27    0.00    3.82    0.00    0.00    4.33    0.00    0.00    0.00   90.59
20:45:59     all    1.78    0.00    4.33    0.00    0.00    3.82    0.00    0.00    0.00   90.08
20:46:00     all    1.03    0.00    3.33    0.00    0.00    3.33    0.00    0.00    0.00   92.31
20:46:01     all    1.53    0.00    3.56    0.00    0.00    3.56    0.00    0.00    0.00   91.35
20:46:02     all    1.53    0.00    4.09    0.00    0.00    3.32    0.00    0.00    0.00   91.05
20:46:03     all    2.29    0.00    4.33    0.00    0.00    3.05    0.00    0.00    0.00   90.33
20:46:04     all    2.04    0.00    4.59    0.00    0.00    2.81    0.00    0.00    0.00   90.56
20:46:05     all    1.53    0.00    4.58    0.00    0.00    3.56    0.00    0.00    0.00   90.33
20:46:06     all    1.26    0.00    3.78    0.00    0.00    1.76    0.00    0.00    0.00   93.20
20:46:07     all    4.03    0.00    1.51    0.00    0.00    1.26    0.00    0.00    0.00   93.20
20:46:08     all   10.97    0.00    4.59    0.00    0.00    3.83    0.00    0.00    0.00   80.61
20:46:09     all    5.15    0.00    3.35    0.00    0.00    2.84    0.00    0.00    0.00   88.66
20:46:10     all    2.51    0.00    5.01    0.00    0.00    1.00    0.00    0.00    0.00   91.48
20:46:11     all   20.95    0.00   65.84    0.00    0.00   13.22    0.00    0.00    0.00    0.00
20:46:12     all   17.54    0.00   68.17    0.00    0.00   14.29    0.00    0.00    0.00    0.00
20:46:13     all   18.50    0.00   67.00    0.00    0.00   14.50    0.00    0.00    0.00    0.00
20:46:14     all   18.25    0.00   67.25    0.00    0.00   14.50    0.00    0.00    0.00    0.00
20:46:15     all   18.75    0.00   66.75    0.00    0.00   14.50    0.00    0.00    0.00    0.00
20:46:16     all   18.20    0.00   66.83    0.00    0.00   14.96    0.00    0.00    0.00    0.00
20:46:17     all   19.00    0.00   66.75    0.00    0.00   14.25    0.00    0.00    0.00    0.00
20:46:18     all   19.50    0.00   66.50    0.00    0.00   14.00    0.00    0.00    0.00    0.00
20:46:19     all   18.34    0.00   67.34    0.00    0.00   14.32    0.00    0.00    0.00    0.00
20:46:20     all   18.91    0.00   66.92    0.00    0.00   14.18    0.00    0.00    0.00    0.00
20:46:21     all   18.55    0.00   66.67    0.00    0.00   14.79    0.00    0.00    0.00    0.00
20:46:22     all   18.66    0.00   66.67    0.00    0.00   14.68    0.00    0.00    0.00    0.00
20:46:23     all   19.00    0.00   66.25    0.00    0.00   14.75    0.00    0.00    0.00    0.00
20:46:24     all   19.05    0.00   67.17    0.00    0.00   13.78    0.00    0.00    0.00    0.00
20:46:25     all   18.55    0.00   66.92    0.00    0.00   14.54    0.00    0.00    0.00    0.00
20:46:26     all   19.50    0.00   66.50    0.00    0.00   14.00    0.00    0.00    0.00    0.00
20:46:27     all   26.87    0.00   59.70    0.00    0.00   13.18    0.00    0.00    0.00    0.25
20:46:28     all   23.00    0.00   62.75    0.00    0.00   14.25    0.00    0.00    0.00    0.00
20:46:29     all   18.55    0.00   66.42    0.00    0.00   15.04    0.00    0.00    0.00    0.00
20:46:30     all   18.95    0.00   66.08    0.00    0.00   14.96    0.00    0.00    0.00    0.00
20:46:31     all   19.90    0.00   65.92    0.00    0.00   14.18    0.00    0.00    0.00    0.00
20:46:32     all   17.59    0.00   67.84    0.00    0.00   14.57    0.00    0.00    0.00    0.00
20:46:33     all   17.75    0.00   66.75    0.00    0.00   15.50    0.00    0.00    0.00    0.00
20:46:34     all   19.20    0.00   66.33    0.00    0.00   14.46    0.00    0.00    0.00    0.00
20:46:35     all   18.20    0.00   67.33    0.00    0.00   14.46    0.00    0.00    0.00    0.00
20:46:36     all   19.00    0.00   65.75    0.00    0.00   15.25    0.00    0.00    0.00    0.00
