Running 30s test @ http://10.116.0.2:8080/json
  4 threads and 256 connections
  Thread calibration: mean lat.: 2178.747ms, rate sampling interval: 8118ms
  Thread calibration: mean lat.: 2183.252ms, rate sampling interval: 8155ms
  Thread calibration: mean lat.: 2146.975ms, rate sampling interval: 8024ms
  Thread calibration: mean lat.: 2235.444ms, rate sampling interval: 7839ms
  Thread Stats   Avg      Stdev     Max   +/- Stdev
    Latency     8.94s     2.78s   15.75s    61.27%
    Req/Sec    13.49k   107.03    13.64k    50.00%
  Latency Distribution (HdrHistogram - Recorded Latency)
 50.000%    8.87s 
 75.000%   11.09s 
 90.000%   12.80s 
 99.000%   14.78s 
 99.900%   15.39s 
 99.990%   15.65s 
 99.999%   15.75s 
100.000%   15.76s 

  Detailed Percentile spectrum:
       Value   Percentile   TotalCount 1/(1-Percentile)

    3526.655     0.000000            1         1.00
    5279.743     0.100000       106324         1.11
    6160.383     0.200000       212803         1.25
    7053.311     0.300000       318886         1.43
    7950.335     0.400000       424966         1.67
    8871.935     0.500000       531758         2.00
    9314.303     0.550000       584456         2.22
    9756.671     0.600000       637793         2.50
   10190.847     0.650000       690873         2.86
   10633.215     0.700000       744088         3.33
   11091.967     0.750000       797234         4.00
   11337.727     0.775000       823872         4.44
   11591.679     0.800000       850133         5.00
   11853.823     0.825000       876348         5.71
   12140.543     0.850000       902739         6.67
   12460.031     0.875000       929751         8.00
   12623.871     0.887500       942592         8.89
   12804.095     0.900000       956295        10.00
   12984.319     0.912500       969178        11.43
   13189.119     0.925000       982412        13.33
   13402.111     0.937500       995706        16.00
   13516.799     0.943750      1002306        17.78
   13647.871     0.950000      1009375        20.00
   13770.751     0.956250      1015652        22.86
   13918.207     0.962500      1022210        26.67
   14082.047     0.968750      1029169        32.00
   14163.967     0.971875      1032306        35.56
   14254.079     0.975000      1035744        40.00
   14335.999     0.978125      1038821        45.71
   14434.303     0.981250      1042225        53.33
   14540.799     0.984375      1045562        64.00
   14598.143     0.985938      1047156        71.11
   14663.679     0.987500      1048888        80.00
   14737.407     0.989062      1050551        91.43
   14802.943     0.990625      1052111       106.67
   14884.863     0.992188      1053828       128.00
   14925.823     0.992969      1054599       142.22
   14966.783     0.993750      1055404       160.00
   15015.935     0.994531      1056329       182.86
   15056.895     0.995313      1057086       213.33
   15114.239     0.996094      1057984       256.00
   15138.815     0.996484      1058349       284.44
   15171.583     0.996875      1058844       320.00
   15196.159     0.997266      1059160       365.71
   15237.119     0.997656      1059614       426.67
   15269.887     0.998047      1059977       512.00
   15294.463     0.998242      1060242       568.89
   15319.039     0.998437      1060450       640.00
   15335.423     0.998633      1060606       731.43
   15359.999     0.998828      1060796       853.33
   15392.767     0.999023      1061021      1024.00
   15409.151     0.999121      1061122      1137.78
   15433.727     0.999219      1061241      1280.00
   15450.111     0.999316      1061338      1462.86
   15474.687     0.999414      1061424      1706.67
   15499.263     0.999512      1061531      2048.00
   15515.647     0.999561      1061585      2275.56
   15532.031     0.999609      1061638      2560.00
   15548.415     0.999658      1061687      2925.71
   15564.799     0.999707      1061738      3413.33
   15581.183     0.999756      1061782      4096.00
   15597.567     0.999780      1061820      4551.11
   15605.759     0.999805      1061838      5120.00
   15613.951     0.999829      1061859      5851.43
   15630.335     0.999854      1061890      6826.67
   15646.719     0.999878      1061921      8192.00
   15646.719     0.999890      1061921      9102.22
   15654.911     0.999902      1061933     10240.00
   15671.295     0.999915      1061958     11702.86
   15679.487     0.999927      1061968     13653.33
   15687.679     0.999939      1061977     16384.00
   15695.871     0.999945      1061984     18204.44
   15704.063     0.999951      1061990     20480.00
   15712.255     0.999957      1062001     23405.71
   15712.255     0.999963      1062001     27306.67
   15720.447     0.999969      1062009     32768.00
   15720.447     0.999973      1062009     36408.89
   15728.639     0.999976      1062015     40960.00
   15728.639     0.999979      1062015     46811.43
   15736.831     0.999982      1062019     54613.33
   15745.023     0.999985      1062025     65536.00
   15745.023     0.999986      1062025     72817.78
   15745.023     0.999988      1062025     81920.00
   15745.023     0.999989      1062025     93622.86
   15753.215     0.999991      1062032    109226.67
   15753.215     0.999992      1062032    131072.00
   15753.215     0.999993      1062032    145635.56
   15753.215     0.999994      1062032    163840.00
   15753.215     0.999995      1062032    187245.71
   15753.215     0.999995      1062032    218453.33
   15753.215     0.999996      1062032    262144.00
   15761.407     0.999997      1062036    291271.11
   15761.407     1.000000      1062036          inf
#[Mean    =     8943.828, StdDeviation   =     2781.184]
#[Max     =    15753.216, Total count    =      1062036]
#[Buckets =           27, SubBuckets     =         2048]
----------------------------------------------------------
  1607332 requests in 30.00s, 206.94MB read
Requests/sec:  53578.34
Transfer/sec:      6.90MB
