1790887601 141064
1790887602 197972
1790887603 205848
1790887604 213368
1790887605 213712
1790887606 218264
1790887607 218820
1790887608 219220
1790887609 219368
1790887610 219404
1790887612 219412
1790887613 219420
1790887614 219424
1790887615 219432
1790887616 219444
1790887617 219448
1790887618 219464
1790887619 219468
1790887620 219472
1790887621 219472
1790887622 219480
1790887623 219488
1790887624 219496
1790887625 219500
1790887626 219524
1790887627 219532
1790887628 219532
1790887629 219540
1790887630 219560
1790887631 219616
1790887632 222396
1790887633 355608
1790887635 473020
1790887636 473060
1790887637 473080
1790887638 473084
1790887639 473084
1790887640 473200
1790887641 473232
1790887642 473404
1790887643 473460
1790887644 473464
1790887645 473644
1790887646 473656
1790887647 473660
1790887648 473660
1790887649 473720
1790887650 473724
1790887651 473728
1790887652 473864
1790887653 473864
1790887654 473980
1790887655 474012
1790887656 474016
1790887657 474016
1790887658 474032
1790887659 474032
1790887660 474032
1790887662 371488
1790887663 284952
1790887664 278724
1790887665 278736
1790887666 278736
1790887667 278736
1790887668 278736
1790887669 278740
1790887670 278744
1790887671 278744
1790887672 278744
1790887673 278748
1790887674 278752
1790887675 278760
1790887676 278760
1790887677 278764
1790887678 278764
1790887679 278768
1790887680 278772
1790887681 278780
1790887682 278780
1790887683 278780
1790887685 278784
1790887686 278784
1790887687 278784
1790887688 278784
1790887689 278792
1790887690 278796
1790887691 278796
1790887692 271500
1790887693 340296
1790887694 340300
1790887695 340304
1790887696 340312
1790887697 340316
1790887698 340316
1790887699 340324
1790887700 340328
1790887701 340332
1790887702 340336
1790887704 340344
1790887705 340344
1790887706 340348
1790887707 340352
1790887708 340352
1790887709 340356
1790887710 340360
1790887711 340368
1790887712 340368
1790887713 340372
1790887714 340380
1790887715 340380
1790887716 340384
1790887717 340392
1790887718 340392
1790887719 340392
1790887720 340392
1790887722 340396
1790887723 305172
1790887724 305176
1790887725 305180
1790887726 305192
1790887727 305192
1790887728 305200
1790887729 305204
1790887730 305216
1790887731 305216
1790887732 305224
1790887733 305224
1790887734 305236
1790887735 305240
1790887737 305244
1790887738 305248
1790887739 305264
1790887740 305272
1790887741 305280
1790887742 305280
1790887743 305288
1790887744 305292
1790887745 305932
1790887746 305944
1790887747 305944
1790887748 305952
1790887749 305956
1790887750 305960
1790887751 305964
1790887753 263312
1790887754 301048
1790887755 316456
1790887756 316472
1790887757 316480
1790887758 316480
1790887759 316488
1790887760 316488
1790887761 316492
1790887762 316500
1790887763 316504
1790887764 316508
1790887765 316516
1790887766 316520
1790887767 316524
1790887769 316532
1790887770 316536
1790887771 316544
1790887772 316544
1790887773 316560
1790887774 316564
1790887775 316572
1790887776 316576
1790887777 316580
1790887778 316580
1790887779 316584
1790887780 316592
1790887782 316592
1790887783 289824
1790887784 310576
1790887785 310584
1790887786 310592
1790887787 310600
1790887788 310612
1790887789 310620
1790887790 310632
1790887791 310636
1790887792 310644
1790887793 310648
1790887794 310656
1790887795 310664
1790887797 310672
1790887798 310684
1790887799 310696
1790887800 310700
1790887801 310720
1790887802 310728
1790887803 310736
1790887804 310748
1790887805 310752
1790887806 310764
1790887807 310768
1790887808 310776
1790887809 310780
1790887811 310788
1790887812 310796
1790887813 307300
1790887814 307304
1790887815 307316
1790887816 307336
1790887817 337084
1790887818 337092
1790887819 337096
1790887820 337104
1790887821 337116
1790887822 337124
1790887823 337128
1790887824 337136
1790887826 337148
1790887827 337156
1790887828 337160
1790887829 337168
1790887830 337176
1790887831 337188
1790887832 337192
1790887833 337200
1790887834 337212
1790887835 337216
1790887836 337220
1790887837 337232
1790887839 337232
1790887840 337240
1790887841 337252
1790887842 337264
1790887843 337264
1790887844 387464
1790887845 388036
1790887846 388068
1790887847 388116
1790887848 388144
1790887849 388512
1790887850 388756
1790887851 388856
1790887852 388964
1790887853 389052
1790887854 389252
1790887855 389352
1790887856 389384
1790887857 389388
1790887858 389388
1790887859 389392
1790887860 389392
1790887861 389400
1790887862 389412
1790887863 389412
1790887864 389412
1790887866 389412
1790887867 389420
1790887868 389420
1790887869 389420
1790887870 389424
1790887871 389424
1790887872 389488
1790887873 389488
1790887874 557696
1790887875 672592
1790887876 674056
1790887877 674128
1790887878 674344
1790887879 674396
1790887880 674644
1790887881 674660
1790887882 674664
1790887883 674664
1790887884 674668
1790887885 674688
1790887886 674688
1790887888 674692
1790887889 674696
1790887890 674700
1790887891 674724
1790887892 674724
1790887893 674724
1790887894 674724
1790887895 674824
1790887896 674828
1790887897 674828
1790887898 674828
1790887899 674828
1790887900 674828
1790887901 674828
1790887902 674892
1790887903 679604
1790887904 591024
1790887905 680128
1790887907 680608
1790887908 680860
1790887909 680984
1790887910 681692
1790887911 682252
1790887912 683148
1790887913 683164
1790887914 683176
1790887915 683196
1790887916 683208
1790887917 683216
1790887918 683220
1790887919 683232
1790887920 683248
1790887921 683260
1790887922 683288
1790887923 683296
1790887925 683312
1790887926 683332
1790887927 683356
1790887928 683372
1790887929 683372
1790887930 683388
1790887931 683396
1790887932 683456
1790887933 683756
1790887934 592880
1790887935 683220
1790887936 683716
1790887937 683708
1790887938 683736
1790887939 683748
1790887940 683748
1790887941 683788
1790887943 683836
1790887944 683872
1790887945 683872
1790887946 0
