Running 30s test @ http://10.116.0.2:8080/block?ms=100
  4 threads and 2000 connections
  Thread calibration: mean lat.: 2276.905ms, rate sampling interval: 8171ms
  Thread calibration: mean lat.: 2243.384ms, rate sampling interval: 8134ms
  Thread calibration: mean lat.: 2257.690ms, rate sampling interval: 8171ms
  Thread calibration: mean lat.: 2246.481ms, rate sampling interval: 8126ms
  Thread Stats   Avg      Stdev     Max   +/- Stdev
    Latency     8.23s     2.08s   13.27s    59.45%
    Req/Sec     2.65k    11.81     2.67k    62.50%
  Latency Distribution (HdrHistogram - Recorded Latency)
 50.000%    8.22s 
 75.000%   10.00s 
 90.000%   11.04s 
 99.000%   12.09s 
 99.900%   12.51s 
 99.990%   12.85s 
 99.999%   13.14s 
100.000%   13.28s 

  Detailed Percentile spectrum:
       Value   Percentile   TotalCount 1/(1-Percentile)

    3692.543     0.000000            1         1.00
    5390.335     0.100000        18675         1.11
    6143.999     0.200000        37241         1.25
    6819.839     0.300000        55800         1.43
    7487.487     0.400000        74340         1.67
    8224.767     0.500000        92913         2.00
    8577.023     0.550000       102352         2.22
    8929.279     0.600000       111515         2.50
    9281.535     0.650000       120944         2.86
    9650.175     0.700000       130212         3.33
   10002.431     0.750000       139450         4.00
   10166.271     0.775000       144033         4.44
   10346.495     0.800000       148825         5.00
   10518.527     0.825000       153440         5.71
   10682.367     0.850000       157955         6.67
   10862.591     0.875000       162789         8.00
   10952.703     0.887500       165054         8.89
   11042.815     0.900000       167337        10.00
   11149.311     0.912500       169705        11.43
   11255.807     0.925000       171940        13.33
   11370.495     0.937500       174198        16.00
   11436.031     0.943750       175441        17.78
   11501.567     0.950000       176594        20.00
   11567.103     0.956250       177705        22.86
   11640.831     0.962500       178872        26.67
   11722.751     0.968750       180048        32.00
   11771.903     0.971875       180660        35.56
   11812.863     0.975000       181246        40.00
   11862.015     0.978125       181827        45.71
   11911.167     0.981250       182341        53.33
   11968.511     0.984375       182922        64.00
   12001.279     0.985938       183227        71.11
   12034.047     0.987500       183552        80.00
   12066.815     0.989062       183826        91.43
   12107.775     0.990625       184107       106.67
   12140.543     0.992188       184370       128.00
   12165.119     0.992969       184542       142.22
   12189.695     0.993750       184668       160.00
   12214.271     0.994531       184806       182.86
   12247.039     0.995313       184965       213.33
   12279.807     0.996094       185099       256.00
   12304.383     0.996484       185181       284.44
   12320.767     0.996875       185243       320.00
   12345.343     0.997266       185317       365.71
   12369.919     0.997656       185385       426.67
   12402.687     0.998047       185452       512.00
   12419.071     0.998242       185494       568.89
   12443.647     0.998437       185533       640.00
   12460.031     0.998633       185565       731.43
   12484.607     0.998828       185600       853.33
   12509.183     0.999023       185631      1024.00
   12525.567     0.999121       185651      1137.78
   12550.143     0.999219       185667      1280.00
   12574.719     0.999316       185689      1462.86
   12599.295     0.999414       185707      1706.67
   12623.871     0.999512       185725      2048.00
   12640.255     0.999561       185734      2275.56
   12664.831     0.999609       185739      2560.00
   12681.215     0.999658       185748      2925.71
   12697.599     0.999707       185757      3413.33
   12738.559     0.999756       185767      4096.00
   12746.751     0.999780       185771      4551.11
   12763.135     0.999805       185776      5120.00
   12779.519     0.999829       185780      5851.43
   12795.903     0.999854       185784      6826.67
   12828.671     0.999878       185789      8192.00
   12845.055     0.999890       185791      9102.22
   12853.247     0.999902       185793     10240.00
   12886.015     0.999915       185796     11702.86
   12902.399     0.999927       185799     13653.33
   12910.591     0.999939       185801     16384.00
   12910.591     0.999945       185801     18204.44
   12935.167     0.999951       185802     20480.00
   12976.127     0.999957       185804     23405.71
   12984.319     0.999963       185805     27306.67
   12992.511     0.999969       185806     32768.00
   12992.511     0.999973       185806     36408.89
   13000.703     0.999976       185807     40960.00
   13090.815     0.999979       185808     46811.43
   13090.815     0.999982       185808     54613.33
   13139.967     0.999985       185809     65536.00
   13139.967     0.999986       185809     72817.78
   13139.967     0.999988       185809     81920.00
   13189.119     0.999989       185810     93622.86
   13189.119     0.999991       185810    109226.67
   13189.119     0.999992       185810    131072.00
   13189.119     0.999993       185810    145635.56
   13189.119     0.999994       185810    163840.00
   13279.231     0.999995       185811    187245.71
   13279.231     1.000000       185811          inf
#[Mean    =     8228.603, StdDeviation   =     2078.685]
#[Max     =    13271.040, Total count    =       185811]
#[Buckets =           27, SubBuckets     =         2048]
----------------------------------------------------------
  303732 requests in 30.00s, 35.34MB read
Requests/sec:  10123.51
Transfer/sec:      1.18MB
