Linux 6.8.0-142-generic (cafeai-bench-server) 	10/01/26 	_x86_64_	(4 CPU)

20:46:41     CPU    %usr   %nice    %sys %iowait    %irq   %soft  %steal  %guest  %gnice   %idle
20:46:42     all   63.93    0.00    5.47    0.00    0.00    1.74    0.00    0.00    0.00   28.86
20:46:43     all   87.97    0.00    7.27    0.00    0.00    4.01    0.00    0.00    0.00    0.75
20:46:44     all   82.37    0.00   12.09    0.00    0.00    4.79    0.00    0.00    0.00    0.76
20:46:45     all   82.50    0.00   11.50    0.00    0.00    5.00    0.00    0.00    0.00    1.00
20:46:46     all   79.05    0.00   13.47    0.00    0.00    5.99    0.25    0.00    0.00    1.25
20:46:47     all   71.75    0.00   17.50    0.00    0.00    9.00    0.00    0.00    0.00    1.75
20:46:48     all   67.84    0.00   19.85    0.00    0.00    9.80    0.00    0.00    0.00    2.51
20:46:49     all   56.57    0.00   27.78    0.00    0.00   11.62    0.00    0.00    0.00    4.04
20:46:50     all   29.80    0.00   17.98    0.00    0.00    5.42    0.00    0.00    0.00   46.80
20:46:51     all   20.84    0.00   15.04    0.00    0.00    5.01    0.00    0.00    0.00   59.10
20:46:52     all   23.82    0.00   16.38    0.00    0.00    5.96    0.25    0.00    0.00   53.60
20:46:53     all   23.33    0.00   14.87    0.00    0.00    4.87    0.00    0.00    0.00   56.92
20:46:54     all   24.88    0.00   17.32    0.00    0.00    6.10    0.00    0.00    0.00   51.71
20:46:55     all   24.01    0.00   15.59    0.00    0.00    6.19    0.25    0.00    0.00   53.96
20:46:56     all   24.34    0.00   17.66    0.00    0.00    5.97    0.48    0.00    0.00   51.55
20:46:57     all   24.14    0.00   16.75    0.00    0.00    5.67    0.00    0.00    0.00   53.45
20:46:58     all   25.24    0.00   16.75    0.00    0.00    5.58    0.00    0.00    0.00   52.43
20:46:59     all   21.97    0.00   15.40    0.00    0.00    6.57    0.00    0.00    0.00   56.06
20:47:00     all   25.71    0.00   18.33    0.00    0.00    5.95    0.00    0.00    0.00   50.00
20:47:01     all   23.44    0.00   17.21    0.00    0.00    5.24    0.25    0.00    0.00   53.87
20:47:02     all   23.46    0.00   15.80    0.00    0.00    6.42    0.25    0.00    0.00   54.07
20:47:03     all   21.71    0.00   15.25    0.00    0.00    4.65    0.00    0.00    0.00   58.40
20:47:04     all   24.69    0.00   15.80    0.00    0.00    4.94    0.25    0.00    0.00   54.32
20:47:05     all   25.00    0.00   17.48    0.00    0.00    5.10    0.24    0.00    0.00   52.18
20:47:06     all   22.36    0.00   17.44    0.00    0.00    5.41    0.00    0.00    0.00   54.79
20:47:07     all   22.44    0.00   16.71    0.00    0.00    5.99    0.00    0.00    0.00   54.86
20:47:08     all   24.09    0.00   17.52    0.00    0.00    5.11    0.00    0.00    0.00   53.28
20:47:09     all   23.37    0.00   15.58    0.00    0.00    5.28    0.00    0.00    0.00   55.78
20:47:10     all   22.75    0.00   15.75    0.00    0.00    6.00    0.25    0.00    0.00   55.25
20:47:11     all   26.11    0.00   18.65    0.00    0.00    5.59    0.23    0.00    0.00   49.42
20:47:12     all    8.87    0.00    5.91    0.00    0.00    1.48    0.25    0.00    0.00   83.50
20:47:13     all   52.88    0.00    5.26    0.00    0.00    2.26    0.00    0.00    0.00   39.60
20:47:14     all   73.87    0.00    8.79    0.00    0.00    4.27    0.25    0.00    0.00   12.81
20:47:15     all   39.24    0.00   10.89    0.00    0.00    4.56    0.00    0.00    0.00   45.32
20:47:16     all   19.49    0.00   12.05    0.00    0.00    3.59    0.00    0.00    0.00   64.87
20:47:17     all   23.41    0.00   12.47    0.00    0.00    3.82    0.00    0.00    0.00   60.31
20:47:18     all   20.00    0.00   12.56    0.00    0.00    3.59    0.00    0.00    0.00   63.85
20:47:19     all   20.51    0.00   12.41    0.00    0.00    3.80    0.00    0.00    0.00   63.29
20:47:20     all   20.20    0.00   12.28    0.00    0.00    3.84    0.00    0.00    0.00   63.68
20:47:21     all   19.64    0.00   12.66    0.00    0.00    2.84    0.00    0.00    0.00   64.86
20:47:22     all   20.35    0.00   13.32    0.00    0.00    3.52    0.00    0.00    0.00   62.81
20:47:23     all   19.32    0.00   12.53    0.00    0.00    3.13    0.26    0.00    0.00   64.75
20:47:24     all   21.63    0.00   13.23    0.00    0.00    3.31    0.00    0.00    0.00   61.83
20:47:25     all   16.54    0.00   13.49    0.51    0.00    3.31    0.25    0.00    0.00   65.90
20:47:26     all   21.16    0.00   11.59    0.00    0.00    3.53    0.25    0.00    0.00   63.48
20:47:27     all   18.78    0.00   11.17    0.00    0.00    3.55    0.25    0.00    0.00   66.24
20:47:28     all   18.67    0.00   11.51    0.00    0.00    3.32    0.00    0.00    0.00   66.50
20:47:29     all   17.44    0.00   11.03    0.00    0.00    3.59    0.00    0.00    0.00   67.95
20:47:30     all   16.50    0.00   10.66    0.00    0.00    3.55    0.00    0.00    0.00   69.29
20:47:31     all   17.01    0.00   11.93    0.00    0.00    3.05    0.00    0.00    0.00   68.02
20:47:32     all   17.77    0.00   10.66    0.00    0.00    3.55    0.00    0.00    0.00   68.02
20:47:33     all   16.75    0.00   10.66    0.00    0.00    3.30    0.00    0.00    0.00   69.29
20:47:34     all   17.13    0.00   11.34    0.00    0.00    3.53    0.00    0.00    0.00   68.01
20:47:35     all   15.38    0.00   10.00    0.00    0.00    2.56    0.00    0.00    0.00   72.05
20:47:36     all   17.74    0.00    9.51    0.00    0.00    3.08    0.00    0.00    0.00   69.67
20:47:37     all   16.11    0.00   10.49    0.00    0.00    3.58    0.00    0.00    0.00   69.82
20:47:38     all   16.04    0.00   11.03    0.00    0.00    4.01    0.00    0.00    0.00   68.92
20:47:39     all   16.62    0.00   10.49    0.00    0.00    3.32    0.26    0.00    0.00   69.31
20:47:40     all   14.47    0.00   10.15    0.00    0.00    3.55    0.00    0.00    0.00   71.83
20:47:41     all   16.75    0.00   10.41    0.00    0.00    3.30    0.00    0.00    0.00   69.54
20:47:42     all   16.75    0.00   10.50    0.00    0.00    3.00    0.00    0.00    0.00   69.75
20:47:43     all   27.05    0.00   14.25    0.00    0.00    4.35    0.48    0.00    0.00   53.86
20:47:44     all   30.56    0.00   15.89    0.00    0.00    4.40    0.24    0.00    0.00   48.90
20:47:45     all   29.27    0.00   17.56    0.00    0.00    4.63    0.00    0.00    0.00   48.54
20:47:46     all   27.91    0.00   17.23    0.00    0.00    4.13    0.00    0.00    0.00   50.73
20:47:47     all   25.80    0.00   17.20    0.00    0.00    4.42    0.49    0.00    0.00   52.09
20:47:48     all   25.12    0.00   17.56    0.00    0.00    4.63    0.00    0.00    0.00   52.68
20:47:49     all   25.74    0.00   16.91    0.00    0.00    4.90    0.00    0.00    0.00   52.45
20:47:50     all   28.00    0.00   18.59    0.00    0.00    4.47    0.00    0.00    0.00   48.94
20:47:51     all   28.03    0.00   17.10    0.00    0.00    4.99    0.00    0.00    0.00   49.88
20:47:52     all   27.36    0.00   17.45    0.00    0.00    4.25    0.00    0.00    0.00   50.94
20:47:53     all   26.92    0.00   17.07    0.00    0.00    4.57    0.24    0.00    0.00   51.20
20:47:54     all   27.60    0.00   16.22    0.00    0.00    4.60    0.24    0.00    0.00   51.33
20:47:55     all   26.99    0.00   17.35    0.00    0.00    4.34    0.24    0.00    0.00   51.08
20:47:56     all   27.25    0.00   17.03    0.00    0.00    3.89    0.00    0.00    0.00   51.82
20:47:57     all   27.03    0.00   18.18    0.00    0.00    4.31    0.00    0.00    0.00   50.48
20:47:58     all   27.32    0.00   16.59    0.00    0.00    4.39    0.24    0.00    0.00   51.46
20:47:59     all   26.51    0.00   17.83    0.00    0.00    4.34    0.00    0.00    0.00   51.33
20:48:00     all   27.05    0.00   17.39    0.00    0.00    4.83    0.00    0.00    0.00   50.72
20:48:01     all   26.60    0.00   16.01    0.00    0.00    4.43    0.25    0.00    0.00   52.71
20:48:02     all   25.54    0.00   17.59    0.00    0.00    4.34    0.48    0.00    0.00   52.05
20:48:03     all   26.27    0.00   17.35    0.00    0.00    4.58    0.24    0.00    0.00   51.57
20:48:04     all   27.14    0.00   16.14    0.00    0.00    4.40    0.00    0.00    0.00   52.32
20:48:05     all   27.71    0.00   16.63    0.00    0.00    4.58    0.00    0.00    0.00   51.08
20:48:06     all   27.25    0.00   17.03    0.00    0.00    4.62    0.24    0.00    0.00   50.85
20:48:07     all   26.23    0.00   16.67    0.00    0.00    4.41    0.25    0.00    0.00   52.45
20:48:08     all   27.71    0.00   16.14    0.00    0.00    4.82    0.00    0.00    0.00   51.33
20:48:09     all   26.46    0.00   16.99    0.00    0.00    4.61    0.00    0.00    0.00   51.94
20:48:10     all   26.27    0.00   17.11    0.00    0.00    4.34    0.00    0.00    0.00   52.29
20:48:11     all   26.76    0.00   16.55    0.00    0.00    4.38    0.00    0.00    0.00   52.31
20:48:12     all   30.08    0.00   16.20    0.00    0.00    4.11    0.51    0.00    0.00   49.10
20:48:13     all   40.43    0.00   26.15    0.00    0.00    5.39    0.27    0.00    0.00   27.76
20:48:14     all   41.84    0.00   28.42    0.00    0.00    5.26    0.00    0.00    0.00   24.47
20:48:15     all   41.82    0.00   28.69    0.00    0.00    5.09    0.27    0.00    0.00   24.13
20:48:16     all   43.56    0.00   27.84    0.00    0.00    4.90    0.00    0.00    0.00   23.71
20:48:17     all   42.44    0.00   27.32    0.00    0.00    5.31    0.80    0.00    0.00   24.14
20:48:18     all   41.82    0.00   28.95    0.00    0.00    5.09    0.00    0.00    0.00   24.13
20:48:19     all   43.67    0.00   27.49    0.00    0.00    4.85    0.00    0.00    0.00   23.99
20:48:20     all   41.86    0.00   28.42    0.00    0.00    5.17    0.00    0.00    0.00   24.55
20:48:21     all   43.54    0.00   27.97    0.00    0.00    5.01    0.53    0.00    0.00   22.96
20:48:22     all   44.15    0.00   26.86    0.00    0.00    4.79    0.00    0.00    0.00   24.20
20:48:23     all   42.01    0.00   29.38    0.00    0.00    4.38    0.26    0.00    0.00   23.97
20:48:24     all   42.55    0.00   28.46    0.00    0.00    5.05    0.00    0.00    0.00   23.94
20:48:25     all   41.58    0.00   28.42    0.00    0.00    5.26    0.00    0.00    0.00   24.74
20:48:26     all   41.82    0.00   28.95    0.00    0.00    4.83    0.27    0.00    0.00   24.13
20:48:27     all   41.07    0.00   29.60    0.00    0.00    5.33    0.00    0.00    0.00   24.00
20:48:28     all   41.67    0.00   28.12    0.00    0.00    4.95    0.52    0.00    0.00   24.74
20:48:29     all   41.09    0.00   29.20    0.00    0.00    5.17    0.00    0.00    0.00   24.55
20:48:30     all   41.99    0.00   29.13    0.00    0.00    5.25    0.26    0.00    0.00   23.36
20:48:31     all   43.01    0.00   26.42    0.00    0.00    5.70    0.26    0.00    0.00   24.61
20:48:32     all   41.47    0.00   29.13    0.00    0.00    4.99    0.00    0.00    0.00   24.41
20:48:33     all   42.56    0.00   29.24    0.00    0.00    4.44    0.00    0.00    0.00   23.76
20:48:34     all   41.60    0.00   28.94    0.00    0.00    5.43    0.26    0.00    0.00   23.77
20:48:35     all   41.84    0.00   28.95    0.00    0.00    4.47    0.00    0.00    0.00   24.74
20:48:36     all   42.78    0.00   27.03    0.00    0.00    5.51    0.26    0.00    0.00   24.41
20:48:37     all   43.31    0.00   27.82    0.00    0.00    4.72    0.26    0.00    0.00   23.88
20:48:38     all   42.06    0.00   28.84    0.00    0.00    4.76    0.26    0.00    0.00   24.07
20:48:39     all   42.26    0.00   28.87    0.00    0.00    5.51    0.00    0.00    0.00   23.36
20:48:40     all   41.78    0.00   29.24    0.00    0.00    4.18    1.04    0.00    0.00   23.76
20:48:41     all   42.71    0.00   27.88    0.00    0.00    5.12    1.02    0.00    0.00   23.27
20:48:42     all   41.69    0.00   25.59    0.00    0.00    7.65    0.26    0.00    0.00   24.80
20:48:43     all   52.87    0.00   29.93    0.00    0.00   13.22    0.25    0.00    0.00    3.74
20:48:44     all   51.76    0.00   30.90    0.00    0.00   15.08    0.00    0.00    0.00    2.26
20:48:45     all   51.76    0.00   29.65    0.00    0.00   14.82    0.00    0.00    0.00    3.77
20:48:46     all   53.50    0.00   30.25    0.00    0.00   13.50    0.25    0.00    0.00    2.50
20:48:47     all   52.26    0.00   30.65    0.00    0.00   14.82    0.00    0.00    0.00    2.26
20:48:48     all   53.50    0.00   30.50    0.00    0.00   12.75    0.25    0.00    0.00    3.00
20:48:49     all   52.64    0.00   30.23    0.00    0.00   14.86    0.00    0.00    0.00    2.27
20:48:50     all   53.37    0.00   30.17    0.00    0.00   13.97    0.00    0.00    0.00    2.49
20:48:51     all   53.25    0.00   29.50    0.00    0.00   14.25    0.00    0.00    0.00    3.00
20:48:52     all   52.51    0.00   30.65    0.00    0.00   14.32    0.00    0.00    0.00    2.51
20:48:53     all   53.28    0.00   30.05    0.00    0.00   14.14    0.00    0.00    0.00    2.53
20:48:54     all   54.52    0.00   29.15    0.00    0.00   13.32    0.00    0.00    0.00    3.02
20:48:55     all   53.37    0.00   29.68    0.00    0.00   13.97    0.00    0.00    0.00    2.99
20:48:56     all   53.40    0.00   30.73    0.00    0.00   13.10    0.00    0.00    0.00    2.77
20:48:57     all   52.88    0.00   31.08    0.00    0.00   13.53    0.00    0.00    0.00    2.51
20:48:58     all   52.38    0.00   30.83    0.00    0.00   13.78    0.00    0.00    0.00    3.01
20:48:59     all   51.88    0.00   31.08    0.00    0.00   14.04    0.00    0.00    0.00    3.01
20:49:00     all   54.27    0.00   29.40    0.00    0.00   13.32    0.50    0.00    0.00    2.51
20:49:01     all   52.00    0.00   30.50    0.00    0.00   14.00    0.00    0.00    0.00    3.50
20:49:02     all   52.14    0.00   30.98    0.00    0.00   14.11    0.00    0.00    0.00    2.77
20:49:03     all   52.53    0.00   30.30    0.00    0.00   13.89    0.00    0.00    0.00    3.28
20:49:04     all   52.61    0.00   30.27    0.00    0.00   14.39    0.50    0.00    0.00    2.23
20:49:05     all   54.20    0.00   29.52    0.00    0.00   13.99    0.00    0.00    0.00    2.29
20:49:06     all   51.75    0.00   31.00    0.00    0.00   14.25    0.00    0.00    0.00    3.00
20:49:07     all   52.13    0.00   31.58    0.00    0.00   13.78    0.00    0.00    0.00    2.51
20:49:08     all   52.01    0.00   31.41    0.00    0.00   14.32    0.00    0.00    0.00    2.26
20:49:09     all   53.44    0.00   29.26    0.00    0.00   14.25    0.00    0.00    0.00    3.05
20:49:10     all   52.50    0.00   30.50    0.00    0.00   14.00    0.00    0.00    0.00    3.00
20:49:11     all   51.52    0.00   30.81    0.00    0.00   14.39    0.00    0.00    0.00    3.28
20:49:12     all   41.75    0.00   24.75    0.00    0.00    8.50    0.00    0.00    0.00   25.00
20:49:13     all   50.37    0.00   29.43    0.00    0.00    7.73    0.00    0.00    0.00   12.47
20:49:14     all   53.40    0.00   29.72    0.00    0.00   13.10    0.00    0.00    0.00    3.78
20:49:15     all   52.24    0.00   30.10    0.00    0.00   14.93    0.25    0.00    0.00    2.49
20:49:16     all   53.38    0.00   29.82    0.00    0.00   14.29    0.00    0.00    0.00    2.51
20:49:17     all   51.77    0.00   31.31    0.00    0.00   14.90    0.25    0.00    0.00    1.77
20:49:18     all   52.63    0.00   30.83    0.00    0.00   15.04    0.00    0.00    0.00    1.50
20:49:19     all   52.62    0.00   30.67    0.00    0.00   14.46    0.25    0.00    0.00    2.00
20:49:20     all   53.52    0.00   29.90    0.00    0.00   13.82    0.25    0.00    0.00    2.51
20:49:21     all   53.00    0.00   31.50    0.00    0.00   14.00    0.00    0.00    0.00    1.50
20:49:22     all   53.30    0.00   29.95    0.00    0.00   14.21    0.00    0.00    0.00    2.54
20:49:23     all   53.15    0.00   29.72    0.00    0.00   14.36    0.00    0.00    0.00    2.77
20:49:24     all   54.02    0.00   29.65    0.00    0.00   14.32    0.00    0.00    0.00    2.01
20:49:25     all   52.26    0.00   30.15    0.00    0.00   15.08    0.00    0.00    0.00    2.51
20:49:26     all   52.76    0.00   29.40    0.00    0.00   13.57    0.00    0.00    0.00    4.27
20:49:27     all   51.89    0.00   31.49    0.00    0.00   13.85    0.00    0.00    0.00    2.77
20:49:28     all   52.26    0.00   30.65    0.00    0.00   14.57    0.00    0.00    0.00    2.51
20:49:29     all   51.39    0.00   31.49    0.00    0.00   14.86    0.00    0.00    0.00    2.27
20:49:30     all   52.13    0.00   30.58    0.00    0.00   14.29    0.00    0.00    0.00    3.01
20:49:31     all   53.52    0.00   29.40    0.00    0.00   14.57    0.25    0.00    0.00    2.26
20:49:32     all   51.64    0.00   30.98    0.00    0.00   13.85    0.00    0.00    0.00    3.53
20:49:33     all   52.26    0.00   30.15    0.00    0.00   15.08    0.25    0.00    0.00    2.26
20:49:34     all   52.14    0.00   31.99    0.00    0.00   13.60    0.25    0.00    0.00    2.02
20:49:35     all   54.75    0.00   28.75    0.00    0.00   14.00    0.00    0.00    0.00    2.50
20:49:36     all   52.25    0.00   31.50    0.00    0.00   14.00    0.00    0.00    0.00    2.25
20:49:37     all   52.38    0.00   29.57    0.00    0.00   15.29    0.25    0.00    0.00    2.51
20:49:38     all   52.51    0.00   31.41    0.00    0.00   14.07    0.00    0.00    0.00    2.01
20:49:39     all   51.51    0.00   30.40    0.00    0.00   14.82    0.00    0.00    0.00    3.27
20:49:40     all   52.01    0.00   30.40    0.00    0.00   14.57    0.00    0.00    0.00    3.02
20:49:41     all   51.39    0.00   31.74    0.00    0.00   14.36    0.00    0.00    0.00    2.52
20:49:42     all   47.97    0.00   26.14    0.00    0.00   11.68    0.25    0.00    0.00   13.96
20:49:43     all   52.51    0.00   30.65    0.00    0.00   13.57    0.00    0.00    0.00    3.27
20:49:44     all   51.87    0.00   30.92    0.00    0.00   14.71    0.00    0.00    0.00    2.49
20:49:45     all   52.39    0.00   31.49    0.00    0.00   14.86    0.00    0.00    0.00    1.26
20:49:46     all   52.88    0.00   29.82    0.00    0.00   14.29    0.00    0.00    0.00    3.01
20:49:47     all   52.76    0.00   30.65    0.00    0.00   14.57    0.00    0.00    0.00    2.01
20:49:48     all   52.50    0.00   30.25    0.00    0.00   15.00    0.00    0.00    0.00    2.25
20:49:49     all   53.16    0.00   30.13    0.00    0.00   14.94    0.00    0.00    0.00    1.77
20:49:50     all   52.74    0.00   29.60    0.00    0.00   14.68    0.25    0.00    0.00    2.74
20:49:51     all   52.26    0.00   29.65    0.00    0.00   15.08    0.25    0.00    0.00    2.76
20:49:52     all   51.13    0.00   30.48    0.00    0.00   15.11    0.00    0.00    0.00    3.27
20:49:53     all   51.87    0.00   31.17    0.00    0.00   14.71    0.25    0.00    0.00    2.00
20:49:54     all   53.65    0.00   29.97    0.00    0.00   14.61    0.00    0.00    0.00    1.76
20:49:55     all   51.12    0.00   31.67    0.00    0.00   14.71    0.00    0.00    0.00    2.49
20:49:56     all   52.02    0.00   30.30    0.00    0.00   14.39    0.25    0.00    0.00    3.03
20:49:57     all   52.88    0.00   30.58    0.00    0.00   14.54    0.00    0.00    0.00    2.01
20:49:58     all   52.63    0.00   29.82    0.00    0.00   14.54    0.00    0.00    0.00    3.01
20:49:59     all   53.37    0.00   29.43    0.00    0.00   14.96    0.00    0.00    0.00    2.24
20:50:00     all   52.38    0.00   30.58    0.00    0.00   14.79    0.00    0.00    0.00    2.26
20:50:01     all   52.26    0.00   29.90    0.00    0.00   15.08    0.25    0.00    0.00    2.51
20:50:02     all   53.40    0.00   29.97    0.00    0.00   14.86    0.00    0.00    0.00    1.76
20:50:03     all   53.25    0.00   29.75    0.00    0.00   14.75    0.00    0.00    0.00    2.25
20:50:04     all   52.27    0.00   30.30    0.00    0.00   14.90    0.00    0.00    0.00    2.53
20:50:05     all   50.63    0.00   31.83    0.00    0.00   15.04    0.00    0.00    0.00    2.51
20:50:06     all   52.90    0.00   30.73    0.00    0.00   14.11    0.00    0.00    0.00    2.27
20:50:07     all   51.63    0.00   31.58    0.00    0.00   14.29    0.00    0.00    0.00    2.51
20:50:08     all   53.27    0.00   29.90    0.00    0.00   14.32    0.25    0.00    0.00    2.26
20:50:09     all   52.25    0.00   30.25    0.00    0.00   14.50    0.00    0.00    0.00    3.00
20:50:10     all   51.99    0.00   31.59    0.00    0.00   14.18    0.00    0.00    0.00    2.24
20:50:11     all   52.27    0.00   30.81    0.00    0.00   14.39    0.00    0.00    0.00    2.53
20:50:12     all   46.50    0.00   28.50    0.00    0.00   11.75    0.25    0.00    0.00   13.00
20:50:13     all   52.54    0.00   30.20    0.00    0.00   14.47    0.00    0.00    0.00    2.79
20:50:14     all   53.02    0.00   30.40    0.00    0.00   13.82    0.00    0.00    0.00    2.76
20:50:15     all   53.25    0.00   29.50    0.00    0.00   14.25    0.25    0.00    0.00    2.75
20:50:16     all   53.30    0.00   29.70    0.00    0.00   14.21    0.00    0.00    0.00    2.79
20:50:17     all   51.00    0.00   30.00    0.00    0.00   15.00    0.00    0.00    0.00    4.00
20:50:18     all   51.01    0.00   31.41    0.00    0.00   14.82    0.25    0.00    0.00    2.51
20:50:19     all   53.63    0.00   29.07    0.00    0.00   14.54    0.00    0.00    0.00    2.76
20:50:20     all   52.76    0.00   29.90    0.00    0.00   14.82    0.00    0.00    0.00    2.51
20:50:21     all   52.50    0.00   30.50    0.00    0.00   14.50    0.00    0.00    0.00    2.50
20:50:22     all   53.02    0.00   29.90    0.00    0.00   14.57    0.00    0.00    0.00    2.51
20:50:23     all   54.02    0.00   29.40    0.00    0.00   14.07    0.00    0.00    0.00    2.51
20:50:24     all   52.38    0.00   31.58    0.00    0.00   14.29    0.00    0.00    0.00    1.75
20:50:25     all   51.99    0.00   29.60    0.00    0.00   14.93    0.25    0.00    0.00    3.23
20:50:26     all   52.41    0.00   30.13    0.00    0.00   15.19    0.00    0.00    0.00    2.28
20:50:27     all   51.74    0.00   30.60    0.00    0.00   15.42    0.00    0.00    0.00    2.24
20:50:28     all   52.64    0.00   31.23    0.00    0.00   14.36    0.25    0.00    0.00    1.51
20:50:29     all   52.51    0.00   30.40    0.00    0.00   14.57    0.00    0.00    0.00    2.51
20:50:30     all   51.89    0.00   30.23    0.00    0.00   15.11    0.25    0.00    0.00    2.52
20:50:31     all   54.66    0.00   28.46    0.00    0.00   15.37    0.00    0.00    0.00    1.51
20:50:32     all   52.76    0.00   30.15    0.00    0.00   14.32    0.00    0.00    0.00    2.76
20:50:33     all   51.78    0.00   30.71    0.00    0.00   14.97    0.00    0.00    0.00    2.54
20:50:34     all   52.37    0.00   30.17    0.00    0.00   15.21    0.00    0.00    0.00    2.24
20:50:35     all   52.63    0.00   30.83    0.00    0.00   14.54    0.25    0.00    0.00    1.75
20:50:36     all   52.14    0.00   30.48    0.00    0.00   14.61    0.00    0.00    0.00    2.77
20:50:37     all   52.90    0.00   30.48    0.00    0.00   14.11    0.00    0.00    0.00    2.52
20:50:38     all   51.88    0.00   31.33    0.00    0.00   14.79    0.00    0.00    0.00    2.01
20:50:39     all   50.75    0.00   30.50    0.00    0.00   15.00    0.00    0.00    0.00    3.75
20:50:40     all   51.26    0.00   31.66    0.00    0.00   14.57    0.00    0.00    0.00    2.51
20:50:41     all   53.27    0.00   30.90    0.00    0.00   13.57    0.00    0.00    0.00    2.26
20:50:42     all   27.57    0.00   17.04    0.00    0.00    8.27    0.00    0.00    0.00   47.12
20:50:43     all   12.69    0.00    4.82    0.00    0.00    1.52    0.00    0.00    0.00   80.96
20:50:44     all   22.08    0.00    8.63    0.00    0.00    3.81    0.00    0.00    0.00   65.48
20:50:45     all   24.17    0.00   10.18    0.00    0.00    3.56    0.25    0.00    0.00   61.83
20:50:46     all   17.60    0.00   11.22    0.00    0.00    3.06    0.00    0.00    0.00   68.11
20:50:47     all   20.87    0.00   10.43    0.00    0.00    3.05    0.25    0.00    0.00   65.39
20:50:48     all   20.51    0.00   10.38    0.00    0.00    2.78    0.25    0.00    0.00   66.08
20:50:49     all   18.16    0.00   10.49    0.00    0.00    2.81    0.26    0.00    0.00   68.29
20:50:50     all   20.65    0.00   10.83    0.00    0.00    3.27    0.00    0.00    0.00   65.24
20:50:51     all   18.32    0.00   10.94    0.00    0.00    3.31    0.00    0.00    0.00   67.43
20:50:52     all   21.11    0.00   10.30    0.00    0.00    3.02    0.00    0.00    0.00   65.58
20:50:53     all   17.86    0.00   10.20    0.00    0.00    2.81    0.00    0.00    0.00   69.13
20:50:54     all   19.13    0.00   10.46    0.00    0.00    3.32    0.00    0.00    0.00   67.09
20:50:55     all   21.28    0.00   10.26    0.00    0.00    3.08    0.00    0.00    0.00   65.38
20:50:56     all   20.25    0.00   10.13    0.00    0.00    3.29    0.00    0.00    0.00   66.33
20:50:57     all   19.39    0.00   10.71    0.00    0.00    3.32    0.00    0.00    0.00   66.58
20:50:58     all   19.90    0.00   11.59    0.00    0.00    3.02    0.00    0.00    0.00   65.49
20:50:59     all   20.36    0.00    9.92    0.00    0.00    2.80    0.00    0.00    0.00   66.92
20:51:00     all   18.58    0.00   10.69    0.00    0.00    3.56    0.00    0.00    0.00   67.18
20:51:01     all   20.92    0.00    8.93    0.00    0.00    2.81    0.00    0.00    0.00   67.35
20:51:02     all   20.45    0.00    9.85    0.00    0.00    2.78    0.00    0.00    0.00   66.92
20:51:03     all   20.40    0.00   10.08    0.00    0.00    2.77    0.50    0.00    0.00   66.25
20:51:04     all   19.64    0.00    9.95    0.00    0.00    3.06    0.00    0.00    0.00   67.35
20:51:05     all   20.00    0.00    9.62    0.00    0.00    2.78    0.25    0.00    0.00   67.34
20:51:06     all   18.21    0.00   10.51    0.00    0.00    2.56    0.26    0.00    0.00   68.46
20:51:07     all   19.69    0.00    9.33    0.00    0.00    2.59    0.00    0.00    0.00   68.39
20:51:08     all   19.64    0.00    9.69    0.00    0.00    2.30    0.00    0.00    0.00   68.37
20:51:09     all   20.91    0.00   10.58    0.00    0.00    3.27    0.25    0.00    0.00   64.99
20:51:10     all   19.34    0.00   10.94    0.00    0.00    3.05    0.00    0.00    0.00   66.67
20:51:11     all   19.80    0.00   10.41    0.00    0.00    3.05    0.00    0.00    0.00   66.75
20:51:12     all   13.45    0.00    6.85    0.00    0.00    1.78    0.00    0.00    0.00   77.92
20:51:13     all   11.72    0.00    5.49    0.00    0.00    2.24    0.00    0.00    0.00   80.55
20:51:14     all   44.90    0.00   18.11    0.00    0.00    7.65    0.00    0.00    0.00   29.34
20:51:15     all   46.82    0.00   17.81    0.00    0.00    7.63    0.00    0.00    0.00   27.74
20:51:16     all   38.93    0.00   21.37    0.00    0.00    5.85    0.00    0.00    0.00   33.84
20:51:17     all   35.64    0.00   20.26    0.00    0.00    6.67    0.00    0.00    0.00   37.44
20:51:18     all   40.71    0.00   20.61    0.00    0.00    5.85    0.51    0.00    0.00   32.32
20:51:19     all   39.14    0.00   21.46    0.00    0.00    5.56    0.00    0.00    0.00   33.84
20:51:20     all   39.29    0.00   21.68    0.00    0.00    6.38    0.00    0.00    0.00   32.65
20:51:21     all   36.29    0.00   21.67    0.00    0.00    6.27    0.00    0.00    0.00   35.77
20:51:22     all   35.62    0.00   22.39    0.00    0.00    5.85    0.25    0.00    0.00   35.88
20:51:23     all   38.11    0.00   21.48    0.00    0.00    6.39    0.00    0.00    0.00   34.02
20:51:24     all   38.83    0.00   21.32    0.00    0.00    5.84    0.25    0.00    0.00   33.76
20:51:25     all   38.56    0.00   21.59    0.00    0.00    5.91    0.00    0.00    0.00   33.93
20:51:26     all   36.46    0.00   22.66    0.00    0.00    6.25    0.00    0.00    0.00   34.64
20:51:27     all   37.11    0.00   20.62    0.00    0.00    6.44    0.00    0.00    0.00   35.82
20:51:28     all   37.44    0.00   22.05    0.00    0.00    6.41    0.00    0.00    0.00   34.10
20:51:29     all   38.36    0.00   20.97    0.00    0.00    5.88    0.00    0.00    0.00   34.78
20:51:30     all   38.60    0.00   21.50    0.00    0.00    5.96    0.00    0.00    0.00   33.94
20:51:31     all   38.01    0.00   20.92    0.00    0.00    5.87    0.26    0.00    0.00   34.95
20:51:32     all   38.46    0.00   21.54    0.00    0.00    5.64    0.00    0.00    0.00   34.36
20:51:33     all   37.02    0.00   20.82    0.00    0.00    6.17    0.51    0.00    0.00   35.48
20:51:34     all   36.99    0.00   21.43    0.00    0.00    5.87    0.00    0.00    0.00   35.71
20:51:35     all   35.62    0.00   21.12    0.00    0.00    6.36    0.00    0.00    0.00   36.90
20:51:36     all   42.49    0.00   20.47    0.00    0.00    5.96    0.00    0.00    0.00   31.09
20:51:37     all   38.42    0.00   21.12    0.00    0.00    5.85    0.00    0.00    0.00   34.61
20:51:38     all   41.03    0.00   19.23    0.00    0.00    6.41    0.26    0.00    0.00   33.08
20:51:39     all   41.18    0.00   21.74    0.00    0.00    5.37    0.00    0.00    0.00   31.71
20:51:40     all   39.54    0.00   21.17    0.26    0.00    5.61    0.26    0.00    0.00   33.16
20:51:41     all   39.43    0.00   19.33    0.00    0.00    6.44    0.00    0.00    0.00   34.79
20:51:42     all   31.04    0.00   15.27    0.00    0.00    4.58    0.00    0.00    0.00   49.11
20:51:43     all    9.48    0.00    3.24    0.00    0.00    2.24    0.25    0.00    0.00   84.79
20:51:44     all   45.66    0.00   12.24    0.00    0.00    6.63    0.00    0.00    0.00   35.46
20:51:45     all   57.07    0.00   16.92    0.00    0.00    9.34    0.00    0.00    0.00   16.67
20:51:46     all   71.00    0.00   13.25    0.00    0.00    8.00    0.00    0.00    0.00    7.75
20:51:47     all   73.74    0.00   10.35    0.00    0.00    8.08    0.00    0.00    0.00    7.83
20:51:48     all   71.03    0.00   12.34    0.00    0.00    7.56    0.25    0.00    0.00    8.82
20:51:49     all   70.96    0.00   10.61    0.00    0.00    6.31    0.00    0.00    0.00   12.12
20:51:50     all   73.12    0.00    9.55    0.00    0.00    6.78    0.00    0.00    0.00   10.55
20:51:51     all   73.67    0.00   10.13    0.00    0.00    7.34    0.00    0.00    0.00    8.86
20:51:52     all   71.79    0.00    9.82    0.00    0.00    6.80    0.00    0.00    0.00   11.59
20:51:53     all   69.90    0.00   10.45    0.00    0.00    7.21    0.25    0.00    0.00   12.19
20:51:54     all   74.06    0.00   10.33    0.00    0.00    7.30    0.00    0.00    0.00    8.31
20:51:55     all   71.57    0.00   10.41    0.00    0.00    7.11    0.00    0.00    0.00   10.91
20:51:56     all   73.50    0.00   10.25    0.00    0.00    6.25    0.00    0.00    0.00   10.00
20:51:57     all   72.34    0.00    9.90    0.00    0.00    6.85    0.25    0.00    0.00   10.66
20:51:58     all   74.49    0.00   10.61    0.00    0.00    6.31    0.00    0.00    0.00    8.59
20:51:59     all   74.00    0.00   11.50    0.00    0.00    4.50    0.00    0.00    0.00   10.00
20:52:00     all   73.12    0.00   10.80    0.00    0.00    5.03    0.00    0.00    0.00   11.06
20:52:01     all   72.75    0.00   10.50    0.00    0.00    4.25    0.00    0.00    0.00   12.50
20:52:02     all   73.68    0.00   11.03    0.00    0.00    5.26    0.00    0.00    0.00   10.03
20:52:03     all   73.68    0.00    9.52    0.00    0.00    6.52    0.00    0.00    0.00   10.28
20:52:04     all   67.09    0.00    8.54    0.00    0.00    7.04    0.25    0.00    0.00   17.09
20:52:05     all   72.36    0.00   11.06    0.00    0.00    6.78    0.00    0.00    0.00    9.80
20:52:06     all   71.61    0.00   11.56    0.00    0.00    7.29    0.00    0.00    0.00    9.55
20:52:07     all   73.05    0.00   10.58    0.00    0.00    6.80    0.00    0.00    0.00    9.57
20:52:08     all   72.36    0.00   11.06    0.00    0.00    7.04    0.00    0.00    0.00    9.55
20:52:09     all   73.93    0.00   10.53    0.00    0.00    6.77    0.00    0.00    0.00    8.77
20:52:10     all   72.80    0.00   10.83    0.00    0.00    6.80    0.00    0.00    0.00    9.57
20:52:11     all   71.32    0.00   10.97    0.00    0.00    7.48    0.00    0.00    0.00   10.22
20:52:12     all   70.78    0.00   12.59    0.00    0.00    7.05    0.00    0.00    0.00    9.57
20:52:13     all   17.04    0.00    3.26    0.00    0.00    1.50    0.00    0.00    0.00   78.20
20:52:14     all   43.15    0.00   16.75    0.00    0.00    6.60    0.25    0.00    0.00   33.25
20:52:15     all   53.65    0.00   15.37    0.00    0.00    8.31    0.00    0.00    0.00   22.67
20:52:16     all   67.25    0.00   15.00    0.00    0.00    9.50    0.00    0.00    0.00    8.25
20:52:17     all   64.65    0.00   12.88    0.00    0.00    7.83    0.51    0.00    0.00   14.14
20:52:18     all   78.20    0.00    8.02    0.00    0.00    5.76    0.00    0.00    0.00    8.02
20:52:19     all   90.38    0.00    3.54    0.00    0.00    1.52    0.00    0.00    0.00    4.56
20:52:20     all   89.50    0.00    2.25    0.00    0.00    1.00    0.50    0.00    0.00    6.75
20:52:21     all   91.77    0.00    1.25    0.00    0.00    1.00    0.00    0.00    0.00    5.99
20:52:22     all   92.04    0.00    1.49    0.00    0.00    0.50    0.00    0.00    0.00    5.97
20:52:23     all   92.21    0.00    0.75    0.00    0.00    0.75    0.00    0.00    0.00    6.28
20:52:24     all   93.50    0.00    1.50    0.00    0.00    0.25    0.00    0.00    0.00    4.75
20:52:25     all   92.23    0.00    1.25    0.00    0.00    0.50    0.00    0.00    0.00    6.02
20:52:26     all   48.83    0.00    3.39    0.00    0.00    1.83    0.00    0.00    0.00   45.95
20:52:27     all    0.00    0.00    0.57    0.29    0.00    4.01    0.00    0.00    0.00   95.13
20:52:28     all    0.00    0.00    0.00    0.00    0.00    5.17    0.00    0.00    0.00   94.83
20:52:29     all    0.00    0.00    0.00    0.00    0.00    4.91    0.00    0.00    0.00   95.09
20:52:30     all    0.00    0.00    0.00    0.00    0.00    5.47    0.00    0.00    0.00   94.53
20:52:31     all    0.00    0.00    0.00    0.00    0.00    3.68    0.00    0.00    0.00   96.32
20:52:32     all    0.00    0.00    0.00    0.00    0.00    4.29    0.00    0.00    0.00   95.71
20:52:33     all    0.00    0.00    0.00    0.00    0.00    3.66    0.00    0.00    0.00   96.34
20:52:34     all    0.00    0.00    0.00    0.00    0.00    3.10    0.00    0.00    0.00   96.90
20:52:35     all    0.00    0.00    0.00    0.00    0.00    2.78    0.00    0.00    0.00   97.22
20:52:36     all    0.00    0.00    0.00    0.00    0.00    3.99    0.31    0.00    0.00   95.71
20:52:37     all    0.00    0.00    0.00    0.00    0.00    2.79    0.00    0.00    0.00   97.21
20:52:38     all    0.00    0.00    0.31    0.00    0.00    4.01    0.31    0.00    0.00   95.37
20:52:39     all    0.31    0.00    0.00    0.00    0.00    2.76    0.00    0.00    0.00   96.93
20:52:40     all    0.00    0.00    0.00    0.00    0.00    1.83    0.00    0.00    0.00   98.17
20:52:41     all    0.00    0.00    0.00    0.00    0.00    1.55    0.00    0.00    0.00   98.45
20:52:42     all    0.30    0.00    0.00    0.00    0.00    1.81    0.00    0.00    0.00   97.89
