Running 30s test @ http://10.116.0.2:8080/json
  4 threads and 256 connections
  Thread calibration: mean lat.: 1.702ms, rate sampling interval: 10ms
  Thread calibration: mean lat.: 1.325ms, rate sampling interval: 10ms
  Thread calibration: mean lat.: 1.336ms, rate sampling interval: 10ms
  Thread calibration: mean lat.: 1.691ms, rate sampling interval: 10ms
  Thread Stats   Avg      Stdev     Max   +/- Stdev
    Latency     1.47ms  701.00us   9.37ms   73.86%
    Req/Sec     5.27k     1.52k   13.11k    78.68%
  Latency Distribution (HdrHistogram - Recorded Latency)
 50.000%    1.38ms
 75.000%    1.80ms
 90.000%    2.30ms
 99.000%    3.76ms
 99.900%    5.75ms
 99.990%    7.03ms
 99.999%    7.93ms
100.000%    9.38ms

  Detailed Percentile spectrum:
       Value   Percentile   TotalCount 1/(1-Percentile)

       0.253     0.000000            1         1.00
       0.685     0.100000        39453         1.11
       0.890     0.200000        78764         1.25
       1.069     0.300000       118121         1.43
       1.232     0.400000       157623         1.67
       1.383     0.500000       196871         2.00
       1.461     0.550000       216702         2.22
       1.540     0.600000       236381         2.50
       1.622     0.650000       256010         2.86
       1.709     0.700000       275623         3.33
       1.802     0.750000       295319         4.00
       1.855     0.775000       305178         4.44
       1.912     0.800000       314933         5.00
       1.979     0.825000       324800         5.71
       2.061     0.850000       334716         6.67
       2.165     0.875000       344575         8.00
       2.227     0.887500       349370         8.89
       2.303     0.900000       354378        10.00
       2.385     0.912500       359266        11.43
       2.483     0.925000       364173        13.33
       2.605     0.937500       369095        16.00
       2.671     0.943750       371504        17.78
       2.749     0.950000       374008        20.00
       2.837     0.956250       376451        22.86
       2.937     0.962500       378927        26.67
       3.053     0.968750       381362        32.00
       3.117     0.971875       382585        35.56
       3.189     0.975000       383826        40.00
       3.273     0.978125       385055        45.71
       3.363     0.981250       386283        53.33
       3.469     0.984375       387501        64.00
       3.535     0.985938       388116        71.11
       3.607     0.987500       388728        80.00
       3.699     0.989062       389349        91.43
       3.797     0.990625       389957       106.67
       3.927     0.992188       390577       128.00
       4.009     0.992969       390879       142.22
       4.103     0.993750       391192       160.00
       4.211     0.994531       391502       182.86
       4.351     0.995313       391806       213.33
       4.523     0.996094       392109       256.00
       4.635     0.996484       392264       284.44
       4.739     0.996875       392417       320.00
       4.867     0.997266       392574       365.71
       5.007     0.997656       392725       426.67
       5.171     0.998047       392880       512.00
       5.275     0.998242       392956       568.89
       5.371     0.998437       393032       640.00
       5.483     0.998633       393108       731.43
       5.611     0.998828       393188       853.33
       5.763     0.999023       393262      1024.00
       5.847     0.999121       393301      1137.78
       5.967     0.999219       393341      1280.00
       6.055     0.999316       393377      1462.86
       6.171     0.999414       393416      1706.67
       6.303     0.999512       393454      2048.00
       6.355     0.999561       393474      2275.56
       6.451     0.999609       393493      2560.00
       6.495     0.999658       393512      2925.71
       6.547     0.999707       393531      3413.33
       6.631     0.999756       393551      4096.00
       6.683     0.999780       393560      4551.11
       6.727     0.999805       393572      5120.00
       6.779     0.999829       393580      5851.43
       6.863     0.999854       393589      6826.67
       6.955     0.999878       393598      8192.00
       7.003     0.999890       393603      9102.22
       7.043     0.999902       393608     10240.00
       7.111     0.999915       393613     11702.86
       7.139     0.999927       393618     13653.33
       7.223     0.999939       393622     16384.00
       7.263     0.999945       393625     18204.44
       7.319     0.999951       393627     20480.00
       7.395     0.999957       393630     23405.71
       7.459     0.999963       393632     27306.67
       7.515     0.999969       393634     32768.00
       7.595     0.999973       393636     36408.89
       7.671     0.999976       393637     40960.00
       7.691     0.999979       393638     46811.43
       7.731     0.999982       393639     54613.33
       7.871     0.999985       393640     65536.00
       7.883     0.999986       393641     72817.78
       7.935     0.999988       393642     81920.00
       7.935     0.999989       393642     93622.86
       7.951     0.999991       393643    109226.67
       7.951     0.999992       393643    131072.00
       8.199     0.999993       393644    145635.56
       8.199     0.999994       393644    163840.00
       8.199     0.999995       393644    187245.71
       8.263     0.999995       393645    218453.33
       8.263     0.999996       393645    262144.00
       8.263     0.999997       393645    291271.11
       8.263     0.999997       393645    327680.00
       8.263     0.999997       393645    374491.43
       9.375     0.999998       393646    436906.67
       9.375     1.000000       393646          inf
#[Mean    =        1.470, StdDeviation   =        0.701]
#[Max     =        9.368, Total count    =       393646]
#[Buckets =           27, SubBuckets     =         2048]
----------------------------------------------------------
  588522 requests in 30.01s, 75.77MB read
Requests/sec:  19613.08
Transfer/sec:      2.53MB
