Linux 6.8.0-142-generic (cafeai-bench-loadgen) 	10/01/26 	_x86_64_	(4 CPU)

20:46:41     CPU    %usr   %nice    %sys %iowait    %irq   %soft  %steal  %guest  %gnice   %idle
20:46:42     all    0.51    0.00    1.28    0.00    0.00    0.26    0.00    0.00    0.00   97.96
20:46:43     all    1.04    0.00    2.59    0.78    0.00    1.30    0.00    0.00    0.00   94.30
20:46:44     all    1.79    0.00    4.10    0.00    0.00    3.33    0.00    0.00    0.00   90.77
20:46:45     all    2.10    0.00    4.72    0.00    0.00    1.84    0.26    0.00    0.00   91.08
20:46:46     all    2.28    0.00    6.60    0.00    0.00    5.08    0.00    0.00    0.00   86.04
20:46:47     all    3.42    0.00    8.95    0.00    0.00    6.32    0.00    0.00    0.00   81.32
20:46:48     all    5.00    0.00   11.11    0.00    0.00    5.56    0.00    0.00    0.00   78.33
20:46:49     all    5.23    0.00   13.50    0.00    0.00    8.82    0.00    0.00    0.00   72.45
20:46:50     all    3.62    0.00    6.46    0.00    0.00    3.88    0.00    0.00    0.00   86.05
20:46:51     all    3.32    0.00    6.63    0.00    0.00    5.10    0.26    0.00    0.00   84.69
20:46:52     all    3.39    0.00    6.25    0.00    0.00    3.91    0.00    0.00    0.00   86.46
20:46:53     all    4.34    0.00    6.12    0.00    0.00    4.59    0.00    0.00    0.00   84.95
20:46:54     all    2.84    0.00    6.98    0.00    0.00    4.39    0.00    0.00    0.00   85.79
20:46:55     all    3.13    0.00    5.48    0.00    0.00    4.44    0.26    0.00    0.00   86.68
20:46:56     all    3.57    0.00    6.38    0.00    0.00    5.10    0.00    0.00    0.00   84.95
20:46:57     all    3.88    0.00    6.20    0.00    0.00    4.13    0.00    0.00    0.00   85.79
20:46:58     all    3.39    0.00    5.22    0.00    0.00    4.70    0.00    0.00    0.00   86.68
20:46:59     all    4.16    0.00    5.19    0.00    0.00    4.42    0.00    0.00    0.00   86.23
20:47:00     all    3.86    0.00    6.17    0.00    0.00    3.34    0.00    0.00    0.00   86.63
20:47:01     all    3.37    0.00    5.70    0.00    0.00    5.18    0.00    0.00    0.00   85.75
20:47:02     all    3.41    0.00    5.25    0.00    0.00    4.46    0.00    0.00    0.00   86.88
20:47:03     all    4.06    0.00    7.87    0.00    0.00    3.81    0.00    0.00    0.00   84.26
20:47:04     all    3.87    0.00    5.93    0.00    0.00    4.64    0.00    0.00    0.00   85.57
20:47:05     all    3.33    0.00    6.41    0.00    0.00    4.62    0.00    0.00    0.00   85.64
20:47:06     all    3.15    0.00    5.51    0.00    0.00    3.94    0.00    0.00    0.00   87.40
20:47:07     all    3.63    0.00    5.18    0.00    0.00    4.92    0.00    0.00    0.00   86.27
20:47:08     all    3.10    0.00    6.46    0.00    0.00    4.39    0.00    0.00    0.00   86.05
20:47:09     all    3.59    0.00    6.92    0.00    0.00    3.85    0.26    0.00    0.00   85.38
20:47:10     all    3.63    0.00    5.44    0.00    0.00    5.18    0.00    0.00    0.00   85.75
20:47:11     all    3.58    0.00    6.39    0.00    0.00    4.86    0.00    0.00    0.00   85.17
20:47:12     all    1.00    0.00    0.75    0.00    0.00    0.00    0.00    0.00    0.00   98.25
20:47:13     all    0.25    0.00    2.03    0.00    0.00    1.78    0.00    0.00    0.00   95.94
20:47:14     all    1.26    0.00    2.78    0.00    0.00    3.28    0.00    0.00    0.00   92.68
20:47:15     all    1.28    0.00    3.32    0.00    0.00    2.56    0.00    0.00    0.00   92.84
20:47:16     all    1.77    0.00    3.80    0.00    0.00    3.29    0.00    0.00    0.00   91.14
20:47:17     all    1.77    0.00    4.05    0.00    0.00    3.29    0.00    0.00    0.00   90.89
20:47:18     all    1.76    0.00    4.03    0.00    0.00    3.27    0.00    0.00    0.00   90.93
20:47:19     all    2.02    0.00    3.78    0.00    0.00    3.53    0.25    0.00    0.00   90.43
20:47:20     all    1.79    0.00    3.57    0.00    0.00    2.81    0.00    0.00    0.00   91.84
20:47:21     all    2.02    0.00    3.78    0.00    0.00    3.53    0.00    0.00    0.00   90.68
20:47:22     all    1.75    0.00    4.00    0.00    0.00    4.00    0.00    0.00    0.00   90.25
20:47:23     all    1.78    0.00    4.06    0.00    0.00    2.79    0.00    0.00    0.00   91.37
20:47:24     all    2.03    0.00    3.30    0.00    0.00    3.81    0.00    0.00    0.00   90.86
20:47:25     all    2.26    0.00    3.52    0.00    0.00    3.27    0.00    0.00    0.00   90.95
20:47:26     all    2.26    0.00    3.52    0.00    0.00    3.52    0.00    0.00    0.00   90.70
20:47:27     all    1.79    0.00    2.81    0.00    0.00    3.07    0.00    0.00    0.00   92.33
20:47:28     all    2.02    0.00    3.78    0.00    0.00    3.27    0.00    0.00    0.00   90.93
20:47:29     all    2.28    0.00    3.04    0.25    0.00    3.04    0.25    0.00    0.00   91.14
20:47:30     all    2.03    0.00    3.54    0.00    0.00    3.04    0.00    0.00    0.00   91.39
20:47:31     all    2.03    0.00    3.30    0.00    0.00    2.79    0.25    0.00    0.00   91.62
20:47:32     all    2.78    0.00    3.28    0.00    0.00    2.78    0.00    0.00    0.00   91.16
20:47:33     all    2.02    0.00    3.03    0.00    0.00    3.28    0.00    0.00    0.00   91.67
20:47:34     all    2.04    0.00    3.57    0.00    0.00    2.55    0.00    0.00    0.00   91.84
20:47:35     all    2.53    0.00    3.04    0.00    0.00    3.04    0.00    0.00    0.00   91.39
20:47:36     all    2.28    0.00    3.05    0.00    0.00    2.79    0.00    0.00    0.00   91.88
20:47:37     all    2.27    0.00    3.28    0.00    0.00    3.28    0.00    0.00    0.00   91.16
20:47:38     all    2.05    0.00    3.32    0.00    0.00    2.30    0.00    0.00    0.00   92.33
20:47:39     all    2.53    0.00    3.54    0.00    0.00    2.53    0.00    0.00    0.00   91.41
20:47:40     all    2.04    0.00    2.80    0.00    0.00    3.31    0.00    0.00    0.00   91.86
20:47:41     all    2.29    0.00    3.31    0.00    0.00    2.54    0.00    0.00    0.00   91.86
20:47:42     all    2.28    0.00    3.55    0.00    0.00    1.52    0.00    0.00    0.00   92.64
20:47:43     all    4.65    0.00    4.65    0.00    0.00    3.88    0.00    0.00    0.00   86.82
20:47:44     all    4.15    0.00    5.70    0.00    0.00    4.66    0.00    0.00    0.00   85.49
20:47:45     all    5.10    0.00    6.12    0.00    0.00    4.34    0.00    0.00    0.00   84.44
20:47:46     all    4.88    0.00    5.40    0.00    0.00    4.11    0.00    0.00    0.00   85.60
20:47:47     all    5.34    0.00    5.85    0.00    0.00    4.07    0.00    0.00    0.00   84.73
20:47:48     all    5.64    0.00    5.90    0.00    0.00    3.33    0.00    0.00    0.00   85.13
20:47:49     all    5.13    0.00    5.90    0.00    0.00    3.59    0.00    0.00    0.00   85.38
20:47:50     all    5.53    0.00    6.28    0.00    0.00    4.77    0.00    0.00    0.00   83.42
20:47:51     all    5.36    0.00    5.36    0.00    0.00    4.59    0.00    0.00    0.00   84.69
20:47:52     all    5.06    0.00    5.82    0.00    0.00    4.56    0.00    0.00    0.00   84.56
20:47:53     all    5.61    0.00    5.61    0.00    0.00    3.83    0.26    0.00    0.00   84.69
20:47:54     all    5.12    0.00    6.39    0.00    0.00    4.09    0.00    0.00    0.00   84.40
20:47:55     all    5.09    0.00    6.11    0.00    0.00    4.07    0.00    0.00    0.00   84.73
20:47:56     all    5.61    0.00    5.87    0.00    0.00    4.34    0.00    0.00    0.00   84.18
20:47:57     all    5.37    0.00    5.63    0.00    0.00    4.09    0.00    0.00    0.00   84.91
20:47:58     all    4.87    0.00    6.15    0.00    0.00    4.10    0.00    0.00    0.00   84.87
20:47:59     all    5.38    0.00    5.38    0.00    0.00    4.10    0.00    0.00    0.00   85.13
20:48:00     all    5.34    0.00    6.11    0.00    0.00    4.07    0.00    0.00    0.00   84.48
20:48:01     all    4.62    0.00    5.64    0.00    0.00    4.36    0.00    0.00    0.00   85.38
20:48:02     all    5.14    0.00    5.66    0.00    0.00    4.37    0.00    0.00    0.00   84.83
20:48:03     all    5.10    0.00    6.12    0.00    0.00    4.34    0.00    0.00    0.00   84.44
20:48:04     all    5.63    0.00    6.39    0.00    0.00    3.58    0.00    0.00    0.00   84.40
20:48:05     all    4.83    0.00    5.85    0.00    0.00    4.58    0.00    0.00    0.00   84.73
20:48:06     all    6.17    0.00    5.14    0.00    0.00    3.60    0.00    0.00    0.00   85.09
20:48:07     all    4.85    0.00    5.61    0.00    0.00    4.85    0.00    0.00    0.00   84.69
20:48:08     all    5.43    0.00    5.68    0.00    0.00    3.10    0.00    0.00    0.00   85.79
20:48:09     all    5.57    0.00    5.82    0.00    0.00    4.81    0.00    0.00    0.00   83.80
20:48:10     all    4.88    0.00    5.66    0.00    0.00    4.11    0.00    0.00    0.00   85.35
20:48:11     all    4.60    0.00    6.91    0.00    0.00    3.84    0.00    0.00    0.00   84.65
20:48:12     all    5.66    0.00    8.48    0.00    0.00    4.11    0.00    0.00    0.00   81.75
20:48:13     all   10.76    0.00   12.86    0.00    0.00    7.35    0.00    0.00    0.00   69.03
20:48:14     all   11.08    0.00   12.66    0.00    0.00    7.92    0.00    0.00    0.00   68.34
20:48:15     all   11.72    0.00   13.54    0.00    0.00    7.29    0.00    0.00    0.00   67.45
20:48:16     all   11.54    0.00   13.59    0.00    0.00    8.72    0.00    0.00    0.00   66.15
20:48:17     all   11.35    0.00   12.40    0.00    0.00    8.44    0.00    0.00    0.00   67.81
20:48:18     all   10.65    0.00   14.55    0.00    0.00    7.27    0.00    0.00    0.00   67.53
20:48:19     all   11.26    0.00   12.57    0.00    0.00    7.85    0.00    0.00    0.00   68.32
20:48:20     all   12.31    0.00   13.33    0.00    0.00    7.95    0.00    0.00    0.00   66.41
20:48:21     all   10.94    0.00   12.76    0.00    0.00    8.85    0.26    0.00    0.00   67.19
20:48:22     all   11.92    0.00   12.95    0.00    0.00    7.77    0.26    0.00    0.00   67.10
20:48:23     all   11.43    0.00   14.03    0.00    0.00    7.79    0.00    0.00    0.00   66.75
20:48:24     all   11.95    0.00   12.73    0.00    0.00    7.79    0.00    0.00    0.00   67.53
20:48:25     all   12.18    0.00   12.95    0.00    0.00    8.03    0.00    0.00    0.00   66.84
20:48:26     all   12.02    0.00   13.55    0.00    0.00    7.93    0.00    0.00    0.00   66.50
20:48:27     all   10.99    0.00   13.35    0.00    0.00    8.38    0.00    0.00    0.00   67.28
20:48:28     all   12.02    0.00   13.30    0.00    0.00    8.18    0.00    0.00    0.00   66.50
20:48:29     all   11.95    0.00   13.77    0.00    0.00    7.79    0.00    0.00    0.00   66.49
20:48:30     all   11.49    0.00   13.05    0.00    0.00    7.83    0.00    0.00    0.00   67.62
20:48:31     all   11.34    0.00   13.92    0.00    0.00    7.73    0.00    0.00    0.00   67.01
20:48:32     all   10.88    0.00   13.99    0.00    0.00    8.03    0.00    0.00    0.00   67.10
20:48:33     all   11.95    0.00   13.25    0.00    0.00    7.79    0.00    0.00    0.00   67.01
20:48:34     all   12.01    0.00   12.53    0.00    0.00    8.09    0.00    0.00    0.00   67.36
20:48:35     all   11.75    0.00   12.53    0.00    0.00    8.09    0.26    0.00    0.00   67.36
20:48:36     all   11.95    0.00   13.25    0.00    0.00    8.05    0.00    0.00    0.00   66.75
20:48:37     all   12.07    0.00   12.86    0.00    0.00    6.82    0.00    0.00    0.00   68.24
20:48:38     all   11.78    0.00   13.09    0.00    0.00    7.33    0.26    0.00    0.00   67.54
20:48:39     all   11.46    0.00   12.76    0.00    0.00    8.33    0.00    0.00    0.00   67.45
20:48:40     all   11.95    0.00   12.21    0.00    0.00    8.57    0.00    0.00    0.00   67.27
20:48:41     all   11.40    0.00   14.51    0.00    0.00    6.99    0.00    0.00    0.00   67.10
20:48:42     all    8.20    0.00   14.55    0.00    0.00    8.47    0.00    0.00    0.00   68.78
20:48:43     all    7.55    0.00   19.41    0.00    0.00   12.67    0.00    0.00    0.00   60.38
20:48:44     all    8.04    0.00   18.50    0.00    0.00   11.26    0.00    0.00    0.00   62.20
20:48:45     all    7.49    0.00   18.45    0.00    0.00   12.83    0.00    0.00    0.00   61.23
20:48:46     all    8.04    0.00   19.57    0.00    0.00   11.80    0.00    0.00    0.00   60.59
20:48:47     all    8.31    0.00   19.03    0.00    0.00   12.60    0.00    0.00    0.00   60.05
20:48:48     all    7.80    0.00   18.82    0.00    0.00   12.37    0.00    0.00    0.00   61.02
20:48:49     all    8.15    0.00   19.29    0.27    0.00   11.68    0.00    0.00    0.00   60.60
20:48:50     all    7.75    0.00   20.32    0.00    0.00   11.50    0.00    0.00    0.00   60.43
20:48:51     all    8.33    0.00   18.82    0.00    0.00   12.10    0.00    0.00    0.00   60.75
20:48:52     all    8.06    0.00   19.89    0.00    0.00   11.56    0.00    0.00    0.00   60.48
20:48:53     all    7.98    0.00   19.68    0.00    0.00   11.17    0.00    0.00    0.00   61.17
20:48:54     all    7.82    0.00   20.49    0.00    0.00   11.59    0.00    0.00    0.00   60.11
20:48:55     all    8.06    0.00   19.62    0.00    0.00   12.63    0.00    0.00    0.00   59.68
20:48:56     all    8.00    0.00   21.07    0.00    0.00   11.20    0.00    0.00    0.00   59.73
20:48:57     all    7.34    0.00   18.21    0.00    0.00   12.50    0.00    0.00    0.00   61.96
20:48:58     all    8.33    0.00   20.43    0.00    0.00   11.56    0.00    0.00    0.00   59.68
20:48:59     all    7.67    0.00   20.37    0.00    0.00   12.70    0.00    0.00    0.00   59.26
20:49:00     all    7.03    0.00   19.73    0.00    0.00   12.16    0.00    0.00    0.00   61.08
20:49:01     all    8.73    0.00   19.58    0.00    0.00   11.64    0.00    0.00    0.00   60.05
20:49:02     all    7.45    0.00   21.28    0.00    0.00   11.97    0.00    0.00    0.00   59.31
20:49:03     all    8.29    0.00   18.72    0.00    0.00   12.03    0.00    0.00    0.00   60.96
20:49:04     all    7.47    0.00   20.80    0.00    0.00   11.73    0.00    0.00    0.00   60.00
20:49:05     all    7.96    0.00   19.63    0.00    0.00   13.00    0.00    0.00    0.00   59.42
20:49:06     all    7.77    0.00   20.11    0.00    0.00   11.26    0.00    0.00    0.00   60.86
20:49:07     all    8.24    0.00   19.68    0.00    0.00   12.77    0.00    0.00    0.00   59.31
20:49:08     all    8.31    0.00   21.18    0.00    0.00   11.80    0.00    0.00    0.00   58.71
20:49:09     all    7.75    0.00   20.32    0.00    0.00   12.03    0.00    0.00    0.00   59.89
20:49:10     all    8.02    0.00   19.25    0.00    0.00   12.83    0.00    0.00    0.00   59.89
20:49:11     all    8.29    0.00   19.25    0.00    0.00   11.76    0.00    0.00    0.00   60.70
20:49:12     all    6.33    0.00   11.35    0.00    0.00    6.07    0.00    0.00    0.00   76.25
20:49:13     all    6.88    0.00   14.55    0.00    0.00    9.26    0.00    0.00    0.00   69.31
20:49:14     all    7.73    0.00   19.73    0.00    0.00   12.00    0.00    0.00    0.00   60.53
20:49:15     all    9.02    0.00   18.83    0.00    0.00   13.00    0.00    0.00    0.00   59.15
20:49:16     all    7.51    0.00   20.11    0.00    0.00   12.06    0.27    0.00    0.00   60.05
20:49:17     all    8.31    0.00   19.57    0.00    0.00   12.33    0.00    0.00    0.00   59.79
20:49:18     all    8.02    0.00   20.05    0.00    0.00   12.03    0.00    0.00    0.00   59.89
20:49:19     all    7.73    0.00   20.00    0.00    0.00   12.27    0.00    0.00    0.00   60.00
20:49:20     all    8.36    0.00   19.95    0.00    0.00   11.86    0.00    0.00    0.00   59.84
20:49:21     all    8.02    0.00   19.25    0.00    0.00   12.57    0.27    0.00    0.00   59.89
20:49:22     all    7.98    0.00   20.21    0.00    0.00   12.23    0.00    0.00    0.00   59.57
20:49:23     all    8.56    0.00   19.52    0.00    0.00   11.76    0.00    0.00    0.00   60.16
20:49:24     all    8.51    0.00   19.68    0.00    0.00   11.97    0.00    0.00    0.00   59.84
20:49:25     all    7.75    0.00   20.32    0.00    0.00   11.76    0.00    0.00    0.00   60.16
20:49:26     all    8.11    0.00   18.92    0.00    0.00   12.16    0.00    0.00    0.00   60.81
20:49:27     all    7.67    0.00   20.90    0.00    0.00   11.90    0.00    0.00    0.00   59.52
20:49:28     all    7.92    0.00   18.58    0.00    0.00   12.57    0.00    0.00    0.00   60.93
20:49:29     all    7.73    0.00   20.80    0.27    0.00   12.27    0.00    0.00    0.00   58.93
20:49:30     all    7.59    0.00   17.89    0.00    0.00   12.74    0.00    0.00    0.00   61.79
20:49:31     all    8.53    0.00   19.73    0.00    0.00   12.00    0.00    0.00    0.00   59.73
20:49:32     all    8.31    0.00   19.57    0.00    0.00   11.53    0.00    0.00    0.00   60.59
20:49:33     all    7.80    0.00   19.62    0.00    0.00   11.56    0.00    0.00    0.00   61.02
20:49:34     all    6.49    0.00   20.27    0.00    0.00   12.70    0.00    0.00    0.00   60.54
20:49:35     all    8.53    0.00   19.20    0.00    0.00   11.47    0.00    0.00    0.00   60.80
20:49:36     all    7.90    0.00   19.62    0.00    0.00   11.72    0.00    0.00    0.00   60.76
20:49:37     all    7.61    0.00   19.84    0.00    0.00   11.96    0.00    0.00    0.00   60.60
20:49:38     all    8.11    0.00   19.46    0.00    0.00   12.70    0.00    0.00    0.00   59.73
20:49:39     all    8.06    0.00   20.16    0.00    0.00   11.02    0.00    0.00    0.00   60.75
20:49:40     all    7.47    0.00   19.47    0.00    0.00   13.07    0.27    0.00    0.00   59.73
20:49:41     all    8.09    0.00   20.49    0.00    0.00   10.51    0.00    0.00    0.00   60.92
20:49:42     all    6.63    0.00   16.45    0.00    0.00    8.75    0.00    0.00    0.00   68.17
20:49:43     all    6.78    0.00   16.80    0.00    0.00   10.84    0.00    0.00    0.00   65.58
20:49:44     all    7.22    0.00   19.79    0.00    0.00   12.83    0.00    0.00    0.00   60.16
20:49:45     all    8.06    0.00   19.89    0.00    0.00   12.10    0.00    0.00    0.00   59.95
20:49:46     all    7.61    0.00   19.02    0.00    0.00   12.77    0.00    0.00    0.00   60.60
20:49:47     all    7.96    0.00   20.16    0.00    0.00   11.94    0.00    0.00    0.00   59.95
20:49:48     all    7.69    0.00   20.95    0.00    0.00   11.94    0.00    0.00    0.00   59.42
20:49:49     all    8.56    0.00   20.59    0.00    0.00   12.03    0.00    0.00    0.00   58.82
20:49:50     all    7.71    0.00   21.01    0.00    0.00   11.97    0.00    0.00    0.00   59.31
20:49:51     all    8.29    0.00   20.05    0.00    0.00   12.03    0.00    0.00    0.00   59.63
20:49:52     all    7.45    0.00   19.68    0.00    0.00   12.23    0.00    0.00    0.00   60.64
20:49:53     all    7.80    0.00   20.70    0.00    0.00   12.37    0.00    0.00    0.00   59.14
20:49:54     all    8.33    0.00   19.62    0.00    0.00   11.56    0.00    0.00    0.00   60.48
20:49:55     all    7.69    0.00   19.89    0.00    0.00   12.73    0.00    0.00    0.00   59.68
20:49:56     all    8.56    0.00   18.72    0.00    0.00   12.03    0.00    0.00    0.00   60.70
20:49:57     all    8.27    0.00   20.53    0.00    0.00   11.73    0.00    0.00    0.00   59.47
20:49:58     all    7.77    0.00   19.57    0.00    0.00   12.60    0.00    0.00    0.00   60.05
20:49:59     all    7.82    0.00   18.87    0.00    0.00   12.67    0.00    0.00    0.00   60.65
20:50:00     all    8.29    0.00   19.52    0.00    0.00   12.03    0.00    0.00    0.00   60.16
20:50:01     all    7.26    0.00   20.43    0.00    0.00   11.56    0.00    0.00    0.00   60.75
20:50:02     all    7.75    0.00   19.79    0.00    0.00   12.30    0.00    0.00    0.00   60.16
20:50:03     all    7.94    0.00   19.84    0.00    0.00   12.17    0.26    0.00    0.00   59.79
20:50:04     all    7.18    0.00   20.48    0.00    0.00   12.23    0.00    0.00    0.00   60.11
20:50:05     all    8.17    0.00   18.53    0.00    0.00   11.99    0.00    0.00    0.00   61.31
20:50:06     all    8.02    0.00   19.79    0.00    0.00   11.23    0.00    0.00    0.00   60.96
20:50:07     all    8.31    0.00   20.38    0.00    0.00   11.53    0.00    0.00    0.00   59.79
20:50:08     all    7.77    0.00   20.64    0.00    0.00   12.33    0.00    0.00    0.00   59.25
20:50:09     all    7.71    0.00   19.68    0.00    0.00   12.23    0.00    0.00    0.00   60.37
20:50:10     all    7.94    0.00   20.90    0.00    0.00   11.90    0.00    0.00    0.00   59.26
20:50:11     all    8.80    0.00   18.93    0.00    0.00   11.20    0.00    0.00    0.00   61.07
20:50:12     all    6.91    0.00   16.49    0.00    0.00    7.98    0.00    0.00    0.00   68.62
20:50:13     all    7.53    0.00   18.28    0.00    0.00   10.22    0.00    0.00    0.00   63.98
20:50:14     all    7.83    0.00   20.37    0.00    0.00   12.01    0.26    0.00    0.00   59.53
20:50:15     all    7.73    0.00   20.00    0.00    0.00   11.20    0.00    0.00    0.00   61.07
20:50:16     all    7.32    0.00   18.70    0.00    0.00   11.92    0.00    0.00    0.00   62.06
20:50:17     all    7.22    0.00   19.52    0.00    0.00   11.23    0.00    0.00    0.00   62.03
20:50:18     all    7.53    0.00   19.62    0.00    0.00   12.10    0.27    0.00    0.00   60.48
20:50:19     all    7.67    0.00   20.90    0.00    0.00   11.64    0.00    0.00    0.00   59.79
20:50:20     all    7.77    0.00   19.30    0.00    0.00   12.60    0.00    0.00    0.00   60.32
20:50:21     all    8.00    0.00   20.00    0.00    0.00   12.53    0.00    0.00    0.00   59.47
20:50:22     all    7.73    0.00   20.53    0.00    0.00   12.27    0.00    0.00    0.00   59.47
20:50:23     all    7.98    0.00   19.15    0.00    0.00   11.70    0.00    0.00    0.00   61.17
20:50:24     all    8.87    0.00   19.09    0.00    0.00   12.10    0.00    0.00    0.00   59.95
20:50:25     all    7.65    0.00   20.05    0.00    0.00   12.93    0.00    0.00    0.00   59.37
20:50:26     all    8.04    0.00   19.84    0.00    0.00   12.87    0.00    0.00    0.00   59.25
20:50:27     all    8.00    0.00   20.80    0.00    0.00   12.27    0.00    0.00    0.00   58.93
20:50:28     all    7.45    0.00   19.95    0.00    0.00   12.77    0.00    0.00    0.00   59.84
20:50:29     all    7.89    0.00   19.47    0.00    0.00   12.37    0.00    0.00    0.00   60.26
20:50:30     all    8.02    0.00   19.79    0.00    0.00   12.57    0.00    0.00    0.00   59.63
20:50:31     all    8.68    0.00   20.00    0.00    0.00   12.63    0.00    0.00    0.00   58.68
20:50:32     all    7.26    0.00   19.89    0.00    0.00   12.37    0.00    0.00    0.00   60.48
20:50:33     all    7.28    0.00   19.14    0.00    0.00   13.48    0.00    0.00    0.00   60.11
20:50:34     all    7.18    0.00   21.81    0.00    0.00   11.97    0.00    0.00    0.00   59.04
20:50:35     all    8.51    0.00   19.95    0.00    0.00   12.77    0.00    0.00    0.00   58.78
20:50:36     all    8.00    0.00   19.47    0.00    0.00   12.80    0.00    0.00    0.00   59.73
20:50:37     all    7.73    0.00   20.00    0.00    0.00   12.80    0.00    0.00    0.00   59.47
20:50:38     all    8.75    0.00   19.10    0.00    0.00   11.67    0.00    0.00    0.00   60.48
20:50:39     all    7.90    0.00   19.07    0.00    0.00   10.90    0.00    0.00    0.00   62.13
20:50:40     all    9.04    0.00   18.62    0.00    0.00   12.23    0.00    0.00    0.00   60.11
20:50:41     all    7.98    0.00   20.21    0.00    0.00   12.23    0.00    0.00    0.00   59.57
20:50:42     all    3.08    0.00    6.67    0.00    0.00    3.59    0.00    0.00    0.00   86.67
20:50:43     all    0.76    0.00    2.53    0.00    0.00    1.77    0.00    0.00    0.00   94.95
20:50:44     all    2.04    0.00    3.05    0.00    0.00    3.05    0.00    0.00    0.00   91.86
20:50:45     all    1.77    0.00    3.54    0.00    0.00    3.54    0.00    0.00    0.00   91.16
20:50:46     all    2.29    0.00    3.05    0.00    0.00    2.80    0.00    0.00    0.00   91.86
20:50:47     all    1.80    0.00    3.09    0.00    0.00    2.58    0.00    0.00    0.00   92.53
20:50:48     all    2.26    0.00    4.26    0.00    0.00    3.01    0.00    0.00    0.00   90.48
20:50:49     all    2.28    0.00    3.05    0.00    0.00    2.79    0.00    0.00    0.00   91.88
20:50:50     all    2.29    0.00    3.31    0.00    0.00    2.54    0.00    0.00    0.00   91.86
20:50:51     all    2.04    0.00    3.05    0.00    0.00    3.31    0.25    0.00    0.00   91.35
20:50:52     all    2.30    0.00    3.32    0.00    0.00    2.30    0.00    0.00    0.00   92.09
20:50:53     all    2.54    0.00    3.05    0.00    0.00    2.54    0.00    0.00    0.00   91.86
20:50:54     all    2.80    0.00    3.05    0.00    0.00    2.54    0.00    0.00    0.00   91.60
20:50:55     all    2.53    0.00    3.54    0.00    0.00    2.53    0.00    0.00    0.00   91.39
20:50:56     all    1.54    0.00    3.08    0.00    0.00    3.08    0.00    0.00    0.00   92.29
20:50:57     all    2.54    0.00    3.31    0.25    0.00    2.80    0.00    0.00    0.00   91.09
20:50:58     all    2.53    0.00    3.03    0.00    0.00    3.03    0.00    0.00    0.00   91.41
20:50:59     all    2.54    0.00    3.30    0.00    0.00    2.79    0.00    0.00    0.00   91.37
20:51:00     all    2.04    0.00    3.06    0.00    0.00    2.81    0.00    0.00    0.00   92.09
20:51:01     all    2.54    0.00    3.81    0.00    0.00    2.79    0.00    0.00    0.00   90.86
20:51:02     all    2.78    0.00    3.28    0.00    0.00    2.78    0.00    0.00    0.00   91.16
20:51:03     all    2.03    0.00    3.55    0.00    0.00    2.79    0.00    0.00    0.00   91.62
20:51:04     all    1.79    0.00    3.06    0.00    0.00    3.32    0.00    0.00    0.00   91.84
20:51:05     all    2.04    0.00    3.32    0.00    0.00    2.04    0.00    0.00    0.00   92.60
20:51:06     all    2.05    0.00    2.81    0.00    0.00    3.07    0.00    0.00    0.00   92.07
20:51:07     all    2.53    0.00    3.54    0.00    0.00    2.53    0.25    0.00    0.00   91.16
20:51:08     all    2.05    0.00    3.08    0.00    0.00    2.56    0.00    0.00    0.00   92.31
20:51:09     all    2.50    0.00    3.75    0.00    0.00    3.50    0.00    0.00    0.00   90.25
20:51:10     all    2.04    0.00    3.56    0.00    0.00    2.29    0.00    0.00    0.00   92.11
20:51:11     all    2.29    0.00    3.56    0.00    0.00    2.54    0.00    0.00    0.00   91.60
20:51:12     all    1.51    0.00    2.01    0.00    0.00    1.26    0.25    0.00    0.00   94.97
20:51:13     all    2.05    0.00    2.05    0.00    0.00    2.05    0.00    0.00    0.00   93.86
20:51:14     all    4.33    0.00    5.85    0.00    0.00    6.36    0.00    0.00    0.00   83.46
20:51:15     all    2.59    0.00    6.74    0.00    0.00    5.18    0.00    0.00    0.00   85.49
20:51:16     all    3.59    0.00    6.41    0.00    0.00    6.15    0.00    0.00    0.00   83.85
20:51:17     all    3.35    0.00    6.96    0.00    0.00    6.70    0.00    0.00    0.00   82.99
20:51:18     all    4.42    0.00    6.49    0.00    0.00    4.68    0.00    0.00    0.00   84.42
20:51:19     all    3.68    0.00    6.05    0.00    0.00    5.53    0.00    0.00    0.00   84.74
20:51:20     all    4.39    0.00    6.46    0.00    0.00    6.20    0.00    0.00    0.00   82.95
20:51:21     all    4.35    0.00    6.14    0.00    0.00    5.88    0.00    0.00    0.00   83.63
20:51:22     all    3.67    0.00    6.56    0.00    0.00    5.25    0.00    0.00    0.00   84.51
20:51:23     all    3.84    0.00    5.88    0.00    0.00    7.16    0.00    0.00    0.00   83.12
20:51:24     all    3.86    0.00    7.46    0.00    0.00    6.17    0.00    0.00    0.00   82.52
20:51:25     all    4.63    0.00    6.17    0.00    0.00    5.91    0.00    0.00    0.00   83.29
20:51:26     all    4.87    0.00    6.41    0.00    0.00    5.38    0.00    0.00    0.00   83.33
20:51:27     all    4.11    0.00    6.68    0.00    0.00    5.91    0.00    0.00    0.00   83.29
20:51:28     all    3.62    0.00    6.46    0.00    0.00    6.46    0.00    0.00    0.00   83.46
20:51:29     all    4.16    0.00    5.71    0.00    0.00    5.97    0.00    0.00    0.00   84.16
20:51:30     all    4.34    0.00    6.63    0.00    0.00    6.63    0.00    0.00    0.00   82.40
20:51:31     all    4.39    0.00    6.20    0.00    0.00    6.20    0.00    0.00    0.00   83.20
20:51:32     all    5.13    0.00    6.41    0.00    0.00    5.90    0.00    0.00    0.00   82.56
20:51:33     all    4.22    0.00    6.33    0.00    0.00    4.49    0.00    0.00    0.00   84.96
20:51:34     all    4.31    0.00    6.35    0.00    0.00    6.60    0.25    0.00    0.00   82.49
20:51:35     all    3.62    0.00    6.46    0.00    0.00    5.94    0.00    0.00    0.00   83.98
20:51:36     all    3.91    0.00    5.73    0.00    0.00    5.99    0.26    0.00    0.00   84.11
20:51:37     all    3.64    0.00    5.97    0.00    0.00    5.71    0.00    0.00    0.00   84.68
20:51:38     all    3.86    0.00    6.68    0.00    0.00    6.17    0.26    0.00    0.00   83.03
20:51:39     all    4.15    0.00    6.48    0.00    0.00    5.44    0.00    0.00    0.00   83.94
20:51:40     all    3.90    0.00    6.49    0.00    0.00    5.71    0.00    0.00    0.00   83.90
20:51:41     all    3.88    0.00    6.46    0.00    0.00    6.46    0.00    0.00    0.00   83.20
20:51:42     all    2.04    0.00    4.08    0.00    0.00    3.06    0.00    0.00    0.00   90.82
20:51:43     all    4.05    0.00    2.28    0.00    0.00    0.76    0.00    0.00    0.00   92.91
20:51:44     all   12.47    0.00    6.62    0.00    0.00    5.09    0.00    0.00    0.00   75.83
20:51:45     all   12.34    0.00    6.56    0.00    0.00    7.61    0.00    0.00    0.00   73.49
20:51:46     all    7.03    0.00    6.25    0.00    0.00    5.99    0.00    0.00    0.00   80.73
20:51:47     all    2.05    0.00    6.39    0.00    0.00    4.86    0.00    0.00    0.00   86.70
20:51:48     all    2.29    0.00    4.58    0.00    0.00    4.33    0.00    0.00    0.00   88.80
20:51:49     all    2.30    0.00    4.86    0.00    0.00    4.60    0.00    0.00    0.00   88.24
20:51:50     all    2.76    0.00    5.28    0.00    0.00    5.28    0.00    0.00    0.00   86.68
20:51:51     all    2.29    0.00    5.60    0.00    0.00    4.58    0.00    0.00    0.00   87.53
20:51:52     all    1.78    0.00    5.34    0.00    0.00    4.07    0.00    0.00    0.00   88.80
20:51:53     all    1.79    0.00    5.10    0.00    0.00    4.59    0.00    0.00    0.00   88.52
20:51:54     all    1.79    0.00    5.12    0.00    0.00    5.12    0.00    0.00    0.00   87.98
20:51:55     all    2.04    0.00    5.10    0.00    0.00    5.36    0.26    0.00    0.00   87.24
20:51:56     all    2.53    0.00    5.05    0.00    0.00    4.55    0.00    0.00    0.00   87.88
20:51:57     all    1.79    0.00    5.12    0.00    0.00    4.86    0.00    0.00    0.00   88.24
20:51:58     all    2.05    0.00    5.63    0.00    0.00    4.86    0.00    0.00    0.00   87.47
20:51:59     all    2.29    0.00    5.34    0.00    0.00    4.33    0.00    0.00    0.00   88.04
20:52:00     all    2.29    0.00    5.34    0.00    0.00    4.07    0.00    0.00    0.00   88.30
20:52:01     all    2.27    0.00    5.81    0.00    0.00    4.04    0.00    0.00    0.00   87.88
20:52:02     all    2.31    0.00    5.13    0.00    0.00    3.85    0.00    0.00    0.00   88.72
20:52:03     all    2.02    0.00    6.06    0.00    0.00    4.80    0.00    0.00    0.00   87.12
20:52:04     all    1.77    0.00    6.33    0.00    0.00    4.30    0.00    0.00    0.00   87.59
20:52:05     all    2.54    0.00    4.83    0.25    0.00    4.58    0.00    0.00    0.00   87.79
20:52:06     all    2.28    0.00    5.08    0.00    0.00    4.82    0.00    0.00    0.00   87.82
20:52:07     all    1.77    0.00    6.58    0.00    0.00    4.30    0.00    0.00    0.00   87.34
20:52:08     all    2.04    0.00    5.10    0.00    0.00    4.59    0.00    0.00    0.00   88.27
20:52:09     all    2.30    0.00    5.36    0.00    0.00    4.08    0.00    0.00    0.00   88.27
20:52:10     all    1.52    0.00    5.58    0.00    0.00    5.58    0.00    0.00    0.00   87.31
20:52:11     all    2.27    0.00    5.30    0.00    0.00    4.80    0.00    0.00    0.00   87.63
20:52:12     all    1.52    0.00    5.06    0.00    0.00    3.54    0.00    0.00    0.00   89.87
20:52:13     all    6.36    0.00    1.27    0.00    0.00    0.76    0.00    0.00    0.00   91.60
20:52:14     all   23.91    0.00    5.40    0.00    0.00    3.86    0.00    0.00    0.00   66.84
20:52:15     all   28.76    0.00    6.22    0.00    0.00    5.96    0.00    0.00    0.00   59.07
20:52:16     all   24.43    0.00    6.62    0.00    0.00    5.60    0.00    0.00    0.00   63.36
20:52:17     all   19.49    0.00    5.64    0.00    0.00    5.38    0.00    0.00    0.00   69.49
20:52:18     all   10.86    0.00    4.04    0.00    0.00    2.78    0.00    0.00    0.00   82.32
20:52:19     all    3.31    0.00    1.27    0.00    0.00    1.02    0.00    0.00    0.00   94.40
20:52:20     all    1.50    0.00    1.50    0.00    0.00    0.50    0.00    0.00    0.00   96.49
20:52:21     all    0.76    0.00    1.26    0.00    0.00    0.25    0.00    0.00    0.00   97.73
20:52:22     all    0.00    0.00    0.00    0.00    0.00    0.00    0.00    0.00    0.00  100.00
20:52:23     all    0.00    0.00    0.25    0.00    0.00    0.50    0.00    0.00    0.00   99.25
20:52:24     all    0.00    0.00    0.50    0.00    0.00    0.00    0.00    0.00    0.00   99.50
20:52:25     all    0.25    0.00    0.00    0.00    0.00    0.25    0.00    0.00    0.00   99.50
20:52:26     all   13.85    0.00   41.56    0.00    0.00    7.05    0.00    0.00    0.00   37.53
20:52:27     all   18.30    0.00   67.42    0.00    0.00   14.29    0.00    0.00    0.00    0.00
20:52:28     all   18.16    0.00   67.91    0.00    0.00   13.93    0.00    0.00    0.00    0.00
20:52:29     all   19.11    0.00   65.01    0.00    0.00   15.88    0.00    0.00    0.00    0.00
20:52:30     all   18.39    0.00   67.00    0.00    0.00   14.61    0.00    0.00    0.00    0.00
20:52:31     all   19.00    0.00   66.50    0.00    0.00   14.50    0.00    0.00    0.00    0.00
20:52:32     all   17.41    0.00   67.91    0.00    0.00   14.68    0.00    0.00    0.00    0.00
20:52:33     all   17.79    0.00   67.17    0.00    0.00   15.04    0.00    0.00    0.00    0.00
20:52:34     all   19.45    0.00   65.34    0.00    0.00   14.96    0.25    0.00    0.00    0.00
20:52:35     all   18.25    0.00   67.25    0.00    0.00   14.50    0.00    0.00    0.00    0.00
20:52:36     all   18.20    0.00   66.83    0.00    0.00   14.96    0.00    0.00    0.00    0.00
20:52:37     all   19.60    0.00   66.08    0.00    0.00   14.32    0.00    0.00    0.00    0.00
20:52:38     all   18.91    0.00   66.92    0.00    0.00   14.18    0.00    0.00    0.00    0.00
20:52:39     all   18.75    0.00   67.25    0.00    0.00   14.00    0.00    0.00    0.00    0.00
20:52:40     all   18.20    0.00   68.08    0.00    0.00   13.72    0.00    0.00    0.00    0.00
20:52:41     all   18.50    0.00   67.50    0.00    0.00   14.00    0.00    0.00    0.00    0.00
