Running 30s test @ http://10.116.0.2:8080/block?ms=100
  4 threads and 4000 connections
  Thread calibration: mean lat.: 3022.616ms, rate sampling interval: 12763ms
  Thread calibration: mean lat.: 3010.890ms, rate sampling interval: 12763ms
  Thread calibration: mean lat.: 3029.670ms, rate sampling interval: 12787ms
  Thread calibration: mean lat.: 3004.533ms, rate sampling interval: 12730ms
  Thread Stats   Avg      Stdev     Max   +/- Stdev
    Latency    11.97s     2.75s   18.30s    58.02%
    Req/Sec     3.34k     4.24     3.34k    75.00%
  Latency Distribution (HdrHistogram - Recorded Latency)
 50.000%   11.98s 
 75.000%   14.33s 
 90.000%   15.77s 
 99.000%   16.88s 
 99.900%   17.38s 
 99.990%   17.89s 
 99.999%   18.15s 
100.000%   18.32s 

  Detailed Percentile spectrum:
       Value   Percentile   TotalCount 1/(1-Percentile)

    6250.495     0.000000            1         1.00
    8204.287     0.100000        20025         1.11
    9125.887     0.200000        40025         1.25
   10059.775     0.300000        59989         1.43
   11001.855     0.400000        80075         1.67
   11976.703     0.500000        99970         2.00
   12451.839     0.550000       110005         2.22
   12918.783     0.600000       120011         2.50
   13377.535     0.650000       129943         2.86
   13844.479     0.700000       139972         3.33
   14327.807     0.750000       149883         4.00
   14573.567     0.775000       154877         4.44
   14819.327     0.800000       159961         5.00
   15056.895     0.825000       164926         5.71
   15302.655     0.850000       169960         6.67
   15540.223     0.875000       174961         8.00
   15654.911     0.887500       177404         8.89
   15769.599     0.900000       179935        10.00
   15884.287     0.912500       182392        11.43
   16007.167     0.925000       184983        13.33
   16130.047     0.937500       187407        16.00
   16195.583     0.943750       188644        17.78
   16261.119     0.950000       189846        20.00
   16334.847     0.956250       191163        22.86
   16408.575     0.962500       192362        26.67
   16490.495     0.968750       193662        32.00
   16531.455     0.971875       194288        35.56
   16572.415     0.975000       194829        40.00
   16621.567     0.978125       195499        45.71
   16678.911     0.981250       196102        53.33
   16736.255     0.984375       196701        64.00
   16769.023     0.985938       197011        71.11
   16809.983     0.987500       197362        80.00
   16859.135     0.989062       197743        91.43
   16891.903     0.990625       198012       106.67
   16941.055     0.992188       198317       128.00
   16973.823     0.992969       198473       142.22
   17006.591     0.993750       198635       160.00
   17039.359     0.994531       198789       182.86
   17072.127     0.995313       198918       213.33
   17104.895     0.996094       199054       256.00
   17137.663     0.996484       199161       284.44
   17154.047     0.996875       199205       320.00
   17186.815     0.997266       199283       365.71
   17219.583     0.997656       199362       426.67
   17252.351     0.998047       199433       512.00
   17285.119     0.998242       199486       568.89
   17301.503     0.998437       199520       640.00
   17317.887     0.998633       199548       731.43
   17350.655     0.998828       199589       853.33
   17383.423     0.999023       199625      1024.00
   17416.191     0.999121       199652      1137.78
   17432.575     0.999219       199664      1280.00
   17481.727     0.999316       199695      1462.86
   17514.495     0.999414       199710      1706.67
   17530.879     0.999512       199725      2048.00
   17563.647     0.999561       199740      2275.56
   17580.031     0.999609       199745      2560.00
   17645.567     0.999658       199755      2925.71
   17678.335     0.999707       199764      3413.33
   17711.103     0.999756       199776      4096.00
   17727.487     0.999780       199779      4551.11
   17743.871     0.999805       199781      5120.00
   17793.023     0.999829       199787      5851.43
   17809.407     0.999854       199791      6826.67
   17858.559     0.999878       199797      8192.00
   17891.327     0.999890       199801      9102.22
   17891.327     0.999902       199801     10240.00
   17924.095     0.999915       199803     11702.86
   17956.863     0.999927       199806     13653.33
   17973.247     0.999939       199808     16384.00
   18055.167     0.999945       199810     18204.44
   18071.551     0.999951       199812     20480.00
   18071.551     0.999957       199812     23405.71
   18087.935     0.999963       199813     27306.67
   18104.319     0.999969       199814     32768.00
   18120.703     0.999973       199816     36408.89
   18120.703     0.999976       199816     40960.00
   18120.703     0.999979       199816     46811.43
   18153.471     0.999982       199818     54613.33
   18153.471     0.999985       199818     65536.00
   18153.471     0.999986       199818     72817.78
   18153.471     0.999988       199818     81920.00
   18153.471     0.999989       199818     93622.86
   18186.239     0.999991       199819    109226.67
   18186.239     0.999992       199819    131072.00
   18186.239     0.999993       199819    145635.56
   18186.239     0.999994       199819    163840.00
   18186.239     0.999995       199819    187245.71
   18317.311     0.999995       199820    218453.33
   18317.311     1.000000       199820          inf
#[Mean    =    11972.185, StdDeviation   =     2752.971]
#[Max     =    18300.928, Total count    =       199820]
#[Buckets =           27, SubBuckets     =         2048]
----------------------------------------------------------
  386991 requests in 30.00s, 45.03MB read
Requests/sec:  12899.34
Transfer/sec:      1.50MB
