Running 30s test @ http://10.116.0.2:8080/json
  4 threads and 256 connections
  Thread calibration: mean lat.: 1.793ms, rate sampling interval: 10ms
  Thread calibration: mean lat.: 1.800ms, rate sampling interval: 10ms
  Thread calibration: mean lat.: 1.739ms, rate sampling interval: 10ms
  Thread calibration: mean lat.: 1.886ms, rate sampling interval: 10ms
  Thread Stats   Avg      Stdev     Max   +/- Stdev
    Latency     1.79ms    1.01ms  16.26ms   81.43%
    Req/Sec    10.54k     1.43k   17.89k    71.60%
  Latency Distribution (HdrHistogram - Recorded Latency)
 50.000%    1.59ms
 75.000%    2.18ms
 90.000%    2.86ms
 99.000%    5.67ms
 99.900%    9.65ms
 99.990%   13.01ms
 99.999%   15.33ms
100.000%   16.27ms

  Detailed Percentile spectrum:
       Value   Percentile   TotalCount 1/(1-Percentile)

       0.266     0.000000            1         1.00
       0.837     0.100000        78773         1.11
       1.056     0.200000       157442         1.25
       1.245     0.300000       236497         1.43
       1.418     0.400000       315200         1.67
       1.594     0.500000       393631         2.00
       1.690     0.550000       433241         2.22
       1.792     0.600000       472572         2.50
       1.906     0.650000       511981         2.86
       2.033     0.700000       551293         3.33
       2.177     0.750000       590814         4.00
       2.257     0.775000       610225         4.44
       2.345     0.800000       629859         5.00
       2.445     0.825000       649764         5.71
       2.555     0.850000       669171         6.67
       2.689     0.875000       689002         8.00
       2.765     0.887500       698723         8.89
       2.855     0.900000       708497        10.00
       2.959     0.912500       718445        11.43
       3.081     0.925000       728243        13.33
       3.231     0.937500       738067        16.00
       3.329     0.943750       742980        17.78
       3.445     0.950000       747865        20.00
       3.585     0.956250       752807        22.86
       3.757     0.962500       757711        26.67
       3.979     0.968750       762608        32.00
       4.107     0.971875       765106        35.56
       4.259     0.975000       767528        40.00
       4.439     0.978125       770010        45.71
       4.663     0.981250       772478        53.33
       4.943     0.984375       774912        64.00
       5.099     0.985938       776136        71.11
       5.295     0.987500       777363        80.00
       5.519     0.989062       778611        91.43
       5.779     0.990625       779822       106.67
       6.067     0.992188       781058       128.00
       6.239     0.992969       781677       142.22
       6.435     0.993750       782288       160.00
       6.667     0.994531       782897       182.86
       6.939     0.995313       783514       213.33
       7.271     0.996094       784133       256.00
       7.459     0.996484       784437       284.44
       7.659     0.996875       784744       320.00
       7.895     0.997266       785054       365.71
       8.183     0.997656       785359       426.67
       8.511     0.998047       785671       512.00
       8.687     0.998242       785819       568.89
       8.903     0.998437       785974       640.00
       9.119     0.998633       786126       731.43
       9.399     0.998828       786281       853.33
       9.703     0.999023       786436      1024.00
       9.887     0.999121       786518      1137.78
      10.063     0.999219       786588      1280.00
      10.287     0.999316       786665      1462.86
      10.535     0.999414       786742      1706.67
      10.919     0.999512       786819      2048.00
      11.079     0.999561       786860      2275.56
      11.279     0.999609       786895      2560.00
      11.511     0.999658       786934      2925.71
      11.727     0.999707       786972      3413.33
      11.943     0.999756       787010      4096.00
      12.047     0.999780       787030      4551.11
      12.175     0.999805       787049      5120.00
      12.383     0.999829       787068      5851.43
      12.583     0.999854       787087      6826.67
      12.775     0.999878       787106      8192.00
      12.895     0.999890       787116      9102.22
      13.039     0.999902       787126     10240.00
      13.183     0.999915       787136     11702.86
      13.431     0.999927       787145     13653.33
      13.647     0.999939       787154     16384.00
      13.847     0.999945       787159     18204.44
      14.007     0.999951       787164     20480.00
      14.151     0.999957       787169     23405.71
      14.255     0.999963       787174     27306.67
      14.343     0.999969       787180     32768.00
      14.359     0.999973       787181     36408.89
      14.487     0.999976       787183     40960.00
      14.879     0.999979       787186     46811.43
      14.975     0.999982       787188     54613.33
      15.167     0.999985       787190     65536.00
      15.199     0.999986       787192     72817.78
      15.311     0.999988       787193     81920.00
      15.327     0.999989       787194     93622.86
      15.519     0.999991       787195    109226.67
      15.575     0.999992       787196    131072.00
      15.615     0.999993       787197    145635.56
      15.631     0.999994       787198    163840.00
      15.631     0.999995       787198    187245.71
      15.871     0.999995       787199    218453.33
      15.871     0.999996       787199    262144.00
      15.911     0.999997       787200    291271.11
      15.911     0.999997       787200    327680.00
      15.911     0.999997       787200    374491.43
      15.943     0.999998       787201    436906.67
      15.943     0.999998       787201    524288.00
      15.943     0.999998       787201    582542.22
      15.943     0.999998       787201    655360.00
      15.943     0.999999       787201    748982.86
      16.271     0.999999       787202    873813.33
      16.271     1.000000       787202          inf
#[Mean    =        1.793, StdDeviation   =        1.008]
#[Max     =       16.264, Total count    =       787202]
#[Buckets =           27, SubBuckets     =         2048]
----------------------------------------------------------
  1185292 requests in 30.00s, 152.60MB read
Requests/sec:  39509.83
Transfer/sec:      5.09MB
