1790887265 144412
1790887266 200508
1790887267 216412
1790887268 216836
1790887269 217292
1790887270 223620
1790887271 223932
1790887273 223992
1790887274 223992
1790887275 224008
1790887276 224012
1790887277 224016
1790887278 224040
1790887279 224056
1790887280 224060
1790887281 224068
1790887282 224076
1790887283 224080
1790887284 224084
1790887285 224084
1790887286 224084
1790887287 224100
1790887288 224104
1790887289 224120
1790887290 224136
1790887291 224144
1790887292 224176
1790887293 224180
1790887294 224184
1790887295 224532
1790887297 225016
1790887298 371676
1790887299 399228
1790887300 399500
1790887301 399632
1790887302 399832
1790887303 399920
1790887304 400136
1790887305 400444
1790887306 400528
1790887307 400540
1790887308 400572
1790887309 400640
1790887310 400664
1790887311 400704
1790887312 400736
1790887313 400740
1790887314 400776
1790887315 400780
1790887316 400780
1790887317 400780
1790887318 400788
1790887319 400792
1790887320 400792
1790887321 400856
1790887323 400864
1790887324 400872
1790887325 400892
1790887326 293884
1790887327 294764
1790887328 291636
1790887329 291636
1790887330 291636
1790887331 291636
1790887332 291636
1790887333 291636
1790887334 291636
1790887335 291636
1790887336 291640
1790887337 291644
1790887338 291644
1790887339 291644
1790887340 291648
1790887341 291648
1790887342 291656
1790887343 291656
1790887344 291656
1790887345 291656
1790887347 291656
1790887348 291656
1790887349 291656
1790887350 291656
1790887351 291668
1790887352 291668
1790887353 291668
1790887354 291668
1790887355 291672
1790887356 291684
1790887357 281260
1790887358 281280
1790887359 281284
1790887360 281284
1790887361 281292
1790887362 281300
1790887363 281308
1790887364 281312
1790887365 281316
1790887367 281324
1790887368 281328
1790887369 281332
1790887370 281336
1790887371 281348
1790887372 281352
1790887373 281356
1790887374 281360
1790887375 281360
1790887376 281368
1790887377 281392
1790887378 281396
1790887379 281400
1790887380 281404
1790887381 281416
1790887382 281424
1790887384 281448
1790887385 281528
1790887386 281536
1790887387 239940
1790887388 291000
1790887389 291020
1790887390 291032
1790887391 291048
1790887392 291052
1790887393 291064
1790887394 291076
1790887395 291092
1790887396 291104
1790887397 291108
1790887399 291128
1790887400 291132
1790887401 291140
1790887402 291164
1790887403 291172
1790887404 291176
1790887405 291188
1790887406 291196
1790887407 291208
1790887408 291292
1790887409 291324
1790887410 291332
1790887411 291340
1790887412 291352
1790887414 292324
1790887415 292336
1790887416 292344
1790887417 257916
1790887418 264272
1790887419 264284
1790887420 264284
1790887421 264296
1790887422 264308
1790887423 264320
1790887424 264332
1790887425 264336
1790887426 264348
1790887427 264356
1790887429 264364
1790887430 264372
1790887431 264380
1790887432 264380
1790887433 264392
1790887434 264404
1790887435 264416
1790887436 264428
1790887437 264432
1790887438 264436
1790887439 264448
1790887440 264448
1790887442 264456
1790887443 264468
1790887444 264476
1790887445 264484
1790887446 264500
1790887447 273024
1790887448 273028
1790887449 279184
1790887450 279196
1790887451 279208
1790887452 279220
1790887453 279224
1790887454 279228
1790887456 279240
1790887457 279248
1790887458 279252
1790887459 279260
1790887460 279276
1790887461 279280
1790887462 279284
1790887463 279296
1790887464 279304
1790887465 279316
1790887466 279324
1790887467 279332
1790887468 279344
1790887470 279356
1790887471 279364
1790887472 279372
1790887473 279376
1790887474 279392
1790887475 279404
1790887476 279404
1790887477 255464
1790887478 260936
1790887479 260940
1790887480 260948
1790887481 260956
1790887482 260964
1790887483 260976
1790887485 260996
1790887486 261004
1790887487 261020
1790887488 261036
1790887489 261044
1790887490 261056
1790887491 261064
1790887492 261076
1790887493 261088
1790887494 261096
1790887495 261112
1790887496 261120
1790887498 261124
1790887499 261128
1790887500 261148
1790887501 261152
1790887502 261160
1790887503 261176
1790887504 261188
1790887505 261192
1790887506 261208
1790887507 306260
1790887508 407316
1790887509 408292
1790887510 408712
1790887511 409316
1790887512 409548
1790887513 409960
1790887514 410240
1790887515 410460
1790887516 410732
1790887517 410916
1790887519 411008
1790887520 411100
1790887521 411100
1790887522 411100
1790887523 411156
1790887524 411160
1790887525 411160
1790887526 411164
1790887527 411172
1790887528 411172
1790887529 411180
1790887530 411180
1790887531 411180
1790887532 411180
1790887533 411180
1790887534 411180
1790887535 411180
1790887536 411184
1790887537 337632
1790887538 413296
1790887539 413580
1790887540 413636
1790887541 413696
1790887542 413736
1790887543 414092
1790887545 414292
1790887546 414328
1790887547 414352
1790887548 414384
1790887549 414420
1790887550 414556
1790887551 414584
1790887552 414592
1790887553 414616
1790887554 414648
1790887555 414708
1790887556 414732
1790887557 414764
1790887558 414792
1790887559 414804
1790887560 414832
1790887561 414868
1790887562 414872
1790887563 414892
1790887564 414916
1790887566 414944
1790887567 414964
1790887568 360476
1790887569 415108
1790887570 415124
