Running 30s test @ http://10.116.0.2:8080/json
  4 threads and 256 connections
  Thread calibration: mean lat.: 2552.014ms, rate sampling interval: 9568ms
  Thread calibration: mean lat.: 2592.462ms, rate sampling interval: 9748ms
  Thread calibration: mean lat.: 2558.451ms, rate sampling interval: 9658ms
  Thread calibration: mean lat.: 2578.823ms, rate sampling interval: 9240ms
  Thread Stats   Avg      Stdev     Max   +/- Stdev
    Latency    10.68s     3.20s   17.91s    60.11%
    Req/Sec    13.56k    89.12    13.73k    62.50%
  Latency Distribution (HdrHistogram - Recorded Latency)
 50.000%   10.63s 
 75.000%   13.27s 
 90.000%   15.09s 
 99.000%   17.02s 
 99.900%   17.65s 
 99.990%   17.84s 
 99.999%   17.91s 
100.000%   17.92s 

  Detailed Percentile spectrum:
       Value   Percentile   TotalCount 1/(1-Percentile)

    4345.855     0.000000            1         1.00
    6393.855     0.100000       107103         1.11
    7442.431     0.200000       213903         1.25
    8486.911     0.300000       320416         1.43
    9560.063     0.400000       426961         1.67
   10625.023     0.500000       534395         2.00
   11149.311     0.550000       587758         2.22
   11673.599     0.600000       641064         2.50
   12197.887     0.650000       694114         2.86
   12730.367     0.700000       747375         3.33
   13271.039     0.750000       800524         4.00
   13549.567     0.775000       827703         4.44
   13828.095     0.800000       854495         5.00
   14106.623     0.825000       880733         5.71
   14417.919     0.850000       907880         6.67
   14737.407     0.875000       934257         8.00
   14909.439     0.887500       947448         8.89
   15089.663     0.900000       961074        10.00
   15278.079     0.912500       974430        11.43
   15482.879     0.925000       987748        13.33
   15695.871     0.937500      1001054        16.00
   15810.559     0.943750      1007725        17.78
   15933.439     0.950000      1014388        20.00
   16064.511     0.956250      1020978        22.86
   16195.583     0.962500      1027352        26.67
   16343.039     0.968750      1034131        32.00
   16424.959     0.971875      1037646        35.56
   16506.879     0.975000      1040861        40.00
   16596.991     0.978125      1044106        45.71
   16703.487     0.981250      1047496        53.33
   16809.983     0.984375      1050884        64.00
   16859.135     0.985938      1052342        71.11
   16924.671     0.987500      1054130        80.00
   16990.207     0.989062      1055828        91.43
   17055.743     0.990625      1057507       106.67
   17121.279     0.992188      1059037       128.00
   17170.431     0.992969      1060082       142.22
   17203.199     0.993750      1060812       160.00
   17252.351     0.994531      1061759       182.86
   17301.503     0.995313      1062616       213.33
   17334.271     0.996094      1063199       256.00
   17367.039     0.996484      1063677       284.44
   17399.807     0.996875      1064122       320.00
   17432.575     0.997266      1064541       365.71
   17465.343     0.997656      1064883       426.67
   17514.495     0.998047      1065327       512.00
   17547.263     0.998242      1065562       568.89
   17563.647     0.998437      1065677       640.00
   17596.415     0.998633      1065944       731.43
   17629.183     0.998828      1066188       853.33
   17645.567     0.999023      1066307      1024.00
   17661.951     0.999121      1066430      1137.78
   17678.335     0.999219      1066543      1280.00
   17694.719     0.999316      1066646      1462.86
   17711.103     0.999414      1066742      1706.67
   17743.871     0.999512      1066910      2048.00
   17743.871     0.999561      1066910      2275.56
   17760.255     0.999609      1066986      2560.00
   17760.255     0.999658      1066986      2925.71
   17776.639     0.999707      1067056      3413.33
   17793.023     0.999756      1067115      4096.00
   17793.023     0.999780      1067115      4551.11
   17809.407     0.999805      1067160      5120.00
   17825.791     0.999829      1067204      5851.43
   17825.791     0.999854      1067204      6826.67
   17842.175     0.999878      1067242      8192.00
   17842.175     0.999890      1067242      9102.22
   17842.175     0.999902      1067242     10240.00
   17858.559     0.999915      1067276     11702.86
   17858.559     0.999927      1067276     13653.33
   17874.943     0.999939      1067306     16384.00
   17874.943     0.999945      1067306     18204.44
   17874.943     0.999951      1067306     20480.00
   17874.943     0.999957      1067306     23405.71
   17874.943     0.999963      1067306     27306.67
   17891.327     0.999969      1067322     32768.00
   17891.327     0.999973      1067322     36408.89
   17891.327     0.999976      1067322     40960.00
   17891.327     0.999979      1067322     46811.43
   17907.711     0.999982      1067338     54613.33
   17907.711     0.999985      1067338     65536.00
   17907.711     0.999986      1067338     72817.78
   17907.711     0.999988      1067338     81920.00
   17907.711     0.999989      1067338     93622.86
   17907.711     0.999991      1067338    109226.67
   17907.711     0.999992      1067338    131072.00
   17907.711     0.999993      1067338    145635.56
   17907.711     0.999994      1067338    163840.00
   17907.711     0.999995      1067338    187245.71
   17924.095     0.999995      1067343    218453.33
   17924.095     1.000000      1067343          inf
#[Mean    =    10682.436, StdDeviation   =     3195.646]
#[Max     =    17907.712, Total count    =      1067343]
#[Buckets =           27, SubBuckets     =         2048]
----------------------------------------------------------
  1618132 requests in 30.00s, 208.33MB read
Requests/sec:  53938.67
Transfer/sec:      6.94MB
