Running 30s test @ http://10.116.0.2:8080/json
  4 threads and 256 connections
  Thread calibration: mean lat.: 1.271ms, rate sampling interval: 10ms
  Thread calibration: mean lat.: 1.454ms, rate sampling interval: 10ms
  Thread calibration: mean lat.: 1.263ms, rate sampling interval: 10ms
  Thread calibration: mean lat.: 1.265ms, rate sampling interval: 10ms
  Thread Stats   Avg      Stdev     Max   +/- Stdev
    Latency     1.30ms  590.66us   9.55ms   71.41%
    Req/Sec     5.27k     1.07k    9.33k    80.88%
  Latency Distribution (HdrHistogram - Recorded Latency)
 50.000%    1.24ms
 75.000%    1.65ms
 90.000%    1.99ms
 99.000%    3.07ms
 99.900%    5.08ms
 99.990%    7.52ms
 99.999%    9.44ms
100.000%    9.56ms

  Detailed Percentile spectrum:
       Value   Percentile   TotalCount 1/(1-Percentile)

       0.221     0.000000            1         1.00
       0.616     0.100000        39471         1.11
       0.789     0.200000        78778         1.25
       0.944     0.300000       118298         1.43
       1.095     0.400000       157693         1.67
       1.242     0.500000       196902         2.00
       1.316     0.550000       216658         2.22
       1.391     0.600000       236313         2.50
       1.470     0.650000       255898         2.86
       1.554     0.700000       275681         3.33
       1.646     0.750000       295326         4.00
       1.695     0.775000       305213         4.44
       1.746     0.800000       315082         5.00
       1.799     0.825000       324898         5.71
       1.855     0.850000       334692         6.67
       1.918     0.875000       344498         8.00
       1.953     0.887500       349368         8.89
       1.993     0.900000       354283        10.00
       2.040     0.912500       359258        11.43
       2.093     0.925000       364193        13.33
       2.157     0.937500       369066        16.00
       2.197     0.943750       371566        17.78
       2.241     0.950000       373960        20.00
       2.297     0.956250       376462        22.86
       2.361     0.962500       378914        26.67
       2.441     0.968750       381376        32.00
       2.487     0.971875       382579        35.56
       2.541     0.975000       383781        40.00
       2.609     0.978125       385042        45.71
       2.691     0.981250       386251        53.33
       2.793     0.984375       387479        64.00
       2.855     0.985938       388094        71.11
       2.927     0.987500       388705        80.00
       3.013     0.989062       389316        91.43
       3.119     0.990625       389931       106.67
       3.259     0.992188       390542       128.00
       3.345     0.992969       390851       142.22
       3.449     0.993750       391158       160.00
       3.559     0.994531       391466       182.86
       3.691     0.995313       391771       213.33
       3.861     0.996094       392078       256.00
       3.959     0.996484       392234       284.44
       4.047     0.996875       392385       320.00
       4.171     0.997266       392542       365.71
       4.315     0.997656       392693       426.67
       4.483     0.998047       392851       512.00
       4.575     0.998242       392930       568.89
       4.691     0.998437       393001       640.00
       4.807     0.998633       393082       731.43
       4.947     0.998828       393157       853.33
       5.091     0.999023       393231      1024.00
       5.215     0.999121       393271      1137.78
       5.339     0.999219       393310      1280.00
       5.527     0.999316       393346      1462.86
       5.731     0.999414       393387      1706.67
       6.027     0.999512       393423      2048.00
       6.143     0.999561       393443      2275.56
       6.267     0.999609       393462      2560.00
       6.351     0.999658       393481      2925.71
       6.543     0.999707       393500      3413.33
       6.707     0.999756       393519      4096.00
       6.815     0.999780       393529      4551.11
       6.911     0.999805       393539      5120.00
       7.067     0.999829       393548      5851.43
       7.211     0.999854       393558      6826.67
       7.375     0.999878       393567      8192.00
       7.487     0.999890       393572      9102.22
       7.527     0.999902       393577     10240.00
       7.711     0.999915       393582     11702.86
       7.891     0.999927       393587     13653.33
       8.207     0.999939       393591     16384.00
       8.447     0.999945       393594     18204.44
       8.719     0.999951       393596     20480.00
       8.879     0.999957       393599     23405.71
       8.927     0.999963       393601     27306.67
       8.991     0.999969       393604     32768.00
       9.063     0.999973       393605     36408.89
       9.079     0.999976       393606     40960.00
       9.175     0.999979       393607     46811.43
       9.199     0.999982       393608     54613.33
       9.399     0.999985       393609     65536.00
       9.431     0.999986       393610     72817.78
       9.439     0.999988       393612     81920.00
       9.439     0.999989       393612     93622.86
       9.439     0.999991       393612    109226.67
       9.439     0.999992       393612    131072.00
       9.471     0.999993       393613    145635.56
       9.471     0.999994       393613    163840.00
       9.471     0.999995       393613    187245.71
       9.543     0.999995       393614    218453.33
       9.543     0.999996       393614    262144.00
       9.543     0.999997       393614    291271.11
       9.543     0.999997       393614    327680.00
       9.543     0.999997       393614    374491.43
       9.559     0.999998       393615    436906.67
       9.559     1.000000       393615          inf
#[Mean    =        1.300, StdDeviation   =        0.591]
#[Max     =        9.552, Total count    =       393615]
#[Buckets =           27, SubBuckets     =         2048]
----------------------------------------------------------
  592730 requests in 30.00s, 76.31MB read
Requests/sec:  19756.79
Transfer/sec:      2.54MB
