Running 30s test @ http://10.116.0.2:8080/json
  4 threads and 64 connections
  Thread calibration: mean lat.: 1979.957ms, rate sampling interval: 5595ms
  Thread calibration: mean lat.: 2191.011ms, rate sampling interval: 6107ms
  Thread calibration: mean lat.: 2141.946ms, rate sampling interval: 5890ms
  Thread calibration: mean lat.: 2204.326ms, rate sampling interval: 5996ms
  Thread Stats   Avg      Stdev     Max   +/- Stdev
    Latency    28.65ms  171.68ms   2.19s    96.93%
    Req/Sec     5.17k   259.95     5.68k    75.00%
  Latency Distribution (HdrHistogram - Recorded Latency)
 50.000%    1.24ms
 75.000%    1.70ms
 90.000%    2.07ms
 99.000%    1.07s 
 99.900%    1.82s 
 99.990%    2.10s 
 99.999%    2.18s 
100.000%    2.19s 

  Detailed Percentile spectrum:
       Value   Percentile   TotalCount 1/(1-Percentile)

       0.231     0.000000            1         1.00
       0.646     0.100000        41256         1.11
       0.809     0.200000        82193         1.25
       0.955     0.300000       123168         1.43
       1.096     0.400000       164436         1.67
       1.244     0.500000       205435         2.00
       1.323     0.550000       225706         2.22
       1.408     0.600000       246287         2.50
       1.500     0.650000       266904         2.86
       1.597     0.700000       287309         3.33
       1.699     0.750000       307870         4.00
       1.752     0.775000       318194         4.44
       1.805     0.800000       328444         5.00
       1.860     0.825000       338594         5.71
       1.920     0.850000       348934         6.67
       1.985     0.875000       359205         8.00
       2.022     0.887500       364227         8.89
       2.065     0.900000       369471        10.00
       2.115     0.912500       374584        11.43
       2.175     0.925000       379686        13.33
       2.255     0.937500       384765        16.00
       2.309     0.943750       387322        17.78
       2.387     0.950000       389867        20.00
       2.523     0.956250       392407        22.86
       3.853     0.962500       394964        26.67
     182.911     0.968750       397529        32.00
     284.927     0.971875       398813        35.56
     396.287     0.975000       400096        40.00
     515.327     0.978125       401376        45.71
     644.095     0.981250       402660        53.33
     785.407     0.984375       403944        64.00
     858.111     0.985938       404586        71.11
     937.983     0.987500       405224        80.00
    1021.439     0.989062       405866        91.43
    1112.063     0.990625       406511       106.67
    1208.319     0.992188       407148       128.00
    1255.423     0.992969       407468       142.22
    1308.671     0.993750       407789       160.00
    1368.063     0.994531       408114       182.86
    1430.527     0.995313       408431       213.33
    1494.015     0.996094       408750       256.00
    1531.903     0.996484       408915       284.44
    1568.767     0.996875       409070       320.00
    1605.631     0.997266       409230       365.71
    1645.567     0.997656       409391       426.67
    1692.671     0.998047       409555       512.00
    1715.199     0.998242       409632       568.89
    1737.727     0.998437       409714       640.00
    1762.303     0.998633       409791       731.43
    1788.927     0.998828       409873       853.33
    1821.695     0.999023       409953      1024.00
    1839.103     0.999121       409994      1137.78
    1860.607     0.999219       410033      1280.00
    1882.111     0.999316       410073      1462.86
    1903.615     0.999414       410112      1706.67
    1927.167     0.999512       410153      2048.00
    1937.407     0.999561       410172      2275.56
    1948.671     0.999609       410192      2560.00
    1960.959     0.999658       410212      2925.71
    1983.487     0.999707       410233      3413.33
    2006.015     0.999756       410253      4096.00
    2017.279     0.999780       410263      4551.11
    2026.495     0.999805       410272      5120.00
    2041.855     0.999829       410282      5851.43
    2063.359     0.999854       410292      6826.67
    2085.887     0.999878       410302      8192.00
    2094.079     0.999890       410307      9102.22
    2105.343     0.999902       410312     10240.00
    2117.631     0.999915       410317     11702.86
    2127.871     0.999927       410322     13653.33
    2138.111     0.999939       410327     16384.00
    2146.303     0.999945       410330     18204.44
    2150.399     0.999951       410332     20480.00
    2156.543     0.999957       410335     23405.71
    2162.687     0.999963       410337     27306.67
    2168.831     0.999969       410340     32768.00
    2170.879     0.999973       410341     36408.89
    2172.927     0.999976       410342     40960.00
    2177.023     0.999979       410344     46811.43
    2179.071     0.999982       410345     54613.33
    2181.119     0.999985       410346     65536.00
    2183.167     0.999986       410348     72817.78
    2183.167     0.999988       410348     81920.00
    2183.167     0.999989       410348     93622.86
    2185.215     0.999991       410349    109226.67
    2185.215     0.999992       410349    131072.00
    2187.263     0.999993       410350    145635.56
    2187.263     0.999994       410350    163840.00
    2187.263     0.999995       410350    187245.71
    2189.311     0.999995       410351    218453.33
    2189.311     0.999996       410351    262144.00
    2189.311     0.999997       410351    291271.11
    2189.311     0.999997       410351    327680.00
    2189.311     0.999997       410351    374491.43
    2191.359     0.999998       410352    436906.67
    2191.359     1.000000       410352          inf
#[Mean    =       28.646, StdDeviation   =      171.680]
#[Max     =     2189.312, Total count    =       410352]
#[Buckets =           27, SubBuckets     =         2048]
----------------------------------------------------------
  599249 requests in 30.00s, 76.01MB read
Requests/sec:  19974.46
Transfer/sec:      2.53MB
