Linux 6.8.0-142-generic (cafeai-bench-server) 	10/01/26 	_x86_64_	(4 CPU)

20:17:07     CPU    %usr   %nice    %sys %iowait    %irq   %soft  %steal  %guest  %gnice   %idle
20:17:08     all   64.48    0.00    4.03    0.00    0.00    1.26    0.00    0.00    0.00   30.23
20:17:09     all   90.05    0.00    6.22    0.00    0.00    2.49    0.25    0.00    0.00    1.00
20:17:10     all   84.00    0.00   11.25    0.00    0.00    4.25    0.00    0.00    0.00    0.50
20:17:11     all   80.75    0.00   12.25    0.00    0.00    5.50    0.00    0.00    0.00    1.50
20:17:12     all   76.81    0.00   14.96    0.00    0.00    6.98    0.00    0.00    0.00    1.25
20:17:13     all   77.64    0.00   14.82    0.00    0.00    6.53    0.00    0.00    0.00    1.01
20:17:14     all   72.75    0.00   17.00    0.00    0.00    8.25    0.25    0.00    0.00    1.75
20:17:15     all   68.17    0.00   20.05    0.00    0.00    9.77    0.00    0.00    0.00    2.01
20:17:16     all   62.37    0.00   24.24    0.00    0.00   10.61    0.00    0.00    0.00    2.78
20:17:17     all   56.89    0.00   28.32    0.00    0.00   11.28    0.25    0.00    0.00    3.26
20:17:18     all   35.00    0.00   20.71    0.00    0.00    6.90    0.00    0.00    0.00   37.38
20:17:19     all   27.06    0.00   17.66    0.00    0.00    3.90    0.46    0.00    0.00   50.92
20:17:20     all   28.10    0.00   16.63    0.00    0.00    3.75    0.00    0.00    0.00   51.52
20:17:21     all   26.62    0.00   17.59    0.00    0.00    3.94    0.00    0.00    0.00   51.85
20:17:22     all   27.70    0.00   16.20    0.00    0.00    4.46    0.00    0.00    0.00   51.64
20:17:23     all   26.46    0.00   18.03    0.00    0.00    3.98    0.00    0.00    0.00   51.52
20:17:24     all   27.74    0.00   17.72    0.00    0.00    3.96    0.23    0.00    0.00   50.35
20:17:25     all   26.29    0.00   17.84    0.00    0.00    3.99    0.00    0.00    0.00   51.88
20:17:26     all   27.80    0.00   17.99    0.00    0.00    3.74    0.23    0.00    0.00   50.23
20:17:27     all   28.04    0.00   17.76    0.00    0.00    4.21    0.23    0.00    0.00   49.77
20:17:28     all   27.23    0.00   17.14    0.00    0.00    3.76    0.23    0.00    0.00   51.64
20:17:29     all   26.65    0.00   17.92    0.00    0.00    4.01    0.00    0.00    0.00   51.42
20:17:30     all   27.19    0.00   17.74    0.00    0.00    4.15    0.00    0.00    0.00   50.92
20:17:31     all   27.76    0.00   16.94    0.00    0.00    4.00    0.00    0.00    0.00   51.29
20:17:32     all   27.63    0.00   16.86    0.00    0.00    4.45    0.00    0.00    0.00   51.05
20:17:33     all   26.46    0.00   17.80    0.00    0.00    4.45    0.00    0.00    0.00   51.29
20:17:34     all   28.44    0.00   15.85    0.00    0.00    3.96    0.23    0.00    0.00   51.52
20:17:35     all   26.33    0.00   17.32    0.00    0.00    3.93    0.23    0.00    0.00   52.19
20:17:36     all   27.00    0.00   16.20    0.00    0.00    4.46    0.00    0.00    0.00   52.35
20:17:37     all   29.04    0.00   17.80    0.00    0.00    3.98    0.23    0.00    0.00   48.95
20:17:38     all    9.83    0.00    5.41    0.00    0.00    0.74    0.00    0.00    0.00   84.03
20:17:39     all   54.27    0.00    6.53    0.00    0.00    2.51    0.00    0.00    0.00   36.68
20:17:40     all   79.55    0.00   12.22    0.00    0.00    3.99    0.25    0.00    0.00    3.99
20:17:41     all   80.15    0.00   10.30    0.00    0.00    4.27    0.00    0.00    0.00    5.28
20:17:42     all   75.76    0.00    8.59    0.00    0.00    4.55    0.00    0.00    0.00   11.11
20:17:43     all   53.28    0.00   10.10    0.00    0.00    4.55    0.00    0.00    0.00   32.07
20:17:44     all   32.75    0.00   11.59    0.00    0.00    4.03    0.00    0.00    0.00   51.64
20:17:45     all   27.55    0.00   12.50    0.00    0.00    3.83    0.00    0.00    0.00   56.12
20:17:46     all   21.54    0.00   12.31    0.00    0.00    3.85    0.00    0.00    0.00   62.31
20:17:47     all   22.59    0.00   10.91    0.00    0.00    3.55    0.00    0.00    0.00   62.94
20:17:48     all   24.94    0.00   12.97    0.00    0.00    3.74    0.00    0.00    0.00   58.35
20:17:49     all   22.62    0.00   12.34    0.00    0.00    3.86    0.00    0.00    0.00   61.18
20:17:50     all   26.45    0.00   12.09    0.00    0.00    3.78    0.00    0.00    0.00   57.68
20:17:51     all   26.08    0.00   12.91    0.00    0.00    3.29    0.00    0.00    0.00   57.72
20:17:52     all   42.96    0.00    9.30    0.00    0.00    4.02    0.25    0.00    0.00   43.47
20:17:53     all   43.69    0.00    8.84    0.00    0.00    3.79    0.00    0.00    0.00   43.69
20:17:54     all   41.67    0.00    9.85    0.00    0.00    4.29    0.00    0.00    0.00   44.19
20:17:55     all   40.20    0.00   11.20    0.00    0.00    3.31    0.00    0.00    0.00   45.29
20:17:56     all   26.08    0.00   12.15    0.00    0.00    2.78    0.00    0.00    0.00   58.99
20:17:57     all   22.50    0.00   13.00    0.00    0.00    4.25    0.25    0.00    0.00   60.00
20:17:58     all   27.41    0.00   12.18    0.00    0.00    3.55    0.00    0.00    0.00   56.85
20:17:59     all   21.79    0.00   13.33    0.00    0.00    4.62    0.26    0.00    0.00   60.00
20:18:00     all   24.81    0.00   13.30    0.00    0.00    3.84    0.26    0.00    0.00   57.80
20:18:01     all   26.18    0.00   12.97    0.00    0.00    4.74    0.00    0.00    0.00   56.11
20:18:02     all   29.22    0.00   12.09    0.00    0.00    3.78    0.00    0.00    0.00   54.91
20:18:03     all   38.27    0.00   11.22    0.00    0.00    3.32    0.00    0.00    0.00   47.19
20:18:04     all   33.50    0.00   11.34    0.25    0.00    3.78    0.00    0.00    0.00   51.13
20:18:05     all   42.68    0.00   11.11    0.00    0.00    3.03    0.00    0.00    0.00   43.18
20:18:06     all   37.69    0.00   10.80    0.00    0.00    4.02    0.00    0.00    0.00   47.49
20:18:07     all   44.72    0.00   11.31    0.00    0.00    3.27    0.25    0.00    0.00   40.45
20:18:08     all   32.52    0.00   12.22    0.00    0.00    3.18    0.00    0.00    0.00   52.08
20:18:09     all   27.57    0.00   16.12    0.00    0.00    4.67    0.00    0.00    0.00   51.64
20:18:10     all   27.42    0.00   15.84    0.00    0.00    5.20    0.00    0.00    0.00   51.54
20:18:11     all   27.49    0.00   17.06    0.00    0.00    5.21    0.47    0.00    0.00   49.76
20:18:12     all   29.07    0.00   17.91    0.00    0.00    5.12    0.23    0.00    0.00   47.67
20:18:13     all   27.14    0.00   17.62    0.00    0.00    4.76    0.24    0.00    0.00   50.24
20:18:14     all   28.98    0.00   17.34    0.00    0.00    4.99    0.00    0.00    0.00   48.69
20:18:15     all   25.88    0.00   18.35    0.00    0.00    4.71    0.00    0.00    0.00   51.06
20:18:16     all   28.50    0.00   17.34    0.00    0.00    5.70    0.00    0.00    0.00   48.46
20:18:17     all   28.57    0.00   16.90    0.00    0.00    5.71    0.00    0.00    0.00   48.81
20:18:18     all   27.84    0.00   17.17    0.00    0.00    5.10    0.23    0.00    0.00   49.65
20:18:19     all   29.76    0.00   16.90    0.00    0.00    4.76    0.24    0.00    0.00   48.33
20:18:20     all   29.15    0.00   17.30    0.00    0.00    4.98    0.00    0.00    0.00   48.58
20:18:21     all   28.00    0.00   17.41    0.00    0.00    5.88    0.00    0.00    0.00   48.71
20:18:22     all   28.54    0.00   16.27    0.00    0.00    5.19    0.00    0.00    0.00   50.00
20:18:23     all   28.57    0.00   17.62    0.00    0.00    5.24    0.24    0.00    0.00   48.33
20:18:24     all   27.49    0.00   18.01    0.00    0.00    5.21    0.00    0.00    0.00   49.29
20:18:25     all   28.64    0.00   17.42    0.00    0.00    4.53    0.24    0.00    0.00   49.16
20:18:26     all   27.55    0.00   18.05    0.00    0.00    4.28    0.00    0.00    0.00   50.12
20:18:27     all   28.10    0.00   17.62    0.00    0.00    5.00    0.00    0.00    0.00   49.29
20:18:28     all   30.02    0.00   15.84    0.00    0.00    5.20    0.24    0.00    0.00   48.70
20:18:29     all   27.92    0.00   18.38    0.00    0.00    4.77    0.00    0.00    0.00   48.93
20:18:30     all   26.38    0.00   16.79    0.00    0.00    5.28    0.24    0.00    0.00   51.32
20:18:31     all   27.90    0.00   18.91    0.00    0.00    5.20    0.00    0.00    0.00   47.99
20:18:32     all   28.98    0.00   16.63    0.00    0.00    4.99    0.00    0.00    0.00   49.41
20:18:33     all   28.77    0.00   16.75    0.00    0.00    5.66    0.00    0.00    0.00   48.82
20:18:34     all   27.51    0.00   18.18    0.00    0.00    4.78    0.00    0.00    0.00   49.52
20:18:35     all   26.60    0.00   16.63    0.00    0.00    4.99    0.24    0.00    0.00   51.54
20:18:36     all   27.40    0.00   18.27    0.00    0.00    5.05    0.24    0.00    0.00   49.04
20:18:37     all   29.43    0.00   16.99    0.00    0.00    4.78    0.00    0.00    0.00   48.80
20:18:38     all   32.54    0.00   18.90    0.00    0.00    7.18    0.24    0.00    0.00   41.15
20:18:39     all   47.00    0.00   25.58    0.00    0.00   11.52    0.23    0.00    0.00   15.67
20:18:40     all   47.07    0.00   25.68    0.00    0.00   11.04    0.00    0.00    0.00   16.22
20:18:41     all   47.26    0.00   25.34    0.00    0.00   12.33    0.00    0.00    0.00   15.07
20:18:42     all   47.54    0.00   25.53    0.00    0.00   12.65    0.00    0.00    0.00   14.29
20:18:43     all   46.83    0.00   26.24    0.00    0.00   11.31    0.00    0.00    0.00   15.61
20:18:44     all   48.51    0.00   26.67    0.00    0.00   11.26    0.00    0.00    0.00   13.56
20:18:45     all   45.96    0.00   26.68    0.00    0.00   10.54    0.22    0.00    0.00   16.59
20:18:46     all   46.59    0.00   26.82    0.00    0.00   11.36    0.68    0.00    0.00   14.55
20:18:47     all   48.20    0.00   25.90    0.00    0.00   10.81    0.00    0.00    0.00   15.09
20:18:48     all   47.76    0.00   26.91    0.00    0.00   10.31    0.00    0.00    0.00   15.02
20:18:49     all   48.62    0.00   25.69    0.00    0.00   11.24    0.00    0.00    0.00   14.45
20:18:50     all   47.30    0.00   27.70    0.00    0.00    9.91    0.00    0.00    0.00   15.09
20:18:51     all   47.81    0.00   27.02    0.00    0.00   10.62    0.23    0.00    0.00   14.32
20:18:52     all   45.90    0.00   26.46    0.00    0.00   10.77    0.23    0.00    0.00   16.63
20:18:53     all   49.31    0.00   26.61    0.00    0.00   10.55    0.00    0.00    0.00   13.53
20:18:54     all   50.34    0.00   26.41    0.00    0.00    9.71    0.00    0.00    0.00   13.54
20:18:55     all   47.87    0.00   27.07    0.00    0.00    9.62    0.00    0.00    0.00   15.44
20:18:56     all   48.82    0.00   26.30    0.00    0.00   10.66    0.24    0.00    0.00   13.98
20:18:57     all   46.33    0.00   28.51    0.00    0.00    9.80    0.00    0.00    0.00   15.37
20:18:58     all   49.77    0.00   25.46    0.00    0.00    9.86    0.00    0.00    0.00   14.91
20:18:59     all   47.07    0.00   27.70    0.00    0.00    9.23    0.23    0.00    0.00   15.77
20:19:00     all   48.03    0.00   26.91    0.00    0.00    9.28    0.00    0.00    0.00   15.78
20:19:01     all   48.97    0.00   27.11    0.00    0.00   10.48    0.23    0.00    0.00   13.21
20:19:02     all   46.50    0.00   27.77    0.00    0.00    8.35    0.00    0.00    0.00   17.38
20:19:03     all   48.18    0.00   27.50    0.00    0.00    9.32    0.00    0.00    0.00   15.00
20:19:04     all   47.98    0.00   27.35    0.00    0.00    8.52    0.22    0.00    0.00   15.92
20:19:05     all   49.66    0.00   27.09    0.00    0.00    8.80    0.23    0.00    0.00   14.22
20:19:06     all   48.05    0.00   26.77    0.00    0.00    8.47    0.00    0.00    0.00   16.70
20:19:07     all   46.14    0.00   26.93    0.00    0.00    8.83    0.00    0.00    0.00   18.10
20:19:08     all   38.75    0.00   22.97    0.00    0.00    9.28    0.00    0.00    0.00   29.00
20:19:09     all   50.48    0.00   28.02    0.00    0.00   14.49    0.00    0.00    0.00    7.00
20:19:10     all   54.00    0.00   31.50    0.00    0.00   13.50    0.00    0.00    0.00    1.00
20:19:11     all   53.87    0.00   30.17    0.00    0.00   13.72    0.25    0.00    0.00    2.00
20:19:12     all   53.98    0.00   29.85    0.00    0.00   13.93    0.25    0.00    0.00    1.99
20:19:13     all   53.79    0.00   29.04    0.00    0.00   13.64    0.00    0.00    0.00    3.54
20:19:14     all   53.50    0.00   31.00    0.00    0.00   14.50    0.00    0.00    0.00    1.00
20:19:15     all   54.75    0.00   30.25    0.00    0.00   13.75    0.00    0.00    0.00    1.25
20:19:16     all   54.55    0.00   28.79    0.00    0.00   12.88    0.00    0.00    0.00    3.79
20:19:17     all   53.73    0.00   30.85    0.00    0.00   12.69    0.00    0.00    0.00    2.74
20:19:18     all   54.77    0.00   30.40    0.00    0.00   13.82    0.00    0.00    0.00    1.01
20:19:19     all   54.29    0.00   29.04    0.00    0.00   13.64    0.00    0.00    0.00    3.03
20:19:20     all   54.14    0.00   29.82    0.00    0.00   14.04    0.00    0.00    0.00    2.01
20:19:21     all   54.36    0.00   29.93    0.00    0.00   14.21    0.00    0.00    0.00    1.50
20:19:22     all   54.21    0.00   30.69    0.00    0.00   13.61    0.25    0.00    0.00    1.24
20:19:23     all   53.40    0.00   29.47    0.00    0.00   13.10    0.00    0.00    0.00    4.03
20:19:24     all   54.00    0.00   30.75    0.00    0.00   13.50    0.25    0.00    0.00    1.50
20:19:25     all   55.53    0.00   29.90    0.00    0.00   13.82    0.00    0.00    0.00    0.75
20:19:26     all   54.89    0.00   30.58    0.00    0.00   13.53    0.00    0.00    0.00    1.00
20:19:27     all   53.50    0.00   30.50    0.00    0.00   13.25    0.00    0.00    0.00    2.75
20:19:28     all   53.00    0.00   32.25    0.00    0.00   13.00    0.00    0.00    0.00    1.75
20:19:29     all   54.52    0.00   30.65    0.00    0.00   14.07    0.00    0.00    0.00    0.75
20:19:30     all   54.89    0.00   29.82    0.00    0.00   14.04    0.00    0.00    0.00    1.25
20:19:31     all   54.98    0.00   29.35    0.00    0.00   14.18    0.25    0.00    0.00    1.24
20:19:32     all   54.27    0.00   30.65    0.00    0.00   13.82    0.00    0.00    0.00    1.26
20:19:33     all   54.02    0.00   30.40    0.00    0.00   14.32    0.25    0.00    0.00    1.01
20:19:34     all   53.62    0.00   29.93    0.00    0.00   13.47    0.00    0.00    0.00    2.99
20:19:35     all   52.41    0.00   29.87    0.00    0.00   14.18    0.00    0.00    0.00    3.54
20:19:36     all   55.25    0.00   28.25    0.00    0.00   13.25    0.00    0.00    0.00    3.25
20:19:37     all   54.80    0.00   29.55    0.00    0.00   13.89    0.00    0.00    0.00    1.77
20:19:38     all   46.90    0.00   26.30    0.00    0.00   11.41    0.00    0.00    0.00   15.38
20:19:39     all   55.00    0.00   30.00    0.00    0.00   12.75    0.00    0.00    0.00    2.25
20:19:40     all   56.50    0.00   29.75    0.00    0.00   11.75    0.00    0.00    0.00    2.00
20:19:41     all   53.77    0.00   31.16    0.00    0.00   14.07    0.00    0.00    0.00    1.01
20:19:42     all   54.02    0.00   31.66    0.00    0.00   13.82    0.00    0.00    0.00    0.50
20:19:43     all   54.14    0.00   29.07    0.00    0.00   14.04    0.00    0.00    0.00    2.76
20:19:44     all   53.88    0.00   28.32    0.00    0.00   13.78    0.25    0.00    0.00    3.76
20:19:45     all   54.27    0.00   28.89    0.00    0.00   13.57    0.00    0.00    0.00    3.27
20:19:46     all   52.75    0.00   31.50    0.00    0.00   13.25    0.00    0.00    0.00    2.50
20:19:47     all   52.39    0.00   29.97    0.00    0.00   12.85    0.00    0.00    0.00    4.79
20:19:48     all   53.87    0.00   29.43    0.00    0.00   14.46    0.00    0.00    0.00    2.24
20:19:49     all   54.00    0.00   31.75    0.00    0.00   13.25    0.00    0.00    0.00    1.00
20:19:50     all   52.63    0.00   31.08    0.00    0.00   13.03    0.25    0.00    0.00    3.01
20:19:51     all   52.50    0.00   29.25    0.00    0.00   13.25    0.50    0.00    0.00    4.50
20:19:52     all   53.15    0.00   31.74    0.00    0.00   14.36    0.00    0.00    0.00    0.76
20:19:53     all   54.41    0.00   28.97    0.00    0.00   13.35    0.00    0.00    0.00    3.27
20:19:54     all   52.13    0.00   30.08    0.00    0.00   13.78    0.00    0.00    0.00    4.01
20:19:55     all   53.52    0.00   30.15    0.00    0.00   14.07    0.00    0.00    0.00    2.26
20:19:56     all   53.27    0.00   30.65    0.00    0.00   14.32    0.00    0.00    0.00    1.76
20:19:57     all   53.77    0.00   30.65    0.00    0.00   13.82    0.00    0.00    0.00    1.76
20:19:58     all   54.00    0.00   30.00    0.00    0.00   13.75    0.00    0.00    0.00    2.25
20:19:59     all   55.05    0.00   30.05    0.00    0.00   12.37    0.00    0.00    0.00    2.53
20:20:00     all   55.20    0.00   29.70    0.00    0.00   13.61    0.25    0.00    0.00    1.24
20:20:01     all   52.53    0.00   30.30    0.00    0.00   13.89    0.00    0.00    0.00    3.28
20:20:02     all   54.25    0.00   28.25    0.00    0.00   13.25    0.00    0.00    0.00    4.25
20:20:03     all   54.50    0.00   30.25    0.00    0.00   14.00    0.00    0.00    0.00    1.25
20:20:04     all   54.41    0.00   29.72    0.00    0.00   13.85    0.00    0.00    0.00    2.02
20:20:05     all   50.63    0.00   30.89    0.00    0.00   13.16    0.25    0.00    0.00    5.06
20:20:06     all   54.04    0.00   29.29    0.00    0.00   12.63    0.00    0.00    0.00    4.04
20:20:07     all   54.36    0.00   28.93    0.00    0.00   14.46    0.25    0.00    0.00    2.00
20:20:08     all   41.83    0.00   24.50    0.00    0.00   11.63    0.00    0.00    0.00   22.03
20:20:09     all   49.38    0.00   26.17    0.00    0.00   10.62    0.00    0.00    0.00   13.83
20:20:10     all   52.88    0.00   27.57    0.25    0.00    9.27    0.00    0.00    0.00   10.03
20:20:11     all   52.27    0.00   30.05    0.00    0.00   13.89    0.00    0.00    0.00    3.79
20:20:12     all   53.88    0.00   29.57    0.00    0.00   12.53    0.25    0.00    0.00    3.76
20:20:13     all   53.48    0.00   28.61    0.00    0.00   13.43    0.00    0.00    0.00    4.48
20:20:14     all   53.88    0.00   29.82    0.00    0.00   13.78    0.00    0.00    0.00    2.51
20:20:15     all   55.50    0.00   30.00    0.00    0.00   13.25    0.00    0.00    0.00    1.25
20:20:16     all   53.38    0.00   30.33    0.00    0.00   14.54    0.00    0.00    0.00    1.75
20:20:17     all   55.89    0.00   29.32    0.00    0.00   13.03    0.00    0.00    0.00    1.75
20:20:18     all   53.88    0.00   29.57    0.00    0.00   13.28    0.00    0.00    0.00    3.26
20:20:19     all   54.02    0.00   30.90    0.00    0.00   13.57    0.00    0.00    0.00    1.51
20:20:20     all   53.25    0.00   31.00    0.00    0.00   14.50    0.00    0.00    0.00    1.25
20:20:21     all   52.51    0.00   30.90    0.00    0.00   13.82    0.25    0.00    0.00    2.51
20:20:22     all   53.25    0.00   29.75    0.00    0.00   15.25    0.00    0.00    0.00    1.75
20:20:23     all   55.58    0.00   29.03    0.00    0.00   13.40    0.50    0.00    0.00    1.49
20:20:24     all   54.39    0.00   29.07    0.00    0.00   13.53    0.00    0.00    0.00    3.01
20:20:25     all   55.61    0.00   29.93    0.00    0.00   13.72    0.00    0.00    0.00    0.75
20:20:26     all   53.15    0.00   31.23    0.00    0.00   14.61    0.00    0.00    0.00    1.01
20:20:27     all   53.38    0.00   30.58    0.00    0.00   12.53    0.00    0.00    0.00    3.51
20:20:28     all   51.26    0.00   32.32    0.00    0.00   14.14    0.00    0.00    0.00    2.27
20:20:29     all   54.66    0.00   29.22    0.00    0.00   12.85    0.25    0.00    0.00    3.02
20:20:30     all   53.42    0.00   30.63    0.00    0.00   13.42    0.00    0.00    0.00    2.53
20:20:31     all   54.23    0.00   30.10    0.00    0.00   14.18    0.00    0.00    0.00    1.49
20:20:32     all   53.96    0.00   28.71    0.00    0.00   14.60    0.00    0.00    0.00    2.72
20:20:33     all   54.91    0.00   30.73    0.00    0.00   13.35    0.00    0.00    0.00    1.01
20:20:34     all   54.00    0.00   31.75    0.00    0.00   13.00    0.00    0.00    0.00    1.25
20:20:35     all   55.64    0.00   30.83    0.00    0.00   12.78    0.00    0.00    0.00    0.75
20:20:36     all   52.90    0.00   30.98    0.00    0.00   14.61    0.00    0.00    0.00    1.51
20:20:37     all   53.48    0.00   30.60    0.00    0.00   14.68    0.00    0.00    0.00    1.24
20:20:38     all   49.25    0.00   27.89    0.00    0.00   11.81    0.00    0.00    0.00   11.06
20:20:39     all   55.67    0.00   28.82    0.00    0.00   12.56    0.49    0.00    0.00    2.46
20:20:40     all   53.13    0.00   28.57    0.00    0.00   14.04    0.00    0.00    0.00    4.26
20:20:41     all   52.63    0.00   29.82    0.00    0.00   14.04    0.00    0.00    0.00    3.51
20:20:42     all   53.88    0.00   30.33    0.00    0.00   14.04    0.00    0.00    0.00    1.75
20:20:43     all   54.27    0.00   29.65    0.00    0.00   14.07    0.00    0.00    0.00    2.01
20:20:44     all   53.52    0.00   30.90    0.00    0.00   13.32    0.00    0.00    0.00    2.26
20:20:45     all   55.78    0.00   29.15    0.00    0.00   13.32    0.25    0.00    0.00    1.51
20:20:46     all   54.00    0.00   31.75    0.00    0.00   13.75    0.00    0.00    0.00    0.50
20:20:47     all   54.04    0.00   31.06    0.00    0.00   12.88    0.00    0.00    0.00    2.02
20:20:48     all   55.69    0.00   29.70    0.00    0.00   12.62    0.00    0.00    0.00    1.98
20:20:49     all   53.77    0.00   31.66    0.00    0.00   13.32    0.00    0.00    0.00    1.26
20:20:50     all   54.98    0.00   30.85    0.00    0.00   13.18    0.00    0.00    0.00    1.00
20:20:51     all   51.88    0.00   30.83    0.00    0.00   13.53    0.25    0.00    0.00    3.51
20:20:52     all   52.85    0.00   30.77    0.00    0.00   13.65    0.25    0.00    0.00    2.48
20:20:53     all   55.19    0.00   30.63    0.00    0.00   12.66    0.00    0.00    0.00    1.52
20:20:54     all   55.03    0.00   29.40    0.00    0.00   13.32    0.00    0.00    0.00    2.26
20:20:55     all   54.11    0.00   30.42    0.00    0.00   13.72    0.00    0.00    0.00    1.75
20:20:56     all   54.64    0.00   29.82    0.00    0.00   13.78    0.00    0.00    0.00    1.75
20:20:57     all   54.25    0.00   30.25    0.00    0.00   13.75    0.25    0.00    0.00    1.50
20:20:58     all   53.15    0.00   30.48    0.00    0.00   13.35    0.25    0.00    0.00    2.77
20:20:59     all   54.11    0.00   29.43    0.00    0.00   13.97    0.00    0.00    0.00    2.49
20:21:00     all   53.38    0.00   30.83    0.00    0.00   14.04    0.00    0.00    0.00    1.75
20:21:01     all   52.87    0.00   30.17    0.00    0.00   13.72    0.00    0.00    0.00    3.24
20:21:02     all   54.02    0.00   30.90    0.00    0.00   12.81    0.00    0.00    0.00    2.26
20:21:03     all   55.03    0.00   30.15    0.00    0.00   14.07    0.00    0.00    0.00    0.75
20:21:04     all   55.28    0.00   29.40    0.00    0.00   13.57    0.00    0.00    0.00    1.76
20:21:05     all   52.99    0.00   30.35    0.00    0.00   12.69    0.25    0.00    0.00    3.73
20:21:06     all   55.42    0.00   29.47    0.00    0.00   13.85    0.00    0.00    0.00    1.26
20:21:07     all   53.87    0.00   31.17    0.00    0.00   13.72    0.00    0.00    0.00    1.25
20:21:08     all   28.79    0.00   15.66    0.00    0.00    7.07    0.00    0.00    0.00   48.48
20:21:09     all   19.14    0.00    4.79    0.00    0.00    1.76    0.00    0.00    0.00   74.31
20:21:10     all   33.42    0.00   10.97    0.00    0.00    2.55    0.00    0.00    0.00   53.06
20:21:11     all   39.24    0.00    9.87    0.00    0.00    2.53    0.00    0.00    0.00   48.35
20:21:12     all   34.94    0.00   10.89    0.00    0.00    2.78    0.00    0.00    0.00   51.39
20:21:13     all   43.83    0.00   11.59    0.00    0.00    3.78    0.00    0.00    0.00   40.81
20:21:14     all   29.29    0.00   10.86    0.25    0.00    3.28    0.25    0.00    0.00   56.06
20:21:15     all   42.28    0.00   11.39    0.00    0.00    3.80    0.00    0.00    0.00   42.53
20:21:16     all   22.19    0.00   11.48    0.00    0.00    3.06    0.26    0.00    0.00   63.01
20:21:17     all   41.67    0.00   11.11    0.00    0.00    3.54    0.25    0.00    0.00   43.43
20:21:18     all   27.55    0.00   11.73    0.00    0.00    2.81    0.00    0.00    0.00   57.91
20:21:19     all   39.24    0.00   11.39    0.00    0.00    3.54    0.00    0.00    0.00   45.82
20:21:20     all   41.77    0.00   10.63    0.00    0.00    3.54    0.00    0.00    0.00   44.05
20:21:21     all   43.94    0.00   10.86    0.00    0.00    3.79    0.00    0.00    0.00   41.41
20:21:22     all   35.77    0.00   12.34    0.00    0.00    4.03    0.00    0.00    0.00   47.86
20:21:23     all   26.02    0.00   10.97    0.00    0.00    3.32    0.00    0.00    0.00   59.69
20:21:24     all   37.60    0.00   11.25    0.00    0.00    3.07    0.00    0.00    0.00   48.08
20:21:25     all   32.08    0.00   12.03    0.00    0.00    3.26    0.00    0.00    0.00   52.63
20:21:26     all   30.46    0.00   11.93    0.00    0.00    3.55    0.00    0.00    0.00   54.06
20:21:27     all   30.40    0.00   11.06    0.00    0.00    3.52    0.00    0.00    0.00   55.03
20:21:28     all   44.13    0.00   10.97    0.00    0.00    3.32    0.00    0.00    0.00   41.58
20:21:29     all   27.39    0.00   12.06    0.00    0.00    4.27    0.00    0.00    0.00   56.28
20:21:30     all   32.83    0.00   11.62    0.00    0.00    3.03    0.00    0.00    0.00   52.53
20:21:31     all   40.81    0.00   11.59    0.00    0.00    3.27    0.00    0.00    0.00   44.33
20:21:32     all   28.57    0.00   11.48    0.00    0.00    3.06    0.26    0.00    0.00   56.63
20:21:33     all   39.20    0.00    9.55    0.00    0.00    4.27    0.00    0.00    0.00   46.98
20:21:34     all   38.85    0.00   12.28    0.00    0.00    2.76    0.00    0.00    0.00   46.12
20:21:35     all   32.66    0.00   11.39    0.00    0.00    3.29    0.00    0.00    0.00   52.66
20:21:36     all   34.01    0.00   10.33    0.00    0.00    3.02    0.25    0.00    0.00   52.39
20:21:37     all   22.47    0.00   10.86    0.00    0.00    3.79    0.00    0.00    0.00   62.88
20:21:38     all   27.89    0.00    7.54    0.00    0.00    2.76    0.00    0.00    0.00   61.81
20:21:39     all   13.67    0.00    3.29    0.00    0.00    1.52    0.00    0.00    0.00   81.52
20:21:40     all   61.81    0.00   10.55    0.00    0.00    6.28    0.00    0.00    0.00   21.36
20:21:41     all   76.69    0.00    8.02    0.00    0.00    4.01    0.25    0.00    0.00   11.03
20:21:42     all   81.66    0.00    5.53    0.00    0.00    3.02    0.00    0.00    0.00    9.80
20:21:43     all   76.20    0.00    7.34    0.00    0.00    3.80    0.00    0.00    0.00   12.66
20:21:44     all   77.31    0.00    7.23    0.00    0.00    3.74    0.00    0.00    0.00   11.72
20:21:45     all   76.65    0.00    8.38    0.00    0.00    4.31    0.00    0.00    0.00   10.66
20:21:46     all   80.70    0.00    5.51    0.00    0.00    2.51    0.00    0.00    0.00   11.28
20:21:47     all   75.57    0.00    8.06    0.00    0.00    4.03    0.00    0.00    0.00   12.34
20:21:48     all   77.75    0.00    8.75    0.00    0.00    4.50    0.25    0.00    0.00    8.75
20:21:49     all   77.78    0.00    7.07    0.00    0.00    3.03    0.00    0.00    0.00   12.12
20:21:50     all   74.56    0.00    8.73    0.00    0.00    3.74    0.00    0.00    0.00   12.97
20:21:51     all   76.32    0.00    9.07    0.00    0.00    4.28    0.00    0.00    0.00   10.33
20:21:52     all   73.68    0.00   10.53    0.00    0.00    4.76    0.00    0.00    0.00   11.03
20:21:53     all   76.94    0.00    8.02    0.00    0.00    4.26    0.00    0.00    0.00   10.78
20:21:54     all   75.76    0.00    7.83    0.00    0.00    4.55    0.00    0.00    0.00   11.87
20:21:55     all   76.00    0.00    8.25    0.00    0.00    5.00    0.00    0.00    0.00   10.75
20:21:56     all   76.96    0.00    9.37    0.00    0.00    4.56    0.00    0.00    0.00    9.11
20:21:57     all   75.06    0.00    7.81    0.00    0.00    4.28    0.00    0.00    0.00   12.85
20:21:58     all   79.19    0.00    6.35    0.00    0.00    3.55    0.00    0.00    0.00   10.91
20:21:59     all   76.52    0.00    8.33    0.00    0.00    4.55    0.00    0.00    0.00   10.61
20:22:00     all   74.62    0.00    7.54    0.00    0.00    5.03    0.00    0.00    0.00   12.81
20:22:01     all   78.05    0.00    6.73    0.00    0.00    2.99    0.00    0.00    0.00   12.22
20:22:02     all   80.05    0.00    6.48    0.00    0.00    3.49    0.25    0.00    0.00    9.73
20:22:03     all   77.75    0.00    6.25    0.00    0.00    3.25    0.00    0.00    0.00   12.75
20:22:04     all   78.05    0.00    5.99    0.00    0.00    3.49    0.50    0.00    0.00   11.97
20:22:05     all   75.76    0.00    6.31    0.00    0.00    3.28    0.00    0.00    0.00   14.65
20:22:06     all   78.89    0.00    7.29    0.00    0.00    3.02    0.00    0.00    0.00   10.80
20:22:07     all   75.63    0.00    7.29    0.00    0.00    3.02    0.25    0.00    0.00   13.82
20:22:08     all   71.61    0.00    8.04    0.00    0.00    4.27    0.00    0.00    0.00   16.08
20:22:09     all   16.29    0.00    3.01    0.00    0.00    1.75    0.00    0.00    0.00   78.95
20:22:10     all   59.75    0.00   11.90    0.00    0.00    6.33    0.00    0.00    0.00   22.03
20:22:11     all   79.85    0.00    6.05    0.00    0.00    4.03    0.00    0.00    0.00   10.08
20:22:12     all   72.01    0.00    2.54    0.00    0.00    2.54    0.00    0.00    0.00   22.90
20:22:13     all    0.29    0.00    0.86    0.00    0.00    8.31    0.00    0.00    0.00   90.54
20:22:14     all    0.00    0.00    0.00    0.00    0.00   11.01    0.00    0.00    0.00   88.99
20:22:15     all    0.00    0.00    0.30    0.00    0.00    7.83    0.00    0.00    0.00   91.87
20:22:16     all    0.00    0.00    0.00    0.00    0.00    4.29    0.00    0.00    0.00   95.71
20:22:17     all    0.00    0.00    0.00    0.00    0.00    6.73    0.00    0.00    0.00   93.27
20:22:18     all    0.00    0.00    0.00    0.00    0.00    8.76    0.00    0.00    0.00   91.24
20:22:19     all    0.00    0.00    0.00    0.00    0.00    5.83    0.00    0.00    0.00   94.17
20:22:20     all    0.00    0.00    0.00    0.00    0.00    9.52    0.00    0.00    0.00   90.48
20:22:21     all    0.00    0.00    0.00    0.00    0.00    7.55    0.60    0.00    0.00   91.84
20:22:22     all    0.00    0.00    0.00    0.00    0.00    2.48    0.00    0.00    0.00   97.52
20:22:23     all    0.00    0.00    0.00    0.00    0.00    2.44    0.00    0.00    0.00   97.56
20:22:24     all    0.00    0.00    0.00    0.00    0.00    1.86    0.00    0.00    0.00   98.14
20:22:25     all    0.00    0.00    0.00    0.00    0.00    7.88    0.00    0.00    0.00   92.12
20:22:26     all    0.00    0.00    0.00    0.00    0.00    6.71    0.00    0.00    0.00   93.29
20:22:27     all    0.00    0.00    0.00    0.00    0.00    3.10    0.00    0.00    0.00   96.90
20:22:28     all    0.00    0.00    0.00    0.00    0.00    5.56    0.00    0.00    0.00   94.44
20:22:29     all    0.00    0.00    0.00    0.00    0.00    6.99    0.00    0.00    0.00   93.01
20:22:30     all    0.00    0.00    0.00    0.00    0.00    1.52    0.00    0.00    0.00   98.48
20:22:31     all    0.00    0.00    0.00    0.00    0.00    0.91    0.00    0.00    0.00   99.09
20:22:32     all    0.00    0.00    0.00    0.00    0.00    1.53    0.00    0.00    0.00   98.47
20:22:33     all    0.00    0.00    0.00    0.00    0.00    2.12    0.00    0.00    0.00   97.88
20:22:34     all    0.00    0.00    0.00    0.00    0.00    2.45    0.00    0.00    0.00   97.55
20:22:35     all    0.00    0.00    0.00    0.00    0.00    5.39    0.00    0.00    0.00   94.61
20:22:36     all    0.00    0.00    0.00    0.00    0.00    6.61    0.00    0.00    0.00   93.39
20:22:37     all    0.00    0.00    0.00    0.00    0.00    5.09    0.00    0.00    0.00   94.91
20:22:38     all    0.00    0.00    0.00    0.00    0.00    2.73    0.00    0.00    0.00   97.27
20:22:39     all    0.00    0.00    0.00    0.00    0.00    2.99    0.00    0.00    0.00   97.01
