Running 30s test @ http://10.116.0.2:8080/json
  4 threads and 256 connections
  Thread calibration: mean lat.: 2264.422ms, rate sampling interval: 8650ms
  Thread calibration: mean lat.: 2287.907ms, rate sampling interval: 8265ms
  Thread calibration: mean lat.: 2307.390ms, rate sampling interval: 8765ms
  Thread calibration: mean lat.: 2247.460ms, rate sampling interval: 8560ms
  Thread Stats   Avg      Stdev     Max   +/- Stdev
    Latency     9.60s     2.92s   16.24s    59.82%
    Req/Sec    12.64k    87.72    12.76k    62.50%
  Latency Distribution (HdrHistogram - Recorded Latency)
 50.000%    9.57s 
 75.000%   11.98s 
 90.000%   13.59s 
 99.000%   15.33s 
 99.900%   15.97s 
 99.990%   16.18s 
 99.999%   16.24s 
100.000%   16.25s 

  Detailed Percentile spectrum:
       Value   Percentile   TotalCount 1/(1-Percentile)

    3915.775     0.000000            3         1.00
    5660.671     0.100000        99484         1.11
    6598.655     0.200000       198762         1.25
    7598.079     0.300000       298042         1.43
    8593.407     0.400000       397455         1.67
    9568.255     0.500000       497053         2.00
   10059.775     0.550000       546189         2.22
   10559.487     0.600000       595904         2.50
   11034.623     0.650000       645817         2.86
   11493.375     0.700000       695346         3.33
   11976.703     0.750000       744963         4.00
   12222.463     0.775000       770085         4.44
   12460.031     0.800000       794310         5.00
   12705.791     0.825000       819315         5.71
   12976.127     0.850000       844371         6.67
   13279.231     0.875000       869183         8.00
   13434.879     0.887500       881573         8.89
   13590.527     0.900000       893502        10.00
   13770.751     0.912500       906250        11.43
   13959.167     0.925000       918709        13.33
   14163.967     0.937500       930859        16.00
   14278.655     0.943750       937144        17.78
   14401.535     0.950000       943440        20.00
   14516.223     0.956250       949434        22.86
   14647.295     0.962500       955738        26.67
   14786.559     0.968750       961894        32.00
   14852.095     0.971875       964896        35.56
   14925.823     0.975000       968200        40.00
   14999.551     0.978125       971262        45.71
   15073.279     0.981250       974189        53.33
   15155.199     0.984375       977355        64.00
   15196.159     0.985938       978844        71.11
   15245.311     0.987500       980557        80.00
   15294.463     0.989062       982105        91.43
   15351.807     0.990625       983664       106.67
   15417.343     0.992188       985199       128.00
   15450.111     0.992969       985890       142.22
   15491.071     0.993750       986691       160.00
   15532.031     0.994531       987457       182.86
   15581.183     0.995313       988199       213.33
   15630.335     0.996094       988935       256.00
   15663.103     0.996484       989342       284.44
   15695.871     0.996875       989707       320.00
   15736.831     0.997266       990099       365.71
   15785.983     0.997656       990499       426.67
   15826.943     0.998047       990838       512.00
   15851.519     0.998242       991032       568.89
   15876.095     0.998437       991236       640.00
   15908.863     0.998633       991450       731.43
   15933.439     0.998828       991621       853.33
   15966.207     0.999023       991829      1024.00
   15982.591     0.999121       991911      1137.78
   16007.167     0.999219       992038      1280.00
   16023.551     0.999316       992122      1462.86
   16039.935     0.999414       992199      1706.67
   16064.511     0.999512       992307      2048.00
   16072.703     0.999561       992343      2275.56
   16089.087     0.999609       992406      2560.00
   16097.279     0.999658       992440      2925.71
   16113.663     0.999707       992498      3413.33
   16130.047     0.999756       992561      4096.00
   16130.047     0.999780       992561      4551.11
   16138.239     0.999805       992584      5120.00
   16154.623     0.999829       992625      5851.43
   16162.815     0.999854       992643      6826.67
   16171.007     0.999878       992660      8192.00
   16179.199     0.999890       992678      9102.22
   16187.391     0.999902       992695     10240.00
   16187.391     0.999915       992695     11702.86
   16195.583     0.999927       992714     13653.33
   16203.775     0.999939       992729     16384.00
   16203.775     0.999945       992729     18204.44
   16203.775     0.999951       992729     20480.00
   16211.967     0.999957       992742     23405.71
   16211.967     0.999963       992742     27306.67
   16220.159     0.999969       992756     32768.00
   16220.159     0.999973       992756     36408.89
   16220.159     0.999976       992756     40960.00
   16220.159     0.999979       992756     46811.43
   16228.351     0.999982       992764     54613.33
   16228.351     0.999985       992764     65536.00
   16228.351     0.999986       992764     72817.78
   16228.351     0.999988       992764     81920.00
   16236.543     0.999989       992770     93622.86
   16236.543     0.999991       992770    109226.67
   16236.543     0.999992       992770    131072.00
   16236.543     0.999993       992770    145635.56
   16236.543     0.999994       992770    163840.00
   16244.735     0.999995       992772    187245.71
   16244.735     0.999995       992772    218453.33
   16252.927     0.999996       992776    262144.00
   16252.927     1.000000       992776          inf
#[Mean    =     9601.792, StdDeviation   =     2922.542]
#[Max     =    16244.736, Total count    =       992776]
#[Buckets =           27, SubBuckets     =         2048]
----------------------------------------------------------
  1506775 requests in 30.00s, 191.12MB read
Requests/sec:  50226.52
Transfer/sec:      6.37MB
