Running 30s test @ http://10.116.0.2:8080/json
  4 threads and 256 connections
  Thread calibration: mean lat.: 2432.845ms, rate sampling interval: 10059ms
  Thread calibration: mean lat.: 2420.490ms, rate sampling interval: 10051ms
  Thread calibration: mean lat.: 2740.182ms, rate sampling interval: 9986ms
  Thread calibration: mean lat.: 2758.231ms, rate sampling interval: 9994ms
  Thread Stats   Avg      Stdev     Max   +/- Stdev
    Latency    11.55s     3.40s   17.79s    57.91%
    Req/Sec    12.07k    32.74    12.12k    75.00%
  Latency Distribution (HdrHistogram - Recorded Latency)
 50.000%   11.53s 
 75.000%   14.50s 
 90.000%   16.23s 
 99.000%   17.29s 
 99.900%   17.56s 
 99.990%   17.71s 
 99.999%   17.78s 
100.000%   17.81s 

  Detailed Percentile spectrum:
       Value   Percentile   TotalCount 1/(1-Percentile)

    5361.663     0.000000            1         1.00
    6823.935     0.100000        95527         1.11
    8044.543     0.200000       190946         1.25
    9207.807     0.300000       286542         1.43
   10338.303     0.400000       381508         1.67
   11526.143     0.500000       476745         2.00
   12173.311     0.550000       524559         2.22
   12787.711     0.600000       572372         2.50
   13385.727     0.650000       619672         2.86
   13942.783     0.700000       667297         3.33
   14499.839     0.750000       715505         4.00
   14794.751     0.775000       738904         4.44
   15097.855     0.800000       763195         5.00
   15384.575     0.825000       786619         5.71
   15671.295     0.850000       810789         6.67
   15958.015     0.875000       834779         8.00
   16089.087     0.887500       846106         8.89
   16228.351     0.900000       857965        10.00
   16367.615     0.912500       869938        11.43
   16506.879     0.925000       881986        13.33
   16646.143     0.937500       894158        16.00
   16711.679     0.943750       899944        17.78
   16793.599     0.950000       906972        20.00
   16859.135     0.956250       912541        22.86
   16924.671     0.962500       917933        26.67
   17006.591     0.968750       924524        32.00
   17039.359     0.971875       927112        35.56
   17072.127     0.975000       929632        40.00
   17121.279     0.978125       933344        45.71
   17154.047     0.981250       935777        53.33
   17203.199     0.984375       939240        64.00
   17219.583     0.985938       940333        71.11
   17252.351     0.987500       942307        80.00
   17268.735     0.989062       943259        91.43
   17301.503     0.990625       945062       106.67
   17317.887     0.992188       945845       128.00
   17334.271     0.992969       946580       142.22
   17367.039     0.993750       947935       160.00
   17383.423     0.994531       948557       182.86
   17399.807     0.995313       949082       213.33
   17416.191     0.996094       949612       256.00
   17432.575     0.996484       950085       284.44
   17448.959     0.996875       950530       320.00
   17465.343     0.997266       950947       365.71
   17481.727     0.997656       951327       426.67
   17498.111     0.998047       951647       512.00
   17498.111     0.998242       951647       568.89
   17514.495     0.998437       951893       640.00
   17530.879     0.998633       952121       731.43
   17547.263     0.998828       952308       853.33
   17563.647     0.999023       952474      1024.00
   17563.647     0.999121       952474      1137.78
   17580.031     0.999219       952615      1280.00
   17580.031     0.999316       952615      1462.86
   17596.415     0.999414       952726      1706.67
   17612.799     0.999512       952827      2048.00
   17629.183     0.999561       952904      2275.56
   17629.183     0.999609       952904      2560.00
   17645.567     0.999658       952973      2925.71
   17661.951     0.999707       953041      3413.33
   17661.951     0.999756       953041      4096.00
   17678.335     0.999780       953109      4551.11
   17678.335     0.999805       953109      5120.00
   17678.335     0.999829       953109      5851.43
   17694.719     0.999854       953160      6826.67
   17694.719     0.999878       953160      8192.00
   17711.103     0.999890       953190      9102.22
   17711.103     0.999902       953190     10240.00
   17711.103     0.999915       953190     11702.86
   17727.487     0.999927       953213     13653.33
   17727.487     0.999939       953213     16384.00
   17727.487     0.999945       953213     18204.44
   17743.871     0.999951       953233     20480.00
   17743.871     0.999957       953233     23405.71
   17743.871     0.999963       953233     27306.67
   17760.255     0.999969       953245     32768.00
   17760.255     0.999973       953245     36408.89
   17760.255     0.999976       953245     40960.00
   17760.255     0.999979       953245     46811.43
   17776.639     0.999982       953256     54613.33
   17776.639     0.999985       953256     65536.00
   17776.639     0.999986       953256     72817.78
   17776.639     0.999988       953256     81920.00
   17776.639     0.999989       953256     93622.86
   17793.023     0.999991       953262    109226.67
   17793.023     0.999992       953262    131072.00
   17793.023     0.999993       953262    145635.56
   17793.023     0.999994       953262    163840.00
   17793.023     0.999995       953262    187245.71
   17793.023     0.999995       953262    218453.33
   17793.023     0.999996       953262    262144.00
   17793.023     0.999997       953262    291271.11
   17809.407     0.999997       953265    327680.00
   17809.407     1.000000       953265          inf
#[Mean    =    11546.734, StdDeviation   =     3399.569]
#[Max     =    17793.024, Total count    =       953265]
#[Buckets =           27, SubBuckets     =         2048]
----------------------------------------------------------
  1446564 requests in 30.00s, 183.74MB read
Requests/sec:  48219.73
Transfer/sec:      6.12MB
