Running 30s test @ http://10.116.0.2:8080/block?ms=100
  4 threads and 1000 connections
  Thread calibration: mean lat.: 157.917ms, rate sampling interval: 407ms
  Thread calibration: mean lat.: 163.532ms, rate sampling interval: 438ms
  Thread calibration: mean lat.: 158.918ms, rate sampling interval: 410ms
  Thread calibration: mean lat.: 147.540ms, rate sampling interval: 391ms
  Thread Stats   Avg      Stdev     Max   +/- Stdev
    Latency   184.05ms  193.05ms   1.29s    95.58%
    Req/Sec     2.24k   192.39     2.56k    66.67%
  Latency Distribution (HdrHistogram - Recorded Latency)
 50.000%  136.45ms
 75.000%  173.18ms
 90.000%  222.34ms
 99.000%    1.18s 
 99.900%    1.25s 
 99.990%    1.27s 
 99.999%    1.28s 
100.000%    1.29s 

  Detailed Percentile spectrum:
       Value   Percentile   TotalCount 1/(1-Percentile)

     100.415     0.000000           12         1.00
     102.271     0.100000        17146         1.11
     106.431     0.200000        33660         1.25
     116.415     0.300000        50410         1.43
     125.759     0.400000        67149         1.67
     136.447     0.500000        83914         2.00
     142.207     0.550000        92341         2.22
     148.223     0.600000       100719         2.50
     155.519     0.650000       109205         2.86
     164.223     0.700000       117580         3.33
     173.183     0.750000       125897         4.00
     178.687     0.775000       130120         4.44
     184.319     0.800000       134264         5.00
     191.231     0.825000       138507         5.71
     200.191     0.850000       142695         6.67
     210.431     0.875000       146848         8.00
     215.807     0.887500       148971         8.89
     222.335     0.900000       151038        10.00
     229.631     0.912500       153128        11.43
     240.127     0.925000       155228        13.33
     256.511     0.937500       157327        16.00
     266.239     0.943750       158379        17.78
     279.551     0.950000       159425        20.00
     466.687     0.956250       160464        22.86
     819.711     0.962500       161513        26.67
     980.991     0.968750       162563        32.00
    1058.815     0.971875       163092        35.56
    1113.087     0.975000       163613        40.00
    1128.447     0.978125       164159        45.71
    1139.711     0.981250       164664        53.33
    1153.023     0.984375       165187        64.00
    1160.191     0.985938       165454        71.11
    1166.335     0.987500       165725        80.00
    1174.527     0.989062       165992        91.43
    1182.719     0.990625       166245       106.67
    1192.959     0.992188       166495       128.00
    1199.103     0.992969       166628       142.22
    1207.295     0.993750       166762       160.00
    1212.415     0.994531       166904       182.86
    1218.559     0.995313       167037       213.33
    1223.679     0.996094       167167       256.00
    1226.751     0.996484       167228       284.44
    1229.823     0.996875       167301       320.00
    1232.895     0.997266       167347       365.71
    1235.967     0.997656       167417       426.67
    1241.087     0.998047       167487       512.00
    1243.135     0.998242       167520       568.89
    1244.159     0.998437       167546       640.00
    1246.207     0.998633       167588       731.43
    1248.255     0.998828       167615       853.33
    1251.327     0.999023       167647      1024.00
    1252.351     0.999121       167663      1137.78
    1253.375     0.999219       167678      1280.00
    1255.423     0.999316       167696      1462.86
    1257.471     0.999414       167710      1706.67
    1259.519     0.999512       167728      2048.00
    1260.543     0.999561       167740      2275.56
    1260.543     0.999609       167740      2560.00
    1261.567     0.999658       167749      2925.71
    1262.591     0.999707       167756      3413.33
    1263.615     0.999756       167765      4096.00
    1264.639     0.999780       167769      4551.11
    1267.711     0.999805       167773      5120.00
    1269.759     0.999829       167781      5851.43
    1269.759     0.999854       167781      6826.67
    1270.783     0.999878       167788      8192.00
    1270.783     0.999890       167788      9102.22
    1271.807     0.999902       167792     10240.00
    1271.807     0.999915       167792     11702.86
    1272.831     0.999927       167793     13653.33
    1276.927     0.999939       167797     16384.00
    1276.927     0.999945       167797     18204.44
    1276.927     0.999951       167797     20480.00
    1277.951     0.999957       167799     23405.71
    1277.951     0.999963       167799     27306.67
    1278.975     0.999969       167801     32768.00
    1278.975     0.999973       167801     36408.89
    1278.975     0.999976       167801     40960.00
    1284.095     0.999979       167803     46811.43
    1284.095     0.999982       167803     54613.33
    1284.095     0.999985       167803     65536.00
    1284.095     0.999986       167803     72817.78
    1284.095     0.999988       167803     81920.00
    1286.143     0.999989       167804     93622.86
    1286.143     0.999991       167804    109226.67
    1286.143     0.999992       167804    131072.00
    1286.143     0.999993       167804    145635.56
    1286.143     0.999994       167804    163840.00
    1294.335     0.999995       167805    187245.71
    1294.335     1.000000       167805          inf
#[Mean    =      184.047, StdDeviation   =      193.054]
#[Max     =     1293.312, Total count    =       167805]
#[Buckets =           27, SubBuckets     =         2048]
----------------------------------------------------------
  259286 requests in 30.00s, 29.71MB read
Requests/sec:   8642.35
Transfer/sec:      0.99MB
