Running 30s test @ http://10.116.0.2:8080/block?ms=100
  4 threads and 1000 connections
  Thread calibration: mean lat.: 122.707ms, rate sampling interval: 302ms
  Thread calibration: mean lat.: 131.700ms, rate sampling interval: 330ms
  Thread calibration: mean lat.: 126.717ms, rate sampling interval: 311ms
  Thread calibration: mean lat.: 128.405ms, rate sampling interval: 316ms
  Thread Stats   Avg      Stdev     Max   +/- Stdev
    Latency   130.18ms   29.58ms 365.82ms   82.15%
    Req/Sec     2.25k   189.41     2.77k    73.42%
  Latency Distribution (HdrHistogram - Recorded Latency)
 50.000%  120.13ms
 75.000%  147.46ms
 90.000%  174.72ms
 99.000%  219.52ms
 99.900%  246.65ms
 99.990%  320.26ms
 99.999%  357.89ms
100.000%  366.08ms

  Detailed Percentile spectrum:
       Value   Percentile   TotalCount 1/(1-Percentile)

     100.351     0.000000            1         1.00
     101.887     0.100000        17111         1.11
     103.807     0.200000        33813         1.25
     108.031     0.300000        50665         1.43
     114.431     0.400000        67515         1.67
     120.127     0.500000        84373         2.00
     123.647     0.550000        92795         2.22
     127.999     0.600000       101155         2.50
     133.887     0.650000       109662         2.86
     140.671     0.700000       118118         3.33
     147.455     0.750000       126487         4.00
     151.039     0.775000       130620         4.44
     155.391     0.800000       134930         5.00
     159.615     0.825000       139072         5.71
     164.223     0.850000       143333         6.67
     168.831     0.875000       147506         8.00
     171.391     0.887500       149598         8.89
     174.719     0.900000       151740        10.00
     178.303     0.912500       153858        11.43
     181.503     0.925000       155967        13.33
     184.959     0.937500       158056        16.00
     187.007     0.943750       159109        17.78
     189.183     0.950000       160152        20.00
     191.743     0.956250       161191        22.86
     194.943     0.962500       162208        26.67
     198.527     0.968750       163278        32.00
     200.447     0.971875       163813        35.56
     202.879     0.975000       164325        40.00
     205.823     0.978125       164853        45.71
     209.023     0.981250       165376        53.33
     212.095     0.984375       165909        64.00
     214.015     0.985938       166161        71.11
     216.063     0.987500       166422        80.00
     218.495     0.989062       166690        91.43
     220.159     0.990625       166959       106.67
     222.207     0.992188       167232       128.00
     222.975     0.992969       167344       142.22
     224.255     0.993750       167479       160.00
     225.407     0.994531       167613       182.86
     227.327     0.995313       167745       213.33
     229.631     0.996094       167870       256.00
     230.655     0.996484       167937       284.44
     231.935     0.996875       168000       320.00
     233.471     0.997266       168067       365.71
     235.391     0.997656       168132       426.67
     238.335     0.998047       168199       512.00
     239.359     0.998242       168231       568.89
     240.767     0.998437       168263       640.00
     242.303     0.998633       168296       731.43
     243.711     0.998828       168329       853.33
     247.551     0.999023       168362      1024.00
     248.959     0.999121       168379      1137.78
     250.367     0.999219       168396      1280.00
     252.287     0.999316       168411      1462.86
     255.871     0.999414       168428      1706.67
     261.375     0.999512       168444      2048.00
     265.471     0.999561       168452      2275.56
     272.127     0.999609       168462      2560.00
     277.503     0.999658       168469      2925.71
     281.855     0.999707       168477      3413.33
     290.303     0.999756       168486      4096.00
     295.423     0.999780       168489      4551.11
     302.335     0.999805       168494      5120.00
     309.759     0.999829       168498      5851.43
     312.063     0.999854       168502      6826.67
     318.463     0.999878       168506      8192.00
     320.255     0.999890       168509      9102.22
     323.071     0.999902       168510     10240.00
     328.703     0.999915       168512     11702.86
     331.263     0.999927       168514     13653.33
     338.431     0.999939       168516     16384.00
     341.503     0.999945       168517     18204.44
     345.855     0.999951       168518     20480.00
     347.903     0.999957       168520     23405.71
     347.903     0.999963       168520     27306.67
     348.671     0.999969       168521     32768.00
     351.743     0.999973       168522     36408.89
     351.743     0.999976       168522     40960.00
     356.351     0.999979       168523     46811.43
     356.351     0.999982       168523     54613.33
     357.887     0.999985       168524     65536.00
     357.887     0.999986       168524     72817.78
     357.887     0.999988       168524     81920.00
     362.495     0.999989       168525     93622.86
     362.495     0.999991       168525    109226.67
     362.495     0.999992       168525    131072.00
     362.495     0.999993       168525    145635.56
     362.495     0.999994       168525    163840.00
     366.079     0.999995       168526    187245.71
     366.079     1.000000       168526          inf
#[Mean    =      130.179, StdDeviation   =       29.579]
#[Max     =      365.824, Total count    =       168526]
#[Buckets =           27, SubBuckets     =         2048]
----------------------------------------------------------
  259856 requests in 30.04s, 29.74MB read
Requests/sec:   8649.77
Transfer/sec:      0.99MB
