Running 30s test @ http://10.116.0.2:8080/json
  4 threads and 256 connections
  Thread calibration: mean lat.: 1.342ms, rate sampling interval: 10ms
  Thread calibration: mean lat.: 1.329ms, rate sampling interval: 10ms
  Thread calibration: mean lat.: 1.322ms, rate sampling interval: 10ms
  Thread calibration: mean lat.: 1.329ms, rate sampling interval: 10ms
  Thread Stats   Avg      Stdev     Max   +/- Stdev
    Latency     1.34ms  743.07us  23.73ms   83.50%
    Req/Sec     5.26k   425.40    12.70k    82.09%
  Latency Distribution (HdrHistogram - Recorded Latency)
 50.000%    1.26ms
 75.000%    1.70ms
 90.000%    2.04ms
 99.000%    3.18ms
 99.900%    8.84ms
 99.990%   18.80ms
 99.999%   22.93ms
100.000%   23.74ms

  Detailed Percentile spectrum:
       Value   Percentile   TotalCount 1/(1-Percentile)

       0.252     0.000000            1         1.00
       0.637     0.100000        39494         1.11
       0.800     0.200000        78724         1.25
       0.949     0.300000       118308         1.43
       1.099     0.400000       157547         1.67
       1.256     0.500000       196998         2.00
       1.337     0.550000       216660         2.22
       1.422     0.600000       236156         2.50
       1.511     0.650000       256047         2.86
       1.603     0.700000       275545         3.33
       1.700     0.750000       295358         4.00
       1.749     0.775000       305237         4.44
       1.800     0.800000       315043         5.00
       1.853     0.825000       324849         5.71
       1.909     0.850000       334648         6.67
       1.971     0.875000       344436         8.00
       2.005     0.887500       349361         8.89
       2.042     0.900000       354276        10.00
       2.081     0.912500       359187        11.43
       2.125     0.925000       364057        13.33
       2.179     0.937500       369123        16.00
       2.209     0.943750       371525        17.78
       2.243     0.950000       373987        20.00
       2.281     0.956250       376380        22.86
       2.327     0.962500       378856        26.67
       2.383     0.968750       381278        32.00
       2.419     0.971875       382574        35.56
       2.457     0.975000       383751        40.00
       2.507     0.978125       384995        45.71
       2.571     0.981250       386220        53.33
       2.665     0.984375       387440        64.00
       2.741     0.985938       388048        71.11
       2.851     0.987500       388663        80.00
       3.021     0.989062       389271        91.43
       3.295     0.990625       389891       106.67
       3.623     0.992188       390502       128.00
       3.809     0.992969       390808       142.22
       4.047     0.993750       391116       160.00
       4.335     0.994531       391425       182.86
       4.695     0.995313       391730       213.33
       5.159     0.996094       392037       256.00
       5.431     0.996484       392191       284.44
       5.731     0.996875       392347       320.00
       6.075     0.997266       392499       365.71
       6.499     0.997656       392652       426.67
       6.887     0.998047       392807       512.00
       7.151     0.998242       392883       568.89
       7.427     0.998437       392960       640.00
       7.783     0.998633       393036       731.43
       8.327     0.998828       393114       853.33
       8.927     0.999023       393190      1024.00
       9.367     0.999121       393230      1137.78
       9.863     0.999219       393269      1280.00
      10.439     0.999316       393305      1462.86
      11.231     0.999414       393344      1706.67
      12.071     0.999512       393382      2048.00
      12.631     0.999561       393402      2275.56
      13.375     0.999609       393421      2560.00
      14.143     0.999658       393440      2925.71
      14.807     0.999707       393459      3413.33
      15.607     0.999756       393478      4096.00
      16.183     0.999780       393488      4551.11
      17.055     0.999805       393498      5120.00
      17.487     0.999829       393507      5851.43
      17.919     0.999854       393517      6826.67
      18.335     0.999878       393526      8192.00
      18.543     0.999890       393531      9102.22
      18.799     0.999902       393537     10240.00
      18.927     0.999915       393541     11702.86
      19.487     0.999927       393546     13653.33
      19.935     0.999939       393550     16384.00
      20.383     0.999945       393553     18204.44
      20.607     0.999951       393555     20480.00
      20.959     0.999957       393558     23405.71
      21.231     0.999963       393560     27306.67
      21.407     0.999969       393562     32768.00
      21.487     0.999973       393564     36408.89
      21.871     0.999976       393565     40960.00
      22.623     0.999979       393566     46811.43
      22.735     0.999982       393567     54613.33
      22.751     0.999985       393568     65536.00
      22.863     0.999986       393569     72817.78
      22.927     0.999988       393570     81920.00
      22.927     0.999989       393570     93622.86
      22.991     0.999991       393571    109226.67
      22.991     0.999992       393571    131072.00
      23.647     0.999993       393572    145635.56
      23.647     0.999994       393572    163840.00
      23.647     0.999995       393572    187245.71
      23.727     0.999995       393573    218453.33
      23.727     0.999996       393573    262144.00
      23.727     0.999997       393573    291271.11
      23.727     0.999997       393573    327680.00
      23.727     0.999997       393573    374491.43
      23.743     0.999998       393574    436906.67
      23.743     1.000000       393574          inf
#[Mean    =        1.339, StdDeviation   =        0.743]
#[Max     =       23.728, Total count    =       393574]
#[Buckets =           27, SubBuckets     =         2048]
----------------------------------------------------------
  596923 requests in 30.00s, 75.82MB read
Requests/sec:  19897.76
Transfer/sec:      2.53MB
