Running 30s test @ http://10.116.0.2:8080/json
  4 threads and 256 connections
  Thread calibration: mean lat.: 2391.599ms, rate sampling interval: 8642ms
  Thread calibration: mean lat.: 2072.009ms, rate sampling interval: 8601ms
  Thread calibration: mean lat.: 2075.070ms, rate sampling interval: 8617ms
  Thread calibration: mean lat.: 2401.679ms, rate sampling interval: 8683ms
  Thread Stats   Avg      Stdev     Max   +/- Stdev
    Latency     9.93s     2.93s   15.55s    58.17%
    Req/Sec    12.03k    54.95    12.15k    75.00%
  Latency Distribution (HdrHistogram - Recorded Latency)
 50.000%    9.93s 
 75.000%   12.43s 
 90.000%   14.01s 
 99.000%   15.00s 
 99.900%   15.29s 
 99.990%   15.49s 
 99.999%   15.54s 
100.000%   15.56s 

  Detailed Percentile spectrum:
       Value   Percentile   TotalCount 1/(1-Percentile)

    4464.639     0.000000            2         1.00
    5853.183     0.100000        94680         1.11
    6889.471     0.200000       189279         1.25
    7966.719     0.300000       283798         1.43
    8953.855     0.400000       378938         1.67
    9928.703     0.500000       473512         2.00
   10420.223     0.550000       521055         2.22
   10911.743     0.600000       567793         2.50
   11403.263     0.650000       614928         2.86
   11902.975     0.700000       662400         3.33
   12427.263     0.750000       710211         4.00
   12681.215     0.775000       733828         4.44
   12943.359     0.800000       757356         5.00
   13205.503     0.825000       781065         5.71
   13467.647     0.850000       804569         6.67
   13737.983     0.875000       827830         8.00
   13869.055     0.887500       839589         8.89
   14008.319     0.900000       851431        10.00
   14147.583     0.912500       863672        11.43
   14278.655     0.925000       875409        13.33
   14409.727     0.937500       887410        16.00
   14467.071     0.943750       892802        17.78
   14532.607     0.950000       898904        20.00
   14598.143     0.956250       904961        22.86
   14663.679     0.962500       910877        26.67
   14729.215     0.968750       916723        32.00
   14761.983     0.971875       919610        35.56
   14794.751     0.975000       922500        40.00
   14835.711     0.978125       925940        45.71
   14868.479     0.981250       928488        53.33
   14909.439     0.984375       931469        64.00
   14934.015     0.985938       933079        71.11
   14958.591     0.987500       934538        80.00
   14983.167     0.989062       935989        91.43
   15007.743     0.990625       937237       106.67
   15040.511     0.992188       938756       128.00
   15056.895     0.992969       939409       142.22
   15073.279     0.993750       940080       160.00
   15097.855     0.994531       941014       182.86
   15114.239     0.995313       941558       213.33
   15138.815     0.996094       942298       256.00
   15155.199     0.996484       942702       284.44
   15171.583     0.996875       943079       320.00
   15187.967     0.997266       943445       365.71
   15204.351     0.997656       943777       426.67
   15228.927     0.998047       944218       512.00
   15237.119     0.998242       944341       568.89
   15253.503     0.998437       944563       640.00
   15269.887     0.998633       944787       731.43
   15278.079     0.998828       944887       853.33
   15302.655     0.999023       945123      1024.00
   15310.847     0.999121       945199      1137.78
   15319.039     0.999219       945274      1280.00
   15335.423     0.999316       945384      1462.86
   15343.615     0.999414       945437      1706.67
   15368.191     0.999512       945553      2048.00
   15376.383     0.999561       945589      2275.56
   15392.767     0.999609       945641      2560.00
   15400.959     0.999658       945669      2925.71
   15417.343     0.999707       945717      3413.33
   15433.727     0.999756       945766      4096.00
   15441.919     0.999780       945789      4551.11
   15450.111     0.999805       945806      5120.00
   15466.495     0.999829       945847      5851.43
   15474.687     0.999854       945864      6826.67
   15482.879     0.999878       945885      8192.00
   15491.071     0.999890       945903      9102.22
   15491.071     0.999902       945903     10240.00
   15499.263     0.999915       945924     11702.86
   15499.263     0.999927       945924     13653.33
   15507.455     0.999939       945939     16384.00
   15507.455     0.999945       945939     18204.44
   15515.647     0.999951       945955     20480.00
   15515.647     0.999957       945955     23405.71
   15515.647     0.999963       945955     27306.67
   15523.839     0.999969       945964     32768.00
   15523.839     0.999973       945964     36408.89
   15532.031     0.999976       945973     40960.00
   15532.031     0.999979       945973     46811.43
   15532.031     0.999982       945973     54613.33
   15540.223     0.999985       945980     65536.00
   15540.223     0.999986       945980     72817.78
   15540.223     0.999988       945980     81920.00
   15540.223     0.999989       945980     93622.86
   15548.415     0.999991       945986    109226.67
   15548.415     0.999992       945986    131072.00
   15548.415     0.999993       945986    145635.56
   15548.415     0.999994       945986    163840.00
   15548.415     0.999995       945986    187245.71
   15548.415     0.999995       945986    218453.33
   15548.415     0.999996       945986    262144.00
   15548.415     0.999997       945986    291271.11
   15556.607     0.999997       945989    327680.00
   15556.607     1.000000       945989          inf
#[Mean    =     9926.178, StdDeviation   =     2929.818]
#[Max     =    15548.416, Total count    =       945989]
#[Buckets =           27, SubBuckets     =         2048]
----------------------------------------------------------
  1439051 requests in 30.00s, 182.79MB read
Requests/sec:  47969.17
Transfer/sec:      6.09MB
