Running 30s test @ http://10.116.0.2:8080/json
  4 threads and 256 connections
  Thread calibration: mean lat.: 1633.975ms, rate sampling interval: 6447ms
  Thread calibration: mean lat.: 1649.735ms, rate sampling interval: 6512ms
  Thread calibration: mean lat.: 1638.152ms, rate sampling interval: 6455ms
  Thread calibration: mean lat.: 1685.845ms, rate sampling interval: 6250ms
  Thread Stats   Avg      Stdev     Max   +/- Stdev
    Latency     7.32s     2.18s   11.69s    57.39%
    Req/Sec    12.38k   103.65    12.52k    66.67%
  Latency Distribution (HdrHistogram - Recorded Latency)
 50.000%    7.35s 
 75.000%    9.20s 
 90.000%   10.33s 
 99.000%   11.14s 
 99.900%   11.43s 
 99.990%   11.58s 
 99.999%   11.67s 
100.000%   11.70s 

  Detailed Percentile spectrum:
       Value   Percentile   TotalCount 1/(1-Percentile)

    3272.703     0.000000            2         1.00
    4292.607     0.100000        97663         1.11
    5025.791     0.200000       194872         1.25
    5791.743     0.300000       292664         1.43
    6602.751     0.400000       389980         1.67
    7352.319     0.500000       487119         2.00
    7704.575     0.550000       536282         2.22
    8044.543     0.600000       584780         2.50
    8404.991     0.650000       633160         2.86
    8798.207     0.700000       682287         3.33
    9199.615     0.750000       730844         4.00
    9396.223     0.775000       755164         4.44
    9592.831     0.800000       780189         5.00
    9773.055     0.825000       803929         5.71
    9961.471     0.850000       828282         6.67
   10149.887     0.875000       853313         8.00
   10239.999     0.887500       864995         8.89
   10330.111     0.900000       876686        10.00
   10428.415     0.912500       889549        11.43
   10526.719     0.925000       901661        13.33
   10625.023     0.937500       914089        16.00
   10674.175     0.943750       920066        17.78
   10723.327     0.950000       926195        20.00
   10772.479     0.956250       931883        22.86
   10829.823     0.962500       938273        26.67
   10887.167     0.968750       944141        32.00
   10919.935     0.971875       947508        35.56
   10944.511     0.975000       949898        40.00
   10977.279     0.978125       952850        45.71
   11018.239     0.981250       956178        53.33
   11059.199     0.984375       959222        64.00
   11075.583     0.985938       960361        71.11
   11100.159     0.987500       962036        80.00
   11124.735     0.989062       963627        91.43
   11157.503     0.990625       965371       106.67
   11182.079     0.992188       966686       128.00
   11198.463     0.992969       967450       142.22
   11214.847     0.993750       968187       160.00
   11231.231     0.994531       968793       182.86
   11255.807     0.995313       969688       213.33
   11280.383     0.996094       970419       256.00
   11288.575     0.996484       970670       284.44
   11304.959     0.996875       971112       320.00
   11321.343     0.997266       971521       365.71
   11337.727     0.997656       971869       426.67
   11354.111     0.998047       972151       512.00
   11370.495     0.998242       972426       568.89
   11378.687     0.998437       972558       640.00
   11395.071     0.998633       972752       731.43
   11411.455     0.998828       972917       853.33
   11436.031     0.999023       973163      1024.00
   11444.223     0.999121       973248      1137.78
   11452.415     0.999219       973321      1280.00
   11460.607     0.999316       973392      1462.86
   11476.991     0.999414       973497      1706.67
   11493.375     0.999512       973604      2048.00
   11501.567     0.999561       973656      2275.56
   11509.759     0.999609       973700      2560.00
   11517.951     0.999658       973745      2925.71
   11526.143     0.999707       973786      3413.33
   11534.335     0.999756       973815      4096.00
   11542.527     0.999780       973850      4551.11
   11550.719     0.999805       973886      5120.00
   11550.719     0.999829       973886      5851.43
   11558.911     0.999854       973906      6826.67
   11575.295     0.999878       973935      8192.00
   11575.295     0.999890       973935      9102.22
   11583.487     0.999902       973951     10240.00
   11591.679     0.999915       973967     11702.86
   11599.871     0.999927       973981     13653.33
   11608.063     0.999939       973992     16384.00
   11608.063     0.999945       973992     18204.44
   11616.255     0.999951       974002     20480.00
   11616.255     0.999957       974002     23405.71
   11624.447     0.999963       974008     27306.67
   11640.831     0.999969       974023     32768.00
   11640.831     0.999973       974023     36408.89
   11640.831     0.999976       974023     40960.00
   11640.831     0.999979       974023     46811.43
   11649.023     0.999982       974027     54613.33
   11657.215     0.999985       974029     65536.00
   11657.215     0.999986       974029     72817.78
   11673.599     0.999988       974033     81920.00
   11673.599     0.999989       974033     93622.86
   11681.791     0.999991       974037    109226.67
   11681.791     0.999992       974037    131072.00
   11681.791     0.999993       974037    145635.56
   11681.791     0.999994       974037    163840.00
   11681.791     0.999995       974037    187245.71
   11689.983     0.999995       974040    218453.33
   11689.983     0.999996       974040    262144.00
   11689.983     0.999997       974040    291271.11
   11689.983     0.999997       974040    327680.00
   11689.983     0.999997       974040    374491.43
   11689.983     0.999998       974040    436906.67
   11698.175     0.999998       974042    524288.00
   11698.175     1.000000       974042          inf
#[Mean    =     7318.681, StdDeviation   =     2183.167]
#[Max     =    11689.984, Total count    =       974042]
#[Buckets =           27, SubBuckets     =         2048]
----------------------------------------------------------
  1482370 requests in 30.00s, 188.29MB read
Requests/sec:  49413.11
Transfer/sec:      6.28MB
