Linux 6.8.0-142-generic (cafeai-bench-server) 	10/01/26 	_x86_64_	(4 CPU)

20:22:44     CPU    %usr   %nice    %sys %iowait    %irq   %soft  %steal  %guest  %gnice   %idle
20:22:45     all   65.67    0.00    3.48    0.00    0.00    1.24    0.25    0.00    0.00   29.35
20:22:46     all   88.75    0.00    8.00    0.00    0.00    2.50    0.25    0.00    0.00    0.50
20:22:47     all   81.25    0.00   13.25    0.00    0.00    5.00    0.00    0.00    0.00    0.50
20:22:48     all   80.15    0.00   13.57    0.00    0.00    5.53    0.00    0.00    0.00    0.75
20:22:49     all   78.55    0.00   14.46    0.00    0.00    6.23    0.00    0.00    0.00    0.75
20:22:50     all   76.32    0.00   15.62    0.00    0.00    7.05    0.00    0.00    0.00    1.01
20:22:51     all   72.64    0.00   17.66    0.00    0.00    7.96    0.00    0.00    0.00    1.74
20:22:52     all   69.60    0.00   19.85    0.00    0.00    8.54    0.25    0.00    0.00    1.76
20:22:53     all   69.92    0.00   20.30    0.00    0.00    8.52    0.00    0.00    0.00    1.25
20:22:54     all   56.28    0.00   28.89    0.00    0.00   11.81    0.00    0.00    0.00    3.02
20:22:55     all   48.48    0.00   29.70    0.00    0.00   10.66    0.00    0.00    0.00   11.17
20:22:56     all   20.73    0.00   13.73    0.00    0.00    5.32    0.00    0.00    0.00   60.22
20:22:57     all   20.77    0.00   13.93    0.00    0.00    4.92    0.27    0.00    0.00   60.11
20:22:58     all   21.74    0.00   14.13    0.00    0.00    4.08    0.00    0.00    0.00   60.05
20:22:59     all   20.87    0.00   13.82    0.00    0.00    5.15    0.00    0.00    0.00   60.16
20:23:00     all   20.27    0.00   14.32    0.00    0.00    4.32    0.27    0.00    0.00   60.81
20:23:01     all   22.37    0.00   13.95    0.00    0.00    4.21    0.00    0.00    0.00   59.47
20:23:02     all   22.16    0.00   13.46    0.00    0.00    4.49    0.53    0.00    0.00   59.37
20:23:03     all   21.87    0.00   13.33    0.00    0.00    4.53    0.00    0.00    0.00   60.27
20:23:04     all   20.28    0.00   12.50    0.00    0.00    4.72    0.00    0.00    0.00   62.50
20:23:05     all   20.63    0.00   15.34    0.00    0.00    3.97    0.26    0.00    0.00   59.79
20:23:06     all   20.94    0.00   12.95    0.00    0.00    5.51    0.00    0.00    0.00   60.61
20:23:07     all   20.00    0.00   14.52    0.00    0.00    4.93    0.00    0.00    0.00   60.55
20:23:08     all   19.78    0.00   14.48    0.00    0.00    4.46    0.00    0.00    0.00   61.28
20:23:09     all   20.44    0.00   13.54    0.00    0.00    4.97    0.55    0.00    0.00   60.50
20:23:10     all   22.43    0.00   14.05    0.00    0.00    4.05    0.00    0.00    0.00   59.46
20:23:11     all   19.89    0.00   13.35    0.27    0.00    5.45    0.27    0.00    0.00   60.76
20:23:12     all   21.51    0.00   13.98    0.00    0.00    4.84    0.00    0.00    0.00   59.68
20:23:13     all   21.52    0.00   14.96    0.00    0.00    3.94    0.79    0.00    0.00   58.79
20:23:14     all   21.62    0.00   13.78    0.00    0.00    4.86    0.00    0.00    0.00   59.73
20:23:15     all    7.12    0.00    4.33    0.00    0.00    1.27    0.00    0.00    0.00   87.28
20:23:16     all   53.12    0.00    7.98    0.00    0.00    2.99    0.00    0.00    0.00   35.91
20:23:17     all   78.20    0.00   13.78    0.00    0.00    4.26    0.00    0.00    0.00    3.76
20:23:18     all   73.80    0.00   14.11    0.00    0.00    5.54    0.00    0.00    0.00    6.55
20:23:19     all   63.57    0.00   12.56    0.00    0.00    4.02    0.00    0.00    0.00   19.85
20:23:20     all   26.14    0.00   11.93    0.00    0.00    3.55    0.00    0.00    0.00   58.38
20:23:21     all   29.04    0.00   13.38    0.00    0.00    3.54    0.00    0.00    0.00   54.04
20:23:22     all   21.48    0.00   14.07    0.00    0.00    3.58    0.00    0.00    0.00   60.87
20:23:23     all   21.68    0.00   13.01    0.00    0.00    4.08    0.00    0.00    0.00   61.22
20:23:24     all   20.93    0.00   14.47    0.00    0.00    3.36    0.00    0.00    0.00   61.24
20:23:25     all   24.37    0.00   13.57    0.00    0.00    3.77    0.00    0.00    0.00   58.29
20:23:26     all   21.12    0.00   11.96    0.00    0.00    3.82    0.00    0.00    0.00   63.10
20:23:27     all   24.94    0.00   11.45    0.00    0.00    3.56    0.00    0.00    0.00   60.05
20:23:28     all   23.16    0.00   10.69    0.00    0.00    3.82    0.51    0.00    0.00   61.83
20:23:29     all   24.18    0.00   11.34    0.00    0.00    3.78    0.50    0.00    0.00   60.20
20:23:30     all   30.73    0.00   11.84    0.00    0.00    3.53    0.00    0.00    0.00   53.90
20:23:31     all   32.07    0.00   12.37    0.00    0.00    3.79    0.00    0.00    0.00   51.77
20:23:32     all   25.51    0.00   11.87    0.00    0.00    3.79    0.00    0.00    0.00   58.84
20:23:33     all   28.93    0.00   12.18    0.00    0.00    3.05    0.00    0.00    0.00   55.84
20:23:34     all   22.53    0.00   11.39    0.00    0.00    3.80    0.00    0.00    0.00   62.28
20:23:35     all   26.48    0.00   11.57    0.00    0.00    3.60    0.00    0.00    0.00   58.35
20:23:36     all   23.68    0.00   10.33    0.00    0.00    3.53    0.00    0.00    0.00   62.47
20:23:37     all   29.72    0.00   11.59    0.00    0.00    3.27    0.00    0.00    0.00   55.42
20:23:38     all   22.14    0.00   11.20    0.00    0.00    3.31    0.25    0.00    0.00   63.10
20:23:39     all   27.23    0.00   11.96    0.00    0.00    3.56    0.00    0.00    0.00   57.25
20:23:40     all   23.60    0.00   11.42    0.00    0.00    2.79    0.51    0.00    0.00   61.68
20:23:41     all   28.35    0.00   11.90    0.00    0.00    3.54    0.00    0.00    0.00   56.20
20:23:42     all   23.80    0.00   11.39    0.00    0.00    3.54    0.00    0.00    0.00   61.27
20:23:43     all   27.30    0.00   11.48    0.00    0.00    3.32    0.26    0.00    0.00   57.65
20:23:44     all   27.09    0.00   11.39    0.00    0.00    3.54    0.00    0.00    0.00   57.97
20:23:45     all   18.68    0.00    8.42    0.00    0.00    3.16    0.00    0.00    0.00   69.74
20:23:46     all   20.44    0.00    9.67    0.00    0.00    3.87    0.00    0.00    0.00   66.02
20:23:47     all   23.78    0.00   13.51    0.00    0.00    5.14    0.00    0.00    0.00   57.57
20:23:48     all   20.71    0.00   13.08    0.00    0.00    5.45    0.27    0.00    0.00   60.49
20:23:49     all   22.64    0.00   14.02    0.00    0.00    4.85    0.00    0.00    0.00   58.49
20:23:50     all   25.20    0.00   13.40    0.00    0.00    5.09    0.00    0.00    0.00   56.30
20:23:51     all   22.58    0.00   13.71    0.00    0.00    4.84    0.54    0.00    0.00   58.33
20:23:52     all   21.14    0.00   14.09    0.00    0.00    4.88    0.27    0.00    0.00   59.62
20:23:53     all   23.68    0.00   12.89    0.00    0.00    5.26    0.00    0.00    0.00   58.16
20:23:54     all   21.64    0.00   12.33    0.00    0.00    5.75    0.00    0.00    0.00   60.27
20:23:55     all   23.04    0.00   14.09    0.00    0.00    5.42    0.27    0.00    0.00   57.18
20:23:56     all   21.83    0.00   13.21    0.00    0.00    5.39    0.00    0.00    0.00   59.57
20:23:57     all   24.05    0.00   13.78    0.00    0.00    5.14    0.00    0.00    0.00   57.03
20:23:58     all   22.10    0.00   12.40    0.00    0.00    5.39    0.00    0.00    0.00   60.11
20:23:59     all   23.29    0.00   13.70    0.00    0.00    4.93    0.00    0.00    0.00   58.08
20:24:00     all   22.10    0.00   14.02    0.00    0.00    4.58    0.00    0.00    0.00   59.30
20:24:01     all   21.82    0.00   13.26    0.00    0.00    4.70    0.55    0.00    0.00   59.67
20:24:02     all   25.27    0.00   13.56    0.00    0.00    5.05    0.00    0.00    0.00   56.12
20:24:03     all   22.64    0.00   14.02    0.00    0.00    4.31    0.00    0.00    0.00   59.03
20:24:04     all   22.04    0.00   13.50    0.00    0.00    5.51    0.28    0.00    0.00   58.68
20:24:05     all   23.40    0.00   14.63    0.00    0.00    5.59    0.00    0.00    0.00   56.38
20:24:06     all   22.55    0.00   13.26    0.00    0.00    5.31    0.00    0.00    0.00   58.89
20:24:07     all   24.40    0.00   13.40    0.00    0.00    5.63    0.27    0.00    0.00   56.30
20:24:08     all   24.27    0.00   14.40    0.00    0.00    5.33    0.27    0.00    0.00   55.73
20:24:09     all   23.47    0.00   13.33    0.00    0.00    5.33    0.00    0.00    0.00   57.87
20:24:10     all   22.73    0.00   13.64    0.00    0.00    5.88    0.00    0.00    0.00   57.75
20:24:11     all   23.87    0.00   14.06    0.00    0.00    5.57    0.00    0.00    0.00   56.50
20:24:12     all   26.53    0.00   13.53    0.00    0.00    5.04    0.00    0.00    0.00   54.91
20:24:13     all   23.81    0.00   13.49    0.00    0.00    5.03    0.53    0.00    0.00   57.14
20:24:14     all   24.93    0.00   13.94    0.00    0.00    5.36    0.00    0.00    0.00   55.76
20:24:15     all   26.63    0.00   15.14    0.00    0.00    3.39    0.00    0.00    0.00   54.83
20:24:16     all   44.12    0.00   24.87    0.00    0.00    4.28    0.27    0.00    0.00   26.47
20:24:17     all   51.97    0.00   26.60    0.00    0.00    4.43    0.00    0.00    0.00   17.00
20:24:18     all   48.35    0.00   27.74    0.00    0.00    4.83    0.00    0.00    0.00   19.08
20:24:19     all   51.62    0.00   26.93    0.00    0.00    6.23    0.25    0.00    0.00   14.96
20:24:20     all   49.50    0.00   28.14    0.00    0.00    5.03    0.00    0.00    0.00   17.34
20:24:21     all   52.99    0.00   27.86    0.00    0.00    4.98    0.25    0.00    0.00   13.93
20:24:22     all   49.39    0.00   27.01    0.00    0.00    4.62    0.00    0.00    0.00   18.98
20:24:23     all   52.78    0.00   27.27    0.00    0.00    4.80    0.25    0.00    0.00   14.90
20:24:24     all   49.62    0.00   27.82    0.00    0.00    6.77    0.00    0.00    0.00   15.79
20:24:25     all   50.38    0.00   26.07    0.00    0.00    6.77    0.25    0.00    0.00   16.54
20:24:26     all   50.62    0.00   27.54    0.00    0.00    6.20    0.00    0.00    0.00   15.63
20:24:27     all   51.12    0.00   27.79    0.00    0.00    5.71    0.00    0.00    0.00   15.38
20:24:28     all   50.36    0.00   28.09    0.00    0.00    6.30    0.00    0.00    0.00   15.25
20:24:29     all   50.77    0.00   27.69    0.00    0.00    5.64    0.00    0.00    0.00   15.90
20:24:30     all   51.83    0.00   27.38    0.00    0.00    5.62    0.00    0.00    0.00   15.16
20:24:31     all   50.25    0.00   27.27    0.00    0.00    5.56    0.00    0.00    0.00   16.92
20:24:32     all   50.13    0.00   27.59    0.00    0.00    6.58    0.00    0.00    0.00   15.70
20:24:33     all   50.37    0.00   26.78    0.00    0.00    4.91    0.00    0.00    0.00   17.94
20:24:34     all   52.35    0.00   25.43    0.00    0.00    5.19    0.49    0.00    0.00   16.54
20:24:35     all   48.25    0.00   27.75    0.00    0.00    5.75    0.00    0.00    0.00   18.25
20:24:36     all   47.62    0.00   28.32    0.00    0.00    3.76    0.00    0.00    0.00   20.30
20:24:37     all   46.15    0.00   29.03    0.00    0.00    4.96    0.00    0.00    0.00   19.85
20:24:38     all   46.62    0.00   28.57    0.00    0.00    4.26    0.50    0.00    0.00   20.05
20:24:39     all   46.98    0.00   27.64    0.00    0.00    4.77    0.00    0.00    0.00   20.60
20:24:40     all   47.01    0.00   27.36    0.00    0.00    5.47    0.00    0.00    0.00   20.15
20:24:41     all   46.45    0.00   28.17    0.00    0.00    5.08    0.00    0.00    0.00   20.30
20:24:42     all   47.47    0.00   27.78    0.00    0.00    4.55    0.00    0.00    0.00   20.20
20:24:43     all   46.35    0.00   28.72    0.00    0.00    5.04    0.00    0.00    0.00   19.90
20:24:44     all   46.98    0.00   28.64    0.00    0.00    4.52    0.00    0.00    0.00   19.85
20:24:45     all   40.25    0.00   24.44    0.00    0.00    4.20    0.25    0.00    0.00   30.86
20:24:46     all   53.62    0.00   30.19    0.00    0.00    7.97    0.48    0.00    0.00    7.73
20:24:47     all   55.14    0.00   28.82    0.00    0.00   13.78    0.00    0.00    0.00    2.26
20:24:48     all   53.28    0.00   29.80    0.00    0.00   15.66    0.00    0.00    0.00    1.26
20:24:49     all   53.52    0.00   30.40    0.00    0.00   14.32    0.00    0.00    0.00    1.76
20:24:50     all   54.02    0.00   29.90    0.00    0.00   14.57    0.00    0.00    0.00    1.51
20:24:51     all   53.38    0.00   30.33    0.00    0.00   14.54    0.25    0.00    0.00    1.50
20:24:52     all   53.63    0.00   29.82    0.00    0.00   14.04    0.00    0.00    0.00    2.51
20:24:53     all   54.14    0.00   28.82    0.00    0.00   14.54    0.00    0.00    0.00    2.51
20:24:54     all   52.13    0.00   31.33    0.00    0.00   14.29    0.00    0.00    0.00    2.26
20:24:55     all   54.00    0.00   30.50    0.00    0.00   13.75    0.00    0.00    0.00    1.75
20:24:56     all   53.30    0.00   29.70    0.00    0.00   13.71    0.00    0.00    0.00    3.30
20:24:57     all   54.23    0.00   30.60    0.00    0.00   13.93    0.00    0.00    0.00    1.24
20:24:58     all   54.27    0.00   30.15    0.00    0.00   14.07    0.00    0.00    0.00    1.51
20:24:59     all   56.31    0.00   28.28    0.00    0.00   13.13    0.00    0.00    0.00    2.27
20:25:00     all   55.45    0.00   27.97    0.00    0.00   13.86    0.25    0.00    0.00    2.48
20:25:01     all   53.98    0.00   29.10    0.00    0.00   13.68    0.25    0.00    0.00    2.99
20:25:02     all   54.52    0.00   30.40    0.00    0.00   13.57    0.25    0.00    0.00    1.26
20:25:03     all   53.28    0.00   29.55    0.00    0.00   13.64    0.25    0.00    0.00    3.28
20:25:04     all   52.87    0.00   30.17    0.00    0.00   13.47    0.00    0.00    0.00    3.49
20:25:05     all   54.91    0.00   29.97    0.00    0.00   13.60    0.00    0.00    0.00    1.51
20:25:06     all   55.14    0.00   29.32    0.00    0.00   13.78    0.00    0.00    0.00    1.75
20:25:07     all   54.41    0.00   30.48    0.00    0.00   14.11    0.00    0.00    0.00    1.01
20:25:08     all   54.73    0.00   30.35    0.00    0.00   14.18    0.00    0.00    0.00    0.75
20:25:09     all   54.52    0.00   29.90    0.00    0.00   14.32    0.00    0.00    0.00    1.26
20:25:10     all   53.77    0.00   30.40    0.00    0.00   14.57    0.00    0.00    0.00    1.26
20:25:11     all   53.77    0.00   30.40    0.00    0.00   14.07    0.00    0.00    0.00    1.76
20:25:12     all   53.25    0.00   30.25    0.00    0.00   13.25    0.00    0.00    0.00    3.25
20:25:13     all   53.87    0.00   30.17    0.00    0.00   13.22    0.00    0.00    0.00    2.74
20:25:14     all   53.79    0.00   28.54    0.00    0.00   14.39    0.00    0.00    0.00    3.28
20:25:15     all   45.64    0.00   26.43    0.00    0.00    9.98    0.25    0.00    0.00   17.71
20:25:16     all   56.14    0.00   29.57    0.00    0.00   13.03    0.00    0.00    0.00    1.25
20:25:17     all   52.75    0.00   29.50    0.00    0.00   14.50    0.25    0.00    0.00    3.00
20:25:18     all   54.16    0.00   28.21    0.00    0.00   13.10    0.00    0.00    0.00    4.53
20:25:19     all   55.25    0.00   27.75    0.00    0.00   13.75    0.00    0.00    0.00    3.25
20:25:20     all   53.90    0.00   28.72    0.00    0.00   13.85    0.00    0.00    0.00    3.53
20:25:21     all   54.36    0.00   31.17    0.00    0.00   13.22    0.25    0.00    0.00    1.00
20:25:22     all   55.97    0.00   27.86    0.00    0.00   13.68    0.25    0.00    0.00    2.24
20:25:23     all   54.91    0.00   29.22    0.00    0.00   12.85    0.00    0.00    0.00    3.02
20:25:24     all   54.66    0.00   29.97    0.00    0.00   13.60    0.00    0.00    0.00    1.76
20:25:25     all   54.50    0.00   29.50    0.00    0.00   14.25    0.00    0.00    0.00    1.75
20:25:26     all   56.11    0.00   29.18    0.00    0.00   12.97    0.00    0.00    0.00    1.75
20:25:27     all   53.79    0.00   30.56    0.00    0.00   13.38    0.00    0.00    0.00    2.27
20:25:28     all   55.25    0.00   29.25    0.00    0.00   13.50    0.00    0.00    0.00    2.00
20:25:29     all   53.90    0.00   30.48    0.00    0.00   15.11    0.00    0.00    0.00    0.50
20:25:30     all   55.50    0.00   30.00    0.00    0.00   13.00    0.00    0.00    0.00    1.50
20:25:31     all   53.87    0.00   30.42    0.00    0.00   13.97    0.00    0.00    0.00    1.75
20:25:32     all   54.00    0.00   29.50    0.00    0.00   13.50    0.00    0.00    0.00    3.00
20:25:33     all   56.25    0.00   28.50    0.00    0.00   13.75    0.00    0.00    0.00    1.50
20:25:34     all   54.64    0.00   30.83    0.00    0.00   13.28    0.25    0.00    0.00    1.00
20:25:35     all   54.52    0.00   29.15    0.00    0.00   14.07    0.00    0.00    0.00    2.26
20:25:36     all   54.00    0.00   31.25    0.00    0.00   13.75    0.00    0.00    0.00    1.00
20:25:37     all   55.42    0.00   29.22    0.00    0.00   13.60    0.25    0.00    0.00    1.51
20:25:38     all   52.90    0.00   31.49    0.00    0.00   13.10    0.00    0.00    0.00    2.52
20:25:39     all   53.63    0.00   30.33    0.00    0.00   13.53    0.00    0.00    0.00    2.51
20:25:40     all   55.36    0.00   29.68    0.00    0.00   13.22    0.25    0.00    0.00    1.50
20:25:41     all   55.86    0.00   29.68    0.00    0.00   13.22    0.00    0.00    0.00    1.25
20:25:42     all   54.86    0.00   29.18    0.00    0.00   14.96    0.25    0.00    0.00    0.75
20:25:43     all   55.39    0.00   30.08    0.00    0.00   13.28    0.00    0.00    0.00    1.25
20:25:44     all   55.58    0.00   30.52    0.00    0.00   12.90    0.00    0.00    0.00    0.99
20:25:45     all   48.11    0.00   25.94    0.00    0.00    9.82    0.00    0.00    0.00   16.12
20:25:46     all   57.54    0.00   28.64    0.00    0.00   13.07    0.00    0.00    0.00    0.75
20:25:47     all   53.62    0.00   30.17    0.00    0.00   14.21    0.00    0.00    0.00    2.00
20:25:48     all   53.30    0.00   30.96    0.00    0.00   13.96    0.00    0.00    0.00    1.78
20:25:49     all   53.63    0.00   30.08    0.00    0.00   13.28    0.00    0.00    0.00    3.01
20:25:50     all   53.90    0.00   29.22    0.00    0.00   13.35    0.00    0.00    0.00    3.53
20:25:51     all   55.67    0.00   30.98    0.00    0.00   12.59    0.00    0.00    0.00    0.76
20:25:52     all   54.64    0.00   30.58    0.00    0.00   13.53    0.00    0.00    0.00    1.25
20:25:53     all   55.03    0.00   30.65    0.00    0.00   13.07    0.00    0.00    0.00    1.26
20:25:54     all   55.25    0.00   30.25    0.00    0.00   13.75    0.00    0.00    0.00    0.75
20:25:55     all   52.12    0.00   31.67    0.00    0.00   12.97    0.25    0.00    0.00    2.99
20:25:56     all   54.52    0.00   30.15    0.00    0.00   13.07    0.25    0.00    0.00    2.01
20:25:57     all   54.25    0.00   30.50    0.00    0.00   12.75    0.00    0.00    0.00    2.50
20:25:58     all   53.81    0.00   29.95    0.00    0.00   12.94    0.00    0.00    0.00    3.30
20:25:59     all   54.86    0.00   29.68    0.00    0.00   13.72    0.00    0.00    0.00    1.75
20:26:00     all   54.39    0.00   30.83    0.00    0.00   13.03    0.00    0.00    0.00    1.75
20:26:01     all   54.91    0.00   29.97    0.00    0.00   13.35    0.00    0.00    0.00    1.76
20:26:02     all   54.75    0.00   30.00    0.00    0.00   14.00    0.50    0.00    0.00    0.75
20:26:03     all   56.11    0.00   29.68    0.00    0.00   13.22    0.00    0.00    0.00    1.00
20:26:04     all   54.00    0.00   30.50    0.00    0.00   14.25    0.00    0.00    0.00    1.25
20:26:05     all   56.14    0.00   28.82    0.00    0.00   13.03    0.00    0.00    0.00    2.01
20:26:06     all   53.25    0.00   31.25    0.00    0.00   14.00    0.00    0.00    0.00    1.50
20:26:07     all   55.39    0.00   29.82    0.00    0.00   13.78    0.00    0.00    0.00    1.00
20:26:08     all   54.34    0.00   30.02    0.00    0.00   13.90    0.00    0.00    0.00    1.74
20:26:09     all   55.47    0.00   30.35    0.00    0.00   13.68    0.00    0.00    0.00    0.50
20:26:10     all   54.80    0.00   29.04    0.00    0.00   13.38    0.00    0.00    0.00    2.78
20:26:11     all   54.89    0.00   30.08    0.00    0.00   13.53    0.00    0.00    0.00    1.50
20:26:12     all   55.61    0.00   29.43    0.00    0.00   13.72    0.00    0.00    0.00    1.25
20:26:13     all   56.31    0.00   29.80    0.00    0.00   12.37    0.00    0.00    0.00    1.52
20:26:14     all   54.59    0.00   30.27    0.00    0.00   13.65    0.25    0.00    0.00    1.24
20:26:15     all   50.00    0.00   25.88    0.00    0.00   10.80    0.00    0.00    0.00   13.32
20:26:16     all   54.98    0.00   29.10    0.00    0.00   13.68    0.25    0.00    0.00    1.99
20:26:17     all   53.52    0.00   28.89    0.00    0.00   13.82    0.00    0.00    0.00    3.77
20:26:18     all   55.81    0.00   28.79    0.00    0.00   13.13    0.00    0.00    0.00    2.27
20:26:19     all   53.30    0.00   27.92    0.00    0.00   13.96    0.25    0.00    0.00    4.57
20:26:20     all   52.99    0.00   29.10    0.00    0.00   13.68    0.25    0.00    0.00    3.98
20:26:21     all   56.31    0.00   29.04    0.00    0.00   13.38    0.00    0.00    0.00    1.26
20:26:22     all   55.61    0.00   30.17    0.00    0.00   13.22    0.00    0.00    0.00    1.00
20:26:23     all   53.15    0.00   29.97    0.00    0.00   12.85    0.00    0.00    0.00    4.03
20:26:24     all   52.90    0.00   29.72    0.00    0.00   13.35    0.00    0.00    0.00    4.03
20:26:25     all   54.64    0.00   30.08    0.00    0.00   13.03    0.00    0.00    0.00    2.26
20:26:26     all   53.77    0.00   30.40    0.00    0.00   13.32    0.00    0.00    0.00    2.51
20:26:27     all   55.89    0.00   30.08    0.00    0.00   12.78    0.00    0.00    0.00    1.25
20:26:28     all   54.73    0.00   28.36    0.00    0.00   13.43    0.25    0.00    0.00    3.23
20:26:29     all   53.50    0.00   30.25    0.00    0.00   13.00    0.00    0.00    0.00    3.25
20:26:30     all   55.53    0.00   29.40    0.00    0.00   13.57    0.00    0.00    0.00    1.51
20:26:31     all   54.84    0.00   30.27    0.00    0.00   12.90    0.25    0.00    0.00    1.74
20:26:32     all   55.00    0.00   29.00    0.00    0.00   13.50    0.25    0.00    0.00    2.25
20:26:33     all   55.28    0.00   29.90    0.00    0.00   13.82    0.00    0.00    0.00    1.01
20:26:34     all   54.89    0.00   29.82    0.00    0.00   13.28    0.00    0.00    0.00    2.01
20:26:35     all   54.14    0.00   29.32    0.00    0.00   13.03    0.25    0.00    0.00    3.26
20:26:36     all   53.63    0.00   30.83    0.00    0.00   13.53    0.00    0.00    0.00    2.01
20:26:37     all   53.00    0.00   32.25    0.00    0.00   14.00    0.00    0.00    0.00    0.75
20:26:38     all   53.90    0.00   30.23    0.00    0.00   12.85    0.00    0.00    0.00    3.02
20:26:39     all   53.77    0.00   30.65    0.00    0.00   13.82    0.00    0.00    0.00    1.76
20:26:40     all   56.28    0.00   29.65    0.00    0.00   13.07    0.00    0.00    0.00    1.01
20:26:41     all   53.50    0.00   31.75    0.00    0.00   13.25    0.00    0.00    0.00    1.50
20:26:42     all   54.06    0.00   28.43    0.00    0.00   13.71    0.25    0.00    0.00    3.55
20:26:43     all   54.41    0.00   30.73    0.00    0.00   13.85    0.00    0.00    0.00    1.01
20:26:44     all   54.14    0.00   29.82    0.00    0.00   13.78    0.00    0.00    0.00    2.26
20:26:45     all   30.67    0.00   16.71    0.00    0.00    7.73    0.25    0.00    0.00   44.64
20:26:46     all   18.89    0.00    5.29    0.00    0.00    2.27    0.00    0.00    0.00   73.55
20:26:47     all   32.66    0.00   12.41    0.00    0.00    4.30    0.00    0.00    0.00   50.63
20:26:48     all   35.28    0.00   11.68    0.00    0.00    3.81    0.00    0.00    0.00   49.24
20:26:49     all   22.42    0.00   13.85    0.00    0.00    3.78    0.25    0.00    0.00   59.70
20:26:50     all   24.18    0.00   12.09    0.00    0.00    3.27    0.00    0.00    0.00   60.45
20:26:51     all   30.96    0.00   11.42    0.00    0.00    3.55    0.00    0.00    0.00   54.06
20:26:52     all   25.13    0.00   10.91    0.00    0.00    3.05    0.00    0.00    0.00   60.91
20:26:53     all   27.34    0.00   11.14    0.00    0.00    3.54    0.00    0.00    0.00   57.97
20:26:54     all   21.68    0.00   11.48    0.00    0.00    3.06    0.00    0.00    0.00   63.78
20:26:55     all   29.97    0.00   11.08    0.00    0.00    4.03    0.00    0.00    0.00   54.91
20:26:56     all   21.88    0.00   11.45    0.00    0.00    3.05    0.25    0.00    0.00   63.36
20:26:57     all   28.79    0.00   11.11    0.00    0.00    3.54    0.00    0.00    0.00   56.57
20:26:58     all   28.83    0.00   11.22    0.00    0.00    3.06    0.00    0.00    0.00   56.89
20:26:59     all   24.49    0.00   10.97    0.00    0.00    3.06    0.00    0.00    0.00   61.48
20:27:00     all   27.48    0.00   10.94    0.00    0.00    3.31    0.00    0.00    0.00   58.27
20:27:01     all   22.17    0.00   11.84    0.00    0.00    3.27    0.00    0.00    0.00   62.72
20:27:02     all   28.28    0.00   10.86    0.00    0.00    3.28    1.52    0.00    0.00   56.06
20:27:03     all   21.12    0.00   10.43    0.00    0.00    3.05    0.00    0.00    0.00   65.39
20:27:04     all   27.16    0.00   10.91    0.00    0.00    3.81    0.00    0.00    0.00   58.12
20:27:05     all   23.41    0.00   11.45    0.00    0.00    3.31    0.25    0.00    0.00   61.58
20:27:06     all   26.77    0.00   12.37    0.00    0.00    3.54    0.00    0.00    0.00   57.32
20:27:07     all   23.02    0.00   10.74    0.00    0.00    3.32    0.00    0.00    0.00   62.92
20:27:08     all   28.07    0.00   10.53    0.00    0.00    3.76    0.00    0.00    0.00   57.64
20:27:09     all   23.29    0.00   11.14    0.00    0.00    2.78    0.25    0.00    0.00   62.53
20:27:10     all   29.44    0.00   11.93    0.00    0.00    3.30    0.00    0.00    0.00   55.33
20:27:11     all   24.43    0.00   11.45    0.00    0.00    3.05    0.25    0.00    0.00   60.81
20:27:12     all   21.77    0.00   12.15    0.00    0.00    3.04    0.00    0.00    0.00   63.04
20:27:13     all   26.21    0.00   11.96    0.00    0.00    3.05    0.25    0.00    0.00   58.52
20:27:14     all   24.30    0.00   10.38    0.00    0.00    3.54    0.00    0.00    0.00   61.77
20:27:15     all   13.52    0.00    6.63    0.00    0.00    2.30    0.00    0.00    0.00   77.55
20:27:16     all   13.13    0.00    3.54    0.00    0.00    2.02    0.00    0.00    0.00   81.31
20:27:17     all   42.78    0.00   12.66    0.00    0.00    5.82    0.00    0.00    0.00   38.73
20:27:18     all   68.26    0.00   15.37    0.00    0.00    6.30    0.00    0.00    0.00   10.08
20:27:19     all   56.57    0.00   14.14    0.00    0.00    5.30    0.00    0.00    0.00   23.99
20:27:20     all   64.91    0.00   13.53    0.00    0.00    7.27    0.00    0.00    0.00   14.29
20:27:21     all   64.21    0.00   13.71    0.00    0.00    7.61    0.00    0.00    0.00   14.47
20:27:22     all   59.65    0.00   15.54    0.00    0.00    8.02    0.25    0.00    0.00   16.54
20:27:23     all   62.66    0.00   15.04    0.00    0.00    8.27    0.00    0.00    0.00   14.04
20:27:24     all   60.05    0.00   15.14    0.00    0.00    7.94    0.25    0.00    0.00   16.63
20:27:25     all   61.62    0.00   14.65    0.00    0.00    8.33    0.00    0.00    0.00   15.40
20:27:26     all   62.41    0.00   17.04    0.00    0.00    7.77    0.00    0.00    0.00   12.78
20:27:27     all   56.82    0.00   16.92    0.00    0.00    9.09    0.00    0.00    0.00   17.17
20:27:28     all   62.31    0.00   15.08    0.00    0.00    8.29    0.00    0.00    0.00   14.32
20:27:29     all   61.00    0.00   14.00    0.00    0.00    7.50    0.00    0.00    0.00   17.50
20:27:30     all   65.82    0.00   13.92    0.00    0.00    7.09    0.00    0.00    0.00   13.16
20:27:31     all   62.72    0.00   14.61    0.00    0.00    8.06    0.00    0.00    0.00   14.61
20:27:32     all   59.80    0.00   14.57    0.00    0.00    8.54    0.00    0.00    0.00   17.09
20:27:33     all   65.83    0.00   13.82    0.00    0.00    6.78    0.00    0.00    0.00   13.57
20:27:34     all   70.68    0.00   14.04    0.00    0.00    6.77    0.00    0.00    0.00    8.52
20:27:35     all   64.74    0.00   13.10    0.00    0.00    6.30    0.00    0.00    0.00   15.87
20:27:36     all   67.34    0.00   14.57    0.00    0.00    8.29    0.00    0.00    0.00    9.80
20:27:37     all   66.33    0.00   13.22    0.00    0.00    8.23    0.25    0.00    0.00   11.97
20:27:38     all   67.50    0.00   14.25    0.00    0.00    7.25    0.00    0.00    0.00   11.00
20:27:39     all   56.49    0.00   14.50    0.00    0.00    8.14    0.00    0.00    0.00   20.87
20:27:40     all   60.71    0.00   14.86    0.00    0.00    7.81    0.00    0.00    0.00   16.62
20:27:41     all   59.95    0.00   15.37    0.00    0.00    8.56    0.25    0.00    0.00   15.87
20:27:42     all   60.61    0.00   13.64    0.00    0.00    8.08    0.00    0.00    0.00   17.68
20:27:43     all   57.71    0.00   15.42    0.00    0.00    7.96    0.00    0.00    0.00   18.91
20:27:44     all   69.04    0.00   15.48    0.00    0.00    8.12    0.00    0.00    0.00    7.36
20:27:45     all   42.39    0.00   12.18    0.00    0.00    6.85    0.00    0.00    0.00   38.58
20:27:46     all   13.03    0.00    2.76    0.00    0.00    2.01    0.00    0.00    0.00   82.21
20:27:47     all   52.51    0.00   12.31    0.00    0.00    7.54    0.25    0.00    0.00   27.39
20:27:48     all   73.07    0.00    9.48    0.00    0.00    6.48    0.00    0.00    0.00   10.97
20:27:49     all   74.69    0.00   15.29    0.00    0.00    8.27    0.00    0.00    0.00    1.75
20:27:50     all   74.37    0.00   11.31    0.00    0.00    6.78    0.00    0.00    0.00    7.54
20:27:51     all   76.19    0.00   11.28    0.00    0.00    6.52    0.00    0.00    0.00    6.02
20:27:52     all   75.25    0.00   10.00    0.00    0.00    5.75    0.00    0.00    0.00    9.00
20:27:53     all   80.15    0.00    7.29    0.00    0.00    3.52    0.00    0.00    0.00    9.05
20:27:54     all   77.02    0.00    7.32    0.00    0.00    3.79    0.00    0.00    0.00   11.87
20:27:55     all   80.90    0.00    7.04    0.00    0.00    3.27    0.00    0.00    0.00    8.79
20:27:56     all   75.56    0.00    8.48    0.00    0.00    4.99    0.00    0.00    0.00   10.97
20:27:57     all   77.69    0.00    7.27    0.00    0.00    4.26    0.25    0.00    0.00   10.53
20:27:58     all   79.80    0.00    7.58    0.00    0.00    4.29    0.00    0.00    0.00    8.33
20:27:59     all   77.14    0.00    8.04    0.00    0.00    3.77    0.00    0.00    0.00   11.06
20:28:00     all   77.78    0.00    7.58    0.00    0.00    4.04    0.00    0.00    0.00   10.61
20:28:01     all   78.25    0.00    8.25    0.00    0.00    4.00    0.00    0.00    0.00    9.50
20:28:02     all   80.15    0.00    6.03    0.00    0.00    3.52    0.00    0.00    0.00   10.30
20:28:03     all   76.63    0.00    7.54    0.00    0.00    3.77    0.00    0.00    0.00   12.06
20:28:04     all   76.44    0.00   11.03    0.00    0.00    5.76    0.00    0.00    0.00    6.77
20:28:05     all   79.15    0.00    8.29    0.00    0.00    4.77    0.00    0.00    0.00    7.79
20:28:06     all   78.89    0.00    6.78    0.00    0.00    3.52    0.00    0.00    0.00   10.80
20:28:07     all   77.78    0.00    6.57    0.00    0.00    3.03    0.00    0.00    0.00   12.63
20:28:08     all   73.82    0.00    9.48    0.00    0.00    4.99    0.00    0.00    0.00   11.72
20:28:09     all   78.50    0.00    8.00    0.00    0.00    3.50    0.25    0.00    0.00    9.75
20:28:10     all   81.45    0.00    9.02    0.00    0.00    3.51    0.00    0.00    0.00    6.02
20:28:11     all   81.45    0.00    6.52    0.00    0.00    3.01    0.00    0.00    0.00    9.02
20:28:12     all   76.19    0.00    8.27    0.00    0.00    3.01    0.25    0.00    0.00   12.28
20:28:13     all   80.00    0.00    7.25    0.00    0.00    3.50    0.00    0.00    0.00    9.25
20:28:14     all   80.60    0.00    5.54    0.00    0.00    2.77    0.00    0.00    0.00   11.08
20:28:15     all   74.37    0.00    9.55    0.00    0.00    4.27    0.00    0.00    0.00   11.81
20:28:16     all   18.05    0.00    3.51    0.00    0.00    1.75    0.00    0.00    0.00   76.69
20:28:17     all   39.59    0.00   12.44    0.00    0.00    7.61    0.00    0.00    0.00   40.36
20:28:18     all   60.25    0.00   14.43    0.00    0.00    8.35    0.00    0.00    0.00   16.96
20:28:19     all   71.21    0.00   15.15    0.00    0.00    8.33    0.00    0.00    0.00    5.30
20:28:20     all   74.81    0.00   10.72    0.00    0.00    5.74    0.25    0.00    0.00    8.48
20:28:21     all   73.62    0.00    9.30    0.00    0.00    5.28    0.00    0.00    0.00   11.81
20:28:22     all   92.41    0.00    1.77    0.00    0.00    2.28    0.00    0.00    0.00    3.54
20:28:23     all   93.03    0.00    0.75    0.00    0.00    1.74    0.00    0.00    0.00    4.48
20:28:24     all    9.97    0.00    3.99    0.00    0.00    8.83    0.00    0.00    0.00   77.21
20:28:25     all    0.00    0.00    0.00    0.00    0.00    9.17    0.00    0.00    0.00   90.83
20:28:26     all    0.00    0.00    0.00    0.00    0.00    6.17    0.00    0.00    0.00   93.83
20:28:27     all    0.00    0.00    0.00    0.00    0.00    5.52    0.00    0.00    0.00   94.48
20:28:28     all    0.00    0.00    0.00    0.00    0.00    5.86    0.00    0.00    0.00   94.14
20:28:29     all    0.00    0.00    0.00    0.31    0.00    2.14    0.00    0.00    0.00   97.55
20:28:30     all    0.00    0.00    0.00    0.00    0.00    4.32    0.00    0.00    0.00   95.68
20:28:31     all    0.00    0.00    0.00    0.00    0.00    4.95    0.00    0.00    0.00   95.05
20:28:32     all    0.00    0.00    0.00    0.00    0.00    4.98    0.00    0.00    0.00   95.02
20:28:33     all    0.00    0.00    0.00    0.00    0.00    3.09    0.00    0.00    0.00   96.91
20:28:34     all    0.00    0.00    0.00    0.00    0.00    4.35    0.00    0.00    0.00   95.65
20:28:35     all    0.00    0.00    0.00    0.00    0.00    3.07    0.00    0.00    0.00   96.93
20:28:36     all    0.62    0.00    0.31    0.00    0.00    5.85    0.31    0.00    0.00   92.92
20:28:37     all    0.00    0.00    0.00    0.00    0.00    5.17    0.00    0.00    0.00   94.83
20:28:38     all    0.00    0.00    0.00    0.00    0.00    1.53    0.00    0.00    0.00   98.47
20:28:39     all    0.00    0.00    0.00    0.30    0.00    1.52    0.00    0.00    0.00   98.18
20:28:40     all    0.00    0.00    0.00    0.00    0.00    1.52    0.00    0.00    0.00   98.48
20:28:41     all    0.00    0.00    0.00    0.00    0.00    1.22    0.00    0.00    0.00   98.78
20:28:42     all    0.00    0.00    0.31    0.00    0.00    3.09    0.00    0.00    0.00   96.60
20:28:43     all    0.00    0.00    0.00    0.00    0.00    3.10    0.00    0.00    0.00   96.90
20:28:44     all    0.00    0.00    0.00    0.00    0.00    4.01    0.00    0.00    0.00   95.99
20:28:45     all    0.00    0.00    0.00    0.00    0.00    4.98    0.00    0.00    0.00   95.02
20:28:46     all    8.22    0.00    1.86    0.00    0.00    1.06    0.00    0.00    0.00   88.86
