Running 30s test @ http://10.116.0.2:8080/json
  4 threads and 256 connections
  Thread calibration: mean lat.: 777.826ms, rate sampling interval: 3104ms
  Thread calibration: mean lat.: 781.989ms, rate sampling interval: 3125ms
  Thread calibration: mean lat.: 769.144ms, rate sampling interval: 3106ms
  Thread calibration: mean lat.: 844.254ms, rate sampling interval: 3086ms
  Thread Stats   Avg      Stdev     Max   +/- Stdev
    Latency     3.33s   945.75ms   5.75s    58.48%
    Req/Sec    12.59k   186.48    12.86k    79.17%
  Latency Distribution (HdrHistogram - Recorded Latency)
 50.000%    3.34s 
 75.000%    4.11s 
 90.000%    4.62s 
 99.000%    5.16s 
 99.900%    5.48s 
 99.990%    5.67s 
 99.999%    5.74s 
100.000%    5.75s 

  Detailed Percentile spectrum:
       Value   Percentile   TotalCount 1/(1-Percentile)

    1433.599     0.000000            1         1.00
    2066.431     0.100000        99261         1.11
    2342.911     0.200000       198101         1.25
    2643.967     0.300000       297144         1.43
    2998.271     0.400000       396147         1.67
    3342.335     0.500000       495222         2.00
    3500.031     0.550000       545180         2.22
    3653.631     0.600000       594490         2.50
    3801.087     0.650000       643886         2.86
    3952.639     0.700000       693280         3.33
    4108.287     0.750000       743004         4.00
    4194.303     0.775000       767598         4.44
    4280.319     0.800000       793236         5.00
    4358.143     0.825000       817246         5.71
    4444.159     0.850000       841971         6.67
    4530.175     0.875000       867429         8.00
    4571.135     0.887500       879435         8.89
    4620.287     0.900000       891305        10.00
    4665.343     0.912500       903555        11.43
    4714.495     0.925000       916612        13.33
    4763.647     0.937500       928330        16.00
    4800.511     0.943750       935017        17.78
    4833.279     0.950000       940697        20.00
    4870.143     0.956250       947455        22.86
    4902.911     0.962500       953258        26.67
    4943.871     0.968750       959442        32.00
    4968.447     0.971875       962567        35.56
    4993.023     0.975000       965625        40.00
    5017.599     0.978125       968794        45.71
    5042.175     0.981250       971666        53.33
    5074.943     0.984375       974831        64.00
    5091.327     0.985938       976320        71.11
    5111.807     0.987500       977869        80.00
    5140.479     0.989062       979560        91.43
    5165.055     0.990625       980937       106.67
    5193.727     0.992188       982515       128.00
    5210.111     0.992969       983288       142.22
    5230.591     0.993750       984128       160.00
    5246.975     0.994531       984792       182.86
    5267.455     0.995313       985625       213.33
    5292.031     0.996094       986335       256.00
    5312.511     0.996484       986775       284.44
    5324.799     0.996875       987088       320.00
    5345.279     0.997266       987527       365.71
    5365.759     0.997656       987878       426.67
    5398.527     0.998047       988267       512.00
    5414.911     0.998242       988431       568.89
    5431.295     0.998437       988623       640.00
    5443.583     0.998633       988818       731.43
    5464.063     0.998828       989012       853.33
    5484.543     0.999023       989221      1024.00
    5500.927     0.999121       989317      1137.78
    5517.311     0.999219       989403      1280.00
    5529.599     0.999316       989500      1462.86
    5545.983     0.999414       989618      1706.67
    5562.367     0.999512       989702      2048.00
    5570.559     0.999561       989738      2275.56
    5582.847     0.999609       989795      2560.00
    5595.135     0.999658       989842      2925.71
    5611.519     0.999707       989893      3413.33
    5627.903     0.999756       989929      4096.00
    5636.095     0.999780       989955      4551.11
    5644.287     0.999805       989978      5120.00
    5652.479     0.999829       990018      5851.43
    5656.575     0.999854       990033      6826.67
    5660.671     0.999878       990053      8192.00
    5664.767     0.999890       990065      9102.22
    5672.959     0.999902       990081     10240.00
    5677.055     0.999915       990094     11702.86
    5681.151     0.999927       990100     13653.33
    5693.439     0.999939       990110     16384.00
    5701.631     0.999945       990116     18204.44
    5705.727     0.999951       990124     20480.00
    5709.823     0.999957       990130     23405.71
    5713.919     0.999963       990134     27306.67
    5718.015     0.999969       990139     32768.00
    5726.207     0.999973       990146     36408.89
    5726.207     0.999976       990146     40960.00
    5730.303     0.999979       990149     46811.43
    5734.399     0.999982       990155     54613.33
    5734.399     0.999985       990155     65536.00
    5738.495     0.999986       990158     72817.78
    5738.495     0.999988       990158     81920.00
    5742.591     0.999989       990162     93622.86
    5742.591     0.999991       990162    109226.67
    5742.591     0.999992       990162    131072.00
    5746.687     0.999993       990165    145635.56
    5746.687     0.999994       990165    163840.00
    5746.687     0.999995       990165    187245.71
    5746.687     0.999995       990165    218453.33
    5750.783     0.999996       990169    262144.00
    5750.783     1.000000       990169          inf
#[Mean    =     3329.595, StdDeviation   =      945.745]
#[Max     =     5746.688, Total count    =       990169]
#[Buckets =           27, SubBuckets     =         2048]
----------------------------------------------------------
  1480951 requests in 30.00s, 188.11MB read
Requests/sec:  49365.68
Transfer/sec:      6.27MB
