Running 30s test @ http://10.116.0.2:8080/block?ms=100
  4 threads and 2000 connections
  Thread calibration: mean lat.: 1102.714ms, rate sampling interval: 3762ms
  Thread calibration: mean lat.: 1069.143ms, rate sampling interval: 3676ms
  Thread calibration: mean lat.: 1048.895ms, rate sampling interval: 3670ms
  Thread calibration: mean lat.: 1050.357ms, rate sampling interval: 3649ms
  Thread Stats   Avg      Stdev     Max   +/- Stdev
    Latency     4.28s     1.23s    8.16s    61.27%
    Req/Sec     3.35k   213.12     3.60k    62.50%
  Latency Distribution (HdrHistogram - Recorded Latency)
 50.000%    4.18s 
 75.000%    5.29s 
 90.000%    6.01s 
 99.000%    6.79s 
 99.900%    7.30s 
 99.990%    7.77s 
 99.999%    7.97s 
100.000%    8.16s 

  Detailed Percentile spectrum:
       Value   Percentile   TotalCount 1/(1-Percentile)

    1572.863     0.000000            1         1.00
    2678.783     0.100000        23493         1.11
    3139.583     0.200000        47026         1.25
    3487.743     0.300000        70577         1.43
    3823.615     0.400000        93953         1.67
    4175.871     0.500000       117467         2.00
    4354.047     0.550000       129296         2.22
    4534.271     0.600000       140966         2.50
    4743.167     0.650000       152703         2.86
    5001.215     0.700000       164549         3.33
    5292.031     0.750000       176209         4.00
    5427.199     0.775000       182034         4.44
    5558.271     0.800000       188041         5.00
    5672.959     0.825000       193928         5.71
    5783.551     0.850000       199689         6.67
    5898.239     0.875000       205633         8.00
    5951.487     0.887500       208446         8.89
    6012.927     0.900000       211535        10.00
    6070.271     0.912500       214306        11.43
    6139.903     0.925000       217425        13.33
    6209.535     0.937500       220200        16.00
    6250.495     0.943750       221767        17.78
    6295.551     0.950000       223208        20.00
    6340.607     0.956250       224709        22.86
    6393.855     0.962500       226090        26.67
    6451.199     0.968750       227572        32.00
    6483.967     0.971875       228306        35.56
    6524.927     0.975000       228993        40.00
    6561.791     0.978125       229719        45.71
    6615.039     0.981250       230484        53.33
    6668.287     0.984375       231219        64.00
    6692.863     0.985938       231544        71.11
    6729.727     0.987500       231932        80.00
    6766.591     0.989062       232297        91.43
    6799.359     0.990625       232646       106.67
    6848.511     0.992188       233033       128.00
    6873.087     0.992969       233220       142.22
    6897.663     0.993750       233401       160.00
    6930.431     0.994531       233574       182.86
    6967.295     0.995313       233747       213.33
    7008.255     0.996094       233951       256.00
    7024.639     0.996484       234026       284.44
    7053.311     0.996875       234116       320.00
    7090.175     0.997266       234211       365.71
    7114.751     0.997656       234299       426.67
    7147.519     0.998047       234394       512.00
    7172.095     0.998242       234438       568.89
    7208.959     0.998437       234490       640.00
    7233.535     0.998633       234528       731.43
    7262.207     0.998828       234571       853.33
    7303.167     0.999023       234618      1024.00
    7319.551     0.999121       234647      1137.78
    7335.935     0.999219       234665      1280.00
    7368.703     0.999316       234688      1462.86
    7417.855     0.999414       234709      1706.67
    7450.623     0.999512       234735      2048.00
    7458.815     0.999561       234744      2275.56
    7479.295     0.999609       234757      2560.00
    7495.679     0.999658       234766      2925.71
    7524.351     0.999707       234780      3413.33
    7548.927     0.999756       234789      4096.00
    7573.503     0.999780       234796      4551.11
    7606.271     0.999805       234801      5120.00
    7643.135     0.999829       234806      5851.43
    7667.711     0.999854       234812      6826.67
    7712.767     0.999878       234818      8192.00
    7741.439     0.999890       234821      9102.22
    7770.111     0.999902       234825     10240.00
    7778.303     0.999915       234826     11702.86
    7786.495     0.999927       234829     13653.33
    7831.551     0.999939       234832     16384.00
    7847.935     0.999945       234837     18204.44
    7847.935     0.999951       234837     20480.00
    7847.935     0.999957       234837     23405.71
    7868.415     0.999963       234839     27306.67
    7868.415     0.999969       234839     32768.00
    7897.087     0.999973       234840     36408.89
    7946.239     0.999976       234841     40960.00
    7946.239     0.999979       234841     46811.43
    7970.815     0.999982       234842     54613.33
    7974.911     0.999985       234844     65536.00
    7974.911     0.999986       234844     72817.78
    7974.911     0.999988       234844     81920.00
    7974.911     0.999989       234844     93622.86
    7974.911     0.999991       234844    109226.67
    7979.007     0.999992       234845    131072.00
    7979.007     0.999993       234845    145635.56
    7979.007     0.999994       234845    163840.00
    7979.007     0.999995       234845    187245.71
    7979.007     0.999995       234845    218453.33
    8163.327     0.999996       234846    262144.00
    8163.327     1.000000       234846          inf
#[Mean    =     4278.555, StdDeviation   =     1226.723]
#[Max     =     8159.232, Total count    =       234846]
#[Buckets =           27, SubBuckets     =         2048]
----------------------------------------------------------
  396940 requests in 30.00s, 45.48MB read
Requests/sec:  13231.30
Transfer/sec:      1.52MB
