Running 30s test @ http://10.116.0.2:8080/block?ms=100
  4 threads and 1000 connections
  Thread calibration: mean lat.: 986.371ms, rate sampling interval: 2744ms
  Thread calibration: mean lat.: 888.823ms, rate sampling interval: 2598ms
  Thread calibration: mean lat.: 897.088ms, rate sampling interval: 2584ms
  Thread calibration: mean lat.: 986.635ms, rate sampling interval: 2840ms
  Thread Stats   Avg      Stdev     Max   +/- Stdev
    Latency   405.89ms  289.05ms   1.55s    61.23%
    Req/Sec     2.31k   118.82     2.45k    73.08%
  Latency Distribution (HdrHistogram - Recorded Latency)
 50.000%  341.25ms
 75.000%  616.96ms
 90.000%  832.51ms
 99.000%    1.17s 
 99.900%    1.39s 
 99.990%    1.52s 
 99.999%    1.54s 
100.000%    1.55s 

  Detailed Percentile spectrum:
       Value   Percentile   TotalCount 1/(1-Percentile)

     100.351     0.000000            1         1.00
     102.591     0.100000        17421         1.11
     117.055     0.200000        34592         1.25
     157.951     0.300000        51881         1.43
     240.383     0.400000        69164         1.67
     341.247     0.500000        86471         2.00
     390.655     0.550000        95111         2.22
     438.015     0.600000       103738         2.50
     496.895     0.650000       112380         2.86
     550.911     0.700000       121022         3.33
     616.959     0.750000       129663         4.00
     645.119     0.775000       134038         4.44
     677.887     0.800000       138321         5.00
     715.775     0.825000       142694         5.71
     749.567     0.850000       146995         6.67
     786.431     0.875000       151301         8.00
     809.983     0.887500       153435         8.89
     832.511     0.900000       155635        10.00
     852.479     0.912500       157759        11.43
     872.959     0.925000       159916        13.33
     911.359     0.937500       162088        16.00
     931.327     0.943750       163167        17.78
     947.711     0.950000       164231        20.00
     964.095     0.956250       165336        22.86
     982.015     0.962500       166408        26.67
    1012.735     0.968750       167478        32.00
    1032.191     0.971875       168020        35.56
    1051.647     0.975000       168567        40.00
    1067.007     0.978125       169114        45.71
    1081.343     0.981250       169668        53.33
    1096.703     0.984375       170188        64.00
    1110.015     0.985938       170451        71.11
    1131.519     0.987500       170723        80.00
    1154.047     0.989062       170992        91.43
    1174.527     0.990625       171255       106.67
    1193.983     0.992188       171530       128.00
    1203.199     0.992969       171659       142.22
    1216.511     0.993750       171799       160.00
    1236.991     0.994531       171929       182.86
    1257.471     0.995313       172072       213.33
    1273.855     0.996094       172199       256.00
    1283.071     0.996484       172273       284.44
    1291.263     0.996875       172334       320.00
    1300.479     0.997266       172408       365.71
    1307.647     0.997656       172472       426.67
    1321.983     0.998047       172538       512.00
    1333.247     0.998242       172573       568.89
    1347.583     0.998437       172608       640.00
    1362.943     0.998633       172638       731.43
    1378.303     0.998828       172676       853.33
    1386.495     0.999023       172711      1024.00
    1390.591     0.999121       172724      1137.78
    1396.735     0.999219       172745      1280.00
    1400.831     0.999316       172756      1462.86
    1405.951     0.999414       172773      1706.67
    1413.119     0.999512       172790      2048.00
    1423.359     0.999561       172799      2275.56
    1453.055     0.999609       172808      2560.00
    1473.535     0.999658       172817      2925.71
    1486.847     0.999707       172824      3413.33
    1495.039     0.999756       172832      4096.00
    1505.279     0.999780       172837      4551.11
    1510.399     0.999805       172841      5120.00
    1512.447     0.999829       172845      5851.43
    1516.543     0.999854       172849      6826.67
    1521.663     0.999878       172853      8192.00
    1522.687     0.999890       172856      9102.22
    1525.759     0.999902       172860     10240.00
    1525.759     0.999915       172860     11702.86
    1527.807     0.999927       172862     13653.33
    1528.831     0.999939       172864     16384.00
    1531.903     0.999945       172866     18204.44
    1531.903     0.999951       172866     20480.00
    1532.927     0.999957       172867     23405.71
    1533.951     0.999963       172869     27306.67
    1533.951     0.999969       172869     32768.00
    1534.975     0.999973       172870     36408.89
    1534.975     0.999976       172870     40960.00
    1541.119     0.999979       172871     46811.43
    1541.119     0.999982       172871     54613.33
    1543.167     0.999985       172872     65536.00
    1543.167     0.999986       172872     72817.78
    1543.167     0.999988       172872     81920.00
    1544.191     0.999989       172873     93622.86
    1544.191     0.999991       172873    109226.67
    1544.191     0.999992       172873    131072.00
    1544.191     0.999993       172873    145635.56
    1544.191     0.999994       172873    163840.00
    1554.431     0.999995       172874    187245.71
    1554.431     1.000000       172874          inf
#[Mean    =      405.890, StdDeviation   =      289.047]
#[Max     =     1553.408, Total count    =       172874]
#[Buckets =           27, SubBuckets     =         2048]
----------------------------------------------------------
  259451 requests in 30.00s, 29.69MB read
Requests/sec:   8648.45
Transfer/sec:      0.99MB
