Running 30s test @ http://10.116.0.2:8080/json
  4 threads and 256 connections
  Thread calibration: mean lat.: 2332.514ms, rate sampling interval: 8724ms
  Thread calibration: mean lat.: 2312.745ms, rate sampling interval: 8716ms
  Thread calibration: mean lat.: 2334.232ms, rate sampling interval: 8765ms
  Thread calibration: mean lat.: 2348.971ms, rate sampling interval: 8347ms
  Thread Stats   Avg      Stdev     Max   +/- Stdev
    Latency     9.80s     2.84s   15.21s    58.26%
    Req/Sec    12.45k    84.17    12.61k    75.00%
  Latency Distribution (HdrHistogram - Recorded Latency)
 50.000%    9.81s 
 75.000%   12.23s 
 90.000%   13.75s 
 99.000%   14.73s 
 99.900%   15.02s 
 99.990%   15.14s 
 99.999%   15.20s 
100.000%   15.22s 

  Detailed Percentile spectrum:
       Value   Percentile   TotalCount 1/(1-Percentile)

    4395.007     0.000000            1         1.00
    5844.991     0.100000        98094         1.11
    6848.511     0.200000       195803         1.25
    7880.703     0.300000       293576         1.43
    8871.935     0.400000       391964         1.67
    9805.823     0.500000       489523         2.00
   10264.575     0.550000       538195         2.22
   10780.671     0.600000       587257         2.50
   11280.383     0.650000       635916         2.86
   11763.711     0.700000       685313         3.33
   12230.655     0.750000       734300         4.00
   12468.223     0.775000       758257         4.44
   12713.983     0.800000       782558         5.00
   12967.935     0.825000       807360         5.71
   13221.887     0.850000       832151         6.67
   13475.839     0.875000       856337         8.00
   13606.911     0.887500       868340         8.89
   13746.175     0.900000       880842        10.00
   13877.247     0.912500       893103        11.43
   14008.319     0.925000       905363        13.33
   14131.199     0.937500       917048        16.00
   14196.735     0.943750       923389        17.78
   14262.271     0.950000       929828        20.00
   14319.615     0.956250       935537        22.86
   14385.151     0.962500       941865        26.67
   14450.687     0.968750       947808        32.00
   14483.455     0.971875       950685        35.56
   14524.415     0.975000       954377        40.00
   14557.183     0.978125       957138        45.71
   14598.143     0.981250       960239        53.33
   14639.103     0.984375       963187        64.00
   14663.679     0.985938       964768        71.11
   14688.255     0.987500       966200        80.00
   14712.831     0.989062       967567        91.43
   14745.599     0.990625       969294       106.67
   14770.175     0.992188       970478       128.00
   14794.751     0.992969       971575       142.22
   14811.135     0.993750       972256       160.00
   14827.519     0.994531       972882       182.86
   14852.095     0.995313       973711       213.33
   14876.671     0.996094       974448       256.00
   14884.863     0.996484       974682       284.44
   14901.247     0.996875       975118       320.00
   14917.631     0.997266       975512       365.71
   14934.015     0.997656       975891       426.67
   14950.399     0.998047       976235       512.00
   14958.591     0.998242       976404       568.89
   14974.975     0.998437       976674       640.00
   14983.167     0.998633       976800       731.43
   14999.551     0.998828       977032       853.33
   15015.935     0.999023       977237      1024.00
   15024.127     0.999121       977317      1137.78
   15032.319     0.999219       977397      1280.00
   15040.511     0.999316       977470      1462.86
   15048.703     0.999414       977554      1706.67
   15065.087     0.999512       977693      2048.00
   15065.087     0.999561       977693      2275.56
   15073.279     0.999609       977747      2560.00
   15081.471     0.999658       977802      2925.71
   15089.663     0.999707       977849      3413.33
   15097.855     0.999756       977891      4096.00
   15106.047     0.999780       977933      4551.11
   15106.047     0.999805       977933      5120.00
   15114.239     0.999829       977964      5851.43
   15122.431     0.999854       977986      6826.67
   15130.623     0.999878       978006      8192.00
   15138.815     0.999890       978031      9102.22
   15138.815     0.999902       978031     10240.00
   15147.007     0.999915       978048     11702.86
   15147.007     0.999927       978048     13653.33
   15155.199     0.999939       978062     16384.00
   15163.391     0.999945       978074     18204.44
   15163.391     0.999951       978074     20480.00
   15171.583     0.999957       978088     23405.71
   15171.583     0.999963       978088     27306.67
   15179.775     0.999969       978093     32768.00
   15179.775     0.999973       978093     36408.89
   15187.967     0.999976       978098     40960.00
   15196.159     0.999979       978105     46811.43
   15196.159     0.999982       978105     54613.33
   15196.159     0.999985       978105     65536.00
   15204.351     0.999986       978111     72817.78
   15204.351     0.999988       978111     81920.00
   15204.351     0.999989       978111     93622.86
   15204.351     0.999991       978111    109226.67
   15212.543     0.999992       978115    131072.00
   15212.543     0.999993       978115    145635.56
   15212.543     0.999994       978115    163840.00
   15212.543     0.999995       978115    187245.71
   15212.543     0.999995       978115    218453.33
   15220.735     0.999996       978119    262144.00
   15220.735     1.000000       978119          inf
#[Mean    =     9801.738, StdDeviation   =     2844.573]
#[Max     =    15212.544, Total count    =       978119]
#[Buckets =           27, SubBuckets     =         2048]
----------------------------------------------------------
  1488595 requests in 30.00s, 189.08MB read
Requests/sec:  49620.60
Transfer/sec:      6.30MB
