1790885459 190660
1790885460 204216
1790885461 207532
1790885462 218260
1790885464 218820
1790885465 219192
1790885466 223132
1790885467 244380
1790885468 247180
1790885469 247424
1790885470 247676
1790885471 247972
1790885472 248160
1790885473 248180
1790885474 248208
1790885475 248220
1790885476 248236
1790885477 248248
1790885478 248260
1790885479 248276
1790885480 248280
1790885481 248296
1790885483 248304
1790885484 248304
1790885485 248312
1790885486 248320
1790885487 248324
1790885488 248336
1790885489 248340
1790885490 248392
1790885491 269484
1790885492 427604
1790885493 571760
1790885494 608584
1790885495 616808
1790885496 617188
1790885497 617296
1790885498 618712
1790885499 619660
1790885500 619724
1790885501 619764
1790885502 619856
1790885503 640856
1790885504 640940
1790885505 677556
1790885506 677576
1790885508 677616
1790885509 677636
1790885510 677672
1790885511 677692
1790885512 677736
1790885513 677772
1790885514 677828
1790885515 713756
1790885516 714440
1790885517 714464
1790885518 714480
1790885519 714492
1790885520 714552
1790885521 714564
1790885522 714568
1790885523 714568
1790885524 714568
1790885525 714692
1790885526 714696
1790885527 714696
1790885528 714700
1790885529 578044
1790885531 414604
1790885532 404168
1790885533 404168
1790885534 369696
1790885535 369696
1790885536 362392
1790885537 359304
1790885538 359328
1790885539 355156
1790885540 355156
1790885541 348888
1790885542 348900
1790885543 344736
1790885544 344740
1790885545 344744
1790885546 344748
1790885547 344756
1790885548 344780
1790885549 344792
1790885550 334344
1790885551 334352
1790885553 334368
1790885554 334376
1790885555 334392
1790885556 334404
1790885557 348996
1790885558 349004
1790885559 349012
1790885560 338600
1790885561 338616
1790885562 338644
1790885563 338704
1790885564 364304
1790885565 364308
1790885566 364308
1790885567 364312
1790885569 364312
1790885570 364316
1790885571 364320
1790885572 364324
1790885573 364324
1790885574 364332
1790885575 364344
1790885576 364352
1790885577 364364
1790885578 364372
1790885579 364384
1790885580 364392
1790885581 364400
1790885582 364408
1790885583 364412
1790885584 364412
1790885586 364416
1790885587 364420
1790885588 364428
1790885589 364428
1790885590 364428
1790885591 364432
1790885592 364432
1790885593 364440
1790885594 364448
1790885595 364452
1790885596 364452
1790885597 364492
1790885598 364492
1790885599 364492
1790885601 364496
1790885602 364500
1790885603 364512
1790885604 364516
1790885605 364516
1790885606 364516
1790885607 364528
1790885608 364528
1790885609 364576
1790885610 364576
1790885611 364580
1790885612 364584
1790885613 364592
1790885615 364592
1790885616 364600
1790885617 364604
1790885618 364612
1790885619 364620
1790885620 364620
1790885621 364624
1790885622 364628
1790885623 364632
1790885624 364632
1790885625 364640
1790885626 364640
1790885627 364640
1790885629 364644
1790885630 364656
1790885631 364660
1790885632 364660
1790885633 364660
1790885634 364660
1790885635 364660
1790885636 364660
1790885637 364668
1790885638 364672
1790885639 364672
1790885640 364676
1790885641 364676
1790885643 364680
1790885644 364684
1790885645 364688
1790885646 364688
1790885647 364696
1790885648 364704
1790885649 364708
1790885650 364712
1790885651 364712
1790885652 364716
1790885653 364724
1790885654 364724
1790885655 365124
1790885656 368176
1790885657 368180
1790885659 368192
1790885660 368196
1790885661 368208
1790885662 368216
1790885663 368220
1790885664 368228
1790885665 368228
1790885666 368228
1790885667 368232
1790885668 368236
1790885669 368240
1790885670 368244
1790885671 368248
1790885672 368252
1790885674 368256
1790885675 368264
1790885676 368264
1790885677 368268
1790885678 368268
1790885679 368272
1790885680 368276
1790885681 368276
1790885682 369184
1790885683 369188
1790885684 369208
1790885685 369216
1790885687 369220
1790885688 369224
1790885689 369224
1790885690 369224
1790885691 369228
1790885692 369228
1790885693 369228
1790885694 369232
1790885695 369236
1790885696 369236
1790885697 369240
1790885698 369240
1790885699 369240
1790885701 369244
1790885702 452320
1790885703 564416
1790885704 601988
1790885705 635464
1790885706 660896
1790885707 695820
1790885708 696284
1790885709 696608
1790885710 696644
1790885711 696676
1790885712 701928
1790885713 712292
1790885714 712328
1790885715 712348
1790885716 712424
1790885717 712428
1790885718 741028
1790885719 741124
1790885720 741132
1790885721 741140
1790885722 741200
1790885723 741260
1790885724 741264
1790885725 741272
1790885727 741272
1790885728 741284
1790885729 741288
1790885730 741296
1790885731 741320
1790885732 741348
1790885733 747104
1790885734 751736
1790885735 752472
1790885736 752912
1790885737 753460
1790885738 753592
1790885739 754064
1790885740 754308
1790885741 754972
1790885742 755136
1790885743 755420
1790885744 755468
1790885745 755700
1790885747 755768
1790885748 755868
1790885749 755876
1790885750 755876
1790885751 756172
1790885752 756220
1790885753 756252
1790885754 756264
1790885755 756296
1790885756 756296
1790885757 756480
1790885758 756492
1790885759 756532
1790885760 756700
1790885761 756700
1790885762 756708
1790885764 756860
1790885765 757168
1790885766 758088
1790885767 758196
1790885768 758408
1790885769 758420
1790885770 758464
1790885771 758472
1790885772 758484
1790885773 758488
1790885774 758500
1790885775 758508
1790885776 758512
1790885777 758600
1790885778 758624
1790885779 758636
1790885780 758640
1790885782 758696
1790885783 758704
1790885784 758712
1790885785 758728
1790885786 758740
1790885787 758760
1790885788 758764
1790885789 758764
1790885790 758772
1790885791 758772
1790885792 758776
1790885793 758804
1790885794 758824
1790885795 758824
1790885796 758824
1790885797 758876
