Running 30s test @ http://10.116.0.2:8080/block?ms=100
  4 threads and 4000 connections
  Thread calibration: mean lat.: 3423.469ms, rate sampling interval: 15818ms
  Thread calibration: mean lat.: 3493.333ms, rate sampling interval: 15900ms
  Thread calibration: mean lat.: 3465.959ms, rate sampling interval: 15818ms
  Thread calibration: mean lat.: 3488.959ms, rate sampling interval: 15859ms
  Thread Stats   Avg      Stdev     Max   +/- Stdev
    Latency    14.59s     3.60s   24.71s    60.86%
    Req/Sec       -nan      -nan   0.00      0.00%
  Latency Distribution (HdrHistogram - Recorded Latency)
 50.000%   14.66s 
 75.000%   17.60s 
 90.000%   19.32s 
 99.000%   21.69s 
 99.900%   22.97s 
 99.990%   23.97s 
 99.999%   24.71s 
100.000%   24.72s 

  Detailed Percentile spectrum:
       Value   Percentile   TotalCount 1/(1-Percentile)

    5824.511     0.000000            1         1.00
    9846.783     0.100000        12471         1.11
   11010.047     0.200000        24928         1.25
   11984.895     0.300000        37444         1.43
   13221.887     0.400000        49841         1.67
   14663.679     0.500000        62334         2.00
   15310.847     0.550000        68527         2.22
   15933.439     0.600000        74783         2.50
   16506.879     0.650000        81023         2.86
   17055.743     0.700000        87273         3.33
   17596.415     0.750000        93555         4.00
   17858.559     0.775000        96672         4.44
   18120.703     0.800000        99732         5.00
   18382.847     0.825000       102760         5.71
   18677.759     0.850000       105954         6.67
   18989.055     0.875000       109099         8.00
   19152.895     0.887500       110655         8.89
   19316.735     0.900000       112104        10.00
   19513.343     0.912500       113675        11.43
   19726.335     0.925000       115308        13.33
   19955.711     0.937500       116829        16.00
   20086.783     0.943750       117580        17.78
   20217.855     0.950000       118315        20.00
   20381.695     0.956250       119122        22.86
   20545.535     0.962500       119924        26.67
   20725.759     0.968750       120715        32.00
   20824.063     0.971875       121077        35.56
   20922.367     0.975000       121450        40.00
   21037.055     0.978125       121819        45.71
   21168.127     0.981250       122210        53.33
   21331.967     0.984375       122612        64.00
   21413.887     0.985938       122813        71.11
   21512.191     0.987500       123004        80.00
   21610.495     0.989062       123177        91.43
   21741.567     0.990625       123369       106.67
   21905.407     0.992188       123572       128.00
   21970.943     0.992969       123665       142.22
   22052.863     0.993750       123756       160.00
   22134.783     0.994531       123862       182.86
   22233.087     0.995313       123953       213.33
   22331.391     0.996094       124048       256.00
   22396.927     0.996484       124116       284.44
   22446.079     0.996875       124153       320.00
   22511.615     0.997266       124198       365.71
   22593.535     0.997656       124243       426.67
   22675.455     0.998047       124290       512.00
   22740.991     0.998242       124318       568.89
   22806.527     0.998437       124349       640.00
   22839.295     0.998633       124366       731.43
   22921.215     0.998828       124393       853.33
   22970.367     0.999023       124413      1024.00
   23019.519     0.999121       124425      1137.78
   23052.287     0.999219       124436      1280.00
   23085.055     0.999316       124450      1462.86
   23166.975     0.999414       124463      1706.67
   23216.127     0.999512       124473      2048.00
   23248.895     0.999561       124479      2275.56
   23281.663     0.999609       124486      2560.00
   23314.431     0.999658       124491      2925.71
   23379.967     0.999707       124497      3413.33
   23461.887     0.999756       124505      4096.00
   23527.423     0.999780       124506      4551.11
   23592.959     0.999805       124510      5120.00
   23691.263     0.999829       124513      5851.43
   23822.335     0.999854       124515      6826.67
   23920.639     0.999878       124518      8192.00
   23937.023     0.999890       124520      9102.22
   23969.791     0.999902       124521     10240.00
   24068.095     0.999915       124523     11702.86
   24166.399     0.999927       124524     13653.33
   24297.471     0.999939       124526     16384.00
   24330.239     0.999945       124527     18204.44
   24330.239     0.999951       124527     20480.00
   24477.695     0.999957       124528     23405.71
   24526.847     0.999963       124529     27306.67
   24575.999     0.999969       124531     32768.00
   24575.999     0.999973       124531     36408.89
   24575.999     0.999976       124531     40960.00
   24575.999     0.999979       124531     46811.43
   24575.999     0.999982       124531     54613.33
   24707.071     0.999985       124532     65536.00
   24707.071     0.999986       124532     72817.78
   24707.071     0.999988       124532     81920.00
   24707.071     0.999989       124532     93622.86
   24707.071     0.999991       124532    109226.67
   24723.455     0.999992       124533    131072.00
   24723.455     1.000000       124533          inf
#[Mean    =    14585.465, StdDeviation   =     3596.526]
#[Max     =    24707.072, Total count    =       124533]
#[Buckets =           27, SubBuckets     =         2048]
----------------------------------------------------------
  246345 requests in 30.02s, 28.19MB read
  Socket errors: connect 0, read 0, write 0, timeout 7614
Requests/sec:   8206.98
Transfer/sec:      0.94MB
