Linux 6.8.0-142-generic (cafeai-bench-loadgen) 	10/01/26 	_x86_64_	(4 CPU)

20:05:22     CPU    %usr   %nice    %sys %iowait    %irq   %soft  %steal  %guest  %gnice   %idle
20:05:23     all    0.00    0.00    1.02    0.00    0.00    0.51    0.00    0.00    0.00   98.48
20:05:24     all    0.75    0.00    2.76    0.00    0.00    2.01    0.00    0.00    0.00   94.47
20:05:25     all    2.02    0.00    3.54    0.00    0.00    2.53    0.00    0.00    0.00   91.92
20:05:26     all    1.01    0.00    4.29    0.00    0.00    3.79    0.25    0.00    0.00   90.66
20:05:27     all    2.51    0.00    6.28    0.25    0.00    4.52    0.00    0.00    0.00   86.43
20:05:28     all    3.04    0.00    7.59    0.00    0.00    5.06    0.00    0.00    0.00   84.30
20:05:29     all    2.82    0.00    7.18    0.00    0.00    4.36    0.00    0.00    0.00   85.64
20:05:30     all    2.76    0.00    7.54    0.00    0.00    6.03    0.25    0.00    0.00   83.42
20:05:31     all    4.33    0.00    9.16    0.00    0.00    6.36    0.00    0.00    0.00   80.15
20:05:32     all    4.55    0.00   12.37    0.00    0.00    8.08    0.00    0.00    0.00   75.00
20:05:33     all    6.79    0.00   18.28    0.00    0.00    9.92    0.00    0.00    0.00   65.01
20:05:34     all    5.17    0.00   11.89    0.00    0.00    8.01    0.00    0.00    0.00   74.94
20:05:35     all    4.07    0.00    6.62    0.00    0.00    4.83    0.00    0.00    0.00   84.48
20:05:36     all    3.58    0.00    6.91    0.00    0.00    5.12    0.00    0.00    0.00   84.40
20:05:37     all    3.57    0.00    7.40    0.26    0.00    4.34    0.00    0.00    0.00   84.44
20:05:38     all    4.34    0.00    6.12    0.00    0.00    4.85    0.00    0.00    0.00   84.69
20:05:39     all    3.32    0.00    7.91    0.00    0.00    4.59    0.00    0.00    0.00   84.18
20:05:40     all    4.57    0.00    6.35    0.00    0.00    5.08    0.00    0.00    0.00   84.01
20:05:41     all    3.33    0.00    6.92    0.00    0.00    4.87    0.00    0.00    0.00   84.87
20:05:42     all    4.03    0.00    8.06    0.00    0.00    4.28    0.00    0.00    0.00   83.63
20:05:43     all    4.58    0.00    7.63    0.00    0.00    4.33    0.00    0.00    0.00   83.46
20:05:44     all    4.05    0.00    6.84    0.00    0.00    5.06    0.00    0.00    0.00   84.05
20:05:45     all    3.82    0.00    7.12    0.00    0.00    4.83    0.00    0.00    0.00   84.22
20:05:46     all    4.09    0.00    6.65    0.00    0.00    4.60    0.00    0.00    0.00   84.65
20:05:47     all    4.30    0.00    7.34    0.00    0.00    4.81    0.00    0.00    0.00   83.54
20:05:48     all    3.81    0.00    7.61    0.00    0.00    4.82    0.00    0.00    0.00   83.76
20:05:49     all    4.85    0.00    8.16    0.00    0.00    3.57    0.00    0.00    0.00   83.42
20:05:50     all    4.77    0.00    7.29    0.00    0.00    4.77    0.00    0.00    0.00   83.17
20:05:51     all    3.06    0.00    7.65    0.00    0.00    4.85    0.00    0.00    0.00   84.44
20:05:52     all    3.85    0.00    7.44    0.00    0.00    4.10    0.00    0.00    0.00   84.62
20:05:53     all    1.00    0.00    1.00    0.00    0.00    0.00    0.00    0.00    0.00   98.00
20:05:54     all    0.26    0.00    1.53    0.00    0.00    1.02    0.00    0.00    0.00   97.19
20:05:55     all    0.76    0.00    3.03    0.00    0.00    2.78    0.00    0.00    0.00   93.43
20:05:56     all    1.51    0.00    3.27    0.00    0.00    2.27    0.00    0.00    0.00   92.95
20:05:57     all    1.28    0.00    3.32    0.00    0.00    3.06    0.00    0.00    0.00   92.35
20:05:58     all    1.50    0.00    3.76    0.00    0.00    3.26    0.00    0.00    0.00   91.48
20:05:59     all    1.52    0.00    3.55    0.00    0.00    3.05    0.25    0.00    0.00   91.62
20:06:00     all    1.50    0.00    3.76    0.00    0.00    4.01    0.00    0.00    0.00   90.73
20:06:01     all    1.26    0.00    3.54    0.00    0.00    3.03    0.00    0.00    0.00   92.17
20:06:02     all   13.01    0.00    6.38    0.00    0.00    2.04    0.00    0.00    0.00   78.57
20:06:03     all    1.52    0.00    4.05    0.00    0.00    2.78    0.00    0.00    0.00   91.65
20:06:04     all    1.51    0.00    4.02    0.00    0.00    3.77    0.00    0.00    0.00   90.70
20:06:05     all    1.52    0.00    5.05    0.00    0.00    4.04    0.00    0.00    0.00   89.39
20:06:06     all    1.52    0.00    4.06    0.00    0.00    3.55    0.00    0.00    0.00   90.86
20:06:07     all    1.76    0.00    4.02    0.25    0.00    3.52    0.00    0.00    0.00   90.45
20:06:08     all    1.26    0.00    3.79    0.00    0.00    3.79    0.00    0.00    0.00   91.16
20:06:09     all    1.52    0.00    4.31    0.00    0.00    2.79    0.00    0.00    0.00   91.37
20:06:10     all    1.78    0.00    3.81    0.00    0.00    3.30    0.00    0.00    0.00   91.12
20:06:11     all    1.78    0.00    3.31    0.00    0.00    3.31    0.00    0.00    0.00   91.60
20:06:12     all    1.77    0.00    3.03    0.00    0.00    4.04    0.00    0.00    0.00   91.16
20:06:13     all    1.52    0.00    3.80    0.00    0.00    2.78    0.00    0.00    0.00   91.90
20:06:14     all    1.77    0.00    3.54    0.00    0.00    3.54    0.00    0.00    0.00   91.16
20:06:15     all    2.00    0.00    3.50    0.00    0.00    2.75    0.25    0.00    0.00   91.50
20:06:16     all    1.27    0.00    3.82    0.00    0.00    3.82    0.00    0.00    0.00   91.09
20:06:17     all    1.52    0.00    3.54    0.00    0.00    3.79    0.00    0.00    0.00   91.16
20:06:18     all    1.52    0.00    3.80    0.00    0.00    3.80    0.00    0.00    0.00   90.89
20:06:19     all    2.03    0.00    3.29    0.00    0.00    2.78    0.00    0.00    0.00   91.90
20:06:20     all    1.02    0.00    3.84    0.00    0.00    2.81    0.00    0.00    0.00   92.33
20:06:21     all    1.51    0.00    3.27    0.00    0.00    3.53    0.00    0.00    0.00   91.69
20:06:22     all    1.27    0.00    3.81    0.00    0.00    3.30    0.00    0.00    0.00   91.62
20:06:23     all    3.35    0.00    4.38    0.00    0.00    3.09    0.00    0.00    0.00   89.18
20:06:24     all    5.14    0.00    5.40    0.00    0.00    5.14    0.00    0.00    0.00   84.32
20:06:25     all    5.44    0.00    5.96    0.00    0.00    4.15    0.26    0.00    0.00   84.20
20:06:26     all    4.68    0.00    5.45    0.00    0.00    4.68    0.00    0.00    0.00   85.19
20:06:27     all    5.43    0.00    5.94    0.00    0.00    4.91    0.00    0.00    0.00   83.72
20:06:28     all    5.41    0.00    5.93    0.00    0.00    4.64    0.00    0.00    0.00   84.02
20:06:29     all    5.18    0.00    6.74    0.00    0.00    3.63    0.00    0.00    0.00   84.46
20:06:30     all    4.64    0.00    5.67    0.00    0.00    5.67    0.00    0.00    0.00   84.02
20:06:31     all    5.43    0.00    6.20    0.00    0.00    4.13    0.00    0.00    0.00   84.24
20:06:32     all    5.43    0.00    5.94    0.00    0.00    4.65    0.00    0.00    0.00   83.98
20:06:33     all    5.19    0.00    5.97    0.00    0.00    4.42    0.00    0.00    0.00   84.42
20:06:34     all    5.94    0.00    6.20    0.00    0.00    4.13    0.00    0.00    0.00   83.72
20:06:35     all    4.80    0.00    5.60    0.00    0.00    2.93    0.00    0.00    0.00   86.67
20:06:36     all    5.70    0.00    5.96    0.00    0.00    3.63    0.26    0.00    0.00   84.46
20:06:37     all    4.70    0.00    6.53    0.00    0.00    4.44    0.00    0.00    0.00   84.33
20:06:38     all    5.45    0.00    6.23    0.00    0.00    3.90    0.26    0.00    0.00   84.16
20:06:39     all    4.94    0.00    6.23    0.00    0.00    4.16    0.00    0.00    0.00   84.68
20:06:40     all    5.68    0.00    5.68    0.00    0.00    4.13    0.00    0.00    0.00   84.50
20:06:41     all    4.97    0.00    6.28    0.00    0.00    3.93    0.00    0.00    0.00   84.82
20:06:42     all    4.68    0.00    6.23    0.00    0.00    4.42    0.00    0.00    0.00   84.68
20:06:43     all    5.48    0.00    6.01    0.00    0.00    4.18    0.00    0.00    0.00   84.33
20:06:44     all    4.92    0.00    6.22    0.00    0.00    4.66    0.00    0.00    0.00   84.20
20:06:45     all    5.47    0.00    5.47    0.00    0.00    4.43    0.00    0.00    0.00   84.64
20:06:46     all    5.66    0.00    6.68    0.00    0.00    4.11    0.00    0.00    0.00   83.55
20:06:47     all    5.17    0.00    5.94    0.00    0.00    5.17    0.00    0.00    0.00   83.72
20:06:48     all    5.96    0.00    5.96    0.00    0.00    4.40    0.00    0.00    0.00   83.68
20:06:49     all    5.24    0.00    5.50    0.00    0.00    3.66    0.00    0.00    0.00   85.60
20:06:50     all    5.44    0.00    5.96    0.00    0.00    4.66    0.00    0.00    0.00   83.94
20:06:51     all    4.97    0.00    6.54    0.00    0.00    4.19    0.00    0.00    0.00   84.29
20:06:52     all    5.22    0.00    6.53    0.00    0.00    3.39    0.00    0.00    0.00   84.86
20:06:53     all    4.33    0.00    5.60    0.00    0.00    3.05    0.00    0.00    0.00   87.02
20:06:54     all    8.04    0.00   11.26    0.00    0.00    7.51    0.00    0.00    0.00   73.19
20:06:55     all    8.80    0.00   13.87    0.00    0.00    8.00    0.27    0.00    0.00   69.07
20:06:56     all   10.18    0.00   11.75    0.00    0.00    8.62    0.00    0.00    0.00   69.45
20:06:57     all   10.30    0.00   12.47    0.00    0.00    8.94    0.00    0.00    0.00   68.29
20:06:58     all    9.74    0.00   13.68    0.00    0.00    8.16    0.00    0.00    0.00   68.42
20:06:59     all    9.04    0.00   13.03    0.00    0.00    9.04    0.00    0.00    0.00   68.88
20:07:00     all    8.97    0.00   12.93    0.00    0.00    8.97    0.26    0.00    0.00   68.87
20:07:01     all    8.73    0.00   13.23    0.00    0.00    8.47    0.00    0.00    0.00   69.58
20:07:02     all    9.31    0.00   12.50    0.00    0.00    7.71    0.27    0.00    0.00   70.21
20:07:03     all   20.58    0.00   16.62    0.26    0.00    9.23    0.00    0.00    0.00   53.30
20:07:04     all   13.12    0.00   14.70    0.00    0.00    9.71    0.00    0.00    0.00   62.47
20:07:05     all    8.75    0.00   12.47    0.00    0.00    9.28    0.53    0.00    0.00   68.97
20:07:06     all    8.89    0.00   12.13    0.00    0.00    8.63    0.00    0.00    0.00   70.35
20:07:07     all    9.16    0.00   11.78    0.00    0.00    8.90    0.00    0.00    0.00   70.16
20:07:08     all    8.85    0.00   13.40    0.00    0.00    8.58    0.00    0.00    0.00   69.17
20:07:09     all    9.42    0.00   12.83    0.00    0.00    9.42    0.00    0.00    0.00   68.32
20:07:10     all    9.33    0.00   12.80    0.00    0.00    8.80    0.00    0.00    0.00   69.07
20:07:11     all    9.12    0.00   12.06    0.00    0.00    8.31    0.00    0.00    0.00   70.51
20:07:12     all   10.37    0.00   12.23    0.00    0.00    8.51    0.00    0.00    0.00   68.88
20:07:13     all   10.26    0.00   11.32    0.00    0.00    8.95    0.00    0.00    0.00   69.47
20:07:14     all    9.38    0.00   11.80    0.00    0.00    8.58    0.00    0.00    0.00   70.24
20:07:15     all   10.22    0.00   12.37    0.00    0.00    8.06    0.00    0.00    0.00   69.35
20:07:16     all   10.32    0.00   11.64    0.00    0.00    8.73    0.00    0.00    0.00   69.31
20:07:17     all    9.65    0.00   12.06    0.00    0.00    8.58    0.00    0.00    0.00   69.71
20:07:18     all   10.40    0.00   11.73    0.00    0.00    8.27    0.00    0.00    0.00   69.60
20:07:19     all    9.81    0.00   13.00    0.00    0.00    7.69    0.00    0.00    0.00   69.50
20:07:20     all   10.24    0.00   13.12    0.00    0.00    8.14    0.00    0.00    0.00   68.50
20:07:21     all   10.88    0.00   11.67    0.00    0.00    7.43    0.00    0.00    0.00   70.03
20:07:22     all   10.48    0.00   12.10    0.00    0.00    7.80    0.00    0.00    0.00   69.62
20:07:23     all    9.35    0.00   10.65    0.00    0.00    8.31    0.00    0.00    0.00   71.69
20:07:24     all    8.64    0.00   16.75    0.00    0.00   11.52    0.00    0.00    0.00   63.09
20:07:25     all    7.53    0.00   19.22    0.00    0.00   11.95    0.00    0.00    0.00   61.30
20:07:26     all    7.46    0.00   19.54    0.00    0.00   11.83    0.00    0.00    0.00   61.18
20:07:27     all    6.84    0.00   19.47    0.00    0.00   11.32    0.00    0.00    0.00   62.37
20:07:28     all    7.18    0.00   19.74    0.00    0.00   10.77    0.00    0.00    0.00   62.31
20:07:29     all    7.27    0.00   18.96    0.00    0.00   11.17    0.00    0.00    0.00   62.60
20:07:30     all    7.77    0.00   18.13    0.00    0.00   12.18    0.00    0.00    0.00   61.92
20:07:31     all    7.91    0.00   20.15    0.00    0.00   10.97    0.00    0.00    0.00   60.97
20:07:32     all    7.27    0.00   20.52    0.00    0.00   11.43    0.00    0.00    0.00   60.78
20:07:33     all    7.63    0.00   19.47    0.00    0.00   11.05    0.00    0.00    0.00   61.84
20:07:34     all    7.46    0.00   19.28    0.00    0.00   13.11    0.26    0.00    0.00   59.90
20:07:35     all    7.99    0.00   19.85    0.00    0.00   12.11    0.00    0.00    0.00   60.05
20:07:36     all    7.95    0.00   19.49    0.00    0.00   11.03    0.00    0.00    0.00   61.54
20:07:37     all    7.24    0.00   19.38    0.00    0.00   12.40    0.00    0.00    0.00   60.98
20:07:38     all    7.97    0.00   19.79    0.00    0.00   11.57    0.00    0.00    0.00   60.67
20:07:39     all    7.07    0.00   18.85    0.00    0.00   10.99    0.00    0.00    0.00   63.09
20:07:40     all    7.05    0.00   19.58    0.00    0.00   10.97    0.00    0.00    0.00   62.40
20:07:41     all    7.99    0.00   19.59    0.00    0.00   11.08    0.00    0.00    0.00   61.34
20:07:42     all    8.51    0.00   19.85    0.00    0.00   11.86    0.00    0.00    0.00   59.79
20:07:43     all    6.53    0.00   19.32    0.00    0.00   12.01    0.00    0.00    0.00   62.14
20:07:44     all    7.55    0.00   20.31    0.00    0.00   10.68    0.00    0.00    0.00   61.46
20:07:45     all    7.44    0.00   19.23    0.00    0.00   11.79    0.00    0.00    0.00   61.54
20:07:46     all    7.77    0.00   20.21    0.00    0.00   10.62    0.00    0.00    0.00   61.40
20:07:47     all    7.85    0.00   18.59    0.00    0.00   11.52    0.00    0.00    0.00   62.04
20:07:48     all    8.36    0.00   19.58    0.00    0.00   11.23    0.00    0.00    0.00   60.84
20:07:49     all    7.57    0.00   20.37    0.00    0.00   12.27    0.00    0.00    0.00   59.79
20:07:50     all    7.47    0.00   21.39    0.00    0.00   11.60    0.00    0.00    0.00   59.54
20:07:51     all    6.79    0.00   19.58    0.00    0.00   12.27    0.00    0.00    0.00   61.36
20:07:52     all    6.99    0.00   18.39    0.00    0.00   12.44    0.26    0.00    0.00   61.92
20:07:53     all    7.65    0.00   18.03    0.00    0.00    4.64    0.00    0.00    0.00   69.67
20:07:54     all    7.43    0.00   19.10    0.00    0.00   10.88    0.00    0.00    0.00   62.60
20:07:55     all    8.36    0.00   20.10    0.00    0.00   10.97    0.00    0.00    0.00   60.57
20:07:56     all    7.67    0.00   21.16    0.00    0.00    9.79    0.00    0.00    0.00   61.38
20:07:57     all    6.68    0.00   17.48    0.00    0.00   12.85    0.00    0.00    0.00   62.98
20:07:58     all    6.74    0.00   19.17    0.00    0.00   11.66    0.00    0.00    0.00   62.44
20:07:59     all    7.01    0.00   20.26    0.00    0.00   11.43    0.00    0.00    0.00   61.30
20:08:00     all    6.94    0.00   20.05    0.00    0.00   11.31    0.00    0.00    0.00   61.70
20:08:01     all    8.48    0.00   19.54    0.00    0.00   11.31    0.00    0.00    0.00   60.67
20:08:02     all    8.03    0.00   19.95    0.00    0.00   11.66    0.00    0.00    0.00   60.36
20:08:03     all    6.96    0.00   20.36    0.00    0.00   12.11    0.00    0.00    0.00   60.57
20:08:04     all   11.11    0.00   20.63    0.00    0.00   10.05    0.00    0.00    0.00   58.20
20:08:05     all   21.09    0.00   21.09    0.00    0.00   11.98    0.00    0.00    0.00   45.83
20:08:06     all    8.20    0.00   20.49    0.00    0.00    7.10    0.00    0.00    0.00   64.21
20:08:07     all    8.29    0.00   19.95    0.00    0.00   10.88    0.00    0.00    0.00   60.88
20:08:08     all    7.20    0.00   19.28    0.00    0.00   12.08    0.00    0.00    0.00   61.44
20:08:09     all    7.73    0.00   20.36    0.26    0.00   10.82    0.00    0.00    0.00   60.82
20:08:10     all    7.03    0.00   19.53    0.00    0.00   11.98    0.00    0.00    0.00   61.46
20:08:11     all    7.22    0.00   19.33    0.00    0.00   11.86    0.00    0.00    0.00   61.60
20:08:12     all    8.59    0.00   19.27    0.00    0.00   11.72    0.00    0.00    0.00   60.42
20:08:13     all    7.53    0.00   18.70    0.00    0.00   12.47    0.00    0.00    0.00   61.30
20:08:14     all    7.55    0.00   18.23    0.00    0.00   11.98    0.00    0.00    0.00   62.24
20:08:15     all    7.31    0.00   19.58    0.00    0.00   12.01    0.00    0.00    0.00   61.10
20:08:16     all    6.48    0.00   20.73    0.00    0.00   11.92    0.00    0.00    0.00   60.88
20:08:17     all    7.59    0.00   19.90    0.00    0.00   11.26    0.00    0.00    0.00   61.26
20:08:18     all    7.95    0.00   18.21    0.00    0.00   12.82    0.00    0.00    0.00   61.03
20:08:19     all    8.25    0.00   19.59    0.00    0.00   12.37    0.26    0.00    0.00   59.54
20:08:20     all    7.33    0.00   21.20    0.00    0.00   11.52    0.00    0.00    0.00   59.95
20:08:21     all    7.99    0.00   18.81    0.00    0.00   11.34    0.26    0.00    0.00   61.60
20:08:22     all    7.49    0.00   20.67    0.00    0.00   11.63    0.00    0.00    0.00   60.21
20:08:23     all    6.72    0.00   13.18    0.00    0.00    7.49    0.26    0.00    0.00   72.35
20:08:24     all    5.97    0.00   17.40    0.00    0.00   11.17    0.00    0.00    0.00   65.45
20:08:25     all    6.82    0.00   19.42    0.00    0.00   11.29    0.00    0.00    0.00   62.47
20:08:26     all    7.67    0.00   19.18    0.00    0.00   11.76    0.26    0.00    0.00   61.13
20:08:27     all    8.70    0.00   19.69    0.00    0.00   12.53    0.00    0.00    0.00   59.08
20:08:28     all    7.83    0.00   20.10    0.00    0.00   12.01    0.00    0.00    0.00   60.05
20:08:29     all    7.65    0.00   21.17    0.00    0.00   11.73    0.00    0.00    0.00   59.44
20:08:30     all    7.95    0.00   19.49    0.00    0.00   11.79    0.00    0.00    0.00   60.77
20:08:31     all    7.49    0.00   19.64    0.00    0.00   11.89    0.00    0.00    0.00   60.98
20:08:32     all    7.99    0.00   19.85    0.00    0.00   12.37    0.00    0.00    0.00   59.79
20:08:33     all    6.75    0.00   20.78    0.00    0.00   10.91    0.00    0.00    0.00   61.56
20:08:34     all    7.51    0.00   19.43    0.00    0.00   11.92    0.00    0.00    0.00   61.14
20:08:35     all    6.68    0.00   21.08    0.00    0.00   11.57    0.00    0.00    0.00   60.67
20:08:36     all    6.74    0.00   19.43    0.00    0.00   10.88    0.00    0.00    0.00   62.95
20:08:37     all    6.98    0.00   20.16    0.00    0.00   11.89    0.00    0.00    0.00   60.98
20:08:38     all    6.41    0.00   17.95    0.00    0.00   12.31    0.00    0.00    0.00   63.33
20:08:39     all    7.47    0.00   19.33    0.00    0.00   11.86    0.00    0.00    0.00   61.34
20:08:40     all    7.95    0.00   19.49    0.00    0.00   12.05    0.00    0.00    0.00   60.51
20:08:41     all    7.73    0.00   20.10    0.00    0.00   11.86    0.00    0.00    0.00   60.31
20:08:42     all    7.27    0.00   19.22    0.00    0.00   12.47    0.00    0.00    0.00   61.04
20:08:43     all    8.16    0.00   20.15    0.00    0.00   11.73    0.00    0.00    0.00   59.95
20:08:44     all    7.55    0.00   20.57    0.00    0.00   11.20    0.00    0.00    0.00   60.68
20:08:45     all    7.46    0.00   20.31    0.00    0.00   11.57    0.00    0.00    0.00   60.67
20:08:46     all    7.46    0.00   20.82    0.00    0.00   11.57    0.00    0.00    0.00   60.15
20:08:47     all    7.37    0.00   19.21    0.00    0.00   11.32    0.00    0.00    0.00   62.11
20:08:48     all    8.16    0.00   19.90    0.00    0.00   11.73    0.00    0.00    0.00   60.20
20:08:49     all    7.79    0.00   18.96    0.00    0.00   11.95    0.00    0.00    0.00   61.30
20:08:50     all    7.93    0.00   19.69    0.00    0.00   11.51    0.00    0.00    0.00   60.87
20:08:51     all    7.73    0.00   18.81    0.00    0.00   11.60    0.00    0.00    0.00   61.86
20:08:52     all    7.27    0.00   20.78    0.00    0.00   11.17    0.00    0.00    0.00   60.78
20:08:53     all    7.75    0.00   16.04    0.00    0.00    4.01    0.00    0.00    0.00   72.19
20:08:54     all    7.73    0.00   18.67    0.00    0.00    9.33    0.00    0.00    0.00   64.27
20:08:55     all    8.21    0.00   21.03    0.00    0.00   10.77    0.00    0.00    0.00   60.00
20:08:56     all    7.47    0.00   19.85    0.00    0.00   12.37    0.00    0.00    0.00   60.31
20:08:57     all    6.96    0.00   19.85    0.00    0.00   11.34    0.00    0.00    0.00   61.86
20:08:58     all    6.53    0.00   19.84    0.00    0.00   12.01    0.00    0.00    0.00   61.62
20:08:59     all    7.25    0.00   19.69    0.00    0.00   11.92    0.00    0.00    0.00   61.14
20:09:00     all    7.69    0.00   20.00    0.00    0.00   11.28    0.00    0.00    0.00   61.03
20:09:01     all    7.75    0.00   19.12    0.00    0.00   12.14    0.00    0.00    0.00   60.98
20:09:02     all    7.31    0.00   19.84    0.00    0.00   12.27    0.00    0.00    0.00   60.57
20:09:03     all    8.01    0.00   19.38    0.00    0.00   11.37    0.00    0.00    0.00   61.24
20:09:04     all    8.46    0.00   19.74    0.00    0.00   11.79    0.00    0.00    0.00   60.00
20:09:05     all    7.24    0.00   18.35    0.26    0.00   11.89    0.00    0.00    0.00   62.27
20:09:06     all   17.15    0.00   21.37    0.00    0.00   10.55    0.00    0.00    0.00   50.92
20:09:07     all   12.66    0.00   21.45    0.00    0.00   11.63    0.26    0.00    0.00   54.01
20:09:08     all    7.25    0.00   19.43    0.00    0.00   12.69    0.00    0.00    0.00   60.62
20:09:09     all    7.24    0.00   20.41    0.00    0.00   11.89    0.00    0.00    0.00   60.47
20:09:10     all    7.79    0.00   20.52    0.00    0.00   12.21    0.00    0.00    0.00   59.48
20:09:11     all    7.97    0.00   20.31    0.00    0.00   11.05    0.00    0.00    0.00   60.67
20:09:12     all    8.03    0.00   19.95    0.00    0.00   11.14    0.26    0.00    0.00   60.62
20:09:13     all    6.49    0.00   19.74    0.00    0.00   11.69    0.00    0.00    0.00   62.08
20:09:14     all    7.71    0.00   19.28    0.00    0.00   10.54    0.00    0.00    0.00   62.47
20:09:15     all    7.79    0.00   18.18    0.00    0.00   11.95    0.00    0.00    0.00   62.08
20:09:16     all    8.25    0.00   19.59    0.00    0.00   11.86    0.00    0.00    0.00   60.31
20:09:17     all    7.09    0.00   19.69    0.00    0.00   11.55    0.00    0.00    0.00   61.68
20:09:18     all    7.53    0.00   20.00    0.00    0.00   11.69    0.00    0.00    0.00   60.78
20:09:19     all    7.29    0.00   19.53    0.00    0.00   11.46    0.00    0.00    0.00   61.72
20:09:20     all    7.57    0.00   19.32    0.00    0.00   11.49    0.00    0.00    0.00   61.62
20:09:21     all    8.03    0.00   20.73    0.00    0.00   11.66    0.00    0.00    0.00   59.59
20:09:22     all    7.44    0.00   19.49    0.00    0.00   12.31    0.00    0.00    0.00   60.77
20:09:23     all    2.56    0.00    6.67    0.00    0.00    4.10    0.00    0.00    0.00   86.67
20:09:24     all    1.26    0.00    2.52    0.00    0.00    1.76    0.00    0.00    0.00   94.46
20:09:25     all    1.75    0.00    3.75    0.00    0.00    3.00    0.00    0.00    0.00   91.50
20:09:26     all    1.26    0.00    3.79    0.00    0.00    2.27    0.00    0.00    0.00   92.68
20:09:27     all    1.27    0.00    3.56    0.00    0.00    2.54    0.00    0.00    0.00   92.62
20:09:28     all    1.76    0.00    3.02    0.00    0.00    3.78    0.00    0.00    0.00   91.44
20:09:29     all    1.52    0.00    3.54    0.00    0.00    2.28    0.00    0.00    0.00   92.66
20:09:30     all    1.76    0.00    4.03    0.00    0.00    3.27    0.00    0.00    0.00   90.93
20:09:31     all    1.77    0.00    3.54    0.00    0.00    2.78    0.00    0.00    0.00   91.90
20:09:32     all    1.50    0.00    3.76    0.00    0.00    3.26    0.00    0.00    0.00   91.48
20:09:33     all    1.03    0.00    3.34    0.00    0.00    3.08    0.00    0.00    0.00   92.54
20:09:34     all    2.03    0.00    3.04    0.00    0.00    3.54    0.00    0.00    0.00   91.39
20:09:35     all    2.27    0.00    4.28    0.00    0.00    3.53    0.00    0.00    0.00   89.92
20:09:36     all    1.81    0.00    3.88    0.00    0.00    1.03    0.00    0.00    0.00   93.28
20:09:37     all    1.04    0.00    3.12    0.00    0.00    0.78    0.00    0.00    0.00   95.06
20:09:38     all    2.27    0.00    3.53    0.00    0.00    3.27    0.00    0.00    0.00   90.93
20:09:39     all    1.52    0.00    3.80    0.00    0.00    3.04    0.00    0.00    0.00   91.65
20:09:40     all    1.02    0.00    3.30    0.00    0.00    2.54    0.00    0.00    0.00   93.15
20:09:41     all    1.26    0.00    4.29    0.00    0.00    3.54    0.00    0.00    0.00   90.91
20:09:42     all    2.02    0.00    3.79    0.00    0.00    2.78    0.00    0.00    0.00   91.41
20:09:43     all    1.74    0.00    4.23    0.00    0.00    3.48    0.00    0.00    0.00   90.55
20:09:44     all    1.78    0.00    3.56    0.00    0.00    3.05    0.00    0.00    0.00   91.60
20:09:45     all    1.52    0.00    3.29    0.00    0.00    3.04    0.00    0.00    0.00   92.15
20:09:46     all    2.01    0.00    4.27    0.00    0.00    3.52    0.00    0.00    0.00   90.20
20:09:47     all    1.28    0.00    3.57    0.00    0.00    2.81    0.00    0.00    0.00   92.35
20:09:48     all    1.52    0.00    3.54    0.00    0.00    2.78    0.00    0.00    0.00   92.17
20:09:49     all    2.29    0.00    3.82    0.00    0.00    2.80    0.00    0.00    0.00   91.09
20:09:50     all    1.27    0.00    3.31    0.00    0.00    2.54    0.00    0.00    0.00   92.88
20:09:51     all    2.01    0.00    4.51    0.00    0.00    3.01    0.00    0.00    0.00   90.48
20:09:52     all    1.77    0.00    3.54    0.00    0.00    3.03    0.00    0.00    0.00   91.67
20:09:53     all    1.02    0.00    2.81    0.00    0.00    0.51    0.00    0.00    0.00   95.66
20:09:54     all    3.04    0.00    1.77    0.00    0.00    1.27    0.00    0.00    0.00   93.92
20:09:55     all    2.82    0.00    4.10    0.00    0.00    3.59    0.00    0.00    0.00   89.49
20:09:56     all    1.02    0.00    2.54    0.00    0.00    2.28    0.00    0.00    0.00   94.16
20:09:57     all    1.01    0.00    2.53    0.00    0.00    2.27    0.00    0.00    0.00   94.19
20:09:58     all    1.25    0.00    2.50    0.00    0.00    2.50    0.00    0.00    0.00   93.75
20:09:59     all    1.00    0.00    3.01    0.00    0.00    2.76    0.25    0.00    0.00   92.98
20:10:00     all    1.51    0.00    4.28    0.00    0.00    2.52    0.25    0.00    0.00   91.44
20:10:01     all    0.76    0.00    3.03    0.00    0.00    2.53    0.00    0.00    0.00   93.69
20:10:02     all    1.27    0.00    2.54    0.00    0.00    2.54    0.00    0.00    0.00   93.65
20:10:03     all    1.26    0.00    3.77    0.00    0.00    2.51    0.00    0.00    0.00   92.46
20:10:04     all    1.78    0.00    3.55    0.00    0.00    3.05    0.00    0.00    0.00   91.62
20:10:05     all    1.01    0.00    2.27    0.00    0.00    1.52    0.00    0.00    0.00   95.20
20:10:06     all    1.01    0.00    3.29    0.00    0.00    2.78    0.00    0.00    0.00   92.91
20:10:07     all    4.52    0.00    4.77    0.00    0.00    3.27    0.00    0.00    0.00   87.44
20:10:08     all    7.34    0.00    4.05    0.00    0.00    2.28    0.00    0.00    0.00   86.33
20:10:09     all    1.26    0.00    3.54    0.00    0.00    2.27    0.00    0.00    0.00   92.93
20:10:10     all    0.76    0.00    3.54    0.00    0.00    2.28    0.00    0.00    0.00   93.42
20:10:11     all    1.78    0.00    3.05    0.00    0.00    3.05    0.00    0.00    0.00   92.13
20:10:12     all    0.75    0.00    2.75    0.00    0.00    2.25    0.00    0.00    0.00   94.25
20:10:13     all    1.25    0.00    3.99    0.50    0.00    2.49    0.00    0.00    0.00   91.77
20:10:14     all    1.01    0.00    2.27    0.00    0.00    2.77    0.00    0.00    0.00   93.95
20:10:15     all    1.26    0.00    2.27    0.00    0.00    2.53    0.00    0.00    0.00   93.94
20:10:16     all    0.50    0.00    2.76    0.00    0.00    3.02    0.00    0.00    0.00   93.72
20:10:17     all    1.03    0.00    3.08    0.00    0.00    1.80    0.00    0.00    0.00   94.09
20:10:18     all    1.02    0.00    2.54    0.00    0.00    2.28    0.00    0.00    0.00   94.16
20:10:19     all    1.02    0.00    4.08    0.00    0.00    3.06    0.00    0.00    0.00   91.84
20:10:20     all    1.25    0.00    2.76    0.00    0.00    3.01    0.00    0.00    0.00   92.98
20:10:21     all    1.01    0.00    2.76    0.00    0.00    3.02    0.00    0.00    0.00   93.22
20:10:22     all    0.76    0.00    2.54    0.00    0.00    2.29    0.00    0.00    0.00   94.40
20:10:23     all    1.01    0.00    4.03    0.00    0.00    1.76    0.00    0.00    0.00   93.20
20:10:24     all    3.77    0.00    1.76    0.00    0.00    1.26    0.00    0.00    0.00   93.22
20:10:25     all   10.94    0.00    4.07    0.00    0.00    4.33    0.00    0.00    0.00   80.66
20:10:26     all    6.57    0.00    3.28    0.00    0.00    2.02    0.00    0.00    0.00   88.13
20:10:27     all    3.28    0.00    5.30    0.00    0.00    1.52    0.00    0.00    0.00   89.90
20:10:28     all   19.55    0.00   65.91    0.00    0.00   14.54    0.00    0.00    0.00    0.00
20:10:29     all   18.91    0.00   65.92    0.00    0.00   15.17    0.00    0.00    0.00    0.00
20:10:30     all   19.05    0.00   65.16    0.00    0.00   15.79    0.00    0.00    0.00    0.00
20:10:31     all   17.46    0.00   67.08    0.00    0.00   15.46    0.00    0.00    0.00    0.00
20:10:32     all   18.59    0.00   66.08    0.00    0.00   15.33    0.00    0.00    0.00    0.00
20:10:33     all   17.91    0.00   66.92    0.00    0.00   15.17    0.00    0.00    0.00    0.00
20:10:34     all   18.20    0.00   65.59    0.00    0.00   16.21    0.00    0.00    0.00    0.00
20:10:35     all   18.94    0.00   65.40    0.00    0.00   15.66    0.00    0.00    0.00    0.00
20:10:36     all   18.91    0.00   64.93    0.00    0.00   16.17    0.00    0.00    0.00    0.00
20:10:37     all   19.40    0.00   64.68    0.00    0.00   15.92    0.00    0.00    0.00    0.00
20:10:38     all   16.83    0.00   68.09    0.00    0.00   15.08    0.00    0.00    0.00    0.00
20:10:39     all   18.95    0.00   65.59    0.00    0.00   15.46    0.00    0.00    0.00    0.00
20:10:40     all   19.50    0.00   65.00    0.00    0.00   15.50    0.00    0.00    0.00    0.00
20:10:41     all   17.75    0.00   66.00    0.00    0.00   16.25    0.00    0.00    0.00    0.00
20:10:42     all   18.70    0.00   65.59    0.00    0.00   15.71    0.00    0.00    0.00    0.00
20:10:43     all   17.54    0.00   67.42    0.00    0.00   15.04    0.00    0.00    0.00    0.00
20:10:44     all   18.20    0.00   66.58    0.00    0.00   15.21    0.00    0.00    0.00    0.00
20:10:45     all   17.41    0.00   67.16    0.00    0.00   15.42    0.00    0.00    0.00    0.00
20:10:46     all   19.19    0.00   65.15    0.00    0.00   15.66    0.00    0.00    0.00    0.00
20:10:47     all   18.20    0.00   65.84    0.00    0.00   15.96    0.00    0.00    0.00    0.00
20:10:48     all   17.79    0.00   66.17    0.00    0.00   16.04    0.00    0.00    0.00    0.00
20:10:49     all   17.21    0.00   67.08    0.00    0.00   15.71    0.00    0.00    0.00    0.00
20:10:50     all   19.20    0.00   65.84    0.00    0.00   14.71    0.25    0.00    0.00    0.00
20:10:51     all   17.46    0.00   66.83    0.00    0.00   15.46    0.25    0.00    0.00    0.00
20:10:52     all   17.62    0.00   67.00    0.00    0.00   15.38    0.00    0.00    0.00    0.00
20:10:53     all   17.75    0.00   66.25    0.00    0.00   16.00    0.00    0.00    0.00    0.00
