Running 30s test @ http://10.116.0.2:8080/json
  4 threads and 256 connections
  Thread calibration: mean lat.: 1.316ms, rate sampling interval: 10ms
  Thread calibration: mean lat.: 1.642ms, rate sampling interval: 10ms
  Thread calibration: mean lat.: 1.293ms, rate sampling interval: 10ms
  Thread calibration: mean lat.: 1.665ms, rate sampling interval: 10ms
  Thread Stats   Avg      Stdev     Max   +/- Stdev
    Latency     1.50ms  706.52us  11.27ms   73.78%
    Req/Sec     5.27k     1.51k    8.33k    78.49%
  Latency Distribution (HdrHistogram - Recorded Latency)
 50.000%    1.44ms
 75.000%    1.86ms
 90.000%    2.31ms
 99.000%    3.77ms
 99.900%    6.40ms
 99.990%    8.30ms
 99.999%    9.41ms
100.000%   11.28ms

  Detailed Percentile spectrum:
       Value   Percentile   TotalCount 1/(1-Percentile)

       0.209     0.000000            1         1.00
       0.704     0.100000        39446         1.11
       0.919     0.200000        78783         1.25
       1.108     0.300000       118262         1.43
       1.278     0.400000       157636         1.67
       1.437     0.500000       197009         2.00
       1.515     0.550000       216524         2.22
       1.596     0.600000       236252         2.50
       1.678     0.650000       256014         2.86
       1.764     0.700000       275621         3.33
       1.856     0.750000       295265         4.00
       1.907     0.775000       305112         4.44
       1.965     0.800000       315004         5.00
       2.029     0.825000       324799         5.71
       2.105     0.850000       334641         6.67
       2.199     0.875000       344594         8.00
       2.253     0.887500       349391         8.89
       2.313     0.900000       354291        10.00
       2.385     0.912500       359303        11.43
       2.465     0.925000       364133        13.33
       2.563     0.937500       369077        16.00
       2.621     0.943750       371542        17.78
       2.687     0.950000       374026        20.00
       2.759     0.956250       376471        22.86
       2.841     0.962500       378914        26.67
       2.941     0.968750       381370        32.00
       3.005     0.971875       382593        35.56
       3.073     0.975000       383807        40.00
       3.157     0.978125       385051        45.71
       3.253     0.981250       386283        53.33
       3.381     0.984375       387497        64.00
       3.463     0.985938       388111        71.11
       3.559     0.987500       388726        80.00
       3.677     0.989062       389351        91.43
       3.825     0.990625       389961       106.67
       4.007     0.992188       390576       128.00
       4.127     0.992969       390879       142.22
       4.251     0.993750       391194       160.00
       4.403     0.994531       391501       182.86
       4.575     0.995313       391807       213.33
       4.783     0.996094       392109       256.00
       4.899     0.996484       392263       284.44
       5.047     0.996875       392417       320.00
       5.223     0.997266       392570       365.71
       5.423     0.997656       392724       426.67
       5.671     0.998047       392879       512.00
       5.787     0.998242       392958       568.89
       5.907     0.998437       393034       640.00
       6.043     0.998633       393109       731.43
       6.215     0.998828       393186       853.33
       6.427     0.999023       393262      1024.00
       6.519     0.999121       393304      1137.78
       6.659     0.999219       393339      1280.00
       6.811     0.999316       393377      1462.86
       6.999     0.999414       393416      1706.67
       7.187     0.999512       393455      2048.00
       7.275     0.999561       393475      2275.56
       7.411     0.999609       393494      2560.00
       7.535     0.999658       393513      2925.71
       7.703     0.999707       393532      3413.33
       7.851     0.999756       393550      4096.00
       7.947     0.999780       393562      4551.11
       7.975     0.999805       393570      5120.00
       8.047     0.999829       393580      5851.43
       8.147     0.999854       393590      6826.67
       8.199     0.999878       393598      8192.00
       8.255     0.999890       393603      9102.22
       8.295     0.999902       393608     10240.00
       8.407     0.999915       393613     11702.86
       8.503     0.999927       393618     13653.33
       8.607     0.999939       393622     16384.00
       8.663     0.999945       393625     18204.44
       8.807     0.999951       393627     20480.00
       8.871     0.999957       393631     23405.71
       8.967     0.999963       393633     27306.67
       8.991     0.999969       393634     32768.00
       9.119     0.999973       393636     36408.89
       9.207     0.999976       393637     40960.00
       9.247     0.999979       393638     46811.43
       9.255     0.999982       393639     54613.33
       9.295     0.999985       393640     65536.00
       9.391     0.999986       393641     72817.78
       9.407     0.999988       393642     81920.00
       9.407     0.999989       393642     93622.86
       9.487     0.999991       393643    109226.67
       9.487     0.999992       393643    131072.00
       9.495     0.999993       393644    145635.56
       9.495     0.999994       393644    163840.00
       9.495     0.999995       393644    187245.71
       9.503     0.999995       393645    218453.33
       9.503     0.999996       393645    262144.00
       9.503     0.999997       393645    291271.11
       9.503     0.999997       393645    327680.00
       9.503     0.999997       393645    374491.43
      11.279     0.999998       393646    436906.67
      11.279     1.000000       393646          inf
#[Mean    =        1.504, StdDeviation   =        0.707]
#[Max     =       11.272, Total count    =       393646]
#[Buckets =           27, SubBuckets     =         2048]
----------------------------------------------------------
  588513 requests in 30.01s, 74.65MB read
Requests/sec:  19613.28
Transfer/sec:      2.49MB
