Running 30s test @ http://10.116.0.2:8080/json
  4 threads and 256 connections
  Thread calibration: mean lat.: 776.048ms, rate sampling interval: 3395ms
  Thread calibration: mean lat.: 739.813ms, rate sampling interval: 3266ms
  Thread calibration: mean lat.: 747.364ms, rate sampling interval: 3305ms
  Thread calibration: mean lat.: 825.841ms, rate sampling interval: 3471ms
  Thread Stats   Avg      Stdev     Max   +/- Stdev
    Latency     3.27s     1.51s    7.61s    65.16%
    Req/Sec    12.44k   218.46    12.91k    71.43%
  Latency Distribution (HdrHistogram - Recorded Latency)
 50.000%    3.05s 
 75.000%    4.28s 
 90.000%    5.54s 
 99.000%    6.86s 
 99.900%    7.31s 
 99.990%    7.54s 
 99.999%    7.60s 
100.000%    7.61s 

  Detailed Percentile spectrum:
       Value   Percentile   TotalCount 1/(1-Percentile)

     392.447     0.000000            1         1.00
    1462.271     0.100000        98243         1.11
    1915.903     0.200000       196597         1.25
    2281.471     0.300000       295263         1.43
    2629.631     0.400000       393324         1.67
    3053.567     0.500000       491640         2.00
    3262.463     0.550000       540716         2.22
    3479.551     0.600000       589436         2.50
    3706.879     0.650000       638848         2.86
    3962.879     0.700000       687862         3.33
    4284.415     0.750000       737092         4.00
    4456.447     0.775000       761809         4.44
    4644.863     0.800000       786188         5.00
    4845.567     0.825000       810438         5.71
    5062.655     0.850000       835105         6.67
    5296.127     0.875000       859751         8.00
    5414.911     0.887500       872081         8.89
    5537.791     0.900000       884144        10.00
    5668.863     0.912500       896653        11.43
    5812.223     0.925000       908951        13.33
    5955.583     0.937500       921264        16.00
    6033.407     0.943750       927319        17.78
    6111.231     0.950000       933254        20.00
    6201.343     0.956250       939401        22.86
    6291.455     0.962500       945634        26.67
    6397.951     0.968750       951800        32.00
    6455.295     0.971875       954766        35.56
    6516.735     0.975000       957893        40.00
    6578.175     0.978125       960875        45.71
    6643.711     0.981250       964012        53.33
    6713.343     0.984375       967038        64.00
    6754.303     0.985938       968611        71.11
    6795.263     0.987500       970198        80.00
    6836.223     0.989062       971714        91.43
    6881.279     0.990625       973252       106.67
    6922.239     0.992188       974705       128.00
    6950.911     0.992969       975532       142.22
    6975.487     0.993750       976215       160.00
    7004.159     0.994531       977043       182.86
    7032.831     0.995313       977783       213.33
    7065.599     0.996094       978597       256.00
    7081.983     0.996484       978963       284.44
    7098.367     0.996875       979290       320.00
    7127.039     0.997266       979714       365.71
    7155.711     0.997656       980054       426.67
    7192.575     0.998047       980456       512.00
    7208.959     0.998242       980643       568.89
    7233.535     0.998437       980840       640.00
    7258.111     0.998633       981021       731.43
    7282.687     0.998828       981205       853.33
    7311.359     0.999023       981390      1024.00
    7335.935     0.999121       981489      1137.78
    7352.319     0.999219       981585      1280.00
    7368.703     0.999316       981685      1462.86
    7389.183     0.999414       981782      1706.67
    7413.759     0.999512       981877      2048.00
    7426.047     0.999561       981915      2275.56
    7442.431     0.999609       981964      2560.00
    7462.911     0.999658       982018      2925.71
    7475.199     0.999707       982072      3413.33
    7491.583     0.999756       982113      4096.00
    7503.871     0.999780       982143      4551.11
    7512.063     0.999805       982163      5120.00
    7516.159     0.999829       982182      5851.43
    7524.351     0.999854       982210      6826.67
    7532.543     0.999878       982239      8192.00
    7532.543     0.999890       982239      9102.22
    7536.639     0.999902       982251     10240.00
    7544.831     0.999915       982269     11702.86
    7548.927     0.999927       982278     13653.33
    7553.023     0.999939       982288     16384.00
    7557.119     0.999945       982297     18204.44
    7561.215     0.999951       982303     20480.00
    7565.311     0.999957       982308     23405.71
    7569.407     0.999963       982312     27306.67
    7581.695     0.999969       982322     32768.00
    7581.695     0.999973       982322     36408.89
    7585.791     0.999976       982329     40960.00
    7585.791     0.999979       982329     46811.43
    7585.791     0.999982       982329     54613.33
    7593.983     0.999985       982335     65536.00
    7593.983     0.999986       982335     72817.78
    7593.983     0.999988       982335     81920.00
    7598.079     0.999989       982338     93622.86
    7598.079     0.999991       982338    109226.67
    7602.175     0.999992       982341    131072.00
    7602.175     0.999993       982341    145635.56
    7602.175     0.999994       982341    163840.00
    7602.175     0.999995       982341    187245.71
    7606.271     0.999995       982344    218453.33
    7606.271     0.999996       982344    262144.00
    7606.271     0.999997       982344    291271.11
    7606.271     0.999997       982344    327680.00
    7606.271     0.999997       982344    374491.43
    7606.271     0.999998       982344    436906.67
    7610.367     0.999998       982346    524288.00
    7610.367     1.000000       982346          inf
#[Mean    =     3272.152, StdDeviation   =     1509.203]
#[Max     =     7606.272, Total count    =       982346]
#[Buckets =           27, SubBuckets     =         2048]
----------------------------------------------------------
  1479482 requests in 30.00s, 187.66MB read
Requests/sec:  49316.62
Transfer/sec:      6.26MB
