Running 30s test @ http://10.116.0.2:8080/json
  4 threads and 256 connections
  Thread calibration: mean lat.: 2.332ms, rate sampling interval: 10ms
  Thread calibration: mean lat.: 2.340ms, rate sampling interval: 10ms
  Thread calibration: mean lat.: 2.355ms, rate sampling interval: 10ms
  Thread calibration: mean lat.: 2.387ms, rate sampling interval: 10ms
  Thread Stats   Avg      Stdev     Max   +/- Stdev
    Latency     2.51ms    3.94ms 101.89ms   94.98%
    Req/Sec    10.55k     1.23k   17.56k    77.44%
  Latency Distribution (HdrHistogram - Recorded Latency)
 50.000%    1.68ms
 75.000%    2.43ms
 90.000%    3.92ms
 99.000%   19.84ms
 99.900%   49.44ms
 99.990%   97.09ms
 99.999%  100.61ms
100.000%  101.95ms

  Detailed Percentile spectrum:
       Value   Percentile   TotalCount 1/(1-Percentile)

       0.273     0.000000            1         1.00
       0.876     0.100000        78770         1.11
       1.090     0.200000       157808         1.25
       1.286     0.300000       236307         1.43
       1.478     0.400000       314986         1.67
       1.679     0.500000       393818         2.00
       1.790     0.550000       432981         2.22
       1.918     0.600000       472312         2.50
       2.065     0.650000       511792         2.86
       2.233     0.700000       551158         3.33
       2.429     0.750000       590402         4.00
       2.543     0.775000       610328         4.44
       2.675     0.800000       629935         5.00
       2.839     0.825000       649559         5.71
       3.061     0.850000       669206         6.67
       3.397     0.875000       688816         8.00
       3.637     0.887500       698679         8.89
       3.925     0.900000       708502        10.00
       4.271     0.912500       718352        11.43
       4.711     0.925000       728220        13.33
       5.367     0.937500       738010        16.00
       5.851     0.943750       742916        17.78
       6.471     0.950000       747824        20.00
       7.207     0.956250       752753        22.86
       8.051     0.962500       757664        26.67
       9.143     0.968750       762609        32.00
       9.839     0.971875       765067        35.56
      10.639     0.975000       767511        40.00
      11.647     0.978125       769981        45.71
      12.895     0.981250       772441        53.33
      14.495     0.984375       774883        64.00
      15.575     0.985938       776117        71.11
      16.943     0.987500       777344        80.00
      18.719     0.989062       778573        91.43
      20.575     0.990625       779807       106.67
      22.463     0.992188       781037       128.00
      23.471     0.992969       781655       142.22
      24.591     0.993750       782266       160.00
      26.063     0.994531       782878       182.86
      27.823     0.995313       783495       213.33
      29.743     0.996094       784114       256.00
      30.879     0.996484       784420       284.44
      32.047     0.996875       784723       320.00
      33.695     0.997266       785032       365.71
      36.159     0.997656       785339       426.67
      39.615     0.998047       785645       512.00
      41.279     0.998242       785800       568.89
      42.783     0.998437       785953       640.00
      44.991     0.998633       786106       731.43
      47.423     0.998828       786264       853.33
      49.759     0.999023       786417      1024.00
      50.655     0.999121       786492      1137.78
      51.743     0.999219       786568      1280.00
      53.215     0.999316       786644      1462.86
      55.711     0.999414       786721      1706.67
      62.879     0.999512       786798      2048.00
      68.287     0.999561       786837      2275.56
      73.215     0.999609       786876      2560.00
      78.911     0.999658       786913      2925.71
      84.223     0.999707       786952      3413.33
      89.023     0.999756       786990      4096.00
      90.623     0.999780       787010      4551.11
      92.671     0.999805       787029      5120.00
      94.079     0.999829       787049      5851.43
      95.231     0.999854       787068      6826.67
      96.191     0.999878       787087      8192.00
      96.639     0.999890       787096      9102.22
      97.151     0.999902       787106     10240.00
      97.599     0.999915       787115     11702.86
      98.047     0.999927       787125     13653.33
      98.367     0.999939       787135     16384.00
      98.623     0.999945       787139     18204.44
      98.879     0.999951       787146     20480.00
      99.199     0.999957       787150     23405.71
      99.519     0.999963       787154     27306.67
      99.711     0.999969       787159     32768.00
      99.839     0.999973       787161     36408.89
      99.903     0.999976       787163     40960.00
     100.159     0.999979       787166     46811.43
     100.223     0.999982       787168     54613.33
     100.415     0.999985       787170     65536.00
     100.479     0.999986       787172     72817.78
     100.607     0.999988       787174     81920.00
     100.607     0.999989       787174     93622.86
     100.735     0.999991       787175    109226.67
     100.863     0.999992       787176    131072.00
     101.119     0.999993       787177    145635.56
     101.375     0.999994       787178    163840.00
     101.375     0.999995       787178    187245.71
     101.439     0.999995       787179    218453.33
     101.439     0.999996       787179    262144.00
     101.631     0.999997       787180    291271.11
     101.631     0.999997       787180    327680.00
     101.631     0.999997       787180    374491.43
     101.823     0.999998       787181    436906.67
     101.823     0.999998       787181    524288.00
     101.823     0.999998       787181    582542.22
     101.823     0.999998       787181    655360.00
     101.823     0.999999       787181    748982.86
     101.951     0.999999       787182    873813.33
     101.951     1.000000       787182          inf
#[Mean    =        2.510, StdDeviation   =        3.936]
#[Max     =      101.888, Total count    =       787182]
#[Buckets =           27, SubBuckets     =         2048]
----------------------------------------------------------
  1193717 requests in 30.00s, 151.41MB read
Requests/sec:  39790.81
Transfer/sec:      5.05MB
