Running 30s test @ http://10.116.0.2:8080/json
  4 threads and 256 connections
  Thread calibration: mean lat.: 2.758ms, rate sampling interval: 10ms
  Thread calibration: mean lat.: 2.939ms, rate sampling interval: 10ms
  Thread calibration: mean lat.: 2.775ms, rate sampling interval: 10ms
  Thread calibration: mean lat.: 2.684ms, rate sampling interval: 10ms
  Thread Stats   Avg      Stdev     Max   +/- Stdev
    Latency     2.34ms    3.30ms 103.30ms   95.81%
    Req/Sec    10.54k     1.46k   16.22k    73.57%
  Latency Distribution (HdrHistogram - Recorded Latency)
 50.000%    1.71ms
 75.000%    2.33ms
 90.000%    3.30ms
 99.000%   18.75ms
 99.900%   39.87ms
 99.990%   67.84ms
 99.999%   82.43ms
100.000%  103.36ms

  Detailed Percentile spectrum:
       Value   Percentile   TotalCount 1/(1-Percentile)

       0.254     0.000000            1         1.00
       0.893     0.100000        78961         1.11
       1.127     0.200000       157545         1.25
       1.326     0.300000       236251         1.43
       1.514     0.400000       315204         1.67
       1.705     0.500000       393916         2.00
       1.808     0.550000       432988         2.22
       1.920     0.600000       472539         2.50
       2.039     0.650000       511874         2.86
       2.175     0.700000       551258         3.33
       2.333     0.750000       590498         4.00
       2.427     0.775000       610326         4.44
       2.533     0.800000       629898         5.00
       2.663     0.825000       649640         5.71
       2.823     0.850000       669169         6.67
       3.025     0.875000       688857         8.00
       3.147     0.887500       698603         8.89
       3.303     0.900000       708498        10.00
       3.513     0.912500       718306        11.43
       3.809     0.925000       728136        13.33
       4.251     0.937500       737953        16.00
       4.539     0.943750       742877        17.78
       4.935     0.950000       747815        20.00
       5.447     0.956250       752729        22.86
       6.211     0.962500       757627        26.67
       7.427     0.968750       762541        32.00
       8.187     0.971875       764998        35.56
       9.151     0.975000       767471        40.00
      10.335     0.978125       769917        45.71
      11.823     0.981250       772390        53.33
      13.543     0.984375       774841        64.00
      14.719     0.985938       776070        71.11
      16.071     0.987500       777303        80.00
      17.743     0.989062       778532        91.43
      19.423     0.990625       779759       106.67
      21.343     0.992188       780985       128.00
      22.495     0.992969       781605       142.22
      23.487     0.993750       782217       160.00
      24.575     0.994531       782835       182.86
      25.919     0.995313       783451       213.33
      27.311     0.996094       784060       256.00
      28.047     0.996484       784367       284.44
      28.767     0.996875       784678       320.00
      29.503     0.997266       784983       365.71
      30.447     0.997656       785292       426.67
      31.631     0.998047       785597       512.00
      32.383     0.998242       785755       568.89
      33.311     0.998437       785908       640.00
      34.495     0.998633       786061       731.43
      36.383     0.998828       786215       853.33
      40.191     0.999023       786367      1024.00
      42.111     0.999121       786444      1137.78
      44.543     0.999219       786521      1280.00
      46.527     0.999316       786596      1462.86
      48.479     0.999414       786674      1706.67
      51.679     0.999512       786750      2048.00
      53.919     0.999561       786789      2275.56
      55.839     0.999609       786827      2560.00
      57.983     0.999658       786865      2925.71
      60.639     0.999707       786904      3413.33
      62.591     0.999756       786943      4096.00
      63.487     0.999780       786963      4551.11
      65.087     0.999805       786982      5120.00
      65.855     0.999829       787001      5851.43
      66.495     0.999854       787019      6826.67
      67.135     0.999878       787038      8192.00
      67.583     0.999890       787048      9102.22
      67.903     0.999902       787058     10240.00
      68.287     0.999915       787067     11702.86
      68.671     0.999927       787078     13653.33
      69.439     0.999939       787086     16384.00
      69.759     0.999945       787091     18204.44
      70.271     0.999951       787096     20480.00
      71.487     0.999957       787101     23405.71
      72.767     0.999963       787106     27306.67
      74.751     0.999969       787111     32768.00
      74.879     0.999973       787113     36408.89
      75.135     0.999976       787115     40960.00
      75.839     0.999979       787118     46811.43
      76.159     0.999982       787120     54613.33
      76.351     0.999985       787122     65536.00
      79.487     0.999986       787124     72817.78
      80.767     0.999988       787125     81920.00
      82.431     0.999989       787126     93622.86
      83.775     0.999991       787127    109226.67
      84.927     0.999992       787128    131072.00
      87.231     0.999993       787129    145635.56
      87.743     0.999994       787130    163840.00
      87.743     0.999995       787130    187245.71
      91.583     0.999995       787131    218453.33
      91.583     0.999996       787131    262144.00
      95.679     0.999997       787132    291271.11
      95.679     0.999997       787132    327680.00
      95.679     0.999997       787132    374491.43
      99.967     0.999998       787133    436906.67
      99.967     0.999998       787133    524288.00
      99.967     0.999998       787133    582542.22
      99.967     0.999998       787133    655360.00
      99.967     0.999999       787133    748982.86
     103.359     0.999999       787134    873813.33
     103.359     1.000000       787134          inf
#[Mean    =        2.337, StdDeviation   =        3.298]
#[Max     =      103.296, Total count    =       787134]
#[Buckets =           27, SubBuckets     =         2048]
----------------------------------------------------------
  1185270 requests in 30.00s, 150.34MB read
Requests/sec:  39509.38
Transfer/sec:      5.01MB
