Running 30s test @ http://10.116.0.2:8080/json
  4 threads and 256 connections
  Thread calibration: mean lat.: 1.313ms, rate sampling interval: 10ms
  Thread calibration: mean lat.: 1.323ms, rate sampling interval: 10ms
  Thread calibration: mean lat.: 1.485ms, rate sampling interval: 10ms
  Thread calibration: mean lat.: 1.313ms, rate sampling interval: 10ms
  Thread Stats   Avg      Stdev     Max   +/- Stdev
    Latency     1.39ms  664.29us  15.02ms   75.55%
    Req/Sec     5.27k     1.05k    8.22k    80.01%
  Latency Distribution (HdrHistogram - Recorded Latency)
 50.000%    1.33ms
 75.000%    1.74ms
 90.000%    2.11ms
 99.000%    3.58ms
 99.900%    6.51ms
 99.990%    8.74ms
 99.999%   10.41ms
100.000%   15.03ms

  Detailed Percentile spectrum:
       Value   Percentile   TotalCount 1/(1-Percentile)

       0.234     0.000000            1         1.00
       0.666     0.100000        39551         1.11
       0.851     0.200000        78844         1.25
       1.018     0.300000       118337         1.43
       1.174     0.400000       157509         1.67
       1.325     0.500000       196958         2.00
       1.401     0.550000       216631         2.22
       1.481     0.600000       236248         2.50
       1.563     0.650000       255921         2.86
       1.649     0.700000       275711         3.33
       1.739     0.750000       295209         4.00
       1.788     0.775000       305140         4.44
       1.838     0.800000       315019         5.00
       1.893     0.825000       324852         5.71
       1.952     0.850000       334629         6.67
       2.022     0.875000       344538         8.00
       2.061     0.887500       349456         8.89
       2.107     0.900000       354429        10.00
       2.159     0.912500       359323        11.43
       2.219     0.925000       364078        13.33
       2.295     0.937500       369049        16.00
       2.339     0.943750       371544        17.78
       2.389     0.950000       373992        20.00
       2.447     0.956250       376413        22.86
       2.521     0.962500       378854        26.67
       2.617     0.968750       381307        32.00
       2.677     0.971875       382563        35.56
       2.747     0.975000       383770        40.00
       2.829     0.978125       384992        45.71
       2.933     0.981250       386236        53.33
       3.085     0.984375       387452        64.00
       3.189     0.985938       388079        71.11
       3.309     0.987500       388683        80.00
       3.467     0.989062       389297        91.43
       3.663     0.990625       389911       106.67
       3.901     0.992188       390520       128.00
       4.063     0.992969       390830       142.22
       4.227     0.993750       391135       160.00
       4.411     0.994531       391442       182.86
       4.639     0.995313       391750       213.33
       4.903     0.996094       392057       256.00
       5.075     0.996484       392213       284.44
       5.271     0.996875       392372       320.00
       5.447     0.997266       392521       365.71
       5.619     0.997656       392675       426.67
       5.843     0.998047       392828       512.00
       5.959     0.998242       392903       568.89
       6.095     0.998437       392980       640.00
       6.207     0.998633       393057       731.43
       6.379     0.998828       393137       853.33
       6.551     0.999023       393211      1024.00
       6.651     0.999121       393249      1137.78
       6.771     0.999219       393287      1280.00
       6.887     0.999316       393325      1462.86
       7.055     0.999414       393364      1706.67
       7.235     0.999512       393403      2048.00
       7.311     0.999561       393423      2275.56
       7.387     0.999609       393441      2560.00
       7.455     0.999658       393460      2925.71
       7.635     0.999707       393479      3413.33
       7.819     0.999756       393498      4096.00
       7.903     0.999780       393509      4551.11
       8.011     0.999805       393518      5120.00
       8.143     0.999829       393528      5851.43
       8.327     0.999854       393538      6826.67
       8.471     0.999878       393546      8192.00
       8.591     0.999890       393551      9102.22
       8.783     0.999902       393556     10240.00
       8.983     0.999915       393561     11702.86
       9.111     0.999927       393567     13653.33
       9.223     0.999939       393570     16384.00
       9.407     0.999945       393573     18204.44
       9.503     0.999951       393575     20480.00
       9.775     0.999957       393579     23405.71
       9.807     0.999963       393580     27306.67
       9.863     0.999969       393582     32768.00
       9.983     0.999973       393584     36408.89
      10.031     0.999976       393585     40960.00
      10.039     0.999979       393586     46811.43
      10.055     0.999982       393587     54613.33
      10.223     0.999985       393588     65536.00
      10.391     0.999986       393589     72817.78
      10.407     0.999988       393590     81920.00
      10.407     0.999989       393590     93622.86
      10.575     0.999991       393591    109226.67
      10.575     0.999992       393591    131072.00
      11.327     0.999993       393592    145635.56
      11.327     0.999994       393592    163840.00
      11.327     0.999995       393592    187245.71
      11.647     0.999995       393593    218453.33
      11.647     0.999996       393593    262144.00
      11.647     0.999997       393593    291271.11
      11.647     0.999997       393593    327680.00
      11.647     0.999997       393593    374491.43
      15.031     0.999998       393594    436906.67
      15.031     1.000000       393594          inf
#[Mean    =        1.394, StdDeviation   =        0.664]
#[Max     =       15.024, Total count    =       393594]
#[Buckets =           27, SubBuckets     =         2048]
----------------------------------------------------------
  592717 requests in 30.00s, 75.28MB read
Requests/sec:  19756.89
Transfer/sec:      2.51MB
