Running 30s test @ http://10.116.0.2:8080/block?ms=100
  4 threads and 1000 connections
  Thread calibration: mean lat.: 908.580ms, rate sampling interval: 2375ms
  Thread calibration: mean lat.: 965.005ms, rate sampling interval: 2492ms
  Thread calibration: mean lat.: 996.663ms, rate sampling interval: 2459ms
  Thread calibration: mean lat.: 1128.865ms, rate sampling interval: 2988ms
  Thread Stats   Avg      Stdev     Max   +/- Stdev
    Latency   354.18ms  279.67ms   1.54s    82.70%
    Req/Sec     2.34k   105.22     2.48k    51.85%
  Latency Distribution (HdrHistogram - Recorded Latency)
 50.000%  238.59ms
 75.000%  519.17ms
 90.000%  781.31ms
 99.000%    1.17s 
 99.900%    1.32s 
 99.990%    1.46s 
 99.999%    1.53s 
100.000%    1.54s 

  Detailed Percentile spectrum:
       Value   Percentile   TotalCount 1/(1-Percentile)

     100.351     0.000000            3         1.00
     102.783     0.100000        17773         1.11
     115.071     0.200000        35071         1.25
     141.311     0.300000        52547         1.43
     173.951     0.400000        70055         1.67
     238.591     0.500000        87557         2.00
     279.551     0.550000        96339         2.22
     336.383     0.600000       105108         2.50
     390.655     0.650000       113834         2.86
     456.191     0.700000       122614         3.33
     519.167     0.750000       131352         4.00
     555.007     0.775000       135784         4.44
     590.335     0.800000       140102         5.00
     630.783     0.825000       144470         5.71
     674.815     0.850000       148850         6.67
     723.455     0.875000       153255         8.00
     751.103     0.887500       155418         8.89
     781.311     0.900000       157624        10.00
     813.567     0.912500       159810        11.43
     851.455     0.925000       161994        13.33
     893.439     0.937500       164168        16.00
     917.503     0.943750       165286        17.78
     943.615     0.950000       166374        20.00
     973.823     0.956250       167457        22.86
    1006.079     0.962500       168548        26.67
    1034.751     0.968750       169662        32.00
    1049.599     0.971875       170199        35.56
    1065.983     0.975000       170749        40.00
    1085.439     0.978125       171291        45.71
    1104.895     0.981250       171859        53.33
    1124.351     0.984375       172401        64.00
    1135.615     0.985938       172663        71.11
    1149.951     0.987500       172938        80.00
    1163.263     0.989062       173207        91.43
    1177.599     0.990625       173480       106.67
    1191.935     0.992188       173744       128.00
    1201.151     0.992969       173883       142.22
    1210.367     0.993750       174032       160.00
    1220.607     0.994531       174157       182.86
    1233.919     0.995313       174307       213.33
    1247.231     0.996094       174432       256.00
    1252.351     0.996484       174497       284.44
    1261.567     0.996875       174569       320.00
    1270.783     0.997266       174638       365.71
    1281.023     0.997656       174713       426.67
    1291.263     0.998047       174772       512.00
    1297.407     0.998242       174813       568.89
    1302.527     0.998437       174848       640.00
    1306.623     0.998633       174873       731.43
    1315.839     0.998828       174909       853.33
    1325.055     0.999023       174944      1024.00
    1332.223     0.999121       174960      1137.78
    1340.415     0.999219       174977      1280.00
    1349.631     0.999316       174995      1462.86
    1359.871     0.999414       175011      1706.67
    1372.159     0.999512       175028      2048.00
    1379.327     0.999561       175036      2275.56
    1384.447     0.999609       175044      2560.00
    1399.807     0.999658       175053      2925.71
    1410.047     0.999707       175061      3413.33
    1423.359     0.999756       175070      4096.00
    1429.503     0.999780       175074      4551.11
    1435.647     0.999805       175078      5120.00
    1442.815     0.999829       175083      5851.43
    1452.031     0.999854       175087      6826.67
    1457.151     0.999878       175091      8192.00
    1460.223     0.999890       175094      9102.22
    1461.247     0.999902       175095     10240.00
    1467.391     0.999915       175098     11702.86
    1473.535     0.999927       175100     13653.33
    1477.631     0.999939       175102     16384.00
    1481.727     0.999945       175103     18204.44
    1487.871     0.999951       175104     20480.00
    1490.943     0.999957       175105     23405.71
    1500.159     0.999963       175106     27306.67
    1507.327     0.999969       175107     32768.00
    1514.495     0.999973       175108     36408.89
    1514.495     0.999976       175108     40960.00
    1520.639     0.999979       175109     46811.43
    1520.639     0.999982       175109     54613.33
    1526.783     0.999985       175110     65536.00
    1526.783     0.999986       175110     72817.78
    1526.783     0.999988       175110     81920.00
    1533.951     0.999989       175111     93622.86
    1533.951     0.999991       175111    109226.67
    1533.951     0.999992       175111    131072.00
    1533.951     0.999993       175111    145635.56
    1533.951     0.999994       175111    163840.00
    1544.191     0.999995       175112    187245.71
    1544.191     1.000000       175112          inf
#[Mean    =      354.175, StdDeviation   =      279.673]
#[Max     =     1543.168, Total count    =       175112]
#[Buckets =           27, SubBuckets     =         2048]
----------------------------------------------------------
  259613 requests in 30.00s, 29.75MB read
Requests/sec:   8653.64
Transfer/sec:      0.99MB
