Running 30s test @ http://10.116.0.2:8080/json
  4 threads and 64 connections
  Thread calibration: mean lat.: 2430.083ms, rate sampling interval: 5734ms
  Thread calibration: mean lat.: 2474.962ms, rate sampling interval: 5906ms
  Thread calibration: mean lat.: 2471.456ms, rate sampling interval: 5857ms
  Thread calibration: mean lat.: 2492.157ms, rate sampling interval: 5885ms
  Thread Stats   Avg      Stdev     Max   +/- Stdev
    Latency   128.70ms  368.12ms   2.14s    89.63%
    Req/Sec     5.49k   699.37     6.50k    66.67%
  Latency Distribution (HdrHistogram - Recorded Latency)
 50.000%    1.37ms
 75.000%    1.93ms
 90.000%  541.18ms
 99.000%    1.65s 
 99.900%    1.94s 
 99.990%    2.11s 
 99.999%    2.14s 
100.000%    2.15s 

  Detailed Percentile spectrum:
       Value   Percentile   TotalCount 1/(1-Percentile)

       0.239     0.000000            1         1.00
       0.679     0.100000        43412         1.11
       0.857     0.200000        86769         1.25
       1.019     0.300000       130104         1.43
       1.184     0.400000       173463         1.67
       1.365     0.500000       216750         2.00
       1.465     0.550000       238284         2.22
       1.572     0.600000       259865         2.50
       1.685     0.650000       281620         2.86
       1.803     0.700000       303240         3.33
       1.933     0.750000       324921         4.00
       2.009     0.775000       335648         4.44
       2.105     0.800000       346505         5.00
       2.243     0.825000       357354         5.71
       2.599     0.850000       368153         6.67
     232.959     0.875000       378960         8.00
     389.887     0.887500       384381         8.89
     541.183     0.900000       389789        10.00
     692.735     0.912500       395213        11.43
     845.311     0.925000       400617        13.33
     997.887     0.937500       406037        16.00
    1074.175     0.943750       408735        17.78
    1153.023     0.950000       411463        20.00
    1229.823     0.956250       414163        22.86
    1306.623     0.962500       416885        26.67
    1381.375     0.968750       419591        32.00
    1418.239     0.971875       420941        35.56
    1455.103     0.975000       422294        40.00
    1491.967     0.978125       423649        45.71
    1529.855     0.981250       425003        53.33
    1568.767     0.984375       426338        64.00
    1590.271     0.985938       427036        71.11
    1610.751     0.987500       427688        80.00
    1635.327     0.989062       428382        91.43
    1660.927     0.990625       429049       106.67
    1690.623     0.992188       429723       128.00
    1708.031     0.992969       430072       142.22
    1725.439     0.993750       430401       160.00
    1743.871     0.994531       430731       182.86
    1764.351     0.995313       431070       213.33
    1787.903     0.996094       431409       256.00
    1800.191     0.996484       431571       284.44
    1814.527     0.996875       431746       320.00
    1828.863     0.997266       431910       365.71
    1844.223     0.997656       432087       426.67
    1862.655     0.998047       432253       512.00
    1874.943     0.998242       432336       568.89
    1889.279     0.998437       432418       640.00
    1904.639     0.998633       432502       731.43
    1922.047     0.998828       432587       853.33
    1941.503     0.999023       432675      1024.00
    1950.719     0.999121       432716      1137.78
    1963.007     0.999219       432758      1280.00
    1975.295     0.999316       432800      1462.86
    1989.631     0.999414       432842      1706.67
    2003.967     0.999512       432884      2048.00
    2010.111     0.999561       432903      2275.56
    2020.351     0.999609       432925      2560.00
    2031.615     0.999658       432945      2925.71
    2049.023     0.999707       432968      3413.33
    2064.383     0.999756       432988      4096.00
    2071.551     0.999780       432998      4551.11
    2078.719     0.999805       433010      5120.00
    2083.839     0.999829       433019      5851.43
    2093.055     0.999854       433030      6826.67
    2099.199     0.999878       433041      8192.00
    2103.295     0.999890       433046      9102.22
    2107.391     0.999902       433051     10240.00
    2113.535     0.999915       433058     11702.86
    2117.631     0.999927       433064     13653.33
    2119.679     0.999939       433068     16384.00
    2121.727     0.999945       433072     18204.44
    2121.727     0.999951       433072     20480.00
    2123.775     0.999957       433076     23405.71
    2127.871     0.999963       433078     27306.67
    2129.919     0.999969       433080     32768.00
    2131.967     0.999973       433082     36408.89
    2134.015     0.999976       433083     40960.00
    2136.063     0.999979       433085     46811.43
    2138.111     0.999982       433087     54613.33
    2138.111     0.999985       433087     65536.00
    2140.159     0.999986       433089     72817.78
    2140.159     0.999988       433089     81920.00
    2140.159     0.999989       433089     93622.86
    2142.207     0.999991       433090    109226.67
    2142.207     0.999992       433090    131072.00
    2144.255     0.999993       433092    145635.56
    2144.255     0.999994       433092    163840.00
    2144.255     0.999995       433092    187245.71
    2144.255     0.999995       433092    218453.33
    2144.255     0.999996       433092    262144.00
    2144.255     0.999997       433092    291271.11
    2144.255     0.999997       433092    327680.00
    2144.255     0.999997       433092    374491.43
    2146.303     0.999998       433093    436906.67
    2146.303     1.000000       433093          inf
#[Mean    =      128.703, StdDeviation   =      368.117]
#[Max     =     2144.256, Total count    =       433093]
#[Buckets =           27, SubBuckets     =         2048]
----------------------------------------------------------
  599243 requests in 30.00s, 76.12MB read
Requests/sec:  19974.67
Transfer/sec:      2.54MB
