Running 30s test @ http://10.116.0.2:8080/json
  4 threads and 256 connections
  Thread calibration: mean lat.: 1566.823ms, rate sampling interval: 6160ms
  Thread calibration: mean lat.: 1716.251ms, rate sampling interval: 6291ms
  Thread calibration: mean lat.: 1615.301ms, rate sampling interval: 6443ms
  Thread calibration: mean lat.: 1574.656ms, rate sampling interval: 6356ms
  Thread Stats   Avg      Stdev     Max   +/- Stdev
    Latency     7.04s     2.27s   12.74s    62.08%
    Req/Sec    12.71k   137.56    12.96k    58.33%
  Latency Distribution (HdrHistogram - Recorded Latency)
 50.000%    6.91s 
 75.000%    8.77s 
 90.000%   10.24s 
 99.000%   11.85s 
 99.900%   12.35s 
 99.990%   12.58s 
 99.999%   12.73s 
100.000%   12.75s 

  Detailed Percentile spectrum:
       Value   Percentile   TotalCount 1/(1-Percentile)

    2275.327     0.000000            2         1.00
    4128.767     0.100000       100038         1.11
    4833.279     0.200000       200025         1.25
    5517.311     0.300000       300087         1.43
    6221.823     0.400000       399888         1.67
    6914.047     0.500000       499981         2.00
    7266.303     0.550000       550027         2.22
    7626.751     0.600000       600034         2.50
    7995.391     0.650000       649798         2.86
    8376.319     0.700000       699586         3.33
    8773.631     0.750000       749983         4.00
    8978.431     0.775000       774615         4.44
    9199.615     0.800000       799950         5.00
    9428.991     0.825000       825230         5.71
    9674.751     0.850000       849802         6.67
    9945.087     0.875000       874641         8.00
   10092.543     0.887500       887231         8.89
   10239.999     0.900000       899859        10.00
   10395.647     0.912500       912002        11.43
   10567.679     0.925000       925025        13.33
   10739.711     0.937500       937330        16.00
   10829.823     0.943750       943425        17.78
   10928.127     0.950000       949620        20.00
   11034.623     0.956250       955701        22.86
   11149.311     0.962500       961990        26.67
   11272.191     0.968750       968295        32.00
   11337.727     0.971875       971588        35.56
   11403.263     0.975000       974628        40.00
   11476.991     0.978125       977601        45.71
   11558.911     0.981250       980712        53.33
   11657.215     0.984375       983970        64.00
   11706.367     0.985938       985499        71.11
   11763.711     0.987500       987082        80.00
   11821.055     0.989062       988588        91.43
   11878.399     0.990625       990147       106.67
   11935.743     0.992188       991599       128.00
   11968.511     0.992969       992375       142.22
   12009.471     0.993750       993326       160.00
   12042.239     0.994531       993997       182.86
   12083.199     0.995313       994793       213.33
   12124.159     0.996094       995496       256.00
   12148.735     0.996484       995894       284.44
   12173.311     0.996875       996276       320.00
   12206.079     0.997266       996770       365.71
   12230.655     0.997656       997101       426.67
   12263.423     0.998047       997474       512.00
   12279.807     0.998242       997670       568.89
   12296.191     0.998437       997867       640.00
   12312.575     0.998633       998056       731.43
   12337.151     0.998828       998304       853.33
   12353.535     0.999023       998439      1024.00
   12369.919     0.999121       998588      1137.78
   12378.111     0.999219       998654      1280.00
   12394.495     0.999316       998778      1462.86
   12402.687     0.999414       998836      1706.67
   12427.263     0.999512       998937      2048.00
   12435.455     0.999561       998971      2275.56
   12443.647     0.999609       999012      2560.00
   12460.031     0.999658       999067      2925.71
   12476.415     0.999707       999123      3413.33
   12492.799     0.999756       999178      4096.00
   12500.991     0.999780       999202      4551.11
   12509.183     0.999805       999222      5120.00
   12517.375     0.999829       999233      5851.43
   12541.951     0.999854       999254      6826.67
   12566.527     0.999878       999283      8192.00
   12574.719     0.999890       999291      9102.22
   12591.103     0.999902       999307     10240.00
   12607.487     0.999915       999319     11702.86
   12615.679     0.999927       999327     13653.33
   12648.447     0.999939       999339     16384.00
   12664.831     0.999945       999348     18204.44
   12673.023     0.999951       999354     20480.00
   12681.215     0.999957       999360     23405.71
   12697.599     0.999963       999369     27306.67
   12697.599     0.999969       999369     32768.00
   12705.791     0.999973       999372     36408.89
   12713.983     0.999976       999376     40960.00
   12722.175     0.999979       999378     46811.43
   12730.367     0.999982       999390     54613.33
   12730.367     0.999985       999390     65536.00
   12730.367     0.999986       999390     72817.78
   12730.367     0.999988       999390     81920.00
   12730.367     0.999989       999390     93622.86
   12730.367     0.999991       999390    109226.67
   12738.559     0.999992       999397    131072.00
   12738.559     0.999993       999397    145635.56
   12738.559     0.999994       999397    163840.00
   12738.559     0.999995       999397    187245.71
   12738.559     0.999995       999397    218453.33
   12738.559     0.999996       999397    262144.00
   12738.559     0.999997       999397    291271.11
   12738.559     0.999997       999397    327680.00
   12738.559     0.999997       999397    374491.43
   12738.559     0.999998       999397    436906.67
   12746.751     0.999998       999399    524288.00
   12746.751     1.000000       999399          inf
#[Mean    =     7041.677, StdDeviation   =     2265.156]
#[Max     =    12738.560, Total count    =       999399]
#[Buckets =           27, SubBuckets     =         2048]
----------------------------------------------------------
  1515559 requests in 30.00s, 192.23MB read
Requests/sec:  50519.41
Transfer/sec:      6.41MB
