Running 30s test @ http://10.116.0.2:8080/json
  4 threads and 256 connections
  Thread calibration: mean lat.: 1929.694ms, rate sampling interval: 8044ms
  Thread calibration: mean lat.: 2277.445ms, rate sampling interval: 8171ms
  Thread calibration: mean lat.: 1889.353ms, rate sampling interval: 7872ms
  Thread calibration: mean lat.: 2261.859ms, rate sampling interval: 8138ms
  Thread Stats   Avg      Stdev     Max   +/- Stdev
    Latency     9.35s     2.87s   16.09s    60.48%
    Req/Sec    12.73k   117.90    12.94k    50.00%
  Latency Distribution (HdrHistogram - Recorded Latency)
 50.000%    9.26s 
 75.000%   11.66s 
 90.000%   13.30s 
 99.000%   15.08s 
 99.900%   15.73s 
 99.990%   16.01s 
 99.999%   16.08s 
100.000%   16.10s 

  Detailed Percentile spectrum:
       Value   Percentile   TotalCount 1/(1-Percentile)

    3569.663     0.000000            1         1.00
    5496.831     0.100000       100274         1.11
    6471.679     0.200000       200514         1.25
    7426.047     0.300000       300414         1.43
    8331.263     0.400000       400559         1.67
    9256.959     0.500000       501096         2.00
    9740.287     0.550000       551319         2.22
   10199.039     0.600000       600686         2.50
   10682.367     0.650000       651213         2.86
   11165.695     0.700000       701413         3.33
   11657.215     0.750000       751628         4.00
   11911.167     0.775000       776119         4.44
   12173.311     0.800000       801570         5.00
   12427.263     0.825000       826332         5.71
   12697.599     0.850000       851318         6.67
   12984.319     0.875000       876049         8.00
   13139.967     0.887500       888817         8.89
   13303.807     0.900000       901469        10.00
   13467.647     0.912500       913685        11.43
   13656.063     0.925000       926361        13.33
   13860.863     0.937500       938649        16.00
   13975.551     0.943750       945015        17.78
   14098.431     0.950000       951095        20.00
   14237.695     0.956250       957446        22.86
   14376.959     0.962500       963883        26.67
   14516.223     0.968750       970167        32.00
   14581.759     0.971875       973157        35.56
   14655.487     0.975000       976348        40.00
   14729.215     0.978125       979400        45.71
   14811.135     0.981250       982558        53.33
   14893.055     0.984375       985501        64.00
   14942.207     0.985938       987190        71.11
   14991.359     0.987500       988727        80.00
   15048.703     0.989062       990312        91.43
   15114.239     0.990625       991866       106.67
   15187.967     0.992188       993415       128.00
   15228.927     0.992969       994218       142.22
   15269.887     0.993750       994950       160.00
   15310.847     0.994531       995674       182.86
   15359.999     0.995313       996471       213.33
   15417.343     0.996094       997314       256.00
   15441.919     0.996484       997647       284.44
   15474.687     0.996875       998054       320.00
   15507.455     0.997266       998428       365.71
   15540.223     0.997656       998763       426.67
   15589.375     0.998047       999206       512.00
   15613.951     0.998242       999395       568.89
   15638.527     0.998437       999566       640.00
   15671.295     0.998633       999789       731.43
   15695.871     0.998828       999938       853.33
   15728.639     0.999023      1000132      1024.00
   15753.215     0.999121      1000255      1137.78
   15769.599     0.999219      1000326      1280.00
   15794.175     0.999316      1000424      1462.86
   15818.751     0.999414      1000526      1706.67
   15843.327     0.999512      1000620      2048.00
   15859.711     0.999561      1000685      2275.56
   15876.095     0.999609      1000738      2560.00
   15892.479     0.999658      1000777      2925.71
   15908.863     0.999707      1000819      3413.33
   15933.439     0.999756      1000886      4096.00
   15941.631     0.999780      1000902      4551.11
   15949.823     0.999805      1000921      5120.00
   15958.015     0.999829      1000941      5851.43
   15974.399     0.999854      1000974      6826.67
   15990.783     0.999878      1000995      8192.00
   15998.975     0.999890      1001004      9102.22
   16007.167     0.999902      1001015     10240.00
   16015.359     0.999915      1001026     11702.86
   16023.551     0.999927      1001037     13653.33
   16039.935     0.999939      1001055     16384.00
   16039.935     0.999945      1001055     18204.44
   16048.127     0.999951      1001064     20480.00
   16056.319     0.999957      1001073     23405.71
   16056.319     0.999963      1001073     27306.67
   16064.511     0.999969      1001084     32768.00
   16064.511     0.999973      1001084     36408.89
   16064.511     0.999976      1001084     40960.00
   16072.703     0.999979      1001092     46811.43
   16072.703     0.999982      1001092     54613.33
   16080.895     0.999985      1001098     65536.00
   16080.895     0.999986      1001098     72817.78
   16080.895     0.999988      1001098     81920.00
   16080.895     0.999989      1001098     93622.86
   16089.087     0.999991      1001104    109226.67
   16089.087     0.999992      1001104    131072.00
   16089.087     0.999993      1001104    145635.56
   16089.087     0.999994      1001104    163840.00
   16089.087     0.999995      1001104    187245.71
   16089.087     0.999995      1001104    218453.33
   16097.279     0.999996      1001108    262144.00
   16097.279     1.000000      1001108          inf
#[Mean    =     9345.952, StdDeviation   =     2870.744]
#[Max     =    16089.088, Total count    =      1001108]
#[Buckets =           27, SubBuckets     =         2048]
----------------------------------------------------------
  1519905 requests in 30.00s, 192.78MB read
Requests/sec:  50664.00
Transfer/sec:      6.43MB
