Running 30s test @ http://10.116.0.2:8080/block?ms=100
  4 threads and 1000 connections
  Thread calibration: mean lat.: 431.419ms, rate sampling interval: 1446ms
  Thread calibration: mean lat.: 660.467ms, rate sampling interval: 2545ms
  Thread calibration: mean lat.: 380.003ms, rate sampling interval: 1321ms
  Thread calibration: mean lat.: 403.317ms, rate sampling interval: 1380ms
  Thread Stats   Avg      Stdev     Max   +/- Stdev
    Latency   189.11ms  213.61ms   1.16s    88.65%
    Req/Sec     2.26k    59.88     2.35k    80.43%
  Latency Distribution (HdrHistogram - Recorded Latency)
 50.000%  105.54ms
 75.000%  121.41ms
 90.000%  464.64ms
 99.000%    1.06s 
 99.900%    1.15s 
 99.990%    1.16s 
 99.999%    1.16s 
100.000%    1.16s 

  Detailed Percentile spectrum:
       Value   Percentile   TotalCount 1/(1-Percentile)

     100.415     0.000000           65         1.00
     101.311     0.100000        17498         1.11
     102.015     0.200000        34522         1.25
     102.911     0.300000        51138         1.43
     103.935     0.400000        68169         1.67
     105.535     0.500000        85126         2.00
     106.943     0.550000        93096         2.22
     109.695     0.600000       101697         2.50
     113.855     0.650000       110016         2.86
     117.759     0.700000       118522         3.33
     121.407     0.750000       126965         4.00
     123.967     0.775000       131190         4.44
     128.191     0.800000       135392         5.00
     149.503     0.825000       139614         5.71
     241.919     0.850000       143849         6.67
     349.183     0.875000       148084         8.00
     409.855     0.887500       150195         8.89
     464.639     0.900000       152311        10.00
     532.479     0.912500       154426        11.43
     587.775     0.925000       156551        13.33
     666.111     0.937500       158653        16.00
     698.367     0.943750       159719        17.78
     755.199     0.950000       160773        20.00
     799.743     0.956250       161831        22.86
     860.159     0.962500       162888        26.67
     909.311     0.968750       163952        32.00
     921.087     0.971875       164471        35.56
     950.271     0.975000       164999        40.00
     989.695     0.978125       165532        45.71
    1018.879     0.981250       166080        53.33
    1027.583     0.984375       166629        64.00
    1031.679     0.985938       166880        71.11
    1036.799     0.987500       167116        80.00
    1049.599     0.989062       167401        91.43
    1069.055     0.990625       167653       106.67
    1089.535     0.992188       167916       128.00
    1099.775     0.992969       168053       142.22
    1105.919     0.993750       168193       160.00
    1111.039     0.994531       168305       182.86
    1117.183     0.995313       168445       213.33
    1123.327     0.996094       168571       256.00
    1127.423     0.996484       168666       284.44
    1131.519     0.996875       168704       320.00
    1134.591     0.997266       168774       365.71
    1136.639     0.997656       168838       426.67
    1141.759     0.998047       168903       512.00
    1143.807     0.998242       168956       568.89
    1144.831     0.998437       169004       640.00
    1144.831     0.998633       169004       731.43
    1145.855     0.998828       169046       853.33
    1147.903     0.999023       169085      1024.00
    1147.903     0.999121       169085      1137.78
    1148.927     0.999219       169102      1280.00
    1150.975     0.999316       169130      1462.86
    1150.975     0.999414       169130      1706.67
    1151.999     0.999512       169159      2048.00
    1151.999     0.999561       169159      2275.56
    1153.023     0.999609       169166      2560.00
    1154.047     0.999658       169178      2925.71
    1155.071     0.999707       169205      3413.33
    1155.071     0.999756       169205      4096.00
    1155.071     0.999780       169205      4551.11
    1155.071     0.999805       169205      5120.00
    1155.071     0.999829       169205      5851.43
    1155.071     0.999854       169205      6826.67
    1156.095     0.999878       169216      8192.00
    1156.095     0.999890       169216      9102.22
    1156.095     0.999902       169216     10240.00
    1156.095     0.999915       169216     11702.86
    1157.119     0.999927       169219     13653.33
    1157.119     0.999939       169219     16384.00
    1158.143     0.999945       169228     18204.44
    1158.143     0.999951       169228     20480.00
    1158.143     0.999957       169228     23405.71
    1158.143     0.999963       169228     27306.67
    1158.143     0.999969       169228     32768.00
    1158.143     0.999973       169228     36408.89
    1158.143     0.999976       169228     40960.00
    1158.143     0.999979       169228     46811.43
    1158.143     0.999982       169228     54613.33
    1158.143     0.999985       169228     65536.00
    1158.143     0.999986       169228     72817.78
    1158.143     0.999988       169228     81920.00
    1158.143     0.999989       169228     93622.86
    1158.143     0.999991       169228    109226.67
    1158.143     0.999992       169228    131072.00
    1158.143     0.999993       169228    145635.56
    1158.143     0.999994       169228    163840.00
    1159.167     0.999995       169229    187245.71
    1159.167     1.000000       169229          inf
#[Mean    =      189.110, StdDeviation   =      213.611]
#[Max     =     1158.144, Total count    =       169229]
#[Buckets =           27, SubBuckets     =         2048]
----------------------------------------------------------
  260148 requests in 30.00s, 29.81MB read
Requests/sec:   8671.21
Transfer/sec:      0.99MB
