Running 30s test @ http://10.116.0.2:8080/block?ms=100
  4 threads and 4000 connections
  Thread calibration: mean lat.: 3201.147ms, rate sampling interval: 14852ms
  Thread calibration: mean lat.: 3177.051ms, rate sampling interval: 14917ms
  Thread calibration: mean lat.: 3173.422ms, rate sampling interval: 14901ms
  Thread calibration: mean lat.: 3205.713ms, rate sampling interval: 15081ms
  Thread Stats   Avg      Stdev     Max   +/- Stdev
    Latency    14.82s     3.61s   24.67s    61.46%
    Req/Sec     1.90k    18.31     1.91k    75.00%
  Latency Distribution (HdrHistogram - Recorded Latency)
 50.000%   14.88s 
 75.000%   17.71s 
 90.000%   19.63s 
 99.000%   21.99s 
 99.900%   23.27s 
 99.990%   24.22s 
 99.999%   24.59s 
100.000%   24.69s 

  Detailed Percentile spectrum:
       Value   Percentile   TotalCount 1/(1-Percentile)

    5615.615     0.000000            1         1.00
   10018.815     0.100000        11463         1.11
   11239.423     0.200000        22911         1.25
   12394.495     0.300000        34312         1.43
   13590.527     0.400000        45802         1.67
   14884.863     0.500000        57163         2.00
   15540.223     0.550000        62936         2.22
   16121.855     0.600000        68609         2.50
   16654.335     0.650000        74382         2.86
   17186.815     0.700000        80167         3.33
   17711.103     0.750000        85761         4.00
   17989.631     0.775000        88679         4.44
   18284.543     0.800000        91601         5.00
   18579.455     0.825000        94333         5.71
   18907.135     0.850000        97263         6.67
   19251.199     0.875000       100099         8.00
   19431.423     0.887500       101508         8.89
   19628.031     0.900000       102965        10.00
   19824.639     0.912500       104382        11.43
   20054.015     0.925000       105813        13.33
   20299.775     0.937500       107198        16.00
   20430.847     0.943750       107901        17.78
   20578.303     0.950000       108653        20.00
   20725.759     0.956250       109368        22.86
   20889.599     0.962500       110079        26.67
   21069.823     0.968750       110784        32.00
   21168.127     0.971875       111112        35.56
   21282.815     0.975000       111471        40.00
   21397.503     0.978125       111817        45.71
   21528.575     0.981250       112188        53.33
   21659.647     0.984375       112543        64.00
   21741.567     0.985938       112728        71.11
   21823.487     0.987500       112890        80.00
   21921.791     0.989062       113083        91.43
   22020.095     0.990625       113247       106.67
   22151.167     0.992188       113423       128.00
   22233.087     0.992969       113526       142.22
   22315.007     0.993750       113616       160.00
   22380.543     0.994531       113689       182.86
   22478.847     0.995313       113785       213.33
   22593.535     0.996094       113878       256.00
   22659.071     0.996484       113927       284.44
   22724.607     0.996875       113966       320.00
   22790.143     0.997266       114006       365.71
   22872.063     0.997656       114055       426.67
   22953.983     0.998047       114092       512.00
   23019.519     0.998242       114124       568.89
   23068.671     0.998437       114137       640.00
   23134.207     0.998633       114160       731.43
   23216.127     0.998828       114184       853.33
   23281.663     0.999023       114206      1024.00
   23314.431     0.999121       114217      1137.78
   23347.199     0.999219       114227      1280.00
   23412.735     0.999316       114238      1462.86
   23494.655     0.999414       114252      1706.67
   23576.575     0.999512       114262      2048.00
   23609.343     0.999561       114265      2275.56
   23658.495     0.999609       114270      2560.00
   23707.647     0.999658       114276      2925.71
   23822.335     0.999707       114282      3413.33
   23904.255     0.999756       114287      4096.00
   23920.639     0.999780       114290      4551.11
   23953.407     0.999805       114292      5120.00
   24002.559     0.999829       114296      5851.43
   24035.327     0.999854       114299      6826.67
   24084.479     0.999878       114301      8192.00
   24117.247     0.999890       114302      9102.22
   24215.551     0.999902       114303     10240.00
   24248.319     0.999915       114305     11702.86
   24363.007     0.999927       114307     13653.33
   24428.543     0.999939       114308     16384.00
   24428.543     0.999945       114308     18204.44
   24494.079     0.999951       114309     20480.00
   24510.463     0.999957       114310     23405.71
   24510.463     0.999963       114310     27306.67
   24543.231     0.999969       114311     32768.00
   24543.231     0.999973       114311     36408.89
   24559.615     0.999976       114312     40960.00
   24559.615     0.999979       114312     46811.43
   24559.615     0.999982       114312     54613.33
   24592.383     0.999985       114313     65536.00
   24592.383     0.999986       114313     72817.78
   24592.383     0.999988       114313     81920.00
   24592.383     0.999989       114313     93622.86
   24592.383     0.999991       114313    109226.67
   24690.687     0.999992       114314    131072.00
   24690.687     1.000000       114314          inf
#[Mean    =    14824.236, StdDeviation   =     3606.846]
#[Max     =    24674.304, Total count    =       114314]
#[Buckets =           27, SubBuckets     =         2048]
----------------------------------------------------------
  231016 requests in 30.15s, 26.44MB read
  Socket errors: connect 0, read 0, write 0, timeout 9920
Requests/sec:   7662.89
Transfer/sec:      0.88MB
