Running 30s test @ http://10.116.0.2:8080/json
  4 threads and 256 connections
  Thread calibration: mean lat.: 882.427ms, rate sampling interval: 3555ms
  Thread calibration: mean lat.: 993.527ms, rate sampling interval: 3614ms
  Thread calibration: mean lat.: 906.510ms, rate sampling interval: 3631ms
  Thread calibration: mean lat.: 880.284ms, rate sampling interval: 3528ms
  Thread Stats   Avg      Stdev     Max   +/- Stdev
    Latency     3.87s     1.15s    6.69s    58.83%
    Req/Sec    12.12k   194.07    12.36k    60.00%
  Latency Distribution (HdrHistogram - Recorded Latency)
 50.000%    3.90s 
 75.000%    4.85s 
 90.000%    5.40s 
 99.000%    6.02s 
 99.900%    6.38s 
 99.990%    6.65s 
 99.999%    6.68s 
100.000%    6.70s 

  Detailed Percentile spectrum:
       Value   Percentile   TotalCount 1/(1-Percentile)

    1458.175     0.000000            1         1.00
    2273.279     0.100000        95343         1.11
    2672.639     0.200000       190551         1.25
    3096.575     0.300000       286008         1.43
    3518.463     0.400000       380941         1.67
    3895.295     0.500000       476172         2.00
    4079.615     0.550000       523690         2.22
    4268.031     0.600000       571455         2.50
    4468.735     0.650000       619741         2.86
    4665.343     0.700000       667297         3.33
    4845.567     0.750000       714198         4.00
    4931.583     0.775000       737947         4.44
    5021.695     0.800000       762376         5.00
    5111.807     0.825000       786167         5.71
    5201.919     0.850000       809606         6.67
    5296.127     0.875000       833431         8.00
    5349.375     0.887500       845735         8.89
    5402.623     0.900000       857234        10.00
    5459.967     0.912500       869415        11.43
    5521.407     0.925000       881040        13.33
    5582.847     0.937500       892814        16.00
    5615.615     0.943750       898903        17.78
    5652.479     0.950000       904609        20.00
    5693.439     0.956250       910857        22.86
    5734.399     0.962500       916718        26.67
    5783.551     0.968750       922715        32.00
    5808.127     0.971875       925631        35.56
    5836.799     0.975000       928500        40.00
    5865.471     0.978125       931331        45.71
    5898.239     0.981250       934218        53.33
    5935.103     0.984375       937174        64.00
    5959.679     0.985938       938811        71.11
    5980.159     0.987500       940244        80.00
    6004.735     0.989062       941713        91.43
    6033.407     0.990625       943293       106.67
    6062.079     0.992188       944635       128.00
    6078.463     0.992969       945482       142.22
    6094.847     0.993750       946177       160.00
    6111.231     0.994531       946857       182.86
    6131.711     0.995313       947576       213.33
    6160.383     0.996094       948357       256.00
    6172.671     0.996484       948691       284.44
    6189.055     0.996875       949135       320.00
    6201.343     0.997266       949433       365.71
    6221.823     0.997656       949813       426.67
    6254.591     0.998047       950203       512.00
    6275.071     0.998242       950360       568.89
    6307.839     0.998437       950563       640.00
    6332.415     0.998633       950753       731.43
    6356.991     0.998828       950932       853.33
    6385.663     0.999023       951113      1024.00
    6410.239     0.999121       951215      1137.78
    6422.527     0.999219       951298      1280.00
    6434.815     0.999316       951383      1462.86
    6455.295     0.999414       951483      1706.67
    6492.159     0.999512       951585      2048.00
    6500.351     0.999561       951616      2275.56
    6512.639     0.999609       951672      2560.00
    6529.023     0.999658       951713      2925.71
    6553.599     0.999707       951759      3413.33
    6582.271     0.999756       951815      4096.00
    6586.367     0.999780       951829      4551.11
    6590.463     0.999805       951850      5120.00
    6598.655     0.999829       951874      5851.43
    6615.039     0.999854       951896      6826.67
    6631.423     0.999878       951917      8192.00
    6639.615     0.999890       951929      9102.22
    6647.807     0.999902       951942     10240.00
    6651.903     0.999915       951953     11702.86
    6655.999     0.999927       951964     13653.33
    6660.095     0.999939       951980     16384.00
    6664.191     0.999945       951996     18204.44
    6664.191     0.999951       951996     20480.00
    6664.191     0.999957       951996     23405.71
    6668.287     0.999963       952001     27306.67
    6672.383     0.999969       952006     32768.00
    6676.479     0.999973       952014     36408.89
    6676.479     0.999976       952014     40960.00
    6676.479     0.999979       952014     46811.43
    6680.575     0.999982       952020     54613.33
    6680.575     0.999985       952020     65536.00
    6680.575     0.999986       952020     72817.78
    6684.671     0.999988       952025     81920.00
    6684.671     0.999989       952025     93622.86
    6684.671     0.999991       952025    109226.67
    6692.863     0.999992       952032    131072.00
    6692.863     0.999993       952032    145635.56
    6692.863     0.999994       952032    163840.00
    6692.863     0.999995       952032    187245.71
    6692.863     0.999995       952032    218453.33
    6692.863     0.999996       952032    262144.00
    6692.863     0.999997       952032    291271.11
    6692.863     0.999997       952032    327680.00
    6692.863     0.999997       952032    374491.43
    6692.863     0.999998       952032    436906.67
    6692.863     0.999998       952032    524288.00
    6692.863     0.999998       952032    582542.22
    6692.863     0.999998       952032    655360.00
    6692.863     0.999999       952032    748982.86
    6692.863     0.999999       952032    873813.33
    6696.959     0.999999       952033   1048576.00
    6696.959     1.000000       952033          inf
#[Mean    =     3871.934, StdDeviation   =     1148.722]
#[Max     =     6692.864, Total count    =       952033]
#[Buckets =           27, SubBuckets     =         2048]
----------------------------------------------------------
  1430416 requests in 30.00s, 181.69MB read
Requests/sec:  47681.31
Transfer/sec:      6.06MB
