Running 30s test @ http://10.116.0.2:8080/json
  4 threads and 256 connections
  Thread calibration: mean lat.: 3.070ms, rate sampling interval: 11ms
  Thread calibration: mean lat.: 3.007ms, rate sampling interval: 11ms
  Thread calibration: mean lat.: 3.665ms, rate sampling interval: 13ms
  Thread calibration: mean lat.: 3.821ms, rate sampling interval: 13ms
  Thread Stats   Avg      Stdev     Max   +/- Stdev
    Latency     8.24ms   61.50ms   1.01s    98.83%
    Req/Sec    10.48k     1.57k   23.92k    83.38%
  Latency Distribution (HdrHistogram - Recorded Latency)
 50.000%    1.93ms
 75.000%    2.60ms
 90.000%    3.86ms
 99.000%  152.83ms
 99.900%  918.53ms
 99.990%    1.00s 
 99.999%    1.01s 
100.000%    1.01s 

  Detailed Percentile spectrum:
       Value   Percentile   TotalCount 1/(1-Percentile)

       0.248     0.000000            1         1.00
       0.999     0.100000        79013         1.11
       1.283     0.200000       157726         1.25
       1.507     0.300000       236514         1.43
       1.716     0.400000       315385         1.67
       1.928     0.500000       394320         2.00
       2.038     0.550000       433588         2.22
       2.157     0.600000       472996         2.50
       2.285     0.650000       512376         2.86
       2.429     0.700000       551819         3.33
       2.599     0.750000       591401         4.00
       2.699     0.775000       610988         4.44
       2.817     0.800000       630540         5.00
       2.963     0.825000       650197         5.71
       3.155     0.850000       669880         6.67
       3.427     0.875000       689608         8.00
       3.615     0.887500       699516         8.89
       3.861     0.900000       709311        10.00
       4.199     0.912500       719168        11.43
       4.659     0.925000       728998        13.33
       5.283     0.937500       738884        16.00
       5.687     0.943750       743788        17.78
       6.223     0.950000       748713        20.00
       7.023     0.956250       753614        22.86
       8.279     0.962500       758557        26.67
       9.975     0.968750       763466        32.00
      11.095     0.971875       765929        35.56
      12.271     0.975000       768398        40.00
      13.663     0.978125       770855        45.71
      15.783     0.981250       773321        53.33
      20.303     0.984375       775780        64.00
      25.695     0.985938       777009        71.11
      47.519     0.987500       778241        80.00
     101.439     0.989062       779472        91.43
     186.623     0.990625       780703       106.67
     313.087     0.992188       781935       128.00
     379.647     0.992969       782554       142.22
     447.231     0.993750       783167       160.00
     517.631     0.994531       783783       182.86
     587.775     0.995313       784402       213.33
     657.919     0.996094       785015       256.00
     691.711     0.996484       785321       284.44
     727.551     0.996875       785630       320.00
     762.367     0.997266       785940       365.71
     799.231     0.997656       786257       426.67
     833.535     0.998047       786556       512.00
     849.919     0.998242       786714       568.89
     867.327     0.998437       786861       640.00
     884.223     0.998633       787017       731.43
     902.143     0.998828       787174       853.33
     920.575     0.999023       787322      1024.00
     929.279     0.999121       787401      1137.78
     939.007     0.999219       787480      1280.00
     947.711     0.999316       787558      1462.86
     957.439     0.999414       787637      1706.67
     965.119     0.999512       787707      2048.00
     969.727     0.999561       787745      2275.56
     972.799     0.999609       787785      2560.00
     978.431     0.999658       787829      2925.71
     982.015     0.999707       787862      3413.33
     986.111     0.999756       787907      4096.00
     990.207     0.999780       787919      4551.11
     991.231     0.999805       787942      5120.00
     992.767     0.999829       787957      5851.43
     996.863     0.999854       787985      6826.67
     997.375     0.999878       787996      8192.00
     998.399     0.999890       788005      9102.22
    1001.983     0.999902       788021     10240.00
    1002.495     0.999915       788029     11702.86
    1003.007     0.999927       788035     13653.33
    1003.519     0.999939       788043     16384.00
    1004.031     0.999945       788049     18204.44
    1004.543     0.999951       788053     20480.00
    1007.615     0.999957       788060     23405.71
    1008.127     0.999963       788070     27306.67
    1008.127     0.999969       788070     32768.00
    1008.127     0.999973       788070     36408.89
    1008.639     0.999976       788074     40960.00
    1009.151     0.999979       788081     46811.43
    1009.151     0.999982       788081     54613.33
    1009.151     0.999985       788081     65536.00
    1009.151     0.999986       788081     72817.78
    1009.663     0.999988       788088     81920.00
    1009.663     0.999989       788088     93622.86
    1009.663     0.999991       788088    109226.67
    1009.663     0.999992       788088    131072.00
    1009.663     0.999993       788088    145635.56
    1009.663     0.999994       788088    163840.00
    1009.663     0.999995       788088    187245.71
    1009.663     0.999995       788088    218453.33
    1009.663     0.999996       788088    262144.00
    1010.175     0.999997       788090    291271.11
    1010.175     0.999997       788090    327680.00
    1010.175     0.999997       788090    374491.43
    1010.175     0.999998       788090    436906.67
    1010.175     0.999998       788090    524288.00
    1010.175     0.999998       788090    582542.22
    1010.175     0.999998       788090    655360.00
    1010.175     0.999999       788090    748982.86
    1011.199     0.999999       788091    873813.33
    1011.199     1.000000       788091          inf
#[Mean    =        8.236, StdDeviation   =       61.502]
#[Max     =     1010.688, Total count    =       788091]
#[Buckets =           27, SubBuckets     =         2048]
----------------------------------------------------------
  1176844 requests in 30.00s, 149.48MB read
Requests/sec:  39227.06
Transfer/sec:      4.98MB
