Running 30s test @ http://10.116.0.2:8080/block?ms=100
  4 threads and 1000 connections
  Thread calibration: mean lat.: 114.010ms, rate sampling interval: 266ms
  Thread calibration: mean lat.: 111.850ms, rate sampling interval: 265ms
  Thread calibration: mean lat.: 110.536ms, rate sampling interval: 251ms
  Thread calibration: mean lat.: 109.536ms, rate sampling interval: 248ms
  Thread Stats   Avg      Stdev     Max   +/- Stdev
    Latency   123.68ms   90.05ms   1.17s    96.41%
    Req/Sec     2.25k   253.45     2.89k    64.71%
  Latency Distribution (HdrHistogram - Recorded Latency)
 50.000%  105.34ms
 75.000%  115.71ms
 90.000%  126.46ms
 99.000%  689.15ms
 99.900%    1.08s 
 99.990%    1.12s 
 99.999%    1.16s 
100.000%    1.17s 

  Detailed Percentile spectrum:
       Value   Percentile   TotalCount 1/(1-Percentile)

     100.351     0.000000            3         1.00
     101.375     0.100000        18298         1.11
     102.079     0.200000        34490         1.25
     102.975     0.300000        50722         1.43
     103.999     0.400000        67664         1.67
     105.343     0.500000        84489         2.00
     106.303     0.550000        93010         2.22
     107.455     0.600000       101201         2.50
     109.055     0.650000       109550         2.86
     112.255     0.700000       117951         3.33
     115.711     0.750000       126313         4.00
     117.247     0.775000       130569         4.44
     118.719     0.800000       134762         5.00
     120.319     0.825000       138941         5.71
     121.919     0.850000       143177         6.67
     123.903     0.875000       147415         8.00
     125.119     0.887500       149534         8.89
     126.463     0.900000       151562        10.00
     128.639     0.912500       153680        11.43
     131.839     0.925000       155799        13.33
     140.927     0.937500       157872        16.00
     146.943     0.943750       158935        17.78
     152.319     0.950000       159978        20.00
     159.359     0.956250       161023        22.86
     200.063     0.962500       162077        26.67
     243.967     0.968750       163129        32.00
     255.871     0.971875       163656        35.56
     268.543     0.975000       164184        40.00
     299.263     0.978125       164707        45.71
     345.087     0.981250       165232        53.33
     460.031     0.984375       165758        64.00
     508.671     0.985938       166023        71.11
     578.047     0.987500       166286        80.00
     641.023     0.989062       166548        91.43
     710.143     0.990625       166813       106.67
     794.111     0.992188       167077       128.00
     806.911     0.992969       167211       142.22
     822.271     0.993750       167338       160.00
     862.207     0.994531       167470       182.86
     899.071     0.995313       167601       213.33
     921.599     0.996094       167732       256.00
     933.887     0.996484       167798       284.44
     955.391     0.996875       167863       320.00
     985.087     0.997266       167934       365.71
    1006.591     0.997656       168000       426.67
    1022.975     0.998047       168064       512.00
    1033.215     0.998242       168096       568.89
    1043.455     0.998437       168127       640.00
    1055.743     0.998633       168165       731.43
    1065.983     0.998828       168193       853.33
    1077.247     0.999023       168225      1024.00
    1085.439     0.999121       168247      1137.78
    1089.535     0.999219       168263      1280.00
    1095.679     0.999316       168276      1462.86
    1099.775     0.999414       168293      1706.67
    1105.919     0.999512       168310      2048.00
    1108.991     0.999561       168316      2275.56
    1111.039     0.999609       168324      2560.00
    1113.087     0.999658       168334      2925.71
    1114.111     0.999707       168340      3413.33
    1120.255     0.999756       168353      4096.00
    1120.255     0.999780       168353      4551.11
    1122.303     0.999805       168364      5120.00
    1122.303     0.999829       168364      5851.43
    1123.327     0.999854       168368      6826.67
    1124.351     0.999878       168374      8192.00
    1124.351     0.999890       168374      9102.22
    1124.351     0.999902       168374     10240.00
    1125.375     0.999915       168375     11702.86
    1131.519     0.999927       168377     13653.33
    1140.735     0.999939       168379     16384.00
    1146.879     0.999945       168381     18204.44
    1146.879     0.999951       168381     20480.00
    1156.095     0.999957       168385     23405.71
    1156.095     0.999963       168385     27306.67
    1156.095     0.999969       168385     32768.00
    1156.095     0.999973       168385     36408.89
    1156.095     0.999976       168385     40960.00
    1162.239     0.999979       168387     46811.43
    1162.239     0.999982       168387     54613.33
    1162.239     0.999985       168387     65536.00
    1162.239     0.999986       168387     72817.78
    1162.239     0.999988       168387     81920.00
    1172.479     0.999989       168389     93622.86
    1172.479     1.000000       168389          inf
#[Mean    =      123.682, StdDeviation   =       90.048]
#[Max     =     1171.456, Total count    =       168389]
#[Buckets =           27, SubBuckets     =         2048]
----------------------------------------------------------
  260139 requests in 30.00s, 29.81MB read
Requests/sec:   8670.94
Transfer/sec:      0.99MB
