Running 30s test @ http://10.116.0.2:8080/json
  4 threads and 256 connections
  Thread calibration: mean lat.: 2691.592ms, rate sampling interval: 10207ms
  Thread calibration: mean lat.: 2658.753ms, rate sampling interval: 10108ms
  Thread calibration: mean lat.: 2700.128ms, rate sampling interval: 9674ms
  Thread calibration: mean lat.: 2629.370ms, rate sampling interval: 10010ms
  Thread Stats   Avg      Stdev     Max   +/- Stdev
    Latency    11.22s     3.34s   18.60s    59.04%
    Req/Sec    12.70k   144.76    12.95k    60.00%
  Latency Distribution (HdrHistogram - Recorded Latency)
 50.000%   11.15s 
 75.000%   14.01s 
 90.000%   15.80s 
 99.000%   17.63s 
 99.900%   18.20s 
 99.990%   18.50s 
 99.999%   18.60s 
100.000%   18.61s 

  Detailed Percentile spectrum:
       Value   Percentile   TotalCount 1/(1-Percentile)

    4722.687     0.000000            1         1.00
    6668.287     0.100000        99826         1.11
    7790.591     0.200000       199705         1.25
    8945.663     0.300000       299848         1.43
   10067.967     0.400000       399300         1.67
   11149.311     0.500000       498946         2.00
   11730.943     0.550000       548861         2.22
   12312.575     0.600000       598948         2.50
   12877.823     0.650000       648917         2.86
   13434.879     0.700000       698295         3.33
   14008.319     0.750000       748278         4.00
   14295.039     0.775000       773197         4.44
   14581.759     0.800000       798006         5.00
   14868.479     0.825000       823259         5.71
   15163.391     0.850000       848359         6.67
   15474.687     0.875000       873313         8.00
   15638.527     0.887500       885696         8.89
   15802.367     0.900000       898206        10.00
   15974.399     0.912500       910261        11.43
   16154.623     0.925000       923020        13.33
   16351.231     0.937500       935505        16.00
   16457.727     0.943750       941579        17.78
   16572.415     0.950000       947692        20.00
   16695.295     0.956250       953831        22.86
   16842.751     0.962500       960664        26.67
   16973.823     0.968750       966360        32.00
   17055.743     0.971875       969620        35.56
   17137.663     0.975000       972763        40.00
   17219.583     0.978125       975691        45.71
   17317.887     0.981250       979004        53.33
   17416.191     0.984375       982116        64.00
   17465.343     0.985938       983505        71.11
   17530.879     0.987500       985343        80.00
   17580.031     0.989062       986552        91.43
   17645.567     0.990625       988103       106.67
   17727.487     0.992188       989926       128.00
   17760.255     0.992969       990574       142.22
   17809.407     0.993750       991476       160.00
   17842.175     0.994531       992050       182.86
   17891.327     0.995313       992895       213.33
   17940.479     0.996094       993670       256.00
   17956.863     0.996484       993924       284.44
   17989.631     0.996875       994465       320.00
   18006.015     0.997266       994710       365.71
   18038.783     0.997656       995121       426.67
   18087.935     0.998047       995656       512.00
   18104.319     0.998242       995836       568.89
   18120.703     0.998437       995977       640.00
   18137.087     0.998633       996093       731.43
   18169.855     0.998828       996313       853.33
   18202.623     0.999023       996486      1024.00
   18219.007     0.999121       996568      1137.78
   18235.391     0.999219       996652      1280.00
   18268.159     0.999316       996779      1462.86
   18284.543     0.999414       996854      1706.67
   18317.311     0.999512       996975      2048.00
   18333.695     0.999561       997017      2275.56
   18350.079     0.999609       997061      2560.00
   18366.463     0.999658       997099      2925.71
   18382.847     0.999707       997141      3413.33
   18415.615     0.999756       997213      4096.00
   18415.615     0.999780       997213      4551.11
   18431.999     0.999805       997252      5120.00
   18448.383     0.999829       997269      5851.43
   18464.767     0.999854       997288      6826.67
   18481.151     0.999878       997307      8192.00
   18497.535     0.999890       997327      9102.22
   18513.919     0.999902       997349     10240.00
   18513.919     0.999915       997349     11702.86
   18530.303     0.999927       997368     13653.33
   18530.303     0.999939       997368     16384.00
   18546.687     0.999945       997384     18204.44
   18546.687     0.999951       997384     20480.00
   18563.071     0.999957       997400     23405.71
   18563.071     0.999963       997400     27306.67
   18563.071     0.999969       997400     32768.00
   18563.071     0.999973       997400     36408.89
   18579.455     0.999976       997409     40960.00
   18579.455     0.999979       997409     46811.43
   18579.455     0.999982       997409     54613.33
   18595.839     0.999985       997418     65536.00
   18595.839     0.999986       997418     72817.78
   18595.839     0.999988       997418     81920.00
   18595.839     0.999989       997418     93622.86
   18595.839     0.999991       997418    109226.67
   18612.223     0.999992       997427    131072.00
   18612.223     1.000000       997427          inf
#[Mean    =    11221.098, StdDeviation   =     3341.991]
#[Max     =    18595.840, Total count    =       997427]
#[Buckets =           27, SubBuckets     =         2048]
----------------------------------------------------------
  1517131 requests in 30.00s, 192.43MB read
Requests/sec:  50571.93
Transfer/sec:      6.41MB
