1790886164 191136
1790886165 203540
1790886166 208200
1790886167 229900
1790886168 230448
1790886170 230776
1790886171 231796
1790886172 231960
1790886173 232224
1790886174 243732
1790886175 243748
1790886176 243804
1790886177 243808
1790886178 243812
1790886179 243832
1790886180 243832
1790886181 243840
1790886182 243840
1790886183 243848
1790886184 243848
1790886185 243860
1790886186 243868
1790886187 243868
1790886188 243868
1790886189 243872
1790886190 243872
1790886192 243872
1790886193 243876
1790886194 243876
1790886195 243984
1790886196 268504
1790886197 430396
1790886198 533712
1790886199 598892
1790886200 616044
1790886201 625748
1790886202 625780
1790886203 627608
1790886204 627648
1790886205 627768
1790886206 627796
1790886207 628308
1790886208 628348
1790886209 628380
1790886210 629020
1790886211 649048
1790886212 649172
1790886213 668004
1790886214 668048
1790886216 668140
1790886217 668180
1790886218 688004
1790886219 688032
1790886220 688076
1790886221 688088
1790886222 688116
1790886223 696464
1790886224 696480
1790886225 696552
1790886226 696568
1790886227 696580
1790886228 696592
1790886229 696596
1790886230 611184
1790886231 611184
1790886232 611256
1790886233 611272
1790886234 611272
1790886235 396324
1790886236 396324
1790886237 378580
1790886238 378580
1790886239 344124
1790886241 339940
1790886242 339944
1790886243 333712
1790886244 329548
1790886245 329548
1790886246 326416
1790886247 326416
1790886248 326416
1790886249 326416
1790886250 323280
1790886251 319112
1790886252 319112
1790886253 315976
1790886254 316004
1790886255 316004
1790886256 316032
1790886257 316044
1790886258 312928
1790886259 312936
1790886260 312936
1790886261 313044
1790886263 313056
1790886264 313068
1790886265 313356
1790886266 313356
1790886267 313360
1790886268 313372
1790886269 313380
1790886270 313384
1790886271 313388
1790886272 313388
1790886273 313400
1790886274 313404
1790886275 313408
1790886276 313408
1790886277 313408
1790886279 313408
1790886280 313408
1790886281 313408
1790886282 313408
1790886283 313412
1790886284 313412
1790886285 313412
1790886286 313420
1790886287 313420
1790886288 313420
1790886289 313420
1790886290 313420
1790886291 313424
1790886292 313436
1790886293 313440
1790886295 313440
1790886296 313440
1790886297 313448
1790886298 313460
1790886299 313472
1790886300 313476
1790886301 313484
1790886302 313492
1790886303 313492
1790886304 313492
1790886305 313492
1790886306 313492
1790886307 313496
1790886308 313500
1790886310 313500
1790886311 313500
1790886312 313500
1790886313 313508
1790886314 313512
1790886315 313512
1790886316 313520
1790886317 313520
1790886318 313520
1790886319 313520
1790886320 313520
1790886321 313524
1790886322 313524
1790886323 313524
1790886324 313532
1790886325 313536
1790886327 313536
1790886328 313536
1790886329 313536
1790886330 313540
1790886331 313540
1790886332 313548
1790886333 313548
1790886334 313548
1790886335 313548
1790886336 313548
1790886337 313560
1790886338 316512
1790886339 316564
1790886340 316568
1790886342 316572
1790886343 316572
1790886344 316580
1790886345 316584
1790886346 316688
1790886347 316696
1790886348 316696
1790886349 316696
1790886350 316696
1790886351 316696
1790886352 316700
1790886353 316700
1790886354 316704
1790886355 316704
1790886356 316704
1790886357 316708
1790886359 316712
1790886360 316712
1790886361 316716
1790886362 316716
1790886363 316724
1790886364 316736
1790886365 316740
1790886366 316740
1790886367 316752
1790886368 316752
1790886369 316756
1790886370 316760
1790886371 316760
1790886373 316768
1790886374 316772
1790886375 316776
1790886376 316776
1790886377 316780
1790886378 316784
1790886379 316800
1790886380 316808
1790886381 316812
1790886382 316816
1790886383 316816
1790886384 316816
1790886385 316820
1790886386 316820
1790886387 316828
1790886388 316832
1790886390 316840
1790886391 316844
1790886392 316844
1790886393 316844
1790886394 316852
1790886395 316852
1790886396 316852
1790886397 316852
1790886398 316852
1790886399 316852
1790886400 316860
1790886401 316864
1790886402 316868
1790886403 316876
1790886405 316876
1790886406 316876
1790886407 425032
1790886408 550440
1790886409 616080
1790886410 666872
1790886411 668940
1790886412 683576
1790886413 684720
1790886414 686912
1790886415 694556
1790886416 695088
1790886417 695296
1790886418 695348
1790886419 695372
1790886420 695388
1790886421 695416
1790886422 709176
1790886423 709204
1790886424 709288
1790886425 709312
1790886426 709452
1790886427 709496
1790886429 709500
1790886430 709500
1790886431 709576
1790886432 709580
1790886433 709584
1790886434 709592
1790886435 709652
1790886436 709652
1790886437 709664
1790886438 722480
1790886439 726352
1790886440 726384
1790886441 726452
1790886442 726472
1790886443 726964
1790886444 727132
1790886445 727164
1790886446 727252
1790886447 727268
1790886448 727356
1790886449 727392
1790886450 727408
1790886452 727456
1790886453 727484
1790886454 727540
1790886455 727728
1790886456 727812
1790886457 727828
1790886458 727888
1790886459 728680
1790886460 728684
1790886461 728900
1790886462 728912
1790886463 728936
1790886464 728944
1790886465 728980
1790886466 728980
1790886467 728984
1790886468 729096
1790886470 729340
1790886471 734688
1790886472 734916
1790886473 735084
1790886474 735156
1790886475 735272
1790886476 735296
1790886477 735308
1790886478 735320
1790886479 735372
1790886480 735456
1790886481 735476
1790886482 735484
1790886483 735532
1790886484 735552
1790886485 735612
1790886486 735716
1790886488 735720
1790886489 735736
1790886490 735736
1790886491 735752
1790886492 735760
1790886493 735764
1790886494 735768
1790886495 735776
1790886496 735824
1790886497 735836
1790886498 735864
1790886499 735880
1790886500 735888
1790886501 735892
1790886502 735892
1790886503 735920
