Running 30s test @ http://10.116.0.2:8080/json
  4 threads and 256 connections
  Thread calibration: mean lat.: 1.488ms, rate sampling interval: 10ms
  Thread calibration: mean lat.: 1.289ms, rate sampling interval: 10ms
  Thread calibration: mean lat.: 1.281ms, rate sampling interval: 10ms
  Thread calibration: mean lat.: 1.277ms, rate sampling interval: 10ms
  Thread Stats   Avg      Stdev     Max   +/- Stdev
    Latency     1.32ms  596.10us  13.24ms   71.95%
    Req/Sec     5.27k     1.07k    7.89k    79.99%
  Latency Distribution (HdrHistogram - Recorded Latency)
 50.000%    1.27ms
 75.000%    1.67ms
 90.000%    2.02ms
 99.000%    3.01ms
 99.900%    5.70ms
 99.990%    7.17ms
 99.999%    8.46ms
100.000%   13.25ms

  Detailed Percentile spectrum:
       Value   Percentile   TotalCount 1/(1-Percentile)

       0.231     0.000000            1         1.00
       0.638     0.100000        39496         1.11
       0.812     0.200000        78898         1.25
       0.968     0.300000       118322         1.43
       1.119     0.400000       157670         1.67
       1.266     0.500000       196969         2.00
       1.339     0.550000       216555         2.22
       1.414     0.600000       236257         2.50
       1.492     0.650000       255900         2.86
       1.577     0.700000       275684         3.33
       1.667     0.750000       295256         4.00
       1.715     0.775000       305201         4.44
       1.764     0.800000       314984         5.00
       1.817     0.825000       324804         5.71
       1.876     0.850000       334707         6.67
       1.940     0.875000       344455         8.00
       1.976     0.887500       349349         8.89
       2.017     0.900000       354268        10.00
       2.063     0.912500       359185        11.43
       2.117     0.925000       364226        13.33
       2.179     0.937500       369029        16.00
       2.217     0.943750       371545        17.78
       2.257     0.950000       373947        20.00
       2.307     0.956250       376475        22.86
       2.361     0.962500       378858        26.67
       2.431     0.968750       381312        32.00
       2.473     0.971875       382559        35.56
       2.517     0.975000       383769        40.00
       2.575     0.978125       385016        45.71
       2.645     0.981250       386248        53.33
       2.739     0.984375       387467        64.00
       2.797     0.985938       388085        71.11
       2.865     0.987500       388697        80.00
       2.947     0.989062       389301        91.43
       3.059     0.990625       389918       106.67
       3.229     0.992188       390531       128.00
       3.343     0.992969       390838       142.22
       3.487     0.993750       391147       160.00
       3.667     0.994531       391454       182.86
       3.867     0.995313       391764       213.33
       4.131     0.996094       392074       256.00
       4.259     0.996484       392222       284.44
       4.411     0.996875       392379       320.00
       4.555     0.997266       392528       365.71
       4.735     0.997656       392685       426.67
       4.967     0.998047       392838       512.00
       5.095     0.998242       392913       568.89
       5.215     0.998437       392989       640.00
       5.379     0.998633       393069       731.43
       5.531     0.998828       393143       853.33
       5.715     0.999023       393220      1024.00
       5.819     0.999121       393259      1137.78
       5.923     0.999219       393297      1280.00
       6.007     0.999316       393338      1462.86
       6.103     0.999414       393375      1706.67
       6.231     0.999512       393413      2048.00
       6.339     0.999561       393432      2275.56
       6.415     0.999609       393453      2560.00
       6.491     0.999658       393471      2925.71
       6.591     0.999707       393490      3413.33
       6.723     0.999756       393508      4096.00
       6.787     0.999780       393519      4551.11
       6.831     0.999805       393528      5120.00
       6.915     0.999829       393537      5851.43
       6.983     0.999854       393548      6826.67
       7.035     0.999878       393557      8192.00
       7.115     0.999890       393561      9102.22
       7.195     0.999902       393566     10240.00
       7.211     0.999915       393571     11702.86
       7.263     0.999927       393576     13653.33
       7.311     0.999939       393580     16384.00
       7.543     0.999945       393583     18204.44
       7.583     0.999951       393585     20480.00
       7.727     0.999957       393588     23405.71
       7.755     0.999963       393590     27306.67
       7.795     0.999969       393592     32768.00
       7.999     0.999973       393594     36408.89
       8.059     0.999976       393595     40960.00
       8.139     0.999979       393596     46811.43
       8.163     0.999982       393597     54613.33
       8.187     0.999985       393598     65536.00
       8.303     0.999986       393599     72817.78
       8.463     0.999988       393600     81920.00
       8.463     0.999989       393600     93622.86
       8.559     0.999991       393601    109226.67
       8.559     0.999992       393601    131072.00
      12.471     0.999993       393602    145635.56
      12.471     0.999994       393602    163840.00
      12.471     0.999995       393602    187245.71
      13.119     0.999995       393603    218453.33
      13.119     0.999996       393603    262144.00
      13.119     0.999997       393603    291271.11
      13.119     0.999997       393603    327680.00
      13.119     0.999997       393603    374491.43
      13.247     0.999998       393604    436906.67
      13.247     1.000000       393604          inf
#[Mean    =        1.322, StdDeviation   =        0.596]
#[Max     =       13.240, Total count    =       393604]
#[Buckets =           27, SubBuckets     =         2048]
----------------------------------------------------------
  592724 requests in 30.00s, 75.18MB read
Requests/sec:  19756.54
Transfer/sec:      2.51MB
