Running 30s test @ http://10.116.0.2:8080/json
  4 threads and 64 connections
  Thread calibration: mean lat.: 1983.308ms, rate sampling interval: 6004ms
  Thread calibration: mean lat.: 1941.089ms, rate sampling interval: 5881ms
  Thread calibration: mean lat.: 1838.858ms, rate sampling interval: 5689ms
  Thread calibration: mean lat.: 1892.847ms, rate sampling interval: 5816ms
  Thread Stats   Avg      Stdev     Max   +/- Stdev
    Latency     1.30ms    1.05ms 139.14ms   97.83%
    Req/Sec     5.00k     1.11     5.01k     8.33%
  Latency Distribution (HdrHistogram - Recorded Latency)
 50.000%    1.23ms
 75.000%    1.66ms
 90.000%    1.99ms
 99.000%    2.53ms
 99.900%    4.36ms
 99.990%   28.51ms
 99.999%  128.26ms
100.000%  139.26ms

  Detailed Percentile spectrum:
       Value   Percentile   TotalCount 1/(1-Percentile)

       0.242     0.000000            1         1.00
       0.654     0.100000        39909         1.11
       0.813     0.200000        79798         1.25
       0.952     0.300000       119804         1.43
       1.088     0.400000       159450         1.67
       1.230     0.500000       199391         2.00
       1.306     0.550000       219280         2.22
       1.388     0.600000       239233         2.50
       1.476     0.650000       259210         2.86
       1.569     0.700000       279054         3.33
       1.665     0.750000       298978         4.00
       1.714     0.775000       308818         4.44
       1.764     0.800000       318743         5.00
       1.817     0.825000       328836         5.71
       1.870     0.850000       338722         6.67
       1.929     0.875000       348663         8.00
       1.960     0.887500       353615         8.89
       1.993     0.900000       358664        10.00
       2.028     0.912500       363569        11.43
       2.069     0.925000       368780        13.33
       2.113     0.937500       373714        16.00
       2.137     0.943750       376224        17.78
       2.163     0.950000       378568        20.00
       2.193     0.956250       381042        22.86
       2.227     0.962500       383499        26.67
       2.267     0.968750       385979        32.00
       2.291     0.971875       387296        35.56
       2.315     0.975000       388474        40.00
       2.345     0.978125       389719        45.71
       2.379     0.981250       390986        53.33
       2.421     0.984375       392234        64.00
       2.443     0.985938       392857        71.11
       2.469     0.987500       393461        80.00
       2.501     0.989062       394091        91.43
       2.539     0.990625       394694       106.67
       2.595     0.992188       395316       128.00
       2.633     0.992969       395634       142.22
       2.675     0.993750       395945       160.00
       2.737     0.994531       396255       182.86
       2.825     0.995313       396560       213.33
       2.957     0.996094       396871       256.00
       3.049     0.996484       397027       284.44
       3.151     0.996875       397182       320.00
       3.285     0.997266       397338       365.71
       3.459     0.997656       397498       426.67
       3.637     0.998047       397649       512.00
       3.753     0.998242       397728       568.89
       3.897     0.998437       397806       640.00
       4.045     0.998633       397884       731.43
       4.203     0.998828       397963       853.33
       4.383     0.999023       398039      1024.00
       4.467     0.999121       398078      1137.78
       4.551     0.999219       398116      1280.00
       4.675     0.999316       398155      1462.86
       4.807     0.999414       398194      1706.67
       4.975     0.999512       398233      2048.00
       5.043     0.999561       398252      2275.56
       5.131     0.999609       398272      2560.00
       5.239     0.999658       398291      2925.71
       5.375     0.999707       398311      3413.33
       5.547     0.999756       398330      4096.00
       5.619     0.999780       398340      4551.11
       5.707     0.999805       398350      5120.00
       6.051     0.999829       398359      5851.43
       6.387     0.999854       398369      6826.67
       6.979     0.999878       398379      8192.00
      20.175     0.999890       398384      9102.22
      34.335     0.999902       398389     10240.00
      45.567     0.999915       398393     11702.86
      59.679     0.999927       398398     13653.33
      73.919     0.999939       398403     16384.00
      79.807     0.999945       398406     18204.44
      85.567     0.999951       398408     20480.00
      91.135     0.999957       398410     23405.71
      99.711     0.999963       398413     27306.67
     105.663     0.999969       398415     32768.00
     111.231     0.999973       398417     36408.89
     113.983     0.999976       398418     40960.00
     116.927     0.999979       398419     46811.43
     119.807     0.999982       398420     54613.33
     122.751     0.999985       398421     65536.00
     125.631     0.999986       398422     72817.78
     128.255     0.999988       398423     81920.00
     128.255     0.999989       398423     93622.86
     131.199     0.999991       398424    109226.67
     131.199     0.999992       398424    131072.00
     134.015     0.999993       398425    145635.56
     134.015     0.999994       398425    163840.00
     134.015     0.999995       398425    187245.71
     136.575     0.999995       398426    218453.33
     136.575     0.999996       398426    262144.00
     136.575     0.999997       398426    291271.11
     136.575     0.999997       398426    327680.00
     136.575     0.999997       398426    374491.43
     139.263     0.999998       398427    436906.67
     139.263     1.000000       398427          inf
#[Mean    =        1.301, StdDeviation   =        1.045]
#[Max     =      139.136, Total count    =       398427]
#[Buckets =           27, SubBuckets     =         2048]
----------------------------------------------------------
  599234 requests in 30.00s, 76.01MB read
Requests/sec:  19973.56
Transfer/sec:      2.53MB
