Running 30s test @ http://10.116.0.2:8080/block?ms=100
  4 threads and 1000 connections
  Thread calibration: mean lat.: 581.769ms, rate sampling interval: 1930ms
  Thread calibration: mean lat.: 528.667ms, rate sampling interval: 1861ms
  Thread calibration: mean lat.: 625.100ms, rate sampling interval: 2018ms
  Thread calibration: mean lat.: 559.119ms, rate sampling interval: 1910ms
  Thread Stats   Avg      Stdev     Max   +/- Stdev
    Latency   124.95ms   61.29ms 984.58ms   93.46%
    Req/Sec     2.26k    36.53     2.36k    67.57%
  Latency Distribution (HdrHistogram - Recorded Latency)
 50.000%  106.05ms
 75.000%  119.68ms
 90.000%  141.57ms
 99.000%  444.93ms
 99.900%  638.46ms
 99.990%  858.11ms
 99.999%  967.68ms
100.000%  985.09ms

  Detailed Percentile spectrum:
       Value   Percentile   TotalCount 1/(1-Percentile)

     100.351     0.000000            2         1.00
     101.375     0.100000        18878         1.11
     102.015     0.200000        34415         1.25
     102.975     0.300000        51758         1.43
     104.191     0.400000        67935         1.67
     106.047     0.500000        85247         2.00
     107.519     0.550000        93466         2.22
     110.015     0.600000       101814         2.50
     113.791     0.650000       110357         2.86
     116.735     0.700000       118927         3.33
     119.679     0.750000       127272         4.00
     121.407     0.775000       131511         4.44
     123.583     0.800000       135765         5.00
     125.823     0.825000       139970         5.71
     128.831     0.850000       144222         6.67
     133.375     0.875000       148512         8.00
     136.191     0.887500       150569         8.89
     141.567     0.900000       152720        10.00
     149.759     0.912500       154814        11.43
     166.783     0.925000       156938        13.33
     193.663     0.937500       159052        16.00
     209.919     0.943750       160105        17.78
     229.247     0.950000       161171        20.00
     247.935     0.956250       162230        22.86
     270.847     0.962500       163294        26.67
     297.215     0.968750       164349        32.00
     309.759     0.971875       164883        35.56
     325.375     0.975000       165410        40.00
     342.783     0.978125       165939        45.71
     364.287     0.981250       166471        53.33
     388.863     0.984375       167001        64.00
     402.687     0.985938       167262        71.11
     418.559     0.987500       167529        80.00
     433.663     0.989062       167795        91.43
     452.863     0.990625       168061       106.67
     471.551     0.992188       168323       128.00
     483.327     0.992969       168455       142.22
     496.383     0.993750       168588       160.00
     509.183     0.994531       168720       182.86
     521.983     0.995313       168854       213.33
     537.087     0.996094       168985       256.00
     543.743     0.996484       169051       284.44
     552.959     0.996875       169119       320.00
     564.223     0.997266       169184       365.71
     578.559     0.997656       169251       426.67
     591.871     0.998047       169317       512.00
     600.575     0.998242       169351       568.89
     609.791     0.998437       169382       640.00
     619.519     0.998633       169417       731.43
     629.247     0.998828       169449       853.33
     640.511     0.999023       169482      1024.00
     644.095     0.999121       169498      1137.78
     652.287     0.999219       169516      1280.00
     669.695     0.999316       169533      1462.86
     685.567     0.999414       169548      1706.67
     703.999     0.999512       169565      2048.00
     712.191     0.999561       169573      2275.56
     722.943     0.999609       169581      2560.00
     740.351     0.999658       169590      2925.71
     753.663     0.999707       169598      3413.33
     764.927     0.999756       169606      4096.00
     772.095     0.999780       169610      4551.11
     785.407     0.999805       169614      5120.00
     803.839     0.999829       169619      5851.43
     823.807     0.999854       169623      6826.67
     841.215     0.999878       169627      8192.00
     850.431     0.999890       169629      9102.22
     858.623     0.999902       169631     10240.00
     868.351     0.999915       169633     11702.86
     878.079     0.999927       169635     13653.33
     888.319     0.999939       169637     16384.00
     896.511     0.999945       169638     18204.44
     907.263     0.999951       169639     20480.00
     917.503     0.999957       169640     23405.71
     927.743     0.999963       169641     27306.67
     938.495     0.999969       169642     32768.00
     948.735     0.999973       169643     36408.89
     948.735     0.999976       169643     40960.00
     958.463     0.999979       169644     46811.43
     958.463     0.999982       169644     54613.33
     967.679     0.999985       169645     65536.00
     967.679     0.999986       169645     72817.78
     967.679     0.999988       169645     81920.00
     976.895     0.999989       169646     93622.86
     976.895     0.999991       169646    109226.67
     976.895     0.999992       169646    131072.00
     976.895     0.999993       169646    145635.56
     976.895     0.999994       169646    163840.00
     985.087     0.999995       169647    187245.71
     985.087     1.000000       169647          inf
#[Mean    =      124.954, StdDeviation   =       61.291]
#[Max     =      984.576, Total count    =       169647]
#[Buckets =           27, SubBuckets     =         2048]
----------------------------------------------------------
  260135 requests in 30.00s, 29.77MB read
Requests/sec:   8670.78
Transfer/sec:      0.99MB
