Running 30s test @ http://10.116.0.2:8080/json
  4 threads and 256 connections
  Thread calibration: mean lat.: 1608.190ms, rate sampling interval: 6209ms
  Thread calibration: mean lat.: 1724.414ms, rate sampling interval: 6160ms
  Thread calibration: mean lat.: 1650.083ms, rate sampling interval: 6348ms
  Thread calibration: mean lat.: 1598.895ms, rate sampling interval: 6148ms
  Thread Stats   Avg      Stdev     Max   +/- Stdev
    Latency     7.02s     2.33s   12.94s    62.82%
    Req/Sec    12.68k   159.23    12.96k    66.67%
  Latency Distribution (HdrHistogram - Recorded Latency)
 50.000%    6.86s 
 75.000%    8.72s 
 90.000%   10.36s 
 99.000%   12.20s 
 99.900%   12.71s 
 99.990%   12.88s 
 99.999%   12.93s 
100.000%   12.95s 

  Detailed Percentile spectrum:
       Value   Percentile   TotalCount 1/(1-Percentile)

    2342.911     0.000000            1         1.00
    4069.375     0.100000        99939         1.11
    4739.071     0.200000       200103         1.25
    5419.007     0.300000       300085         1.43
    6123.519     0.400000       399784         1.67
    6860.799     0.500000       499563         2.00
    7229.439     0.550000       549617         2.22
    7581.695     0.600000       599555         2.50
    7942.143     0.650000       649827         2.86
    8310.783     0.700000       699623         3.33
    8716.287     0.750000       749890         4.00
    8929.279     0.775000       774162         4.44
    9166.847     0.800000       799759         5.00
    9404.415     0.825000       824291         5.71
    9674.751     0.850000       849510         6.67
    9994.239     0.875000       874479         8.00
   10174.463     0.887500       886806         8.89
   10362.879     0.900000       899408        10.00
   10551.295     0.912500       911475        11.43
   10764.287     0.925000       924292        13.33
   10977.279     0.937500       936607        16.00
   11091.967     0.943750       943132        17.78
   11198.463     0.950000       949076        20.00
   11304.959     0.956250       955189        22.86
   11419.647     0.962500       961731        26.67
   11550.719     0.968750       967957        32.00
   11624.447     0.971875       970936        35.56
   11706.367     0.975000       974014        40.00
   11796.479     0.978125       977192        45.71
   11886.591     0.981250       980258        53.33
   11993.087     0.984375       983479        64.00
   12050.431     0.985938       985030        71.11
   12099.583     0.987500       986410        80.00
   12165.119     0.989062       988122        91.43
   12230.655     0.990625       989658       106.67
   12296.191     0.992188       991171       128.00
   12328.959     0.992969       991915       142.22
   12369.919     0.993750       992769       160.00
   12410.879     0.994531       993538       182.86
   12451.839     0.995313       994309       213.33
   12492.799     0.996094       995014       256.00
   12517.375     0.996484       995425       284.44
   12541.951     0.996875       995793       320.00
   12574.719     0.997266       996241       365.71
   12599.295     0.997656       996589       426.67
   12632.063     0.998047       997020       512.00
   12640.255     0.998242       997114       568.89
   12656.639     0.998437       997313       640.00
   12681.215     0.998633       997570       731.43
   12697.599     0.998828       997739       853.33
   12713.983     0.999023       997909      1024.00
   12730.367     0.999121       998041      1137.78
   12738.559     0.999219       998105      1280.00
   12754.943     0.999316       998201      1462.86
   12771.327     0.999414       998304      1706.67
   12787.711     0.999512       998402      2048.00
   12795.903     0.999561       998440      2275.56
   12804.095     0.999609       998491      2560.00
   12812.287     0.999658       998537      2925.71
   12820.479     0.999707       998577      3413.33
   12836.863     0.999756       998645      4096.00
   12845.055     0.999780       998678      4551.11
   12845.055     0.999805       998678      5120.00
   12853.247     0.999829       998705      5851.43
   12861.439     0.999854       998736      6826.67
   12869.631     0.999878       998765      8192.00
   12869.631     0.999890       998765      9102.22
   12877.823     0.999902       998785     10240.00
   12877.823     0.999915       998785     11702.86
   12886.015     0.999927       998802     13653.33
   12894.207     0.999939       998818     16384.00
   12894.207     0.999945       998818     18204.44
   12894.207     0.999951       998818     20480.00
   12902.399     0.999957       998833     23405.71
   12902.399     0.999963       998833     27306.67
   12910.591     0.999969       998844     32768.00
   12910.591     0.999973       998844     36408.89
   12910.591     0.999976       998844     40960.00
   12918.783     0.999979       998852     46811.43
   12918.783     0.999982       998852     54613.33
   12918.783     0.999985       998852     65536.00
   12926.975     0.999986       998857     72817.78
   12926.975     0.999988       998857     81920.00
   12926.975     0.999989       998857     93622.86
   12926.975     0.999991       998857    109226.67
   12935.167     0.999992       998863    131072.00
   12935.167     0.999993       998863    145635.56
   12935.167     0.999994       998863    163840.00
   12935.167     0.999995       998863    187245.71
   12935.167     0.999995       998863    218453.33
   12935.167     0.999996       998863    262144.00
   12935.167     0.999997       998863    291271.11
   12935.167     0.999997       998863    327680.00
   12943.359     0.999997       998865    374491.43
   12943.359     0.999998       998865    436906.67
   12943.359     0.999998       998865    524288.00
   12943.359     0.999998       998865    582542.22
   12943.359     0.999998       998865    655360.00
   12943.359     0.999999       998865    748982.86
   12943.359     0.999999       998865    873813.33
   12951.551     0.999999       998866   1048576.00
   12951.551     1.000000       998866          inf
#[Mean    =     7015.079, StdDeviation   =     2333.918]
#[Max     =    12943.360, Total count    =       998866]
#[Buckets =           27, SubBuckets     =         2048]
----------------------------------------------------------
  1516451 requests in 30.00s, 192.34MB read
Requests/sec:  50549.13
Transfer/sec:      6.41MB
