Running 30s test @ http://10.116.0.2:8080/json
  4 threads and 256 connections
  Thread calibration: mean lat.: 4.283ms, rate sampling interval: 19ms
  Thread calibration: mean lat.: 4.301ms, rate sampling interval: 19ms
  Thread calibration: mean lat.: 25.041ms, rate sampling interval: 33ms
  Thread calibration: mean lat.: 37.736ms, rate sampling interval: 44ms
  Thread Stats   Avg      Stdev     Max   +/- Stdev
    Latency     4.08ms   25.54ms   1.05s    99.28%
    Req/Sec    10.24k     0.97k   17.18k    82.28%
  Latency Distribution (HdrHistogram - Recorded Latency)
 50.000%    2.20ms
 75.000%    3.09ms
 90.000%    5.23ms
 99.000%   24.75ms
 99.900%  435.97ms
 99.990%  988.67ms
 99.999%    1.04s 
100.000%    1.06s 

  Detailed Percentile spectrum:
       Value   Percentile   TotalCount 1/(1-Percentile)

       0.275     0.000000            1         1.00
       1.076     0.100000        78808         1.11
       1.409     0.200000       157636         1.25
       1.678     0.300000       236606         1.43
       1.936     0.400000       315217         1.67
       2.203     0.500000       394207         2.00
       2.343     0.550000       433687         2.22
       2.491     0.600000       472973         2.50
       2.657     0.650000       512168         2.86
       2.851     0.700000       551609         3.33
       3.089     0.750000       590788         4.00
       3.243     0.775000       610607         4.44
       3.435     0.800000       630291         5.00
       3.685     0.825000       649936         5.71
       4.029     0.850000       669528         6.67
       4.531     0.875000       689293         8.00
       4.855     0.887500       699108         8.89
       5.227     0.900000       708949        10.00
       5.679     0.912500       718776        11.43
       6.247     0.925000       728615        13.33
       7.063     0.937500       738460        16.00
       7.615     0.943750       743404        17.78
       8.295     0.950000       748343        20.00
       9.175     0.956250       753232        22.86
      10.223     0.962500       758154        26.67
      11.583     0.968750       763077        32.00
      12.399     0.971875       765540        35.56
      13.439     0.975000       767992        40.00
      14.671     0.978125       770461        45.71
      16.175     0.981250       772920        53.33
      18.239     0.984375       775388        64.00
      19.615     0.985938       776610        71.11
      21.215     0.987500       777836        80.00
      23.311     0.989062       779070        91.43
      25.807     0.990625       780301       106.67
      28.575     0.992188       781530       128.00
      30.015     0.992969       782150       142.22
      31.359     0.993750       782762       160.00
      32.751     0.994531       783383       182.86
      34.655     0.995313       783996       213.33
      37.439     0.996094       784608       256.00
      40.831     0.996484       784911       284.44
      47.135     0.996875       785219       320.00
      54.367     0.997266       785527       365.71
      73.215     0.997656       785834       426.67
     120.575     0.998047       786142       512.00
     152.319     0.998242       786296       568.89
     180.607     0.998437       786450       640.00
     212.479     0.998633       786604       731.43
     334.079     0.998828       786757       853.33
     449.023     0.999023       786911      1024.00
     509.695     0.999121       786988      1137.78
     569.855     0.999219       787065      1280.00
     630.783     0.999316       787142      1462.86
     686.591     0.999414       787219      1706.67
     748.031     0.999512       787296      2048.00
     777.215     0.999561       787334      2275.56
     808.447     0.999609       787373      2560.00
     838.655     0.999658       787411      2925.71
     870.911     0.999707       787450      3413.33
     901.119     0.999756       787488      4096.00
     916.479     0.999780       787509      4551.11
     934.399     0.999805       787528      5120.00
     947.199     0.999829       787546      5851.43
     964.095     0.999854       787565      6826.67
     977.919     0.999878       787584      8192.00
     984.575     0.999890       787595      9102.22
     992.767     0.999902       787606     10240.00
     998.911     0.999915       787613     11702.86
    1005.567     0.999927       787623     13653.33
    1016.831     0.999939       787632     16384.00
    1017.855     0.999945       787637     18204.44
    1023.487     0.999951       787644     20480.00
    1026.559     0.999957       787647     23405.71
    1031.679     0.999963       787654     27306.67
    1033.215     0.999969       787657     32768.00
    1037.311     0.999973       787662     36408.89
    1037.311     0.999976       787662     40960.00
    1038.335     0.999979       787664     46811.43
    1043.455     0.999982       787669     54613.33
    1043.455     0.999985       787669     65536.00
    1043.967     0.999986       787672     72817.78
    1043.967     0.999988       787672     81920.00
    1043.967     0.999989       787672     93622.86
    1049.599     0.999991       787679    109226.67
    1049.599     0.999992       787679    131072.00
    1049.599     0.999993       787679    145635.56
    1049.599     0.999994       787679    163840.00
    1049.599     0.999995       787679    187245.71
    1049.599     0.999995       787679    218453.33
    1049.599     0.999996       787679    262144.00
    1049.599     0.999997       787679    291271.11
    1049.599     0.999997       787679    327680.00
    1049.599     0.999997       787679    374491.43
    1049.599     0.999998       787679    436906.67
    1049.599     0.999998       787679    524288.00
    1049.599     0.999998       787679    582542.22
    1049.599     0.999998       787679    655360.00
    1049.599     0.999999       787679    748982.86
    1055.743     0.999999       787680    873813.33
    1055.743     1.000000       787680          inf
#[Mean    =        4.077, StdDeviation   =       25.536]
#[Max     =     1054.720, Total count    =       787680]
#[Buckets =           27, SubBuckets     =         2048]
----------------------------------------------------------
  1176814 requests in 30.00s, 149.48MB read
Requests/sec:  39225.99
Transfer/sec:      4.98MB
