Linux 6.8.0-142-generic (cafeai-bench-server) 	10/01/26 	_x86_64_	(4 CPU)

20:10:59     CPU    %usr   %nice    %sys %iowait    %irq   %soft  %steal  %guest  %gnice   %idle
20:11:00     all   65.49    0.00    4.03    1.01    0.00    1.26    0.00    0.00    0.00   28.21
20:11:01     all   87.75    0.00    7.50    0.00    0.00    3.25    0.00    0.00    0.00    1.50
20:11:02     all   83.96    0.00   10.78    0.00    0.00    4.76    0.00    0.00    0.00    0.50
20:11:03     all   79.00    0.00   13.75    0.00    0.00    6.25    0.00    0.00    0.00    1.00
20:11:04     all   76.69    0.00   15.54    0.00    0.00    7.02    0.00    0.00    0.00    0.75
20:11:05     all   77.19    0.00   16.04    0.00    0.00    6.52    0.00    0.00    0.00    0.25
20:11:06     all   72.18    0.00   18.30    0.00    0.00    8.02    0.00    0.00    0.00    1.50
20:11:07     all   73.43    0.00   17.79    0.00    0.00    8.02    0.00    0.00    0.00    0.75
20:11:08     all   72.25    0.00   18.00    0.00    0.00    8.00    0.00    0.00    0.00    1.75
20:11:09     all   69.92    0.00   20.05    0.00    0.00    8.77    0.00    0.00    0.00    1.25
20:11:10     all   67.68    0.00   21.21    0.00    0.00    9.85    0.00    0.00    0.00    1.26
20:11:11     all   55.81    0.00   28.03    0.00    0.00   12.63    0.00    0.00    0.00    3.54
20:11:12     all   41.33    0.00   23.98    0.00    0.00    9.44    0.26    0.00    0.00   25.00
20:11:13     all   24.20    0.00   15.43    0.00    0.00    3.72    0.00    0.00    0.00   56.65
20:11:14     all   24.46    0.00   16.40    0.00    0.00    3.49    0.27    0.00    0.00   55.38
20:11:15     all   23.20    0.00   16.53    0.00    0.00    3.47    0.27    0.00    0.00   56.53
20:11:16     all   24.38    0.00   14.40    0.00    0.00    3.60    0.28    0.00    0.00   57.34
20:11:17     all   23.61    0.00   14.72    0.00    0.00    3.89    0.00    0.00    0.00   57.78
20:11:18     all   25.80    0.00   14.89    0.00    0.00    3.19    0.00    0.00    0.00   56.12
20:11:19     all   25.00    0.00   15.31    0.00    0.00    3.57    0.00    0.00    0.00   56.12
20:11:20     all   24.34    0.00   15.61    0.00    0.00    3.70    0.00    0.00    0.00   56.35
20:11:21     all   24.60    0.00   16.67    0.00    0.00    3.44    0.00    0.00    0.00   55.29
20:11:22     all   23.18    0.00   15.90    0.00    0.00    2.96    0.27    0.00    0.00   57.68
20:11:23     all   24.27    0.00   14.93    0.00    0.00    3.73    0.00    0.00    0.00   57.07
20:11:24     all   23.04    0.00   15.72    0.00    0.00    4.34    0.27    0.00    0.00   56.64
20:11:25     all   25.20    0.00   15.28    0.00    0.00    3.49    0.27    0.00    0.00   55.76
20:11:26     all   22.55    0.00   16.03    0.00    0.00    3.80    0.27    0.00    0.00   57.34
20:11:27     all   22.22    0.00   16.53    0.00    0.00    4.07    0.00    0.00    0.00   57.18
20:11:28     all   24.54    0.00   15.83    0.26    0.00    3.43    0.00    0.00    0.00   55.94
20:11:29     all   24.06    0.00   14.71    0.00    0.00    4.28    0.00    0.00    0.00   56.95
20:11:30     all    8.29    0.00    5.53    0.00    0.00    1.26    0.00    0.00    0.00   84.92
20:11:31     all   50.88    0.00    8.77    0.00    0.00    2.51    0.00    0.00    0.00   37.84
20:11:32     all   77.36    0.00   13.93    0.00    0.00    5.22    0.00    0.00    0.00    3.48
20:11:33     all   70.78    0.00   14.61    0.00    0.00    5.79    0.00    0.00    0.00    8.82
20:11:34     all   73.00    0.00   13.25    0.00    0.00    4.25    0.00    0.00    0.00    9.50
20:11:35     all   58.99    0.00   12.91    0.00    0.00    3.80    0.25    0.00    0.00   24.05
20:11:36     all   24.74    0.00   12.76    0.00    0.00    4.34    0.26    0.00    0.00   57.91
20:11:37     all   21.68    0.00   13.27    0.00    0.00    3.83    0.00    0.00    0.00   61.22
20:11:38     all   21.74    0.00   13.30    0.00    0.00    3.58    0.00    0.00    0.00   61.38
20:11:39     all   21.99    0.00   14.07    0.00    0.00    4.35    0.00    0.00    0.00   59.59
20:11:40     all   40.25    0.00   13.00    0.00    0.00    4.25    0.25    0.00    0.00   42.25
20:11:41     all   24.05    0.00   11.14    0.00    0.00    3.04    0.00    0.00    0.00   61.77
20:11:42     all   24.18    0.00   10.83    0.00    0.00    4.03    0.00    0.00    0.00   60.96
20:11:43     all   25.89    0.00    9.14    0.00    0.00    4.06    0.00    0.00    0.00   60.91
20:11:44     all   29.72    0.00   10.58    0.00    0.00    3.02    0.00    0.00    0.00   56.68
20:11:45     all   28.79    0.00   12.63    0.00    0.00    3.54    0.25    0.00    0.00   54.80
20:11:46     all   22.70    0.00   10.46    0.00    0.00    3.83    0.00    0.00    0.00   63.01
20:11:47     all   28.03    0.00   11.36    0.00    0.00    3.03    0.00    0.00    0.00   57.58
20:11:48     all   24.37    0.00   12.31    0.00    0.00    4.02    0.00    0.00    0.00   59.30
20:11:49     all   29.22    0.00   11.34    0.00    0.00    3.02    0.00    0.00    0.00   56.42
20:11:50     all   23.87    0.00   11.31    0.00    0.00    4.02    0.00    0.00    0.00   60.80
20:11:51     all   28.17    0.00   11.17    0.00    0.00    3.55    0.00    0.00    0.00   57.11
20:11:52     all   23.44    0.00   11.47    0.00    0.00    3.49    0.25    0.00    0.00   61.35
20:11:53     all   33.67    0.00   11.47    0.00    0.00    5.24    0.50    0.00    0.00   49.13
20:11:54     all   23.48    0.00    9.34    0.00    0.00    4.04    0.00    0.00    0.00   63.13
20:11:55     all   28.89    0.00   11.06    0.00    0.00    3.77    0.00    0.00    0.00   56.28
20:11:56     all   21.91    0.00   11.59    0.00    0.00    4.03    0.00    0.00    0.00   62.47
20:11:57     all   28.50    0.00   11.45    0.00    0.00    3.56    0.00    0.00    0.00   56.49
20:11:58     all   23.37    0.00   11.31    0.25    0.00    3.27    0.00    0.00    0.00   61.81
20:11:59     all   28.14    0.00   11.31    0.00    0.00    3.77    0.00    0.00    0.00   56.78
20:12:00     all   24.55    0.00   13.30    0.00    0.00    3.32    0.00    0.00    0.00   58.82
20:12:01     all   28.08    0.00   17.49    0.00    0.00    4.19    0.00    0.00    0.00   50.25
20:12:02     all   28.57    0.00   16.88    0.00    0.00    3.38    0.00    0.00    0.00   51.17
20:12:03     all   25.87    0.00   17.66    0.00    0.00    4.23    0.00    0.00    0.00   52.24
20:12:04     all   26.52    0.00   17.17    0.00    0.00    3.79    0.76    0.00    0.00   51.77
20:12:05     all   27.01    0.00   17.52    0.00    0.00    4.14    0.24    0.00    0.00   51.09
20:12:06     all   28.40    0.00   17.53    0.00    0.00    2.72    0.00    0.00    0.00   51.36
20:12:07     all   25.19    0.00   16.20    0.00    0.00    4.11    0.00    0.00    0.00   54.50
20:12:08     all   26.77    0.00   16.67    0.00    0.00    4.29    0.00    0.00    0.00   52.27
20:12:09     all   28.57    0.00   17.98    0.00    0.00    3.94    0.25    0.00    0.00   49.26
20:12:10     all   34.74    0.00   18.86    0.00    0.00    3.47    0.00    0.00    0.00   42.93
20:12:11     all   27.65    0.00   16.79    0.25    0.00    3.21    0.00    0.00    0.00   52.10
20:12:12     all   29.53    0.00   16.63    0.00    0.00    3.97    0.25    0.00    0.00   49.63
20:12:13     all   27.75    0.00   17.75    0.00    0.00    3.75    0.25    0.00    0.00   50.50
20:12:14     all   27.95    0.00   16.41    0.00    0.00    3.33    0.00    0.00    0.00   52.31
20:12:15     all   28.43    0.00   17.71    0.00    0.00    3.99    0.00    0.00    0.00   49.88
20:12:16     all   26.77    0.00   15.40    0.00    0.00    3.28    0.00    0.00    0.00   54.55
20:12:17     all   30.79    0.00   16.50    0.00    0.00    3.94    0.25    0.00    0.00   48.52
20:12:18     all   30.33    0.00   16.54    0.00    0.00    3.01    0.00    0.00    0.00   50.13
20:12:19     all   28.61    0.00   18.30    0.00    0.00    3.61    0.00    0.00    0.00   49.48
20:12:20     all   27.16    0.00   16.24    0.00    0.00    3.05    0.00    0.00    0.00   53.55
20:12:21     all   28.21    0.00   17.44    0.00    0.00    3.59    0.26    0.00    0.00   50.51
20:12:22     all   28.86    0.00   17.22    0.00    0.00    3.80    0.25    0.00    0.00   49.87
20:12:23     all   29.88    0.00   17.04    0.00    0.00    3.70    0.25    0.00    0.00   49.14
20:12:24     all   27.30    0.00   16.84    0.00    0.00    3.32    0.00    0.00    0.00   52.55
20:12:25     all   28.06    0.00   16.58    0.00    0.00    3.57    0.00    0.00    0.00   51.79
20:12:26     all   29.22    0.00   17.63    0.00    0.00    4.03    0.00    0.00    0.00   49.12
20:12:27     all   28.61    0.00   17.22    0.00    0.00    3.80    0.25    0.00    0.00   50.13
20:12:28     all   26.97    0.00   16.03    0.00    0.00    3.56    0.00    0.00    0.00   53.44
20:12:29     all   29.40    0.00   16.83    0.00    0.00    4.02    0.00    0.00    0.00   49.75
20:12:30     all   23.04    0.00   14.94    0.00    0.00    3.04    0.00    0.00    0.00   58.99
20:12:31     all   39.36    0.00   21.78    0.00    0.00    7.92    0.00    0.00    0.00   30.94
20:12:32     all   49.51    0.00   25.49    0.00    0.00    9.95    0.00    0.00    0.00   15.05
20:12:33     all   47.46    0.00   25.18    0.00    0.00   11.62    0.24    0.00    0.00   15.50
20:12:34     all   48.79    0.00   25.97    0.00    0.00   10.92    0.00    0.00    0.00   14.32
20:12:35     all   50.60    0.00   25.78    0.00    0.00   11.08    0.24    0.00    0.00   12.29
20:12:36     all   47.94    0.00   26.88    0.00    0.00   10.17    0.24    0.00    0.00   14.77
20:12:37     all   49.26    0.00   26.47    0.00    0.00   10.78    0.00    0.00    0.00   13.48
20:12:38     all   47.26    0.00   25.54    0.00    0.00   10.74    0.00    0.00    0.00   16.47
20:12:39     all   49.14    0.00   25.92    0.00    0.00   11.00    0.00    0.00    0.00   13.94
20:12:40     all   44.58    0.00   25.54    0.00    0.00    9.64    0.24    0.00    0.00   20.00
20:12:41     all   50.99    0.00   26.35    0.00    0.00   10.59    0.00    0.00    0.00   12.07
20:12:42     all   48.08    0.00   26.68    0.00    0.00   11.54    0.00    0.00    0.00   13.70
20:12:43     all   47.80    0.00   27.07    0.00    0.00   10.98    0.00    0.00    0.00   14.15
20:12:44     all   43.30    0.00   27.03    0.00    0.00    9.81    0.00    0.00    0.00   19.86
20:12:45     all   42.92    0.00   26.18    0.00    0.00    9.67    0.24    0.00    0.00   20.99
20:12:46     all   44.89    0.00   26.13    0.00    0.00   10.21    0.00    0.00    0.00   18.76
20:12:47     all   43.13    0.00   27.95    0.00    0.00   10.84    0.24    0.00    0.00   17.83
20:12:48     all   44.63    0.00   26.01    0.00    0.00   10.74    0.00    0.00    0.00   18.62
20:12:49     all   44.23    0.00   27.40    0.00    0.00   10.82    0.24    0.00    0.00   17.31
20:12:50     all   43.99    0.00   26.20    0.00    0.00   11.06    0.00    0.00    0.00   18.75
20:12:51     all   44.95    0.00   26.20    0.00    0.00   11.30    0.00    0.00    0.00   17.55
20:12:52     all   44.98    0.00   26.08    0.00    0.00   11.24    0.00    0.00    0.00   17.70
20:12:53     all   42.96    0.00   26.01    0.00    0.00    9.79    0.00    0.00    0.00   21.24
20:12:54     all   46.84    0.00   26.21    0.00    0.00   11.17    0.00    0.00    0.00   15.78
20:12:55     all   43.47    0.00   27.32    0.00    0.00   10.69    0.24    0.00    0.00   18.29
20:12:56     all   43.27    0.00   26.20    0.00    0.00   11.06    0.00    0.00    0.00   19.47
20:12:57     all   43.20    0.00   25.30    0.00    0.00   10.50    0.72    0.00    0.00   20.29
20:12:58     all   44.44    0.00   24.88    0.00    0.00    9.90    0.00    0.00    0.00   20.77
20:12:59     all   44.26    0.00   25.84    0.00    0.00   10.77    0.00    0.00    0.00   19.14
20:13:00     all   38.55    0.00   23.37    0.00    0.00    8.92    0.00    0.00    0.00   29.16
20:13:01     all   50.85    0.00   27.85    0.00    0.00   15.50    0.00    0.00    0.00    5.81
20:13:02     all   54.39    0.00   29.82    0.00    0.00   13.53    0.00    0.00    0.00    2.26
20:13:03     all   55.14    0.00   29.82    0.00    0.00   13.78    0.00    0.00    0.00    1.25
20:13:04     all   53.73    0.00   29.60    0.00    0.00   13.93    0.25    0.00    0.00    2.49
20:13:05     all   55.30    0.00   29.29    0.00    0.00   14.90    0.00    0.00    0.00    0.51
20:13:06     all   52.76    0.00   31.41    0.00    0.00   14.82    0.00    0.00    0.00    1.01
20:13:07     all   54.75    0.00   30.00    0.00    0.00   14.00    0.00    0.00    0.00    1.25
20:13:08     all   53.98    0.00   31.09    0.00    0.00   13.68    0.00    0.00    0.00    1.24
20:13:09     all   55.36    0.00   29.93    0.00    0.00   13.97    0.00    0.00    0.00    0.75
20:13:10     all   54.02    0.00   30.40    0.00    0.00   14.32    0.00    0.00    0.00    1.26
20:13:11     all   55.28    0.00   29.40    0.00    0.00   13.07    0.50    0.00    0.00    1.76
20:13:12     all   54.98    0.00   30.10    0.00    0.00   12.94    0.00    0.00    0.00    1.99
20:13:13     all   52.00    0.00   28.50    0.00    0.00   13.75    0.00    0.00    0.00    5.75
20:13:14     all   54.73    0.00   29.35    0.00    0.00   11.94    0.00    0.00    0.00    3.98
20:13:15     all   54.00    0.00   29.25    0.00    0.00   12.50    0.00    0.00    0.00    4.25
20:13:16     all   53.52    0.00   30.65    0.00    0.00   13.32    0.50    0.00    0.00    2.01
20:13:17     all   55.50    0.00   28.75    0.00    0.00   14.00    0.00    0.00    0.00    1.75
20:13:18     all   55.00    0.00   29.75    0.00    0.00   14.00    0.00    0.00    0.00    1.25
20:13:19     all   55.00    0.00   30.50    0.00    0.00   13.75    0.00    0.00    0.00    0.75
20:13:20     all   56.03    0.00   29.40    0.00    0.00   13.82    0.00    0.00    0.00    0.75
20:13:21     all   54.36    0.00   29.43    0.00    0.00   12.72    0.00    0.00    0.00    3.49
20:13:22     all   53.88    0.00   29.82    0.00    0.00   13.28    0.00    0.00    0.00    3.01
20:13:23     all   56.23    0.00   29.01    0.00    0.00   11.70    0.00    0.00    0.00    3.05
20:13:24     all   54.48    0.00   31.34    0.00    0.00   13.18    0.25    0.00    0.00    0.75
20:13:25     all   55.92    0.00   30.73    0.00    0.00   12.85    0.00    0.00    0.00    0.50
20:13:26     all   54.48    0.00   30.10    0.00    0.00   13.68    0.00    0.00    0.00    1.74
20:13:27     all   53.79    0.00   28.54    0.00    0.00   13.89    0.00    0.00    0.00    3.79
20:13:28     all   52.83    0.00   28.75    0.00    0.00   13.02    0.25    0.00    0.00    5.16
20:13:29     all   51.75    0.00   30.00    0.00    0.00   14.25    0.00    0.00    0.00    4.00
20:13:30     all   44.61    0.00   25.74    0.00    0.00   11.52    0.00    0.00    0.00   18.14
20:13:31     all   54.36    0.00   30.42    0.00    0.00   14.46    0.00    0.00    0.00    0.75
20:13:32     all   55.50    0.00   29.25    0.00    0.00   11.75    0.25    0.00    0.00    3.25
20:13:33     all   54.20    0.00   29.26    0.00    0.00   13.23    0.25    0.00    0.00    3.05
20:13:34     all   51.37    0.00   29.43    0.00    0.00   11.22    0.00    0.00    0.00    7.98
20:13:35     all   53.54    0.00   28.79    0.00    0.00   12.63    0.00    0.00    0.00    5.05
20:13:36     all   55.11    0.00   28.43    0.00    0.00   13.47    0.00    0.00    0.00    2.99
20:13:37     all   53.40    0.00   31.23    0.00    0.00   14.36    0.00    0.00    0.00    1.01
20:13:38     all   53.12    0.00   31.17    0.00    0.00   13.72    0.00    0.00    0.00    2.00
20:13:39     all   53.37    0.00   32.17    0.00    0.00   13.22    0.25    0.00    0.00    1.00
20:13:40     all   54.50    0.00   29.75    0.00    0.00   13.50    0.00    0.00    0.00    2.25
20:13:41     all   54.27    0.00   29.90    0.00    0.00   12.81    0.25    0.00    0.00    2.76
20:13:42     all   55.36    0.00   29.43    0.00    0.00   13.72    0.00    0.00    0.00    1.50
20:13:43     all   53.88    0.00   29.07    0.00    0.00   13.03    0.00    0.00    0.00    4.01
20:13:44     all   54.27    0.00   30.40    0.00    0.00   13.57    0.00    0.00    0.00    1.76
20:13:45     all   53.37    0.00   30.42    0.00    0.00   14.21    0.00    0.00    0.00    2.00
20:13:46     all   53.63    0.00   31.08    0.00    0.00   14.04    0.00    0.00    0.00    1.25
20:13:47     all   54.89    0.00   30.33    0.00    0.00   13.78    0.00    0.00    0.00    1.00
20:13:48     all   54.86    0.00   29.68    0.00    0.00   14.21    0.25    0.00    0.00    1.00
20:13:49     all   55.64    0.00   29.82    0.00    0.00   13.53    0.00    0.00    0.00    1.00
20:13:50     all   55.50    0.00   30.50    0.00    0.00   13.25    0.25    0.00    0.00    0.50
20:13:51     all   56.39    0.00   29.57    0.00    0.00   11.53    0.00    0.00    0.00    2.51
20:13:52     all   53.87    0.00   29.68    0.00    0.00   12.72    0.00    0.00    0.00    3.74
20:13:53     all   54.64    0.00   30.33    0.00    0.00   14.54    0.00    0.00    0.00    0.50
20:13:54     all   54.16    0.00   30.48    0.00    0.00   14.61    0.00    0.00    0.00    0.76
20:13:55     all   53.96    0.00   30.94    0.00    0.00   12.87    0.00    0.00    0.00    2.23
20:13:56     all   54.80    0.00   30.81    0.00    0.00   13.89    0.00    0.00    0.00    0.51
20:13:57     all   54.89    0.00   28.82    0.00    0.00   14.04    0.00    0.00    0.00    2.26
20:13:58     all   53.62    0.00   30.17    0.00    0.00   15.21    0.25    0.00    0.00    0.75
20:13:59     all   54.61    0.00   30.42    0.00    0.00   13.97    0.25    0.00    0.00    0.75
20:14:00     all   46.31    0.00   26.85    0.00    0.00   12.56    0.00    0.00    0.00   14.29
20:14:01     all   55.25    0.00   29.50    0.00    0.00   14.25    0.00    0.00    0.00    1.00
20:14:02     all   55.36    0.00   30.17    0.00    0.00   13.72    0.00    0.00    0.00    0.75
20:14:03     all   54.25    0.00   30.50    0.00    0.00   14.50    0.00    0.00    0.00    0.75
20:14:04     all   54.50    0.00   28.25    0.00    0.00   13.75    0.00    0.00    0.00    3.50
20:14:05     all   54.39    0.00   29.82    0.00    0.00   13.28    0.00    0.00    0.00    2.51
20:14:06     all   54.75    0.00   28.75    0.00    0.00   12.25    0.00    0.00    0.00    4.25
20:14:07     all   56.31    0.00   28.54    0.00    0.00   10.86    0.25    0.00    0.00    4.04
20:14:08     all   55.83    0.00   30.52    0.00    0.00   11.91    0.25    0.00    0.00    1.49
20:14:09     all   54.64    0.00   30.83    0.00    0.00   13.78    0.00    0.00    0.00    0.75
20:14:10     all   55.50    0.00   30.00    0.00    0.00   13.75    0.00    0.00    0.00    0.75
20:14:11     all   55.11    0.00   30.92    0.00    0.00   13.22    0.00    0.00    0.00    0.75
20:14:12     all   55.67    0.00   29.47    0.00    0.00   13.85    0.00    0.00    0.00    1.01
20:14:13     all   54.02    0.00   30.65    0.00    0.00   13.07    0.00    0.00    0.00    2.26
20:14:14     all   53.37    0.00   30.92    0.00    0.00   14.21    0.00    0.00    0.00    1.50
20:14:15     all   54.50    0.00   28.25    0.00    0.00   13.50    0.25    0.00    0.00    3.50
20:14:16     all   54.16    0.00   27.96    0.00    0.00   13.10    0.00    0.00    0.00    4.79
20:14:17     all   54.25    0.00   29.75    0.00    0.00   14.00    0.25    0.00    0.00    1.75
20:14:18     all   54.25    0.00   29.50    0.00    0.00   13.00    0.00    0.00    0.00    3.25
20:14:19     all   55.36    0.00   29.43    0.00    0.00   13.97    0.00    0.00    0.00    1.25
20:14:20     all   53.77    0.00   28.89    0.00    0.00   13.32    0.00    0.00    0.00    4.02
20:14:21     all   56.36    0.00   30.17    0.00    0.00   12.22    0.00    0.00    0.00    1.25
20:14:22     all   56.39    0.00   28.82    0.00    0.00   14.04    0.00    0.00    0.00    0.75
20:14:23     all   54.25    0.00   30.50    0.00    0.00   14.25    0.00    0.00    0.00    1.00
20:14:24     all   54.64    0.00   29.57    0.00    0.00   12.53    0.25    0.00    0.00    3.01
20:14:25     all   56.50    0.00   29.50    0.00    0.00   13.00    0.00    0.00    0.00    1.00
20:14:26     all   54.66    0.00   29.47    0.00    0.00   13.60    0.00    0.00    0.00    2.27
20:14:27     all   54.75    0.00   30.00    0.00    0.00   14.25    0.00    0.00    0.00    1.00
20:14:28     all   56.28    0.00   29.40    0.00    0.00   12.56    0.25    0.00    0.00    1.51
20:14:29     all   54.52    0.00   28.89    0.00    0.00   12.81    0.00    0.00    0.00    3.77
20:14:30     all   45.91    0.00   27.54    0.00    0.00   11.66    0.00    0.00    0.00   14.89
20:14:31     all   54.50    0.00   29.75    0.00    0.00   13.00    0.00    0.00    0.00    2.75
20:14:32     all   55.78    0.00   30.90    0.00    0.00   12.56    0.00    0.00    0.00    0.75
20:14:33     all   56.50    0.00   29.50    0.00    0.00   13.00    0.00    0.00    0.00    1.00
20:14:34     all   55.78    0.00   29.15    0.00    0.00   13.57    0.25    0.00    0.00    1.26
20:14:35     all   54.75    0.00   29.75    0.00    0.00   14.00    0.25    0.00    0.00    1.25
20:14:36     all   54.11    0.00   29.93    0.00    0.00   13.97    0.00    0.00    0.00    2.00
20:14:37     all   55.28    0.00   30.65    0.00    0.00   12.56    0.00    0.00    0.00    1.51
20:14:38     all   55.81    0.00   29.29    0.00    0.00   13.13    0.00    0.00    0.00    1.77
20:14:39     all   54.41    0.00   29.47    0.00    0.00   11.59    0.00    0.00    0.00    4.53
20:14:40     all   52.61    0.00   31.51    0.00    0.00   12.90    0.00    0.00    0.00    2.98
20:14:41     all   56.74    0.00   30.03    0.00    0.00   11.70    0.00    0.00    0.00    1.53
20:14:42     all   55.22    0.00   27.61    0.00    0.00   13.18    0.00    0.00    0.00    3.98
20:14:43     all   54.61    0.00   29.68    0.00    0.00   14.21    0.00    0.00    0.00    1.50
20:14:44     all   54.77    0.00   29.40    0.00    0.00   13.57    0.25    0.00    0.00    2.01
20:14:45     all   54.36    0.00   30.92    0.00    0.00   14.21    0.00    0.00    0.00    0.50
20:14:46     all   54.98    0.00   31.09    0.00    0.00   12.19    0.25    0.00    0.00    1.49
20:14:47     all   55.81    0.00   30.56    0.00    0.00   13.13    0.00    0.00    0.00    0.51
20:14:48     all   54.61    0.00   28.18    0.00    0.00   14.21    0.25    0.00    0.00    2.74
20:14:49     all   55.00    0.00   30.00    0.00    0.00   13.25    0.00    0.00    0.00    1.75
20:14:50     all   55.53    0.00   29.65    0.00    0.00   14.07    0.00    0.00    0.00    0.75
20:14:51     all   52.85    0.00   28.54    0.00    0.00   13.65    0.25    0.00    0.00    4.71
20:14:52     all   52.50    0.00   31.50    0.00    0.00   14.25    0.00    0.00    0.00    1.75
20:14:53     all   53.92    0.00   29.11    0.00    0.00   14.68    0.00    0.00    0.00    2.28
20:14:54     all   53.22    0.00   30.45    0.00    0.00   13.86    0.00    0.00    0.00    2.48
20:14:55     all   55.81    0.00   30.30    0.00    0.00   13.89    0.00    0.00    0.00    0.00
20:14:56     all   54.50    0.00   30.25    0.00    0.00   13.50    0.00    0.00    0.00    1.75
20:14:57     all   55.14    0.00   29.82    0.00    0.00   13.78    0.00    0.00    0.00    1.25
20:14:58     all   55.05    0.00   29.55    0.00    0.00   13.89    0.00    0.00    0.00    1.52
20:14:59     all   54.52    0.00   30.90    0.00    0.00   13.82    0.00    0.00    0.00    0.75
20:15:00     all   29.85    0.00   15.67    0.00    0.00    6.72    0.00    0.00    0.00   47.76
20:15:01     all   15.70    0.00    5.57    0.00    0.00    2.53    0.25    0.00    0.00   75.95
20:15:02     all   31.31    0.00   11.36    0.00    0.00    4.55    0.00    0.00    0.00   52.78
20:15:03     all   25.50    0.00   12.25    0.00    0.00    4.25    0.00    0.00    0.00   58.00
20:15:04     all   30.73    0.00   12.59    0.00    0.00    3.27    0.25    0.00    0.00   53.15
20:15:05     all   23.87    0.00   11.56    0.00    0.00    3.02    0.25    0.00    0.00   61.31
20:15:06     all   31.06    0.00   11.62    0.00    0.00    2.78    0.25    0.00    0.00   54.29
20:15:07     all   22.61    0.00   11.81    0.00    0.00    3.27    0.00    0.00    0.00   62.31
20:15:08     all   29.04    0.00   11.11    0.00    0.00    3.79    0.00    0.00    0.00   56.06
20:15:09     all   21.75    0.00   11.00    0.00    0.00    3.50    0.00    0.00    0.00   63.75
20:15:10     all   26.26    0.00   11.62    0.00    0.00    2.78    0.00    0.00    0.00   59.34
20:15:11     all   23.75    0.00   11.25    0.00    0.00    3.75    0.00    0.00    0.00   61.25
20:15:12     all   27.92    0.00   12.18    0.00    0.00    4.57    0.00    0.00    0.00   55.33
20:15:13     all   26.08    0.00    8.10    0.00    0.00    3.29    0.00    0.00    0.00   62.53
20:15:14     all   26.08    0.00    9.37    0.00    0.00    3.04    0.00    0.00    0.00   61.52
20:15:15     all   22.75    0.00   11.25    0.00    0.00    3.75    0.00    0.00    0.00   62.25
20:15:16     all   27.59    0.00   10.63    0.00    0.00    3.04    0.00    0.00    0.00   58.73
20:15:17     all   24.31    0.00   11.78    0.00    0.00    3.76    0.00    0.00    0.00   60.15
20:15:18     all   27.92    0.00   10.91    0.00    0.00    3.30    0.00    0.00    0.00   57.87
20:15:19     all   24.50    0.00   11.50    0.00    0.00    3.75    0.00    0.00    0.00   60.25
20:15:20     all   25.44    0.00   10.83    0.00    0.00    2.77    0.00    0.00    0.00   60.96
20:15:21     all   23.56    0.00   11.78    0.00    0.00    3.51    0.00    0.00    0.00   61.15
20:15:22     all   28.82    0.00   11.03    0.00    0.00    3.01    0.00    0.00    0.00   57.14
20:15:23     all   22.81    0.00   10.78    0.00    0.00    4.51    0.25    0.00    0.00   61.65
20:15:24     all   25.44    0.00    9.32    0.00    0.00    3.02    0.25    0.00    0.00   61.96
20:15:25     all   23.43    0.00    9.82    0.00    0.00    3.53    0.25    0.00    0.00   62.97
20:15:26     all   23.29    0.00   10.63    0.00    0.00    2.53    0.00    0.00    0.00   63.54
20:15:27     all   25.44    0.00   11.59    0.00    0.00    3.02    0.25    0.00    0.00   59.70
20:15:28     all   21.25    0.00   11.25    0.00    0.00    4.25    0.00    0.00    0.00   63.25
20:15:29     all   23.74    0.00   11.11    0.00    0.00    3.03    0.00    0.00    0.00   62.12
20:15:30     all   16.92    0.00    8.33    0.00    0.00    2.53    0.00    0.00    0.00   72.22
20:15:31     all    8.84    0.00    3.28    0.00    0.00    1.77    0.00    0.00    0.00   86.11
20:15:32     all   51.52    0.00   14.39    0.00    0.00    6.57    0.00    0.00    0.00   27.53
20:15:33     all   69.19    0.00   13.13    0.00    0.00    5.56    0.00    0.00    0.00   12.12
20:15:34     all   68.84    0.00   13.07    0.00    0.00    5.28    0.00    0.00    0.00   12.81
20:15:35     all   60.10    0.00   13.64    0.00    0.00    7.07    0.00    0.00    0.00   19.19
20:15:36     all   54.77    0.00   13.82    0.00    0.00    7.54    0.00    0.00    0.00   23.87
20:15:37     all   64.90    0.00   12.88    0.00    0.00    7.32    0.00    0.00    0.00   14.90
20:15:38     all   56.60    0.00   14.97    0.00    0.00    8.12    0.00    0.00    0.00   20.30
20:15:39     all   65.25    0.00   14.00    0.00    0.00    7.50    0.00    0.00    0.00   13.25
20:15:40     all   57.58    0.00   14.90    0.00    0.00    8.33    0.25    0.00    0.00   18.94
20:15:41     all   60.86    0.00   14.65    0.00    0.00    7.83    0.00    0.00    0.00   16.67
20:15:42     all   72.47    0.00   14.65    0.00    0.00    7.32    0.00    0.00    0.00    5.56
20:15:43     all   70.18    0.00   11.28    0.00    0.00    6.02    0.00    0.00    0.00   12.53
20:15:44     all   66.67    0.00   13.28    0.00    0.00    7.52    0.00    0.00    0.00   12.53
20:15:45     all   68.18    0.00   13.13    0.00    0.00    8.84    0.00    0.00    0.00    9.85
20:15:46     all   57.68    0.00   15.11    0.00    0.00    9.32    0.00    0.00    0.00   17.88
20:15:47     all   64.66    0.00   12.03    0.00    0.00    7.77    0.00    0.00    0.00   15.54
20:15:48     all   59.95    0.00   14.36    0.00    0.00    6.80    0.00    0.00    0.00   18.89
20:15:49     all   67.50    0.00   13.25    0.00    0.00    7.00    0.00    0.00    0.00   12.25
20:15:50     all   63.07    0.00   14.32    0.00    0.00    7.29    0.00    0.00    0.00   15.33
20:15:51     all   69.11    0.00   13.92    0.00    0.00    6.84    0.25    0.00    0.00    9.87
20:15:52     all   58.10    0.00   15.46    0.00    0.00    7.98    0.25    0.00    0.00   18.20
20:15:53     all   70.18    0.00   14.54    0.00    0.00    6.52    0.00    0.00    0.00    8.77
20:15:54     all   71.43    0.00   13.53    0.00    0.00    6.77    0.25    0.00    0.00    8.02
20:15:55     all   67.09    0.00   11.81    0.00    0.00    6.03    0.00    0.00    0.00   15.08
20:15:56     all   72.25    0.00   10.00    0.00    0.00    5.50    0.00    0.00    0.00   12.25
20:15:57     all   61.52    0.00   11.90    0.00    0.00    6.33    0.00    0.00    0.00   20.25
20:15:58     all   64.57    0.00   13.57    0.00    0.00    7.04    0.00    0.00    0.00   14.82
20:15:59     all   67.67    0.00   14.29    0.00    0.00    7.52    0.00    0.00    0.00   10.53
20:16:00     all   53.40    0.00   10.08    0.00    0.00    5.29    0.00    0.00    0.00   31.23
20:16:01     all    9.11    0.00    2.78    0.00    0.00    1.77    0.00    0.00    0.00   86.33
20:16:02     all   49.75    0.00   12.56    0.00    0.00    8.79    0.00    0.00    0.00   28.89
20:16:03     all   66.00    0.00   13.50    0.00    0.00   10.00    0.00    0.00    0.00   10.50
20:16:04     all   73.37    0.00   12.56    0.00    0.00    7.79    0.00    0.00    0.00    6.28
20:16:05     all   74.43    0.00   10.63    0.00    0.00    7.09    0.00    0.00    0.00    7.85
20:16:06     all   81.22    0.00    7.87    0.00    0.00    2.79    0.00    0.00    0.00    8.12
20:16:07     all   79.75    0.00    6.25    0.00    0.00    3.00    0.00    0.00    0.00   11.00
20:16:08     all   77.22    0.00    7.59    0.00    0.00    4.05    0.00    0.00    0.00   11.14
20:16:09     all   77.50    0.00    6.25    0.00    0.00    3.00    0.25    0.00    0.00   13.00
20:16:10     all   75.63    0.00    8.79    0.00    0.00    4.77    0.00    0.00    0.00   10.80
20:16:11     all   76.69    0.00    9.52    0.00    0.00    5.01    0.00    0.00    0.00    8.77
20:16:12     all   76.88    0.00    8.29    0.00    0.00    4.52    0.00    0.00    0.00   10.30
20:16:13     all   76.00    0.00   11.25    0.00    0.00    6.50    0.00    0.00    0.00    6.25
20:16:14     all   79.35    0.00    8.82    0.00    0.00    4.53    0.00    0.00    0.00    7.30
20:16:15     all   76.38    0.00    9.55    0.00    0.00    4.27    0.00    0.00    0.00    9.80
20:16:16     all   76.50    0.00    9.50    0.00    0.00    5.25    0.00    0.00    0.00    8.75
20:16:17     all   78.89    0.00   11.06    0.00    0.00    5.03    0.00    0.00    0.00    5.03
20:16:18     all   77.86    0.00    8.96    0.00    0.00    4.23    0.00    0.00    0.00    8.96
20:16:19     all   76.44    0.00   10.03    0.00    0.00    5.76    0.00    0.00    0.00    7.77
20:16:20     all   77.39    0.00    7.79    0.00    0.00    4.27    0.00    0.00    0.00   10.55
20:16:21     all   77.44    0.00    8.77    0.00    0.00    3.76    0.25    0.00    0.00    9.77
20:16:22     all   80.90    0.00    5.03    0.00    0.00    2.76    0.00    0.00    0.00   11.31
20:16:23     all   76.88    0.00    7.79    0.00    0.00    3.77    0.00    0.00    0.00   11.56
20:16:24     all   75.50    0.00    8.75    0.00    0.00    4.50    0.00    0.00    0.00   11.25
20:16:25     all   72.80    0.00    9.82    0.00    0.00    5.04    0.00    0.00    0.00   12.34
20:16:26     all   77.25    0.00    8.00    0.00    0.00    3.75    0.00    0.00    0.00   11.00
20:16:27     all   75.63    0.00    9.30    0.00    0.00    4.02    0.00    0.00    0.00   11.06
20:16:28     all   77.47    0.00    8.86    0.00    0.00    4.81    0.25    0.00    0.00    8.61
20:16:29     all   78.70    0.00    8.52    0.00    0.00    3.76    0.25    0.00    0.00    8.77
20:16:30     all   77.56    0.00    8.73    0.00    0.00    4.49    0.00    0.00    0.00    9.23
20:16:31     all    9.07    0.00    4.03    0.00    0.00    1.76    0.00    0.00    0.00   85.14
20:16:32     all   39.05    0.00   12.44    0.00    0.00    7.21    0.00    0.00    0.00   41.29
20:16:33     all   64.18    0.00   13.18    0.00    0.00   10.45    0.00    0.00    0.00   12.19
20:16:34     all   72.54    0.00   12.09    0.00    0.00    5.79    0.00    0.00    0.00    9.57
20:16:35     all   71.07    0.00   10.66    0.00    0.00    7.87    0.00    0.00    0.00   10.41
20:16:36     all   78.05    0.00    8.23    0.00    0.00    5.49    0.00    0.00    0.00    8.23
20:16:37     all   87.09    0.00    3.04    0.00    0.00    1.77    0.00    0.00    0.00    8.10
20:16:38     all   56.68    0.00    3.78    0.00    0.00    5.29    0.25    0.00    0.00   34.01
20:16:39     all    0.00    0.00    0.00    0.00    0.00   16.62    0.00    0.00    0.00   83.38
20:16:40     all    0.00    0.00    0.00    0.00    0.00   13.79    0.00    0.00    0.00   86.21
20:16:41     all    0.00    0.00    0.00    0.00    0.00    6.38    0.00    0.00    0.00   93.62
20:16:42     all    0.00    0.00    0.00    0.00    0.00    3.72    0.31    0.00    0.00   95.98
20:16:43     all    0.00    0.00    0.00    0.31    0.00    4.64    0.00    0.00    0.00   95.05
20:16:44     all    0.00    0.00    0.00    0.00    0.00    3.70    0.00    0.00    0.00   96.30
20:16:45     all    0.00    0.00    0.00    0.00    0.00    4.38    0.00    0.00    0.00   95.62
20:16:46     all    0.00    0.00    0.00    0.00    0.00    4.64    0.00    0.00    0.00   95.36
20:16:47     all    0.00    0.00    0.00    0.00    0.00    4.97    0.00    0.00    0.00   95.03
20:16:48     all    0.00    0.00    0.00    0.00    0.00    6.12    0.00    0.00    0.00   93.88
20:16:49     all    0.00    0.00    0.00    0.00    0.00    4.41    0.00    0.00    0.00   95.59
20:16:50     all    0.00    0.00    0.00    0.00    0.00    2.97    0.00    0.00    0.00   97.03
20:16:51     all    0.00    0.00    0.00    0.00    0.00    3.60    0.00    0.00    0.00   96.40
20:16:52     all    0.00    0.00    0.00    0.00    0.00    2.45    0.31    0.00    0.00   97.24
20:16:53     all    0.00    0.00    0.00    0.00    0.00    2.80    0.00    0.00    0.00   97.20
20:16:54     all    0.00    0.00    0.00    0.00    0.00    2.81    0.00    0.00    0.00   97.19
20:16:55     all    0.00    0.00    0.00    0.00    0.00    4.97    0.00    0.00    0.00   95.03
20:16:56     all    0.00    0.00    0.00    0.00    0.00    4.05    0.00    0.00    0.00   95.95
20:16:57     all    0.00    0.00    0.00    0.00    0.00    3.13    0.00    0.00    0.00   96.87
20:16:58     all    0.00    0.00    0.00    0.00    0.00    3.47    0.00    0.00    0.00   96.53
20:16:59     all    0.00    0.00    0.00    0.00    0.00    3.76    0.00    0.00    0.00   96.24
20:17:00     all    0.00    0.00    0.00    0.00    0.00    4.32    0.00    0.00    0.00   95.68
20:17:01     all    5.11    0.00    1.88    0.00    0.00    0.81    0.00    0.00    0.00   92.20
