Running 30s test @ http://10.116.0.2:8080/block?ms=100
  4 threads and 2000 connections
  Thread calibration: mean lat.: 3036.203ms, rate sampling interval: 11739ms
  Thread calibration: mean lat.: 3047.389ms, rate sampling interval: 11706ms
  Thread calibration: mean lat.: 3046.708ms, rate sampling interval: 11673ms
  Thread calibration: mean lat.: 3018.456ms, rate sampling interval: 11698ms
  Thread Stats   Avg      Stdev     Max   +/- Stdev
    Latency    11.06s     3.10s   20.19s    62.20%
    Req/Sec     1.94k     6.50     1.95k    50.00%
  Latency Distribution (HdrHistogram - Recorded Latency)
 50.000%   10.72s 
 75.000%   13.34s 
 90.000%   15.60s 
 99.000%   18.04s 
 99.900%   19.22s 
 99.990%   19.87s 
 99.999%   20.10s 
100.000%   20.20s 

  Detailed Percentile spectrum:
       Value   Percentile   TotalCount 1/(1-Percentile)

    4988.927     0.000000            1         1.00
    7229.439     0.100000        12820         1.11
    8085.503     0.200000        25646         1.25
    8937.471     0.300000        38511         1.43
    9805.823     0.400000        51306         1.67
   10723.327     0.500000        64123         2.00
   11173.887     0.550000        70565         2.22
   11624.447     0.600000        77006         2.50
   12115.967     0.650000        83395         2.86
   12681.215     0.700000        89784         3.33
   13344.767     0.750000        96207         4.00
   13697.023     0.775000        99355         4.44
   14065.663     0.800000       102644         5.00
   14409.727     0.825000       105780         5.71
   14786.559     0.850000       109022         6.67
   15163.391     0.875000       112185         8.00
   15376.383     0.887500       113775         8.89
   15597.567     0.900000       115414        10.00
   15826.943     0.912500       117008        11.43
   16064.511     0.925000       118599        13.33
   16326.655     0.937500       120209        16.00
   16474.111     0.943750       121019        17.78
   16621.567     0.950000       121792        20.00
   16793.599     0.956250       122616        22.86
   16973.823     0.962500       123444        26.67
   17154.047     0.968750       124226        32.00
   17252.351     0.971875       124625        35.56
   17350.655     0.975000       124997        40.00
   17465.343     0.978125       125429        45.71
   17580.031     0.981250       125811        53.33
   17727.487     0.984375       126233        64.00
   17793.023     0.985938       126393        71.11
   17874.943     0.987500       126606        80.00
   17973.247     0.989062       126810        91.43
   18071.551     0.990625       127000       106.67
   18186.239     0.992188       127191       128.00
   18268.159     0.992969       127315       142.22
   18333.695     0.993750       127408       160.00
   18399.231     0.994531       127497       182.86
   18497.535     0.995313       127600       213.33
   18595.839     0.996094       127695       256.00
   18661.375     0.996484       127748       284.44
   18726.911     0.996875       127792       320.00
   18776.063     0.997266       127841       365.71
   18874.367     0.997656       127898       426.67
   18956.287     0.998047       127945       512.00
   18989.055     0.998242       127966       568.89
   19054.591     0.998437       127993       640.00
   19120.127     0.998633       128018       731.43
   19185.663     0.998828       128049       853.33
   19234.815     0.999023       128068      1024.00
   19267.583     0.999121       128081      1137.78
   19300.351     0.999219       128094      1280.00
   19365.887     0.999316       128105      1462.86
   19415.039     0.999414       128119      1706.67
   19464.191     0.999512       128129      2048.00
   19480.575     0.999561       128136      2275.56
   19513.343     0.999609       128142      2560.00
   19562.495     0.999658       128149      2925.71
   19595.263     0.999707       128154      3413.33
   19644.415     0.999756       128160      4096.00
   19677.183     0.999780       128164      4551.11
   19709.951     0.999805       128167      5120.00
   19759.103     0.999829       128170      5851.43
   19808.255     0.999854       128174      6826.67
   19824.639     0.999878       128176      8192.00
   19841.023     0.999890       128177      9102.22
   19873.791     0.999902       128179     10240.00
   19906.559     0.999915       128181     11702.86
   19922.943     0.999927       128182     13653.33
   19972.095     0.999939       128185     16384.00
   19972.095     0.999945       128185     18204.44
   19972.095     0.999951       128185     20480.00
   20004.863     0.999957       128187     23405.71
   20004.863     0.999963       128187     27306.67
   20054.015     0.999969       128188     32768.00
   20054.015     0.999973       128188     36408.89
   20054.015     0.999976       128188     40960.00
   20070.399     0.999979       128189     46811.43
   20070.399     0.999982       128189     54613.33
   20103.167     0.999985       128190     65536.00
   20103.167     0.999986       128190     72817.78
   20103.167     0.999988       128190     81920.00
   20103.167     0.999989       128190     93622.86
   20103.167     0.999991       128190    109226.67
   20201.471     0.999992       128191    131072.00
   20201.471     1.000000       128191          inf
#[Mean    =    11063.335, StdDeviation   =     3099.594]
#[Max     =    20185.088, Total count    =       128191]
#[Buckets =           27, SubBuckets     =         2048]
----------------------------------------------------------
  210934 requests in 30.00s, 24.14MB read
  Socket errors: connect 0, read 0, write 0, timeout 859
Requests/sec:   7031.09
Transfer/sec:    823.96KB
