Running 30s test @ http://10.116.0.2:8080/block?ms=100
  4 threads and 2000 connections
  Thread calibration: mean lat.: 1040.198ms, rate sampling interval: 3624ms
  Thread calibration: mean lat.: 1049.678ms, rate sampling interval: 3645ms
  Thread calibration: mean lat.: 1051.582ms, rate sampling interval: 3645ms
  Thread calibration: mean lat.: 1052.256ms, rate sampling interval: 3624ms
  Thread Stats   Avg      Stdev     Max   +/- Stdev
    Latency     3.85s     1.11s    7.05s    59.84%
    Req/Sec     3.56k   206.57     3.93k    68.75%
  Latency Distribution (HdrHistogram - Recorded Latency)
 50.000%    3.97s 
 75.000%    4.78s 
 90.000%    5.26s 
 99.000%    5.89s 
 99.900%    6.25s 
 99.990%    6.74s 
 99.999%    7.02s 
100.000%    7.06s 

  Detailed Percentile spectrum:
       Value   Percentile   TotalCount 1/(1-Percentile)

    1412.095     0.000000            1         1.00
    2293.759     0.100000        25184         1.11
    2697.215     0.200000        50420         1.25
    3067.903     0.300000        75527         1.43
    3506.175     0.400000       100631         1.67
    3971.071     0.500000       125792         2.00
    4171.775     0.550000       138492         2.22
    4341.759     0.600000       150976         2.50
    4497.407     0.650000       163541         2.86
    4644.863     0.700000       176269         3.33
    4784.127     0.750000       188677         4.00
    4857.855     0.775000       195217         4.44
    4931.583     0.800000       201487         5.00
    5005.311     0.825000       207639         5.71
    5083.135     0.850000       214137         6.67
    5165.055     0.875000       220196         8.00
    5210.111     0.887500       223403         8.89
    5255.167     0.900000       226437        10.00
    5308.415     0.912500       229778        11.43
    5357.567     0.925000       232722        13.33
    5419.007     0.937500       235847        16.00
    5455.871     0.943750       237489        17.78
    5492.735     0.950000       239174        20.00
    5533.695     0.956250       240692        22.86
    5574.655     0.962500       242205        26.67
    5623.807     0.968750       243785        32.00
    5652.479     0.971875       244598        35.56
    5681.151     0.975000       245347        40.00
    5709.823     0.978125       246091        45.71
    5746.687     0.981250       246866        53.33
    5795.839     0.984375       247701        64.00
    5816.319     0.985938       248039        71.11
    5840.895     0.987500       248461        80.00
    5869.567     0.989062       248856        91.43
    5902.335     0.990625       249262       106.67
    5926.911     0.992188       249603       128.00
    5947.391     0.992969       249840       142.22
    5967.871     0.993750       250023       160.00
    5992.447     0.994531       250218       182.86
    6017.023     0.995313       250403       213.33
    6041.599     0.996094       250592       256.00
    6053.887     0.996484       250691       284.44
    6070.271     0.996875       250791       320.00
    6094.847     0.997266       250900       365.71
    6115.327     0.997656       250985       426.67
    6139.903     0.998047       251082       512.00
    6152.191     0.998242       251127       568.89
    6168.575     0.998437       251182       640.00
    6189.055     0.998633       251234       731.43
    6213.631     0.998828       251275       853.33
    6266.879     0.999023       251327      1024.00
    6287.359     0.999121       251352      1137.78
    6303.743     0.999219       251372      1280.00
    6332.415     0.999316       251399      1462.86
    6361.087     0.999414       251425      1706.67
    6410.239     0.999512       251446      2048.00
    6426.623     0.999561       251458      2275.56
    6443.007     0.999609       251471      2560.00
    6463.487     0.999658       251485      2925.71
    6488.063     0.999707       251495      3413.33
    6545.407     0.999756       251508      4096.00
    6553.599     0.999780       251513      4551.11
    6610.943     0.999805       251519      5120.00
    6655.999     0.999829       251526      5851.43
    6684.671     0.999854       251532      6826.67
    6717.439     0.999878       251538      8192.00
    6733.823     0.999890       251542      9102.22
    6737.919     0.999902       251545     10240.00
    6746.111     0.999915       251547     11702.86
    6766.591     0.999927       251550     13653.33
    6860.799     0.999939       251554     16384.00
    6881.279     0.999945       251555     18204.44
    6905.855     0.999951       251556     20480.00
    6995.967     0.999957       251559     23405.71
    6995.967     0.999963       251559     27306.67
    7000.063     0.999969       251561     32768.00
    7008.255     0.999973       251562     36408.89
    7008.255     0.999976       251562     40960.00
    7016.447     0.999979       251563     46811.43
    7020.543     0.999982       251564     54613.33
    7024.639     0.999985       251565     65536.00
    7024.639     0.999986       251565     72817.78
    7024.639     0.999988       251565     81920.00
    7032.831     0.999989       251567     93622.86
    7032.831     0.999991       251567    109226.67
    7032.831     0.999992       251567    131072.00
    7032.831     0.999993       251567    145635.56
    7032.831     0.999994       251567    163840.00
    7032.831     0.999995       251567    187245.71
    7032.831     0.999995       251567    218453.33
    7057.407     0.999996       251568    262144.00
    7057.407     1.000000       251568          inf
#[Mean    =     3852.732, StdDeviation   =     1109.091]
#[Max     =     7053.312, Total count    =       251568]
#[Buckets =           27, SubBuckets     =         2048]
----------------------------------------------------------
  416838 requests in 30.00s, 47.70MB read
Requests/sec:  13893.35
Transfer/sec:      1.59MB
