Running 30s test @ http://10.116.0.2:8080/json
  4 threads and 256 connections
  Thread calibration: mean lat.: 2732.763ms, rate sampling interval: 10313ms
  Thread calibration: mean lat.: 2734.296ms, rate sampling interval: 10321ms
  Thread calibration: mean lat.: 2739.120ms, rate sampling interval: 9814ms
  Thread calibration: mean lat.: 2733.193ms, rate sampling interval: 10346ms
  Thread Stats   Avg      Stdev     Max   +/- Stdev
    Latency    11.49s     3.37s   17.78s    57.67%
    Req/Sec    12.26k    37.32    12.31k    60.00%
  Latency Distribution (HdrHistogram - Recorded Latency)
 50.000%   11.49s 
 75.000%   14.40s 
 90.000%   16.15s 
 99.000%   17.29s 
 99.900%   17.55s 
 99.990%   17.71s 
 99.999%   17.78s 
100.000%   17.79s 

  Detailed Percentile spectrum:
       Value   Percentile   TotalCount 1/(1-Percentile)

    5242.879     0.000000            4         1.00
    6832.127     0.100000        96437         1.11
    7979.007     0.200000       192801         1.25
    9142.271     0.300000       289534         1.43
   10330.111     0.400000       385718         1.67
   11493.375     0.500000       481897         2.00
   12075.007     0.550000       530446         2.22
   12640.255     0.600000       578327         2.50
   13221.887     0.650000       626609         2.86
   13795.327     0.700000       674609         3.33
   14401.535     0.750000       723175         4.00
   14696.447     0.775000       746982         4.44
   14999.551     0.800000       771457         5.00
   15294.463     0.825000       795506         5.71
   15581.183     0.850000       819488         6.67
   15867.903     0.875000       843764         8.00
   16007.167     0.887500       855313         8.89
   16154.623     0.900000       867717        10.00
   16302.079     0.912500       879924        11.43
   16449.535     0.925000       891826        13.33
   16596.991     0.937500       903808        16.00
   16670.719     0.943750       909783        17.78
   16744.447     0.950000       915773        20.00
   16826.367     0.956250       922381        22.86
   16891.903     0.962500       927554        26.67
   16973.823     0.968750       934009        32.00
   17022.975     0.971875       937742        35.56
   17055.743     0.975000       940132        40.00
   17104.895     0.978125       943587        45.71
   17137.663     0.981250       945815        53.33
   17186.815     0.984375       949083        64.00
   17219.583     0.985938       951130        71.11
   17235.967     0.987500       952116        80.00
   17268.735     0.989062       953959        91.43
   17285.119     0.990625       954858       106.67
   17317.887     0.992188       956526       128.00
   17334.271     0.992969       957278       142.22
   17350.655     0.993750       957979       160.00
   17367.039     0.994531       958605       182.86
   17383.423     0.995313       959214       213.33
   17416.191     0.996094       960262       256.00
   17432.575     0.996484       960703       284.44
   17432.575     0.996875       960703       320.00
   17448.959     0.997266       961105       365.71
   17465.343     0.997656       961465       426.67
   17481.727     0.998047       961817       512.00
   17498.111     0.998242       962102       568.89
   17514.495     0.998437       962356       640.00
   17530.879     0.998633       962579       731.43
   17530.879     0.998828       962579       853.33
   17547.263     0.999023       962778      1024.00
   17563.647     0.999121       962932      1137.78
   17563.647     0.999219       962932      1280.00
   17580.031     0.999316       963059      1462.86
   17596.415     0.999414       963170      1706.67
   17612.799     0.999512       963284      2048.00
   17612.799     0.999561       963284      2275.56
   17629.183     0.999609       963366      2560.00
   17629.183     0.999658       963366      2925.71
   17645.567     0.999707       963437      3413.33
   17661.951     0.999756       963481      4096.00
   17661.951     0.999780       963481      4551.11
   17678.335     0.999805       963532      5120.00
   17678.335     0.999829       963532      5851.43
   17694.719     0.999854       963575      6826.67
   17694.719     0.999878       963575      8192.00
   17711.103     0.999890       963615      9102.22
   17711.103     0.999902       963615     10240.00
   17711.103     0.999915       963615     11702.86
   17711.103     0.999927       963615     13653.33
   17727.487     0.999939       963644     16384.00
   17727.487     0.999945       963644     18204.44
   17727.487     0.999951       963644     20480.00
   17727.487     0.999957       963644     23405.71
   17743.871     0.999963       963659     27306.67
   17743.871     0.999969       963659     32768.00
   17743.871     0.999973       963659     36408.89
   17760.255     0.999976       963671     40960.00
   17760.255     0.999979       963671     46811.43
   17760.255     0.999982       963671     54613.33
   17760.255     0.999985       963671     65536.00
   17760.255     0.999986       963671     72817.78
   17776.639     0.999988       963680     81920.00
   17776.639     0.999989       963680     93622.86
   17776.639     0.999991       963680    109226.67
   17776.639     0.999992       963680    131072.00
   17776.639     0.999993       963680    145635.56
   17776.639     0.999994       963680    163840.00
   17776.639     0.999995       963680    187245.71
   17776.639     0.999995       963680    218453.33
   17776.639     0.999996       963680    262144.00
   17776.639     0.999997       963680    291271.11
   17793.023     0.999997       963683    327680.00
   17793.023     1.000000       963683          inf
#[Mean    =    11485.684, StdDeviation   =     3370.403]
#[Max     =    17776.640, Total count    =       963683]
#[Buckets =           27, SubBuckets     =         2048]
----------------------------------------------------------
  1475431 requests in 30.00s, 187.41MB read
Requests/sec:  49181.27
Transfer/sec:      6.25MB
