1790885827 193956
1790885828 202964
1790885829 211152
1790885830 216164
1790885831 219540
1790885832 219800
1790885833 224988
1790885834 227452
1790885835 227600
1790885836 227780
1790885837 227820
1790885838 227828
1790885839 227880
1790885840 227880
1790885841 227892
1790885842 227892
1790885843 227892
1790885844 227900
1790885845 227900
1790885847 227912
1790885848 227912
1790885849 227944
1790885850 227944
1790885851 227964
1790885852 227968
1790885853 227968
1790885854 227968
1790885855 227972
1790885856 227996
1790885857 228200
1790885858 248640
1790885859 379444
1790885860 444200
1790885861 450516
1790885862 450780
1790885863 450936
1790885864 450948
1790885865 450956
1790885866 451036
1790885867 451040
1790885868 451044
1790885869 451048
1790885870 451056
1790885872 452084
1790885873 452172
1790885874 452200
1790885875 452388
1790885876 452400
1790885877 452404
1790885878 452412
1790885879 452420
1790885880 452424
1790885881 452472
1790885882 452476
1790885883 452540
1790885884 452552
1790885885 452824
1790885886 452864
1790885887 452940
1790885888 452952
1790885889 452964
1790885890 452964
1790885891 452968
1790885892 349616
1790885893 346488
1790885894 346488
1790885895 336052
1790885897 331876
1790885898 331876
1790885899 328748
1790885900 325624
1790885901 321440
1790885902 321440
1790885903 318312
1790885904 318312
1790885905 315180
1790885906 311004
1790885907 311004
1790885908 311004
1790885909 311004
1790885910 311004
1790885911 311012
1790885912 311012
1790885913 311012
1790885914 311016
1790885915 311016
1790885916 311020
1790885917 311024
1790885918 311036
1790885920 311036
1790885921 311044
1790885922 311044
1790885923 311048
1790885924 311048
1790885925 311056
1790885926 311056
1790885927 311060
1790885928 311060
1790885929 311060
1790885930 311060
1790885931 311064
1790885932 311064
1790885933 311064
1790885934 311068
1790885935 311068
1790885937 311072
1790885938 311076
1790885939 311076
1790885940 311080
1790885941 311084
1790885942 311084
1790885943 311088
1790885944 311088
1790885945 311088
1790885946 311096
1790885947 311096
1790885948 311104
1790885949 311104
1790885950 311104
1790885951 311104
1790885952 311108
1790885953 311120
1790885955 311128
1790885956 311128
1790885957 311128
1790885958 311128
1790885959 311128
1790885960 311132
1790885961 311140
1790885962 311140
1790885963 311140
1790885964 311140
1790885965 311144
1790885966 311144
1790885967 311148
1790885968 311152
1790885970 311156
1790885971 311160
1790885972 311160
1790885973 311164
1790885974 311172
1790885975 311172
1790885976 311172
1790885977 311172
1790885978 311172
1790885979 311184
1790885980 311184
1790885981 311184
1790885982 311184
1790885984 311184
1790885985 311184
1790885986 311188
1790885987 311188
1790885988 311188
1790885989 311188
1790885990 311188
1790885991 311192
1790885992 311196
1790885993 311196
1790885994 311236
1790885995 311236
1790885996 311240
1790885997 311244
1790885998 311244
1790886000 311248
1790886001 311248
1790886002 311252
1790886003 311252
1790886004 311252
1790886005 311252
1790886006 311256
1790886007 311260
1790886008 311260
1790886009 311268
1790886010 311268
1790886011 311276
1790886012 311276
1790886013 311276
1790886014 311280
1790886016 311280
1790886017 311280
1790886018 311284
1790886019 311288
1790886020 311288
1790886021 311288
1790886022 311292
1790886023 311292
1790886024 311296
1790886025 311300
1790886026 311304
1790886027 311308
1790886028 311308
1790886029 311308
1790886031 311312
1790886032 311312
1790886033 311312
1790886034 311312
1790886035 311316
1790886036 311320
1790886037 311332
1790886038 311344
1790886039 315196
1790886040 315200
1790886041 315200
1790886042 315208
1790886043 315208
1790886044 315216
1790886045 315216
1790886047 315224
1790886048 315528
1790886049 315532
1790886050 315540
1790886051 315540
1790886052 315540
1790886053 315564
1790886054 315564
1790886055 315564
1790886056 315568
1790886057 315568
1790886058 315568
1790886059 315568
1790886060 315568
1790886062 315572
1790886063 315576
1790886064 315580
1790886065 315580
1790886066 315584
1790886067 315588
1790886068 315592
1790886069 409072
1790886070 451280
1790886071 452776
1790886072 453556
1790886073 453612
1790886074 453656
1790886075 453656
1790886076 453676
1790886077 453688
1790886078 453696
1790886079 453764
1790886080 453780
1790886081 453816
1790886082 453828
1790886084 453832
1790886085 453836
1790886086 453836
1790886087 453836
1790886088 453884
1790886089 453888
1790886090 453888
1790886091 453896
1790886092 453896
1790886093 453908
1790886094 453928
1790886095 453944
1790886096 453952
1790886097 453964
1790886098 453980
1790886099 454032
1790886100 454808
1790886101 455080
1790886102 455208
1790886103 455248
1790886104 456536
1790886106 456592
1790886107 456604
1790886108 456660
1790886109 456700
1790886110 456724
1790886111 456744
1790886112 456928
1790886113 456968
1790886114 457220
1790886115 457236
1790886116 457240
1790886117 457252
1790886118 457272
1790886119 457288
1790886120 457292
1790886121 457324
1790886122 457360
1790886123 457372
1790886124 457420
1790886126 457448
1790886127 457464
1790886128 458548
1790886129 388516
1790886130 458480
1790886131 458628
