Running 30s test @ http://10.116.0.2:8080/json
  4 threads and 256 connections
  Thread calibration: mean lat.: 689.803ms, rate sampling interval: 2932ms
  Thread calibration: mean lat.: 719.940ms, rate sampling interval: 3059ms
  Thread calibration: mean lat.: 742.363ms, rate sampling interval: 2942ms
  Thread calibration: mean lat.: 694.725ms, rate sampling interval: 3018ms
  Thread Stats   Avg      Stdev     Max   +/- Stdev
    Latency     3.06s     1.44s    7.48s    66.36%
    Req/Sec    12.56k   190.44    12.94k    66.67%
  Latency Distribution (HdrHistogram - Recorded Latency)
 50.000%    2.89s 
 75.000%    4.00s 
 90.000%    5.19s 
 99.000%    6.54s 
 99.900%    7.12s 
 99.990%    7.40s 
 99.999%    7.47s 
100.000%    7.48s 

  Detailed Percentile spectrum:
       Value   Percentile   TotalCount 1/(1-Percentile)

     125.631     0.000000            1         1.00
    1338.367     0.100000        99204         1.11
    1775.615     0.200000       198349         1.25
    2103.295     0.300000       297408         1.43
    2473.983     0.400000       396740         1.67
    2893.823     0.500000       495765         2.00
    3119.103     0.550000       545522         2.22
    3311.615     0.600000       595097         2.50
    3514.367     0.650000       644397         2.86
    3753.983     0.700000       693733         3.33
    3997.695     0.750000       743538         4.00
    4145.151     0.775000       768208         4.44
    4317.183     0.800000       792894         5.00
    4505.599     0.825000       818065         5.71
    4722.687     0.850000       842547         6.67
    4956.159     0.875000       867434         8.00
    5074.943     0.887500       879697         8.89
    5193.727     0.900000       891918        10.00
    5320.703     0.912500       904527        11.43
    5451.775     0.925000       916676        13.33
    5595.135     0.937500       929151        16.00
    5668.863     0.943750       935372        17.78
    5746.687     0.950000       941685        20.00
    5824.511     0.956250       947851        22.86
    5914.623     0.962500       953894        26.67
    6017.023     0.968750       960206        32.00
    6070.271     0.971875       963314        35.56
    6119.423     0.975000       966249        40.00
    6176.767     0.978125       969410        45.71
    6246.399     0.981250       972467        53.33
    6336.511     0.984375       975588        64.00
    6389.759     0.985938       977135        71.11
    6443.007     0.987500       978665        80.00
    6500.351     0.989062       980168        91.43
    6574.079     0.990625       981726       106.67
    6651.903     0.992188       983275       128.00
    6692.863     0.992969       984050       142.22
    6733.823     0.993750       984858       160.00
    6766.591     0.994531       985624       182.86
    6803.455     0.995313       986381       213.33
    6848.511     0.996094       987176       256.00
    6873.087     0.996484       987536       284.44
    6901.759     0.996875       987915       320.00
    6934.527     0.997266       988290       365.71
    6971.391     0.997656       988695       426.67
    7008.255     0.998047       989074       512.00
    7028.735     0.998242       989274       568.89
    7049.215     0.998437       989467       640.00
    7069.695     0.998633       989648       731.43
    7090.175     0.998828       989847       853.33
    7122.943     0.999023       990035      1024.00
    7151.615     0.999121       990132      1137.78
    7176.191     0.999219       990218      1280.00
    7204.863     0.999316       990316      1462.86
    7233.535     0.999414       990417      1706.67
    7262.207     0.999512       990507      2048.00
    7282.687     0.999561       990558      2275.56
    7303.167     0.999609       990604      2560.00
    7323.647     0.999658       990655      2925.71
    7340.031     0.999707       990716      3413.33
    7348.223     0.999756       990757      4096.00
    7352.319     0.999780       990773      4551.11
    7360.511     0.999805       990800      5120.00
    7368.703     0.999829       990829      5851.43
    7376.895     0.999854       990848      6826.67
    7389.183     0.999878       990874      8192.00
    7397.375     0.999890       990885      9102.22
    7405.567     0.999902       990893     10240.00
    7426.047     0.999915       990907     11702.86
    7434.239     0.999927       990918     13653.33
    7438.335     0.999939       990929     16384.00
    7442.431     0.999945       990938     18204.44
    7446.527     0.999951       990950     20480.00
    7446.527     0.999957       990950     23405.71
    7450.623     0.999963       990958     27306.67
    7454.719     0.999969       990965     32768.00
    7454.719     0.999973       990965     36408.89
    7454.719     0.999976       990965     40960.00
    7458.815     0.999979       990971     46811.43
    7458.815     0.999982       990971     54613.33
    7462.911     0.999985       990975     65536.00
    7467.007     0.999986       990978     72817.78
    7467.007     0.999988       990978     81920.00
    7471.103     0.999989       990982     93622.86
    7471.103     0.999991       990982    109226.67
    7471.103     0.999992       990982    131072.00
    7475.199     0.999993       990985    145635.56
    7475.199     0.999994       990985    163840.00
    7475.199     0.999995       990985    187245.71
    7475.199     0.999995       990985    218453.33
    7479.295     0.999996       990987    262144.00
    7479.295     0.999997       990987    291271.11
    7479.295     0.999997       990987    327680.00
    7479.295     0.999997       990987    374491.43
    7479.295     0.999998       990987    436906.67
    7483.391     0.999998       990989    524288.00
    7483.391     1.000000       990989          inf
#[Mean    =     3063.055, StdDeviation   =     1440.716]
#[Max     =     7479.296, Total count    =       990989]
#[Buckets =           27, SubBuckets     =         2048]
----------------------------------------------------------
  1497714 requests in 30.00s, 189.97MB read
Requests/sec:  49924.52
Transfer/sec:      6.33MB
