Running 30s test @ http://10.116.0.2:8080/block?ms=100
  4 threads and 4000 connections
  Thread calibration: mean lat.: 2893.472ms, rate sampling interval: 11313ms
  Thread calibration: mean lat.: 2608.061ms, rate sampling interval: 10485ms
  Thread calibration: mean lat.: 2644.467ms, rate sampling interval: 10428ms
  Thread calibration: mean lat.: 2931.490ms, rate sampling interval: 11542ms
  Thread Stats   Avg      Stdev     Max   +/- Stdev
    Latency    10.23s     2.43s   18.33s    61.21%
    Req/Sec     4.26k    98.65     4.37k    50.00%
  Latency Distribution (HdrHistogram - Recorded Latency)
 50.000%   10.21s 
 75.000%   12.17s 
 90.000%   13.44s 
 99.000%   15.72s 
 99.900%   16.96s 
 99.990%   17.65s 
 99.999%   18.01s 
100.000%   18.35s 

  Detailed Percentile spectrum:
       Value   Percentile   TotalCount 1/(1-Percentile)

    4915.199     0.000000            1         1.00
    6963.199     0.100000        25572         1.11
    7794.687     0.200000        51184         1.25
    8634.367     0.300000        76746         1.43
    9428.991     0.400000       102303         1.67
   10207.231     0.500000       127796         2.00
   10584.063     0.550000       140564         2.22
   10985.471     0.600000       153251         2.50
   11395.071     0.650000       165959         2.86
   11788.287     0.700000       178911         3.33
   12165.119     0.750000       191728         4.00
   12361.727     0.775000       198121         4.44
   12566.527     0.800000       204466         5.00
   12779.519     0.825000       210843         5.71
   12992.511     0.850000       217161         6.67
   13213.695     0.875000       223498         8.00
   13328.383     0.887500       226715         8.89
   13443.071     0.900000       229870        10.00
   13565.951     0.912500       233160        11.43
   13688.831     0.925000       236252        13.33
   13836.287     0.937500       239484        16.00
   13918.207     0.943750       241015        17.78
   14008.319     0.950000       242652        20.00
   14106.623     0.956250       244210        22.86
   14221.311     0.962500       245817        26.67
   14368.767     0.968750       247394        32.00
   14458.879     0.971875       248167        35.56
   14581.759     0.975000       248982        40.00
   14737.407     0.978125       249749        45.71
   14942.207     0.981250       250535        53.33
   15204.351     0.984375       251337        64.00
   15343.615     0.985938       251740        71.11
   15482.879     0.987500       252141        80.00
   15630.335     0.989062       252544        91.43
   15777.791     0.990625       252946       106.67
   15925.247     0.992188       253323       128.00
   16007.167     0.992969       253522       142.22
   16097.279     0.993750       253723       160.00
   16187.391     0.994531       253927       182.86
   16285.695     0.995313       254133       213.33
   16400.383     0.996094       254343       256.00
   16441.343     0.996484       254423       284.44
   16506.879     0.996875       254528       320.00
   16572.415     0.997266       254628       365.71
   16637.951     0.997656       254724       426.67
   16719.871     0.998047       254829       512.00
   16760.831     0.998242       254875       568.89
   16793.599     0.998437       254919       640.00
   16842.751     0.998633       254970       731.43
   16891.903     0.998828       255020       853.33
   16957.439     0.999023       255075      1024.00
   16990.207     0.999121       255100      1137.78
   17022.975     0.999219       255120      1280.00
   17055.743     0.999316       255147      1462.86
   17137.663     0.999414       255172      1706.67
   17203.199     0.999512       255200      2048.00
   17219.583     0.999561       255210      2275.56
   17252.351     0.999609       255220      2560.00
   17285.119     0.999658       255235      2925.71
   17334.271     0.999707       255244      3413.33
   17416.191     0.999756       255256      4096.00
   17432.575     0.999780       255261      4551.11
   17481.727     0.999805       255273      5120.00
   17498.111     0.999829       255275      5851.43
   17563.647     0.999854       255283      6826.67
   17596.415     0.999878       255288      8192.00
   17612.799     0.999890       255289      9102.22
   17661.951     0.999902       255294     10240.00
   17694.719     0.999915       255297     11702.86
   17711.103     0.999927       255299     13653.33
   17743.871     0.999939       255303     16384.00
   17743.871     0.999945       255303     18204.44
   17776.639     0.999951       255305     20480.00
   17793.023     0.999957       255307     23405.71
   17809.407     0.999963       255309     27306.67
   17825.791     0.999969       255311     32768.00
   17825.791     0.999973       255311     36408.89
   17825.791     0.999976       255311     40960.00
   17891.327     0.999979       255312     46811.43
   17907.711     0.999982       255313     54613.33
   18006.015     0.999985       255314     65536.00
   18006.015     0.999986       255314     72817.78
   18006.015     0.999988       255314     81920.00
   18055.167     0.999989       255315     93622.86
   18055.167     0.999991       255315    109226.67
   18120.703     0.999992       255316    131072.00
   18120.703     0.999993       255316    145635.56
   18120.703     0.999994       255316    163840.00
   18120.703     0.999995       255316    187245.71
   18120.703     0.999995       255316    218453.33
   18350.079     0.999996       255317    262144.00
   18350.079     1.000000       255317          inf
#[Mean    =    10226.614, StdDeviation   =     2434.348]
#[Max     =    18333.696, Total count    =       255317]
#[Buckets =           27, SubBuckets     =         2048]
----------------------------------------------------------
  477760 requests in 30.01s, 38.73MB read
  Socket errors: connect 0, read 0, write 0, timeout 1106
Requests/sec:  15920.07
Transfer/sec:      1.29MB
