Running 30s test @ http://10.116.0.2:8080/json
  4 threads and 256 connections
  Thread calibration: mean lat.: 3060.980ms, rate sampling interval: 11714ms
  Thread calibration: mean lat.: 3109.166ms, rate sampling interval: 11862ms
  Thread calibration: mean lat.: 3137.675ms, rate sampling interval: 11919ms
  Thread calibration: mean lat.: 3313.323ms, rate sampling interval: 11698ms
  Thread Stats   Avg      Stdev     Max   +/- Stdev
    Latency    13.16s     3.84s   23.35s    58.05%
    Req/Sec     9.86k   469.28    10.20k    75.00%
  Latency Distribution (HdrHistogram - Recorded Latency)
 50.000%   13.18s 
 75.000%   16.47s 
 90.000%   18.43s 
 99.000%   20.12s 
 99.900%   21.59s 
 99.990%   22.82s 
 99.999%   23.31s 
100.000%   23.36s 

  Detailed Percentile spectrum:
       Value   Percentile   TotalCount 1/(1-Percentile)

    6000.639     0.000000            1         1.00
    7888.895     0.100000        77981         1.11
    9183.231     0.200000       155574         1.25
   10551.295     0.300000       233631         1.43
   11837.439     0.400000       311163         1.67
   13180.927     0.500000       389135         2.00
   13778.943     0.550000       427895         2.22
   14417.919     0.600000       466736         2.50
   15073.279     0.650000       505480         2.86
   15769.599     0.700000       544521         3.33
   16474.111     0.750000       583246         4.00
   16809.983     0.775000       603230         4.44
   17121.279     0.800000       622752         5.00
   17432.575     0.825000       641404         5.71
   17776.639     0.850000       661460         6.67
   18120.703     0.875000       681036         8.00
   18284.543     0.887500       690661         8.89
   18431.999     0.900000       699736        10.00
   18595.839     0.912500       709631        11.43
   18759.679     0.925000       719285        13.33
   18923.519     0.937500       728960        16.00
   19021.823     0.943750       733983        17.78
   19136.511     0.950000       739285        20.00
   19234.815     0.956250       743714        22.86
   19349.503     0.962500       748777        26.67
   19480.575     0.968750       753475        32.00
   19546.111     0.971875       755757        35.56
   19628.031     0.975000       758477        40.00
   19693.567     0.978125       760578        45.71
   19775.487     0.981250       763196        53.33
   19857.407     0.984375       765536        64.00
   19922.943     0.985938       766855        71.11
   19972.095     0.987500       767853        80.00
   20054.015     0.989062       769063        91.43
   20152.319     0.990625       770197       106.67
   20283.391     0.992188       771461       128.00
   20365.311     0.992969       772111       142.22
   20447.231     0.993750       772673       160.00
   20545.535     0.994531       773251       182.86
   20660.223     0.995313       773828       213.33
   20807.679     0.996094       774448       256.00
   20889.599     0.996484       774756       284.44
   20971.519     0.996875       775053       320.00
   21069.823     0.997266       775384       365.71
   21168.127     0.997656       775668       426.67
   21282.815     0.998047       775971       512.00
   21331.967     0.998242       776098       568.89
   21397.503     0.998437       776261       640.00
   21463.039     0.998633       776420       731.43
   21528.575     0.998828       776565       853.33
   21610.495     0.999023       776727      1024.00
   21643.263     0.999121       776776      1137.78
   21725.183     0.999219       776865      1280.00
   21790.719     0.999316       776934      1462.86
   21872.639     0.999414       777014      1706.67
   21970.943     0.999512       777090      2048.00
   22052.863     0.999561       777118      2275.56
   22167.551     0.999609       777158      2560.00
   22282.239     0.999658       777198      2925.71
   22380.543     0.999707       777236      3413.33
   22511.615     0.999756       777271      4096.00
   22560.767     0.999780       777289      4551.11
   22609.919     0.999805       777308      5120.00
   22675.455     0.999829       777331      5851.43
   22724.607     0.999854       777347      6826.67
   22790.143     0.999878       777368      8192.00
   22806.527     0.999890       777377      9102.22
   22822.911     0.999902       777385     10240.00
   22839.295     0.999915       777394     11702.86
   22904.831     0.999927       777403     13653.33
   22986.751     0.999939       777413     16384.00
   23019.519     0.999945       777417     18204.44
   23068.671     0.999951       777423     20480.00
   23101.439     0.999957       777427     23405.71
   23134.207     0.999963       777431     27306.67
   23183.359     0.999969       777438     32768.00
   23183.359     0.999973       777438     36408.89
   23216.127     0.999976       777442     40960.00
   23232.511     0.999979       777444     46811.43
   23248.895     0.999982       777446     54613.33
   23281.663     0.999985       777449     65536.00
   23281.663     0.999986       777449     72817.78
   23298.047     0.999988       777450     81920.00
   23314.431     0.999989       777453     93622.86
   23314.431     0.999991       777453    109226.67
   23330.815     0.999992       777455    131072.00
   23330.815     0.999993       777455    145635.56
   23330.815     0.999994       777455    163840.00
   23330.815     0.999995       777455    187245.71
   23347.199     0.999995       777457    218453.33
   23347.199     0.999996       777457    262144.00
   23347.199     0.999997       777457    291271.11
   23347.199     0.999997       777457    327680.00
   23347.199     0.999997       777457    374491.43
   23363.583     0.999998       777459    436906.67
   23363.583     1.000000       777459          inf
#[Mean    =    13164.962, StdDeviation   =     3836.603]
#[Max     =    23347.200, Total count    =       777459]
#[Buckets =           27, SubBuckets     =         2048]
----------------------------------------------------------
  1181923 requests in 30.00s, 110.46MB read
Requests/sec:  39397.84
Transfer/sec:      3.68MB
