Running 30s test @ http://10.116.0.2:8080/block?ms=100
  4 threads and 8000 connections
  Thread calibration: mean lat.: 3790.808ms, rate sampling interval: 15450ms
  Thread calibration: mean lat.: 3472.408ms, rate sampling interval: 14868ms
  Thread calibration: mean lat.: 3848.676ms, rate sampling interval: 15564ms
  Thread calibration: mean lat.: 3575.507ms, rate sampling interval: 14147ms
  Thread Stats   Avg      Stdev     Max   +/- Stdev
    Latency    11.48s     2.50s   24.84s    74.55%
    Req/Sec       -nan      -nan   0.00      0.00%
  Latency Distribution (HdrHistogram - Recorded Latency)
 50.000%   11.16s 
 75.000%   12.74s 
 90.000%   14.19s 
 99.000%   20.37s 
 99.900%   22.90s 
 99.990%   24.25s 
 99.999%   24.63s 
100.000%   24.85s 

  Detailed Percentile spectrum:
       Value   Percentile   TotalCount 1/(1-Percentile)

    6811.647     0.000000            1         1.00
    8683.519     0.100000        16702         1.11
    9371.647     0.200000        33306         1.25
   10027.007     0.300000        49918         1.43
   10592.255     0.400000        66418         1.67
   11157.503     0.500000        83018         2.00
   11468.799     0.550000        91285         2.22
   11788.287     0.600000        99527         2.50
   12115.967     0.650000       107906         2.86
   12427.263     0.700000       116068         3.33
   12738.559     0.750000       124452         4.00
   12902.399     0.775000       128577         4.44
   13074.431     0.800000       132722         5.00
   13262.847     0.825000       136858         5.71
   13484.031     0.850000       141028         6.67
   13754.367     0.875000       145137         8.00
   13942.783     0.887500       147198         8.89
   14188.543     0.900000       149245        10.00
   14540.799     0.912500       151348        11.43
   14991.359     0.925000       153380        13.33
   15491.071     0.937500       155473        16.00
   15777.791     0.943750       156505        17.78
   16138.239     0.950000       157541        20.00
   16588.799     0.956250       158560        22.86
   17235.967     0.962500       159613        26.67
   17940.479     0.968750       160644        32.00
   18235.391     0.971875       161148        35.56
   18579.455     0.975000       161665        40.00
   18923.519     0.978125       162188        45.71
   19300.351     0.981250       162710        53.33
   19628.031     0.984375       163223        64.00
   19824.639     0.985938       163495        71.11
   20004.863     0.987500       163750        80.00
   20217.855     0.989062       164008        91.43
   20463.615     0.990625       164265       106.67
   20692.991     0.992188       164526       128.00
   20824.063     0.992969       164657       142.22
   20955.135     0.993750       164794       160.00
   21086.207     0.994531       164907       182.86
   21266.431     0.995313       165044       213.33
   21430.271     0.996094       165174       256.00
   21495.807     0.996484       165229       284.44
   21561.343     0.996875       165291       320.00
   21659.647     0.997266       165356       365.71
   21774.335     0.997656       165422       426.67
   21921.791     0.998047       165490       512.00
   22036.479     0.998242       165519       568.89
   22200.319     0.998437       165553       640.00
   22413.311     0.998633       165585       731.43
   22659.071     0.998828       165616       853.33
   22937.599     0.999023       165653      1024.00
   23019.519     0.999121       165664      1137.78
   23150.591     0.999219       165681      1280.00
   23248.895     0.999316       165698      1462.86
   23347.199     0.999414       165713      1706.67
   23511.039     0.999512       165729      2048.00
   23560.191     0.999561       165737      2275.56
   23625.727     0.999609       165746      2560.00
   23707.647     0.999658       165754      2925.71
   23805.951     0.999707       165763      3413.33
   23887.871     0.999756       165769      4096.00
   23920.639     0.999780       165773      4551.11
   24002.559     0.999805       165778      5120.00
   24068.095     0.999829       165784      5851.43
   24084.479     0.999854       165785      6826.67
   24133.631     0.999878       165789      8192.00
   24231.935     0.999890       165791      9102.22
   24297.471     0.999902       165794     10240.00
   24346.623     0.999915       165797     11702.86
   24346.623     0.999927       165797     13653.33
   24444.927     0.999939       165800     16384.00
   24444.927     0.999945       165800     18204.44
   24461.311     0.999951       165802     20480.00
   24461.311     0.999957       165802     23405.71
   24494.079     0.999963       165803     27306.67
   24526.847     0.999969       165804     32768.00
   24559.615     0.999973       165806     36408.89
   24559.615     0.999976       165806     40960.00
   24559.615     0.999979       165806     46811.43
   24559.615     0.999982       165806     54613.33
   24625.151     0.999985       165808     65536.00
   24625.151     0.999986       165808     72817.78
   24625.151     0.999988       165808     81920.00
   24625.151     0.999989       165808     93622.86
   24625.151     0.999991       165808    109226.67
   24625.151     0.999992       165808    131072.00
   24625.151     0.999993       165808    145635.56
   24625.151     0.999994       165808    163840.00
   24854.527     0.999995       165809    187245.71
   24854.527     1.000000       165809          inf
#[Mean    =    11483.200, StdDeviation   =     2503.159]
#[Max     =    24838.144, Total count    =       165809]
#[Buckets =           27, SubBuckets     =         2048]
----------------------------------------------------------
  478329 requests in 30.01s, 38.77MB read
  Socket errors: connect 0, read 0, write 0, timeout 40867
Requests/sec:  15937.09
Transfer/sec:      1.29MB
