Linux 6.8.0-142-generic (cafeai-bench-server) 	10/01/26 	_x86_64_	(4 CPU)

20:34:59     CPU    %usr   %nice    %sys %iowait    %irq   %soft  %steal  %guest  %gnice   %idle
20:35:00     all   35.82    0.00    2.74    0.00    0.00    0.75    0.00    0.00    0.00   60.70
20:35:01     all   93.23    0.00    4.01    0.00    0.00    1.50    0.00    0.00    0.00    1.25
20:35:02     all   89.45    0.00    6.28    0.00    0.00    3.27    0.00    0.00    0.00    1.01
20:35:03     all   87.78    0.00    7.23    0.00    0.00    3.99    0.00    0.00    0.00    1.00
20:35:04     all   88.00    0.00    8.00    0.00    0.00    3.50    0.00    0.00    0.00    0.50
20:35:05     all   87.78    0.00    7.48    0.00    0.00    3.49    0.25    0.00    0.00    1.00
20:35:06     all   86.22    0.00    8.27    0.00    0.00    4.26    0.00    0.00    0.00    1.25
20:35:07     all   82.41    0.00    9.80    0.00    0.00    6.28    0.00    0.00    0.00    1.51
20:35:08     all   76.13    0.00   13.32    0.00    0.00    7.29    0.00    0.00    0.00    3.27
20:35:09     all   65.83    0.00   18.84    0.00    0.00   10.05    0.25    0.00    0.00    5.03
20:35:10     all   65.49    0.00   19.65    0.00    0.00   10.58    0.00    0.00    0.00    4.28
20:35:11     all   65.90    0.00   19.34    0.00    0.00   11.45    0.00    0.00    0.00    3.31
20:35:12     all   62.57    0.00   18.59    0.00    0.00    9.42    0.00    0.00    0.00    9.42
20:35:13     all   48.03    0.00   15.73    0.00    0.00    8.43    0.00    0.00    0.00   27.81
20:35:14     all   33.16    0.00   11.58    0.26    0.00    6.84    0.00    0.00    0.00   48.16
20:35:15     all   31.99    0.00   10.08    0.25    0.00    6.30    0.00    0.00    0.00   51.39
20:35:16     all   30.98    0.00   11.08    0.00    0.00    5.79    0.25    0.00    0.00   51.89
20:35:17     all   33.25    0.00   10.00    0.00    0.00    6.00    0.25    0.00    0.00   50.50
20:35:18     all   31.89    0.00    9.95    0.00    0.00    4.59    0.51    0.00    0.00   53.06
20:35:19     all   32.08    0.00    9.52    0.00    0.00    6.77    0.00    0.00    0.00   51.63
20:35:20     all   30.96    0.00   11.17    0.00    0.00    5.33    0.00    0.00    0.00   52.54
20:35:21     all   33.17    0.00   11.95    0.00    0.00    5.37    0.00    0.00    0.00   49.51
20:35:22     all   29.52    0.00   11.45    0.00    0.00    6.11    0.25    0.00    0.00   52.67
20:35:23     all   32.14    0.00   10.97    0.00    0.00    4.85    0.00    0.00    0.00   52.04
20:35:24     all   31.39    0.00   11.39    0.00    0.00    5.57    0.25    0.00    0.00   51.39
20:35:25     all   32.49    0.00   11.59    0.00    0.00    5.29    0.25    0.00    0.00   50.38
20:35:26     all   30.92    0.00   10.97    0.00    0.00    6.48    0.00    0.00    0.00   51.62
20:35:27     all   30.51    0.00   10.51    0.00    0.00    6.41    0.00    0.00    0.00   52.56
20:35:28     all   32.61    0.00   11.03    0.00    0.00    6.71    0.48    0.00    0.00   49.16
20:35:29     all   30.52    0.00   11.17    0.00    0.00    6.45    0.00    0.00    0.00   51.86
20:35:30     all   21.46    0.00    6.31    0.00    0.00    3.28    0.25    0.00    0.00   68.69
20:35:31     all   31.83    0.00    2.01    0.00    0.00    1.50    0.00    0.00    0.00   64.66
20:35:32     all   88.00    0.00    7.00    0.00    0.00    3.00    0.00    0.00    0.00    2.00
20:35:33     all   85.06    0.00    8.61    0.00    0.00    3.80    0.00    0.00    0.00    2.53
20:35:34     all   81.75    0.00   11.75    0.00    0.00    4.25    0.00    0.00    0.00    2.25
20:35:35     all   82.12    0.00   11.34    0.00    0.00    4.03    0.00    0.00    0.00    2.52
20:35:36     all   81.70    0.00   12.28    0.00    0.00    3.51    0.00    0.00    0.00    2.51
20:35:37     all   79.70    0.00   12.18    0.00    0.00    4.57    0.00    0.00    0.00    3.55
20:35:38     all   77.86    0.00   12.19    0.00    0.00    4.23    0.25    0.00    0.00    5.47
20:35:39     all   57.11    0.00   10.91    0.00    0.00    4.31    0.00    0.00    0.00   27.66
20:35:40     all   27.88    0.00   11.76    0.00    0.00    5.37    0.00    0.00    0.00   54.99
20:35:41     all   29.80    0.00   11.11    0.00    0.00    4.29    0.00    0.00    0.00   54.80
20:35:42     all   26.65    0.00   10.91    0.00    0.00    4.31    0.00    0.00    0.00   58.12
20:35:43     all   27.92    0.00   10.91    0.00    0.00    4.57    0.25    0.00    0.00   56.35
20:35:44     all   25.71    0.00   11.05    0.00    0.00    3.86    0.00    0.00    0.00   59.38
20:35:45     all   25.58    0.00    9.72    0.26    0.00    4.35    0.00    0.00    0.00   60.10
20:35:46     all   24.37    0.00    9.55    0.00    0.00    4.27    0.25    0.00    0.00   61.56
20:35:47     all   23.23    0.00    9.60    0.00    0.00    4.04    0.00    0.00    0.00   63.13
20:35:48     all   22.03    0.00   10.38    0.00    0.00    3.04    0.00    0.00    0.00   64.56
20:35:49     all   22.19    0.00    9.18    0.00    0.00    4.34    0.00    0.00    0.00   64.29
20:35:50     all   23.29    0.00    9.62    0.00    0.00    3.04    0.00    0.00    0.00   64.05
20:35:51     all   21.27    0.00    9.87    0.00    0.00    3.29    0.25    0.00    0.00   65.32
20:35:52     all   21.41    0.00   10.33    0.00    0.00    3.27    0.00    0.00    0.00   64.99
20:35:53     all   22.14    0.00    8.65    0.00    0.00    3.31    0.00    0.00    0.00   65.90
20:35:54     all   22.53    0.00   10.13    0.00    0.00    2.78    0.00    0.00    0.00   64.56
20:35:55     all   20.60    0.00    9.80    0.00    0.00    3.27    0.00    0.00    0.00   66.33
20:35:56     all   21.16    0.00    9.32    0.00    0.00    3.02    0.00    0.00    0.00   66.50
20:35:57     all   21.72    0.00    9.60    0.00    0.00    3.03    0.00    0.00    0.00   65.66
20:35:58     all   21.16    0.00   10.08    0.00    0.00    3.27    0.00    0.00    0.00   65.49
20:35:59     all   21.16    0.00   10.33    0.00    0.00    3.27    0.00    0.00    0.00   65.24
20:36:00     all   39.03    0.00    8.67    0.00    0.00    3.57    0.00    0.00    0.00   48.72
20:36:01     all   38.48    0.00   10.21    0.00    0.00    5.50    0.00    0.00    0.00   45.81
20:36:02     all   28.76    0.00   10.03    0.00    0.00    5.54    0.26    0.00    0.00   55.41
20:36:03     all   28.83    0.00    9.61    0.00    0.00    7.53    0.26    0.00    0.00   53.77
20:36:04     all   27.94    0.00   10.18    0.00    0.00    6.79    0.00    0.00    0.00   55.09
20:36:05     all   29.32    0.00    9.69    0.00    0.00    6.02    0.26    0.00    0.00   54.71
20:36:06     all   28.20    0.00    9.92    0.00    0.00    6.27    0.00    0.00    0.00   55.61
20:36:07     all   29.95    0.00    8.33    0.00    0.00    7.03    0.26    0.00    0.00   54.43
20:36:08     all   28.01    0.00    9.69    0.00    0.00    6.81    0.00    0.00    0.00   55.50
20:36:09     all   25.96    0.00    9.29    0.00    0.00    6.56    0.00    0.00    0.00   58.20
20:36:10     all   27.84    0.00    9.54    0.00    0.00    7.22    0.52    0.00    0.00   54.90
20:36:11     all   30.52    0.00    9.93    0.00    0.00    7.69    0.00    0.00    0.00   51.86
20:36:12     all   29.11    0.00   11.14    0.00    0.00    6.84    0.25    0.00    0.00   52.66
20:36:13     all   31.36    0.00   10.54    0.00    0.00    5.14    0.00    0.00    0.00   52.96
20:36:14     all   27.44    0.00   10.29    0.00    0.00    6.86    0.00    0.00    0.00   55.41
20:36:15     all   28.91    0.00    9.11    0.26    0.00    7.29    0.00    0.00    0.00   54.43
20:36:16     all   27.73    0.00    9.87    0.00    0.00    6.93    0.00    0.00    0.00   55.47
20:36:17     all   30.63    0.00    9.11    0.00    0.00    6.58    0.76    0.00    0.00   52.91
20:36:18     all   28.87    0.00    9.45    0.00    0.00    6.04    0.00    0.00    0.00   55.64
20:36:19     all   28.91    0.00    9.81    0.00    0.00    5.84    0.00    0.00    0.00   55.44
20:36:20     all   28.53    0.00    9.69    0.00    0.00    6.02    0.26    0.00    0.00   55.50
20:36:21     all   25.21    0.00   10.68    0.00    0.00    6.85    0.27    0.00    0.00   56.99
20:36:22     all   28.83    0.00    9.35    0.00    0.00    7.01    0.26    0.00    0.00   54.55
20:36:23     all   27.54    0.00    9.63    0.00    0.00    7.22    0.00    0.00    0.00   55.61
20:36:24     all   27.98    0.00   10.10    0.00    0.00    7.25    0.00    0.00    0.00   54.66
20:36:25     all   28.23    0.00   10.29    0.00    0.00    6.07    0.53    0.00    0.00   54.88
20:36:26     all   29.37    0.00   10.63    0.00    0.00    6.58    0.00    0.00    0.00   53.42
20:36:27     all   29.63    0.00    9.26    0.00    0.00    5.29    0.00    0.00    0.00   55.82
20:36:28     all   29.46    0.00    9.04    0.00    0.00    6.98    0.26    0.00    0.00   54.26
20:36:29     all   28.23    0.00   10.03    0.00    0.00    6.07    0.00    0.00    0.00   55.67
20:36:30     all   24.08    0.00    7.07    0.00    0.00    5.76    0.26    0.00    0.00   62.83
20:36:31     all   35.33    0.00   11.68    0.00    0.00    4.27    0.00    0.00    0.00   48.72
20:36:32     all   60.61    0.00   19.95    0.00    0.00    8.70    0.00    0.00    0.00   10.74
20:36:33     all   59.54    0.00   19.07    0.00    0.00    9.28    0.26    0.00    0.00   11.86
20:36:34     all   62.27    0.00   19.12    0.00    0.00    9.82    0.00    0.00    0.00    8.79
20:36:35     all   63.10    0.00   19.59    0.00    0.00   10.18    0.00    0.00    0.00    7.12
20:36:36     all   62.31    0.00   19.74    0.00    0.00   10.00    0.00    0.00    0.00    7.95
20:36:37     all   62.09    0.00   19.85    0.00    0.00    9.41    0.25    0.00    0.00    8.40
20:36:38     all   63.78    0.00   20.92    0.00    0.00    9.18    0.00    0.00    0.00    6.12
20:36:39     all   63.71    0.00   20.30    0.00    0.00    9.64    0.00    0.00    0.00    6.35
20:36:40     all   62.98    0.00   19.28    0.00    0.00   10.03    0.00    0.00    0.00    7.71
20:36:41     all   62.18    0.00   21.07    0.00    0.00    9.39    0.25    0.00    0.00    7.11
20:36:42     all   63.01    0.00   18.88    0.00    0.00   10.46    0.26    0.00    0.00    7.40
20:36:43     all   62.09    0.00   20.36    0.00    0.00    9.67    0.00    0.00    0.00    7.89
20:36:44     all   63.61    0.00   18.83    0.00    0.00   10.18    0.00    0.00    0.00    7.38
20:36:45     all   64.81    0.00   20.25    0.00    0.00   10.38    0.00    0.00    0.00    4.56
20:36:46     all   61.68    0.00   21.57    0.00    0.00   10.66    0.00    0.00    0.00    6.09
20:36:47     all   64.03    0.00   18.62    0.00    0.00    9.69    0.00    0.00    0.00    7.65
20:36:48     all   62.09    0.00   19.85    0.00    0.00   10.18    0.00    0.00    0.00    7.89
20:36:49     all   61.68    0.00   20.81    0.00    0.00   10.41    0.00    0.00    0.00    7.11
20:36:50     all   63.87    0.00   20.87    0.00    0.00   10.69    0.00    0.00    0.00    4.58
20:36:51     all   65.66    0.00   19.70    0.25    0.00   10.35    0.00    0.00    0.00    4.04
20:36:52     all   65.09    0.00   20.45    0.00    0.00   10.22    0.50    0.00    0.00    3.74
20:36:53     all   66.33    0.00   20.25    0.00    0.00    9.62    0.00    0.00    0.00    3.80
20:36:54     all   64.74    0.00   20.65    0.00    0.00    9.82    0.25    0.00    0.00    4.53
20:36:55     all   64.97    0.00   20.56    0.00    0.00    9.14    0.00    0.00    0.00    5.33
20:36:56     all   63.61    0.00   20.87    0.00    0.00    9.67    0.00    0.00    0.00    5.85
20:36:57     all   63.61    0.00   19.34    0.00    0.00    9.92    0.00    0.00    0.00    7.12
20:36:58     all   63.29    0.00   20.51    0.00    0.00    8.86    0.00    0.00    0.00    7.34
20:36:59     all   63.87    0.00   20.10    0.00    0.00    9.16    0.25    0.00    0.00    6.62
20:37:00     all   52.82    0.00   15.90    0.00    0.00    7.18    0.00    0.00    0.00   24.10
20:37:01     all   52.97    0.00   15.95    0.00    0.00    4.05    0.00    0.00    0.00   27.03
20:37:02     all   65.58    0.00   20.35    0.00    0.00   10.55    0.25    0.00    0.00    3.27
20:37:03     all   64.41    0.00   20.30    0.00    0.00   11.03    0.25    0.00    0.00    4.01
20:37:04     all   63.54    0.00   20.76    0.00    0.00   11.65    0.00    0.00    0.00    4.05
20:37:05     all   65.82    0.00   20.76    0.00    0.00   10.13    0.00    0.00    0.00    3.29
20:37:06     all   64.82    0.00   18.84    0.00    0.00   11.31    0.00    0.00    0.00    5.03
20:37:07     all   64.29    0.00   20.41    0.00    0.00   11.22    0.26    0.00    0.00    3.83
20:37:08     all   64.57    0.00   20.10    0.00    0.00   11.56    0.00    0.00    0.00    3.77
20:37:09     all   63.50    0.00   20.25    0.00    0.00   12.25    0.00    0.00    0.00    4.00
20:37:10     all   64.30    0.00   20.00    0.00    0.00   12.15    0.00    0.00    0.00    3.54
20:37:11     all   64.90    0.00   20.96    0.00    0.00   10.35    0.25    0.00    0.00    3.54
20:37:12     all   62.78    0.00   21.52    0.00    0.00   11.65    0.00    0.00    0.00    4.05
20:37:13     all   65.15    0.00   19.44    0.00    0.00   10.86    0.00    0.00    0.00    4.55
20:37:14     all   65.40    0.00   19.95    0.00    0.00   10.86    0.00    0.00    0.00    3.79
20:37:15     all   64.34    0.00   20.70    0.00    0.00   10.97    0.00    0.00    0.00    3.99
20:37:16     all   63.27    0.00   20.92    0.00    0.00   11.73    0.00    0.00    0.00    4.08
20:37:17     all   63.45    0.00   20.81    0.00    0.00   12.18    0.00    0.00    0.00    3.55
20:37:18     all   65.40    0.00   18.69    0.00    0.00   11.36    0.00    0.00    0.00    4.55
20:37:19     all   64.05    0.00   20.51    0.00    0.00   10.63    0.00    0.00    0.00    4.81
20:37:20     all   64.74    0.00   19.65    0.00    0.00   11.84    0.00    0.00    0.00    3.78
20:37:21     all   64.41    0.00   20.80    0.00    0.00   11.28    0.25    0.00    0.00    3.26
20:37:22     all   64.05    0.00   20.00    0.00    0.00   12.41    0.00    0.00    0.00    3.54
20:37:23     all   63.91    0.00   20.55    0.00    0.00   11.53    0.25    0.00    0.00    3.76
20:37:24     all   66.16    0.00   20.45    0.00    0.00   10.35    0.00    0.00    0.00    3.03
20:37:25     all   66.33    0.00   19.85    0.00    0.00   11.31    0.00    0.00    0.00    2.51
20:37:26     all   63.64    0.00   21.46    0.00    0.00   11.36    0.00    0.00    0.00    3.54
20:37:27     all   64.14    0.00   20.20    0.00    0.00   11.87    0.00    0.00    0.00    3.79
20:37:28     all   62.97    0.00   20.65    0.00    0.00   11.84    0.25    0.00    0.00    4.28
20:37:29     all   64.39    0.00   20.20    0.00    0.00   11.36    0.25    0.00    0.00    3.79
20:37:30     all   51.91    0.00   16.03    0.00    0.00    7.89    0.00    0.00    0.00   24.17
20:37:31     all   36.29    0.00   13.02    0.00    0.00    3.60    0.00    0.00    0.00   47.09
20:37:32     all   64.81    0.00   20.00    0.00    0.00   11.14    0.00    0.00    0.00    4.05
20:37:33     all   65.15    0.00   20.20    0.00    0.00   10.86    0.00    0.00    0.00    3.79
20:37:34     all   63.64    0.00   20.20    0.00    0.00   11.62    0.25    0.00    0.00    4.29
20:37:35     all   65.91    0.00   19.44    0.00    0.00   10.61    0.00    0.00    0.00    4.04
20:37:36     all   64.80    0.00   20.41    0.00    0.00   10.71    0.00    0.00    0.00    4.08
20:37:37     all   64.84    0.00   19.95    0.00    0.00   11.47    0.00    0.00    0.00    3.74
20:37:38     all   64.74    0.00   19.65    0.00    0.00   11.34    0.00    0.00    0.00    4.28
20:37:39     all   62.81    0.00   22.36    0.00    0.00   10.80    0.25    0.00    0.00    3.77
20:37:40     all   64.14    0.00   20.45    0.00    0.00   11.36    0.00    0.00    0.00    4.04
20:37:41     all   65.74    0.00   19.80    0.00    0.00   11.17    0.00    0.00    0.00    3.30
20:37:42     all   64.74    0.00   19.40    0.00    0.00   11.34    0.00    0.00    0.00    4.53
20:37:43     all   64.56    0.00   20.51    0.00    0.00   11.39    0.00    0.00    0.00    3.54
20:37:44     all   63.73    0.00   20.65    0.00    0.00   11.34    0.00    0.00    0.00    4.28
20:37:45     all   64.57    0.00   20.85    0.00    0.00   11.56    0.00    0.00    0.00    3.02
20:37:46     all   66.50    0.00   18.89    0.00    0.00   11.59    0.00    0.00    0.00    3.02
20:37:47     all   64.74    0.00   19.90    0.00    0.00   11.84    0.00    0.00    0.00    3.53
20:37:48     all   65.15    0.00   20.45    0.00    0.00   11.36    0.00    0.00    0.00    3.03
20:37:49     all   64.91    0.00   19.05    0.00    0.00   11.53    0.25    0.00    0.00    4.26
20:37:50     all   65.06    0.00   20.00    0.00    0.00   10.89    0.00    0.00    0.00    4.05
20:37:51     all   64.14    0.00   19.70    0.00    0.00   11.36    0.00    0.00    0.00    4.80
20:37:52     all   65.41    0.00   19.30    0.00    0.00   11.78    0.00    0.00    0.00    3.51
20:37:53     all   64.65    0.00   19.70    0.00    0.00   11.62    0.51    0.00    0.00    3.54
20:37:54     all   65.58    0.00   19.60    0.00    0.00   11.31    0.00    0.00    0.00    3.52
20:37:55     all   64.65    0.00   20.71    0.00    0.00   10.61    0.00    0.00    0.00    4.04
20:37:56     all   65.49    0.00   20.40    0.00    0.00   10.83    0.00    0.00    0.00    3.27
20:37:57     all   65.40    0.00   19.44    0.00    0.00   11.62    0.00    0.00    0.00    3.54
20:37:58     all   63.41    0.00   20.55    0.00    0.00   12.28    0.00    0.00    0.00    3.76
20:37:59     all   64.05    0.00   20.25    0.00    0.00   11.90    0.00    0.00    0.00    3.80
20:38:00     all   57.25    0.00   18.13    0.00    0.00    9.59    0.00    0.00    0.00   15.03
20:38:01     all   64.32    0.00   21.36    0.00    0.00   11.06    0.00    0.00    0.00    3.27
20:38:02     all   65.91    0.00   18.69    0.00    0.00   11.36    0.25    0.00    0.00    3.79
20:38:03     all   65.34    0.00   20.45    0.00    0.00   10.72    0.00    0.00    0.00    3.49
20:38:04     all   66.16    0.00   19.59    0.00    0.00   10.43    0.00    0.00    0.00    3.82
20:38:05     all   64.91    0.00   20.05    0.00    0.00   11.03    0.00    0.00    0.00    4.01
20:38:06     all   66.41    0.00   19.59    0.00    0.00   10.69    0.00    0.00    0.00    3.31
20:38:07     all   65.41    0.00   20.05    0.00    0.00   11.28    0.00    0.00    0.00    3.26
20:38:08     all   64.56    0.00   19.75    0.00    0.00   10.89    0.00    0.00    0.00    4.81
20:38:09     all   64.00    0.00   21.00    0.00    0.00   11.50    0.00    0.00    0.00    3.50
20:38:10     all   64.90    0.00   19.95    0.00    0.00   11.11    0.00    0.00    0.00    4.04
20:38:11     all   64.99    0.00   19.90    0.00    0.00   11.34    0.00    0.00    0.00    3.78
20:38:12     all   64.57    0.00   20.60    0.00    0.00   11.56    0.25    0.00    0.00    3.02
20:38:13     all   64.30    0.00   20.00    0.00    0.00   12.41    0.00    0.00    0.00    3.29
20:38:14     all   64.23    0.00   19.90    0.00    0.00   10.58    0.25    0.00    0.00    5.04
20:38:15     all   64.32    0.00   19.85    0.00    0.00   10.80    0.25    0.00    0.00    4.77
20:38:16     all   64.23    0.00   20.15    0.00    0.00   11.59    0.00    0.00    0.00    4.03
20:38:17     all   65.48    0.00   19.54    0.00    0.00   11.17    0.00    0.00    0.00    3.81
20:38:18     all   64.23    0.00   20.15    0.00    0.00   11.84    0.00    0.00    0.00    3.78
20:38:19     all   65.05    0.00   20.15    0.00    0.00   11.22    0.00    0.00    0.00    3.57
20:38:20     all   64.34    0.00   19.70    0.00    0.00   11.47    0.00    0.00    0.00    4.49
20:38:21     all   64.97    0.00   19.54    0.00    0.00   11.42    0.00    0.00    0.00    4.06
20:38:22     all   64.50    0.00   19.75    0.00    0.00   11.25    0.25    0.00    0.00    4.25
20:38:23     all   65.32    0.00   19.75    0.00    0.00   11.39    0.00    0.00    0.00    3.54
20:38:24     all   65.08    0.00   20.60    0.00    0.00   10.55    0.00    0.00    0.00    3.77
20:38:25     all   65.23    0.00   19.29    0.00    0.00   11.17    0.00    0.00    0.00    4.31
20:38:26     all   64.16    0.00   20.30    0.00    0.00   10.53    0.00    0.00    0.00    5.01
20:38:27     all   64.87    0.00   20.26    0.00    0.00   10.77    0.00    0.00    0.00    4.10
20:38:28     all   64.82    0.00   19.85    0.00    0.00   11.31    0.00    0.00    0.00    4.02
20:38:29     all   64.05    0.00   20.25    0.00    0.00   10.89    0.00    0.00    0.00    4.81
20:38:30     all   59.24    0.00   17.72    0.00    0.00   10.89    0.00    0.00    0.00   12.15
20:38:31     all   64.25    0.00   19.50    0.00    0.00   12.25    0.00    0.00    0.00    4.00
20:38:32     all   64.80    0.00   20.15    0.00    0.00   10.71    0.00    0.00    0.00    4.34
20:38:33     all   64.90    0.00   19.95    0.00    0.00   10.86    0.25    0.00    0.00    4.04
20:38:34     all   63.32    0.00   20.60    0.00    0.00   11.31    0.00    0.00    0.00    4.77
20:38:35     all   63.41    0.00   21.05    0.00    0.00   11.28    0.50    0.00    0.00    3.76
20:38:36     all   63.61    0.00   20.36    0.00    0.00   11.96    0.25    0.00    0.00    3.82
20:38:37     all   64.75    0.00   20.75    0.00    0.00   10.75    0.00    0.00    0.00    3.75
20:38:38     all   66.08    0.00   20.25    0.00    0.00   10.38    0.00    0.00    0.00    3.29
20:38:39     all   63.13    0.00   20.45    0.00    0.00   12.12    0.00    0.00    0.00    4.29
20:38:40     all   65.49    0.00   19.90    0.00    0.00   11.34    0.00    0.00    0.00    3.27
20:38:41     all   65.48    0.00   19.54    0.00    0.00   11.42    0.00    0.00    0.00    3.55
20:38:42     all   64.05    0.00   21.27    0.00    0.00   10.63    0.00    0.00    0.00    4.05
20:38:43     all   65.41    0.00   19.55    0.00    0.00   11.03    0.00    0.00    0.00    4.01
20:38:44     all   65.06    0.00   19.24    0.00    0.00   11.90    0.00    0.00    0.00    3.80
20:38:45     all   64.90    0.00   20.96    0.00    0.00   10.61    0.00    0.00    0.00    3.54
20:38:46     all   63.87    0.00   20.61    0.00    0.00   11.45    0.00    0.00    0.00    4.07
20:38:47     all   64.59    0.00   20.95    0.00    0.00   10.72    0.00    0.00    0.00    3.74
20:38:48     all   64.91    0.00   19.80    0.00    0.00   11.53    0.00    0.00    0.00    3.76
20:38:49     all   64.90    0.00   19.95    0.00    0.00   11.36    0.00    0.00    0.00    3.79
20:38:50     all   65.66    0.00   19.95    0.00    0.00   11.11    0.00    0.00    0.00    3.28
20:38:51     all   65.33    0.00   18.84    0.00    0.00   11.81    0.25    0.00    0.00    3.77
20:38:52     all   65.58    0.00   19.60    0.00    0.00   10.55    0.50    0.00    0.00    3.77
20:38:53     all   66.16    0.00   19.34    0.00    0.00   10.94    0.00    0.00    0.00    3.56
20:38:54     all   64.23    0.00   19.65    0.00    0.00   11.34    0.00    0.00    0.00    4.79
20:38:55     all   64.30    0.00   20.76    0.00    0.00   10.89    0.00    0.00    0.00    4.05
20:38:56     all   65.66    0.00   18.94    0.00    0.00   11.11    0.00    0.00    0.00    4.29
20:38:57     all   64.21    0.00   20.30    0.00    0.00   11.42    0.00    0.00    0.00    4.06
20:38:58     all   65.91    0.00   18.69    0.00    0.00   11.62    0.00    0.00    0.00    3.79
20:38:59     all   65.23    0.00   19.80    0.00    0.00   10.66    0.00    0.00    0.00    4.31
20:39:00     all   53.77    0.00   17.09    0.00    0.00    9.80    0.00    0.00    0.00   19.35
20:39:01     all    2.76    0.00    1.26    0.00    0.00    0.75    0.25    0.00    0.00   94.97
20:39:02     all   25.58    0.00    6.14    0.00    0.00    3.58    0.00    0.00    0.00   64.71
20:39:03     all   20.10    0.00    6.62    0.00    0.00    2.80    0.00    0.00    0.00   70.48
20:39:04     all   21.57    0.00    9.14    0.00    0.00    2.79    0.00    0.00    0.00   66.50
20:39:05     all   20.60    0.00    9.80    0.00    0.00    4.02    0.00    0.00    0.00   65.58
20:39:06     all   22.42    0.00    9.57    0.00    0.00    3.02    0.00    0.00    0.00   64.99
20:39:07     all   22.11    0.00    9.30    0.00    0.00    3.77    0.00    0.00    0.00   64.82
20:39:08     all   20.75    0.00   10.00    0.00    0.00    4.00    0.00    0.00    0.00   65.25
20:39:09     all   21.07    0.00    9.64    0.00    0.00    3.05    0.00    0.00    0.00   66.24
20:39:10     all   21.27    0.00    9.62    0.00    0.00    3.29    0.25    0.00    0.00   65.57
20:39:11     all   22.00    0.00   10.00    0.00    0.00    3.25    0.25    0.00    0.00   64.50
20:39:12     all   20.65    0.00    9.82    0.00    0.00    3.53    0.00    0.00    0.00   65.99
20:39:13     all   21.16    0.00    9.82    0.00    0.00    3.02    0.00    0.00    0.00   65.99
20:39:14     all   20.51    0.00    8.86    0.00    0.00    3.29    0.00    0.00    0.00   67.34
20:39:15     all   21.88    0.00    8.65    0.00    0.00    2.80    0.25    0.00    0.00   66.41
20:39:16     all   23.16    0.00    9.16    0.00    0.00    3.05    0.00    0.00    0.00   64.63
20:39:17     all   21.61    0.00    8.29    0.00    0.00    3.52    0.00    0.00    0.00   66.58
20:39:18     all   20.61    0.00    9.41    0.00    0.00    3.56    0.00    0.00    0.00   66.41
20:39:19     all   21.80    0.00   10.03    0.25    0.00    3.51    0.00    0.00    0.00   64.41
20:39:20     all   21.66    0.00    9.07    0.00    0.00    3.02    0.00    0.00    0.00   66.25
20:39:21     all   21.37    0.00    9.92    0.00    0.00    3.31    0.25    0.00    0.00   65.14
20:39:22     all   20.50    0.00    9.75    0.00    0.00    3.75    0.00    0.00    0.00   66.00
20:39:23     all   21.97    0.00    9.85    0.00    0.00    3.28    0.00    0.00    0.00   64.90
20:39:24     all   22.45    0.00    8.67    0.00    0.00    3.32    0.26    0.00    0.00   65.31
20:39:25     all   23.12    0.00    9.05    0.00    0.00    3.27    0.25    0.00    0.00   64.32
20:39:26     all   20.75    0.00   10.25    0.00    0.00    4.25    0.00    0.00    0.00   64.75
20:39:27     all   21.17    0.00    9.69    0.00    0.00    3.06    0.00    0.00    0.00   66.07
20:39:28     all   21.41    0.00   10.08    0.00    0.00    3.53    0.00    0.00    0.00   64.99
20:39:29     all   22.03    0.00    9.37    0.00    0.00    3.29    0.00    0.00    0.00   65.32
20:39:30     all   19.44    0.00    8.08    0.00    0.00    3.54    0.00    0.00    0.00   68.94
20:39:31     all    2.52    0.00    1.51    0.00    0.00    0.50    0.00    0.00    0.00   95.47
20:39:32     all   34.01    0.00   10.08    0.00    0.00    6.80    0.00    0.00    0.00   49.12
20:39:33     all   55.42    0.00   16.88    0.00    0.00    8.56    0.25    0.00    0.00   18.89
20:39:34     all   54.55    0.00   16.41    0.00    0.00    7.07    0.00    0.00    0.00   21.97
20:39:35     all   52.54    0.00   17.51    0.00    0.00    6.60    0.25    0.00    0.00   23.10
20:39:36     all   49.87    0.00   20.57    0.00    0.00    6.68    0.00    0.00    0.00   22.88
20:39:37     all   47.57    0.00   20.20    0.00    0.00    5.88    0.00    0.00    0.00   26.34
20:39:38     all   52.67    0.00   18.58    0.00    0.00    6.62    0.00    0.00    0.00   22.14
20:39:39     all   55.08    0.00   17.77    0.00    0.00    6.09    0.00    0.00    0.00   21.07
20:39:40     all   52.28    0.00   20.81    0.00    0.00    6.35    0.00    0.00    0.00   20.56
20:39:41     all   51.15    0.00   18.67    0.00    0.00    6.14    0.00    0.00    0.00   24.04
20:39:42     all   49.49    0.00   18.88    0.00    0.00    6.89    0.00    0.00    0.00   24.74
20:39:43     all   51.90    0.00   19.49    0.00    0.00    6.84    0.00    0.00    0.00   21.77
20:39:44     all   51.28    0.00   17.86    0.00    0.00    6.38    0.00    0.00    0.00   24.49
20:39:45     all   50.76    0.00   20.05    0.00    0.00    6.60    0.00    0.00    0.00   22.59
20:39:46     all   49.62    0.00   20.36    0.00    0.00    6.36    0.00    0.00    0.00   23.66
20:39:47     all   49.74    0.00   19.07    0.00    0.00    5.93    0.26    0.00    0.00   25.00
20:39:48     all   54.96    0.00   17.05    0.00    0.00    6.36    0.00    0.00    0.00   21.63
20:39:49     all   53.15    0.00   18.89    0.00    0.00    6.55    0.25    0.00    0.00   21.16
20:39:50     all   53.90    0.00   20.40    0.00    0.00    6.80    0.25    0.00    0.00   18.64
20:39:51     all   50.77    0.00   18.97    0.00    0.00    6.15    0.00    0.00    0.00   24.10
20:39:52     all   51.15    0.00   19.85    0.00    0.00    6.62    0.25    0.00    0.00   22.14
20:39:53     all   50.76    0.00   18.53    0.00    0.00    6.85    0.00    0.00    0.00   23.86
20:39:54     all   50.26    0.00   17.18    0.00    0.00    6.41    0.00    0.00    0.00   26.15
20:39:55     all   51.15    0.00   17.56    0.00    0.00    5.85    0.00    0.00    0.00   25.45
20:39:56     all   52.91    0.00   20.51    0.00    0.00    6.84    0.00    0.00    0.00   19.75
20:39:57     all   52.19    0.00   19.28    0.00    0.00    6.43    0.00    0.00    0.00   22.11
20:39:58     all   51.52    0.00   19.54    0.00    0.00    6.09    0.00    0.00    0.00   22.84
20:39:59     all   49.10    0.00   21.48    0.26    0.00    6.91    0.00    0.00    0.00   22.25
20:40:00     all   51.28    0.00   17.95    0.00    0.00    6.67    0.26    0.00    0.00   23.85
20:40:01     all   11.00    0.00    1.25    0.00    0.00    0.25    0.00    0.00    0.00   87.50
20:40:02     all   45.69    0.00   11.42    0.00    0.00    8.12    0.00    0.00    0.00   34.77
20:40:03     all   57.65    0.00   13.27    0.00    0.00    7.91    0.00    0.00    0.00   21.17
20:40:04     all   72.43    0.00   16.29    0.00    0.00    7.02    0.00    0.00    0.00    4.26
20:40:05     all   71.97    0.00   14.14    0.00    0.00    7.32    0.00    0.00    0.00    6.57
20:40:06     all   67.85    0.00   12.91    0.00    0.00    8.86    0.00    0.00    0.00   10.38
20:40:07     all   71.11    0.00   14.82    0.00    0.00    9.80    0.00    0.00    0.00    4.27
20:40:08     all   78.09    0.00   12.85    0.00    0.00    6.30    0.00    0.00    0.00    2.77
20:40:09     all   68.08    0.00   16.96    0.00    0.00    8.73    0.25    0.00    0.00    5.99
20:40:10     all   73.48    0.00   13.38    0.00    0.00    9.60    0.00    0.00    0.00    3.54
20:40:11     all   67.75    0.00   14.25    0.00    0.00   10.75    0.25    0.00    0.00    7.00
20:40:12     all   64.30    0.00   16.96    0.00    0.00   11.39    0.00    0.00    0.00    7.34
20:40:13     all   64.59    0.00   17.71    0.00    0.00   12.72    0.00    0.00    0.00    4.99
20:40:14     all   64.65    0.00   17.42    0.00    0.00   12.63    0.25    0.00    0.00    5.05
20:40:15     all   66.67    0.00   18.30    0.00    0.00   11.78    0.00    0.00    0.00    3.26
20:40:16     all   67.34    0.00   18.59    0.00    0.00   10.80    0.00    0.00    0.00    3.27
20:40:17     all   63.82    0.00   16.83    0.00    0.00   11.81    0.00    0.00    0.00    7.54
20:40:18     all   65.58    0.00   18.34    0.00    0.00   10.80    0.00    0.00    0.00    5.28
20:40:19     all   67.50    0.00   19.25    0.00    0.00   10.00    0.25    0.00    0.00    3.00
20:40:20     all   65.91    0.00   17.42    0.00    0.00   10.86    0.00    0.00    0.00    5.81
20:40:21     all   64.74    0.00   19.40    0.00    0.00   11.59    0.00    0.00    0.00    4.28
20:40:22     all   64.41    0.00   19.55    0.00    0.00   11.28    0.00    0.00    0.00    4.76
20:40:23     all   64.41    0.00   19.30    0.00    0.00   11.53    0.00    0.00    0.00    4.76
20:40:24     all   66.16    0.00   18.94    0.00    0.00   10.86    0.00    0.00    0.00    4.04
20:40:25     all   65.15    0.00   19.70    0.00    0.00   11.36    0.00    0.00    0.00    3.79
20:40:26     all   62.66    0.00   19.80    0.00    0.00   10.28    0.00    0.00    0.00    7.27
20:40:27     all   65.48    0.00   17.51    0.00    0.00   10.91    0.00    0.00    0.00    6.09
20:40:28     all   64.27    0.00   20.84    0.00    0.00   10.92    0.00    0.00    0.00    3.97
20:40:29     all   63.98    0.00   16.88    0.00    0.00   11.59    0.00    0.00    0.00    7.56
20:40:30     all   65.33    0.00   17.84    0.00    0.00   11.56    0.00    0.00    0.00    5.28
20:40:31     all   37.25    0.00    3.00    0.00    0.00    1.50    0.00    0.00    0.00   58.25
20:40:32     all   52.06    0.00    9.79    0.00    0.00    6.96    0.00    0.00    0.00   31.19
20:40:33     all   46.77    0.00   13.95    0.00    0.00    8.01    0.00    0.00    0.00   31.27
20:40:34     all   65.66    0.00   17.54    0.00    0.00   10.03    0.25    0.00    0.00    6.52
20:40:35     all   66.24    0.00   18.27    0.00    0.00   10.41    0.00    0.00    0.00    5.08
20:40:36     all   71.36    0.00   15.08    0.00    0.00   10.05    0.25    0.00    0.00    3.27
20:40:37     all   72.80    0.00   14.61    0.00    0.00    9.82    0.00    0.00    0.00    2.77
20:40:39     all   72.03    0.00   14.36    0.00    0.00    9.90    0.25    0.00    0.00    3.47
20:40:40     all   72.61    0.00   12.06    0.00    0.00    9.55    0.00    0.00    0.00    5.78
20:40:41     all   69.10    0.00   16.83    0.00    0.00   10.05    0.00    0.00    0.00    4.02
20:40:42     all   70.28    0.00   16.88    0.00    0.00   10.08    0.00    0.00    0.00    2.77
20:40:43     all   72.50    0.00   15.25    0.00    0.00    9.75    0.00    0.00    0.00    2.50
20:40:44     all   75.38    0.00   13.07    0.00    0.00    8.54    0.00    0.00    0.00    3.02
20:40:45     all   69.42    0.00   16.79    0.00    0.00   10.28    0.00    0.00    0.00    3.51
20:40:46     all   72.68    0.00   14.79    0.00    0.00    9.77    0.25    0.00    0.00    2.51
20:40:47     all   74.25    0.00   13.00    0.00    0.00    8.75    0.00    0.00    0.00    4.00
20:40:48     all   68.69    0.00   15.66    0.00    0.00    8.08    0.00    0.00    0.00    7.58
20:40:49     all   69.35    0.00   17.09    0.00    0.00   10.80    0.00    0.00    0.00    2.76
20:40:50     all   73.57    0.00   14.21    0.00    0.00    8.73    0.00    0.00    0.00    3.49
20:40:51     all   73.05    0.00   14.11    0.00    0.00    9.32    0.00    0.00    0.00    3.53
20:40:52     all   73.80    0.00   12.85    0.00    0.00    9.57    0.00    0.00    0.00    3.78
20:40:53     all   70.75    0.00   16.50    0.00    0.00    8.50    0.00    0.00    0.00    4.25
20:40:54     all   73.62    0.00   13.82    0.00    0.00    8.54    0.00    0.00    0.00    4.02
20:40:55     all   73.25    0.00   15.25    0.00    0.00    8.50    0.00    0.00    0.00    3.00
20:40:56     all   72.61    0.00   13.07    0.00    0.00    9.80    0.00    0.00    0.00    4.52
20:40:57     all   74.12    0.00   13.32    0.00    0.00    9.30    0.00    0.00    0.00    3.27
20:40:58     all   72.86    0.00   14.32    0.00    0.00    9.55    0.00    0.00    0.00    3.27
20:40:59     all   74.37    0.00   14.57    0.00    0.00    7.29    0.00    0.00    0.00    3.77
20:41:00     all   71.21    0.00   16.41    0.00    0.00    9.34    0.00    0.00    0.00    3.03
20:41:01     all   72.89    0.00   15.92    0.00    0.00    8.71    0.25    0.00    0.00    2.24
