Running 30s test @ http://10.116.0.2:8080/block?ms=100
  4 threads and 2000 connections
  Thread calibration: mean lat.: 852.075ms, rate sampling interval: 2856ms
  Thread calibration: mean lat.: 857.164ms, rate sampling interval: 2754ms
  Thread calibration: mean lat.: 928.858ms, rate sampling interval: 2840ms
  Thread calibration: mean lat.: 860.464ms, rate sampling interval: 2787ms
  Thread Stats   Avg      Stdev     Max   +/- Stdev
    Latency     2.52s   664.25ms   4.30s    57.60%
    Req/Sec     3.94k   115.49     4.10k    58.33%
  Latency Distribution (HdrHistogram - Recorded Latency)
 50.000%    2.51s 
 75.000%    3.07s 
 90.000%    3.43s 
 99.000%    3.86s 
 99.900%    4.04s 
 99.990%    4.16s 
 99.999%    4.22s 
100.000%    4.30s 

  Detailed Percentile spectrum:
       Value   Percentile   TotalCount 1/(1-Percentile)

    1138.687     0.000000            1         1.00
    1676.287     0.100000        27723         1.11
    1822.719     0.200000        55244         1.25
    1995.775     0.300000        82732         1.43
    2246.655     0.400000       110446         1.67
    2510.847     0.500000       137879         2.00
    2623.487     0.550000       151810         2.22
    2725.887     0.600000       165579         2.50
    2834.431     0.650000       179324         2.86
    2953.215     0.700000       193123         3.33
    3074.047     0.750000       206913         4.00
    3133.439     0.775000       213715         4.44
    3192.831     0.800000       220482         5.00
    3250.175     0.825000       227420         5.71
    3307.519     0.850000       234246         6.67
    3366.911     0.875000       241204         8.00
    3397.631     0.887500       244599         8.89
    3430.399     0.900000       248105        10.00
    3463.167     0.912500       251469        11.43
    3502.079     0.925000       254947        13.33
    3543.039     0.937500       258356        16.00
    3565.567     0.943750       260123        17.78
    3592.191     0.950000       261870        20.00
    3620.863     0.956250       263543        22.86
    3651.583     0.962500       265290        26.67
    3684.351     0.968750       267021        32.00
    3702.783     0.971875       267822        35.56
    3725.311     0.975000       268719        40.00
    3747.839     0.978125       269599        45.71
    3768.319     0.981250       270419        53.33
    3792.895     0.984375       271270        64.00
    3811.327     0.985938       271746        71.11
    3827.711     0.987500       272149        80.00
    3844.095     0.989062       272554        91.43
    3862.527     0.990625       272994       106.67
    3880.959     0.992188       273430       128.00
    3891.199     0.992969       273635       142.22
    3903.487     0.993750       273878       160.00
    3917.823     0.994531       274087       182.86
    3932.159     0.995313       274285       213.33
    3948.543     0.996094       274498       256.00
    3960.831     0.996484       274619       284.44
    3969.023     0.996875       274724       320.00
    3977.215     0.997266       274823       365.71
    3987.455     0.997656       274932       426.67
    3997.695     0.998047       275037       512.00
    4003.839     0.998242       275086       568.89
    4009.983     0.998437       275139       640.00
    4020.223     0.998633       275196       731.43
    4030.463     0.998828       275248       853.33
    4044.799     0.999023       275300      1024.00
    4050.943     0.999121       275325      1137.78
    4057.087     0.999219       275355      1280.00
    4065.279     0.999316       275381      1462.86
    4075.519     0.999414       275411      1706.67
    4083.711     0.999512       275436      2048.00
    4087.807     0.999561       275446      2275.56
    4095.999     0.999609       275461      2560.00
    4100.095     0.999658       275478      2925.71
    4104.191     0.999707       275492      3413.33
    4112.383     0.999756       275503      4096.00
    4114.431     0.999780       275510      4551.11
    4120.575     0.999805       275516      5120.00
    4124.671     0.999829       275520      5851.43
    4132.863     0.999854       275527      6826.67
    4147.199     0.999878       275535      8192.00
    4151.295     0.999890       275537      9102.22
    4171.775     0.999902       275541     10240.00
    4179.967     0.999915       275544     11702.86
    4186.111     0.999927       275549     13653.33
    4192.255     0.999939       275552     16384.00
    4192.255     0.999945       275552     18204.44
    4194.303     0.999951       275555     20480.00
    4198.399     0.999957       275557     23405.71
    4198.399     0.999963       275557     27306.67
    4202.495     0.999969       275560     32768.00
    4202.495     0.999973       275560     36408.89
    4210.687     0.999976       275561     40960.00
    4214.783     0.999979       275562     46811.43
    4214.783     0.999982       275562     54613.33
    4218.879     0.999985       275563     65536.00
    4222.975     0.999986       275564     72817.78
    4222.975     0.999988       275564     81920.00
    4227.071     0.999989       275565     93622.86
    4227.071     0.999991       275565    109226.67
    4227.071     0.999992       275565    131072.00
    4231.167     0.999993       275566    145635.56
    4231.167     0.999994       275566    163840.00
    4231.167     0.999995       275566    187245.71
    4231.167     0.999995       275566    218453.33
    4231.167     0.999996       275566    262144.00
    4300.799     0.999997       275567    291271.11
    4300.799     1.000000       275567          inf
#[Mean    =     2516.399, StdDeviation   =      664.249]
#[Max     =     4296.704, Total count    =       275567]
#[Buckets =           27, SubBuckets     =         2048]
----------------------------------------------------------
  448406 requests in 30.00s, 36.35MB read
Requests/sec:  14946.43
Transfer/sec:      1.21MB
