Running 30s test @ http://10.116.0.2:8080/json
  4 threads and 256 connections
  Thread calibration: mean lat.: 1.414ms, rate sampling interval: 10ms
  Thread calibration: mean lat.: 1.298ms, rate sampling interval: 10ms
  Thread calibration: mean lat.: 1.296ms, rate sampling interval: 10ms
  Thread calibration: mean lat.: 1.410ms, rate sampling interval: 10ms
  Thread Stats   Avg      Stdev     Max   +/- Stdev
    Latency     1.32ms  578.64us  14.12ms   65.95%
    Req/Sec     5.28k   338.32     7.70k    69.99%
  Latency Distribution (HdrHistogram - Recorded Latency)
 50.000%    1.24ms
 75.000%    1.74ms
 90.000%    2.10ms
 99.000%    2.76ms
 99.900%    4.01ms
 99.990%    5.74ms
 99.999%   11.98ms
100.000%   14.13ms

  Detailed Percentile spectrum:
       Value   Percentile   TotalCount 1/(1-Percentile)

       0.217     0.000000            1         1.00
       0.631     0.100000        39490         1.11
       0.796     0.200000        78967         1.25
       0.939     0.300000       118083         1.43
       1.085     0.400000       157553         1.67
       1.241     0.500000       196803         2.00
       1.329     0.550000       216525         2.22
       1.423     0.600000       236271         2.50
       1.522     0.650000       255843         2.86
       1.627     0.700000       275599         3.33
       1.735     0.750000       295343         4.00
       1.790     0.775000       305118         4.44
       1.846     0.800000       314979         5.00
       1.903     0.825000       324741         5.71
       1.963     0.850000       334643         6.67
       2.028     0.875000       344386         8.00
       2.065     0.887500       349494         8.89
       2.103     0.900000       354432        10.00
       2.143     0.912500       359182        11.43
       2.189     0.925000       364095        13.33
       2.243     0.937500       369113        16.00
       2.273     0.943750       371576        17.78
       2.305     0.950000       374047        20.00
       2.339     0.956250       376391        22.86
       2.379     0.962500       378836        26.67
       2.427     0.968750       381325        32.00
       2.453     0.971875       382563        35.56
       2.483     0.975000       383776        40.00
       2.517     0.978125       384995        45.71
       2.559     0.981250       386215        53.33
       2.611     0.984375       387464        64.00
       2.643     0.985938       388073        71.11
       2.679     0.987500       388659        80.00
       2.725     0.989062       389286        91.43
       2.779     0.990625       389899       106.67
       2.851     0.992188       390512       128.00
       2.895     0.992969       390821       142.22
       2.941     0.993750       391129       160.00
       2.995     0.994531       391430       182.86
       3.067     0.995313       391738       213.33
       3.163     0.996094       392042       256.00
       3.219     0.996484       392195       284.44
       3.307     0.996875       392349       320.00
       3.379     0.997266       392501       365.71
       3.471     0.997656       392655       426.67
       3.581     0.998047       392809       512.00
       3.641     0.998242       392888       568.89
       3.713     0.998437       392964       640.00
       3.793     0.998633       393040       731.43
       3.893     0.998828       393116       853.33
       4.027     0.999023       393193      1024.00
       4.099     0.999121       393233      1137.78
       4.171     0.999219       393270      1280.00
       4.259     0.999316       393308      1462.86
       4.367     0.999414       393348      1706.67
       4.503     0.999512       393385      2048.00
       4.591     0.999561       393405      2275.56
       4.687     0.999609       393426      2560.00
       4.799     0.999658       393445      2925.71
       4.927     0.999707       393462      3413.33
       5.035     0.999756       393483      4096.00
       5.131     0.999780       393491      4551.11
       5.267     0.999805       393501      5120.00
       5.343     0.999829       393510      5851.43
       5.447     0.999854       393520      6826.67
       5.635     0.999878       393529      8192.00
       5.687     0.999890       393534      9102.22
       5.755     0.999902       393539     10240.00
       5.935     0.999915       393544     11702.86
       6.011     0.999927       393549     13653.33
       6.131     0.999939       393553     16384.00
       6.207     0.999945       393556     18204.44
       6.223     0.999951       393558     20480.00
       6.535     0.999957       393561     23405.71
       6.635     0.999963       393563     27306.67
       6.767     0.999969       393565     32768.00
       7.095     0.999973       393567     36408.89
       7.111     0.999976       393568     40960.00
       7.739     0.999979       393569     46811.43
       7.859     0.999982       393570     54613.33
       7.907     0.999985       393571     65536.00
      11.855     0.999986       393572     72817.78
      11.975     0.999988       393573     81920.00
      11.975     0.999989       393573     93622.86
      12.047     0.999991       393574    109226.67
      12.047     0.999992       393574    131072.00
      12.759     0.999993       393575    145635.56
      12.759     0.999994       393575    163840.00
      12.759     0.999995       393575    187245.71
      13.055     0.999995       393576    218453.33
      13.055     0.999996       393576    262144.00
      13.055     0.999997       393576    291271.11
      13.055     0.999997       393576    327680.00
      13.055     0.999997       393576    374491.43
      14.127     0.999998       393577    436906.67
      14.127     1.000000       393577          inf
#[Mean    =        1.323, StdDeviation   =        0.579]
#[Max     =       14.120, Total count    =       393577]
#[Buckets =           27, SubBuckets     =         2048]
----------------------------------------------------------
  596929 requests in 30.00s, 55.79MB read
Requests/sec:  19897.22
Transfer/sec:      1.86MB
