Linux 6.8.0-142-generic (cafeai-bench-loadgen) 	10/01/26 	_x86_64_	(4 CPU)

20:35:00     CPU    %usr   %nice    %sys %iowait    %irq   %soft  %steal  %guest  %gnice   %idle
20:35:01     all    0.75    0.00    1.00    0.00    0.00    0.75    0.00    0.00    0.00   97.49
20:35:02     all    0.51    0.00    1.77    0.00    0.00    1.27    0.25    0.00    0.00   96.20
20:35:03     all    0.77    0.00    2.30    0.00    0.00    0.77    0.00    0.00    0.00   96.17
20:35:04     all    1.28    0.00    2.81    0.00    0.00    1.02    0.00    0.00    0.00   94.90
20:35:05     all    1.27    0.00    3.29    0.00    0.00    2.28    0.00    0.00    0.00   93.16
20:35:06     all    1.01    0.00    3.80    0.00    0.00    2.28    0.00    0.00    0.00   92.91
20:35:07     all    1.30    0.00    3.91    0.00    0.00    1.04    0.00    0.00    0.00   93.75
20:35:08     all    3.39    0.00    7.03    0.00    0.00    3.39    0.26    0.00    0.00   85.94
20:35:09     all    4.26    0.00   11.70    0.00    0.00    6.38    0.00    0.00    0.00   77.66
20:35:10     all    5.39    0.00   13.48    0.00    0.00    8.09    0.00    0.00    0.00   73.05
20:35:11     all    5.56    0.00   14.81    0.00    0.00    8.47    0.00    0.00    0.00   71.16
20:35:12     all    5.63    0.00   13.94    0.00    0.00    8.58    0.00    0.00    0.00   71.85
20:35:13     all    5.46    0.00   10.11    0.00    0.00    7.92    0.00    0.00    0.00   76.50
20:35:14     all    4.11    0.00    7.40    0.00    0.00    4.93    0.00    0.00    0.00   83.56
20:35:15     all    3.59    0.00    6.92    0.00    0.00    4.87    0.00    0.00    0.00   84.62
20:35:16     all    2.85    0.00    7.25    0.00    0.00    4.92    0.00    0.00    0.00   84.97
20:35:17     all    3.38    0.00    6.49    0.00    0.00    4.94    0.00    0.00    0.00   85.19
20:35:18     all    3.92    0.00    6.01    0.00    0.00    4.18    0.00    0.00    0.00   85.90
20:35:19     all    3.41    0.00    6.30    0.00    0.00    4.46    0.00    0.00    0.00   85.83
20:35:20     all    3.86    0.00    6.68    0.00    0.00    5.14    0.00    0.00    0.00   84.32
20:35:21     all    3.63    0.00    6.48    0.00    0.00    4.92    0.00    0.00    0.00   84.97
20:35:22     all    2.89    0.00    6.82    0.00    0.00    4.46    0.00    0.00    0.00   85.83
20:35:23     all    3.12    0.00    6.23    0.00    0.00    4.94    0.26    0.00    0.00   85.45
20:35:24     all    3.41    0.00    6.30    0.00    0.00    4.72    0.00    0.00    0.00   85.56
20:35:25     all    3.13    0.00    6.79    0.00    0.00    4.70    0.00    0.00    0.00   85.38
20:35:26     all    3.41    0.00    6.56    0.00    0.00    4.20    0.00    0.00    0.00   85.83
20:35:27     all    4.18    0.00    6.53    0.00    0.00    3.92    0.00    0.00    0.00   85.38
20:35:28     all    3.12    0.00    6.77    0.00    0.00    4.95    0.00    0.00    0.00   85.16
20:35:29     all    3.59    0.00    6.92    0.00    0.00    5.13    0.00    0.00    0.00   84.36
20:35:30     all    3.91    0.00    5.99    0.00    0.00    4.69    0.00    0.00    0.00   85.42
20:35:31     all    0.25    0.00    0.75    0.25    0.00    0.25    0.00    0.00    0.00   98.50
20:35:32     all    0.77    0.00    1.53    0.00    0.00    1.28    0.00    0.00    0.00   96.43
20:35:33     all    0.76    0.00    2.03    0.00    0.00    2.28    0.00    0.00    0.00   94.92
20:35:34     all    1.27    0.00    3.29    0.00    0.00    2.28    0.00    0.00    0.00   93.16
20:35:35     all    1.02    0.00    2.81    0.00    0.00    2.81    0.00    0.00    0.00   93.35
20:35:36     all    0.77    0.00    3.57    0.00    0.00    2.55    0.26    0.00    0.00   92.86
20:35:37     all    1.28    0.00    2.81    0.00    0.00    3.06    0.00    0.00    0.00   92.86
20:35:38     all    1.02    0.00    3.57    0.00    0.00    3.06    0.00    0.00    0.00   92.35
20:35:39     all    1.53    0.00    2.55    0.00    0.00    3.32    0.00    0.00    0.00   92.60
20:35:40     all    1.26    0.00    4.52    0.00    0.00    4.27    0.00    0.00    0.00   89.95
20:35:41     all    1.76    0.00    3.27    0.00    0.00    4.27    0.00    0.00    0.00   90.70
20:35:42     all    1.27    0.00    3.30    0.00    0.00    3.55    0.25    0.00    0.00   91.62
20:35:43     all    1.25    0.00    3.75    0.00    0.00    4.25    0.00    0.00    0.00   90.75
20:35:44     all    1.27    0.00    4.06    0.00    0.00    3.81    0.00    0.00    0.00   90.86
20:35:45     all    2.01    0.00    3.26    0.00    0.00    4.26    0.00    0.00    0.00   90.48
20:35:46     all    1.79    0.00    2.56    0.00    0.00    3.32    0.00    0.00    0.00   92.33
20:35:47     all    1.52    0.00    3.54    0.00    0.00    3.28    0.00    0.00    0.00   91.67
20:35:48     all    1.78    0.00    3.05    0.00    0.00    2.80    0.00    0.00    0.00   92.37
20:35:49     all    2.03    0.00    3.30    0.00    0.00    3.30    0.00    0.00    0.00   91.37
20:35:50     all    1.52    0.00    3.04    0.00    0.00    3.80    0.00    0.00    0.00   91.65
20:35:51     all    1.77    0.00    3.29    0.00    0.00    3.29    0.00    0.00    0.00   91.65
20:35:52     all    1.53    0.00    3.32    0.00    0.00    2.81    0.00    0.00    0.00   92.35
20:35:53     all    1.52    0.00    3.80    0.00    0.00    2.78    0.00    0.00    0.00   91.90
20:35:54     all    2.30    0.00    2.81    1.79    0.00    2.05    0.00    0.00    0.00   91.05
20:35:55     all    1.78    0.00    3.31    0.00    0.00    2.54    0.00    0.00    0.00   92.37
20:35:56     all    2.04    0.00    3.05    0.00    0.00    2.80    0.00    0.00    0.00   92.11
20:35:57     all    1.52    0.00    3.54    0.00    0.00    3.04    0.00    0.00    0.00   91.90
20:35:58     all    2.03    0.00    2.54    0.00    0.00    3.30    0.00    0.00    0.00   92.13
20:35:59     all    1.52    0.00    3.54    0.00    0.00    3.54    0.00    0.00    0.00   91.39
20:36:00     all    1.77    0.00    2.78    0.00    0.00    3.54    0.00    0.00    0.00   91.90
20:36:01     all    4.90    0.00    7.22    0.26    0.00    4.38    0.00    0.00    0.00   83.25
20:36:02     all    5.25    0.00    7.09    0.00    0.00    5.25    0.00    0.00    0.00   82.41
20:36:03     all    5.25    0.00    6.56    0.00    0.00    5.51    0.00    0.00    0.00   82.68
20:36:04     all    5.22    0.00    7.57    0.00    0.00    5.48    0.00    0.00    0.00   81.72
20:36:05     all    5.79    0.00    7.37    0.00    0.00    4.47    0.00    0.00    0.00   82.37
20:36:06     all    5.84    0.00    6.37    0.00    0.00    3.98    0.00    0.00    0.00   83.82
20:36:07     all    6.04    0.00    7.09    0.00    0.00    4.72    0.00    0.00    0.00   82.15
20:36:08     all    4.51    0.00    7.16    0.00    0.00    5.04    0.00    0.00    0.00   83.29
20:36:09     all    5.25    0.00    7.09    0.00    0.00    4.99    0.00    0.00    0.00   82.68
20:36:10     all    5.54    0.00    6.60    0.00    0.00    4.75    0.00    0.00    0.00   83.11
20:36:11     all    5.32    0.00    6.12    0.00    0.00    5.32    0.00    0.00    0.00   83.24
20:36:12     all    6.01    0.00    6.79    0.00    0.00    4.70    0.00    0.00    0.00   82.51
20:36:13     all    5.53    0.00    7.11    0.00    0.00    5.00    0.53    0.00    0.00   81.84
20:36:14     all    5.54    0.00    6.86    0.00    0.00    4.75    0.00    0.00    0.00   82.85
20:36:15     all    4.96    0.00    7.83    0.00    0.00    5.74    0.00    0.00    0.00   81.46
20:36:16     all    6.27    0.00    7.57    0.00    0.00    4.96    0.26    0.00    0.00   80.94
20:36:17     all    5.71    0.00    6.75    0.00    0.00    5.45    0.00    0.00    0.00   82.08
20:36:18     all    5.01    0.00    6.86    0.00    0.00    5.54    0.00    0.00    0.00   82.59
20:36:19     all    6.51    0.00    7.03    0.00    0.00    4.43    0.26    0.00    0.00   81.77
20:36:20     all    6.15    0.00    6.68    0.00    0.00    4.55    0.00    0.00    0.00   82.62
20:36:21     all    5.14    0.00    6.76    0.00    0.00    4.05    0.00    0.00    0.00   84.05
20:36:22     all    5.26    0.00    6.84    0.00    0.00    5.00    0.00    0.00    0.00   82.89
20:36:23     all    5.48    0.00    7.57    0.00    0.00    5.22    0.00    0.00    0.00   81.72
20:36:24     all    6.32    0.00    6.05    0.00    0.00    5.26    0.00    0.00    0.00   82.37
20:36:25     all    5.51    0.00    6.82    0.00    0.00    4.99    0.00    0.00    0.00   82.68
20:36:26     all    5.45    0.00    7.53    0.00    0.00    5.19    0.00    0.00    0.00   81.82
20:36:27     all    6.05    0.00    6.05    0.00    0.00    5.00    0.00    0.00    0.00   82.89
20:36:28     all    5.00    0.00    7.37    0.00    0.00    5.00    0.00    0.00    0.00   82.63
20:36:29     all    5.29    0.00    6.35    0.00    0.00    5.03    0.00    0.00    0.00   83.33
20:36:30     all    5.79    0.00    6.84    0.00    0.00    4.74    0.00    0.00    0.00   82.63
20:36:31     all    3.84    0.00    6.14    0.00    0.00    2.56    0.00    0.00    0.00   87.47
20:36:32     all    6.45    0.00   11.29    0.00    0.00    7.80    0.00    0.00    0.00   74.46
20:36:33     all    6.45    0.00   12.10    0.00    0.00    8.87    0.00    0.00    0.00   72.58
20:36:34     all    6.79    0.00   11.96    0.00    0.00    8.15    0.00    0.00    0.00   73.10
20:36:35     all    5.87    0.00   13.07    0.00    0.00    9.07    0.00    0.00    0.00   72.00
20:36:36     all    6.42    0.00   12.57    0.00    0.00    9.09    0.00    0.00    0.00   71.93
20:36:37     all    5.93    0.00   12.13    0.00    0.00   10.24    0.00    0.00    0.00   71.70
20:36:38     all    6.54    0.00   12.81    0.00    0.00    8.17    0.00    0.00    0.00   72.48
20:36:39     all    7.03    0.00   12.43    0.00    0.00    9.46    0.00    0.00    0.00   71.08
20:36:40     all    7.69    0.00   12.47    0.00    0.00    9.02    0.00    0.00    0.00   70.82
20:36:41     all    7.22    0.00   12.83    0.00    0.00    8.82    0.00    0.00    0.00   71.12
20:36:42     all    7.57    0.00   12.16    0.00    0.00    9.46    0.00    0.00    0.00   70.81
20:36:43     all    6.74    0.00   12.67    0.00    0.00    8.36    0.00    0.00    0.00   72.24
20:36:44     all    5.88    0.00   13.64    0.00    0.00    9.63    0.00    0.00    0.00   70.86
20:36:45     all    5.66    0.00   13.48    0.00    0.00    8.36    0.00    0.00    0.00   72.51
20:36:46     all    6.13    0.00   13.33    0.00    0.00    9.60    0.00    0.00    0.00   70.93
20:36:47     all    5.36    0.00   13.94    0.00    0.00    9.12    0.00    0.00    0.00   71.58
20:36:48     all    6.68    0.00   13.37    0.00    0.00    9.36    0.00    0.00    0.00   70.59
20:36:49     all    6.70    0.00   12.06    0.00    0.00    9.65    0.00    0.00    0.00   71.58
20:36:50     all    6.13    0.00   14.13    0.00    0.00    8.53    0.00    0.00    0.00   71.20
20:36:51     all    5.80    0.00   13.46    0.00    0.00    9.76    0.00    0.00    0.00   70.98
20:36:52     all    6.10    0.00   14.06    0.00    0.00   10.08    0.00    0.00    0.00   69.76
20:36:53     all    6.63    0.00   14.06    0.00    0.00    9.81    0.00    0.00    0.00   69.50
20:36:54     all    6.15    0.00   13.10    0.27    0.00   10.16    0.00    0.00    0.00   70.32
20:36:55     all    5.96    0.00   13.28    0.00    0.00   10.03    0.00    0.00    0.00   70.73
20:36:56     all    7.55    0.00   12.67    0.00    0.00    9.97    0.00    0.00    0.00   69.81
20:36:57     all    7.42    0.00   12.64    0.00    0.00    8.52    0.27    0.00    0.00   71.15
20:36:58     all    6.72    0.00   13.44    0.00    0.00    9.41    0.00    0.00    0.00   70.43
20:36:59     all    7.30    0.00   12.70    0.00    0.00    8.38    0.27    0.00    0.00   71.35
20:37:00     all    7.34    0.00   12.77    0.00    0.00    8.97    0.00    0.00    0.00   70.92
20:37:01     all    6.28    0.00    7.92    0.00    0.00    1.64    0.00    0.00    0.00   84.15
20:37:02     all    6.49    0.00   10.81    0.00    0.00    8.11    0.00    0.00    0.00   74.59
20:37:03     all    5.09    0.00   12.60    0.00    0.00    9.92    0.00    0.00    0.00   72.39
20:37:04     all    5.74    0.00   14.62    0.00    0.00    9.14    0.00    0.00    0.00   70.50
20:37:05     all    5.97    0.00   14.03    0.00    0.00    8.83    0.00    0.00    0.00   71.17
20:37:06     all    6.30    0.00   13.91    0.00    0.00    8.14    0.00    0.00    0.00   71.65
20:37:07     all    5.33    0.00   12.80    0.00    0.00    9.07    0.00    0.00    0.00   72.80
20:37:08     all    5.48    0.00   14.10    0.00    0.00    9.40    0.00    0.00    0.00   71.02
20:37:09     all    5.05    0.00   14.10    0.00    0.00    9.04    0.00    0.00    0.00   71.81
20:37:10     all    6.10    0.00   13.79    0.00    0.00    8.22    0.00    0.00    0.00   71.88
20:37:11     all    5.33    0.00   13.07    0.00    0.00    9.87    0.00    0.00    0.00   71.73
20:37:12     all    5.09    0.00   13.67    0.00    0.00    8.85    0.00    0.00    0.00   72.39
20:37:13     all    6.02    0.00   14.14    0.00    0.00    8.38    0.00    0.00    0.00   71.47
20:37:14     all    5.31    0.00   14.59    0.00    0.00    8.49    0.00    0.00    0.00   71.62
20:37:15     all    6.67    0.00   14.93    0.00    0.00    7.73    0.00    0.00    0.00   70.67
20:37:16     all   17.43    0.00   17.16    0.00    0.00    7.24    0.00    0.00    0.00   58.18
20:37:17     all    5.80    0.00   13.98    0.00    0.00    7.65    0.00    0.00    0.00   72.56
20:37:18     all    6.08    0.00   15.19    0.00    0.00    4.42    0.00    0.00    0.00   74.31
20:37:19     all    4.51    0.00   14.06    0.00    0.00    9.28    0.00    0.00    0.00   72.15
20:37:20     all    5.25    0.00   13.91    0.00    0.00    8.92    0.00    0.00    0.00   71.92
20:37:21     all    5.73    0.00   14.84    0.00    0.00    9.11    0.00    0.00    0.00   70.31
20:37:22     all    5.53    0.00   13.68    0.00    0.00    9.21    0.00    0.00    0.00   71.58
20:37:23     all    4.95    0.00   14.32    0.00    0.00    9.38    0.00    0.00    0.00   71.35
20:37:24     all    5.47    0.00   14.58    0.26    0.00    9.38    0.00    0.00    0.00   70.31
20:37:25     all    5.56    0.00   14.02    0.00    0.00    8.73    0.00    0.00    0.00   71.69
20:37:26     all    5.03    0.00   14.55    0.00    0.00    8.20    0.00    0.00    0.00   72.22
20:37:27     all    5.47    0.00   14.32    0.00    0.00    9.11    0.00    0.00    0.00   71.09
20:37:28     all    4.80    0.00   13.60    0.00    0.00    9.07    0.00    0.00    0.00   72.53
20:37:29     all    5.50    0.00   14.14    0.00    0.00    9.42    0.00    0.00    0.00   70.94
20:37:30     all    4.56    0.00   14.75    0.00    0.00    8.04    0.00    0.00    0.00   72.65
20:37:31     all    3.11    0.00    6.99    0.00    0.00    2.33    0.00    0.00    0.00   87.56
20:37:32     all    5.22    0.00   10.99    0.00    0.00    4.95    0.00    0.00    0.00   78.85
20:37:33     all    5.85    0.00   14.36    0.00    0.00    9.57    0.00    0.00    0.00   70.21
20:37:34     all    5.09    0.00   14.48    0.00    0.00    8.58    0.27    0.00    0.00   71.58
20:37:35     all    5.57    0.00   15.38    0.00    0.00    7.96    0.00    0.00    0.00   71.09
20:37:36     all    5.31    0.00   14.59    0.00    0.00    9.02    0.00    0.00    0.00   71.09
20:37:37     all    6.37    0.00   14.85    0.00    0.00    8.49    0.00    0.00    0.00   70.29
20:37:38     all    5.56    0.00   14.02    0.00    0.00    9.26    0.26    0.00    0.00   70.90
20:37:39     all    5.22    0.00   14.88    0.00    0.00    9.14    0.00    0.00    0.00   70.76
20:37:40     all    5.04    0.00   14.59    0.00    0.00    9.02    0.00    0.00    0.00   71.35
20:37:41     all    5.56    0.00   13.49    0.00    0.00    9.26    0.26    0.00    0.00   71.43
20:37:42     all    5.04    0.00   14.06    0.00    0.00    9.28    0.00    0.00    0.00   71.62
20:37:43     all    5.74    0.00   15.14    0.00    0.00    9.14    0.00    0.00    0.00   69.97
20:37:44     all    5.26    0.00   13.95    0.00    0.00   10.00    0.00    0.00    0.00   70.79
20:37:45     all    4.77    0.00   14.32    0.00    0.00    8.75    0.00    0.00    0.00   72.15
20:37:46     all    5.59    0.00   14.10    0.00    0.00    9.57    0.00    0.00    0.00   70.74
20:37:47     all    5.01    0.00   14.25    0.00    0.00   10.03    0.00    0.00    0.00   70.71
20:37:48     all    5.56    0.00   13.76    0.00    0.00    9.79    0.00    0.00    0.00   70.90
20:37:49     all    5.99    0.00   15.62    0.00    0.00    8.85    0.00    0.00    0.00   69.53
20:37:50     all    5.07    0.00   14.93    0.00    0.00    8.27    0.00    0.00    0.00   71.73
20:37:51     all    5.28    0.00   14.25    0.00    0.00    9.23    0.00    0.00    0.00   71.24
20:37:52     all    4.97    0.00   15.45    0.00    0.00    8.90    0.00    0.00    0.00   70.68
20:37:53     all    5.32    0.00   14.10    0.00    0.00    9.57    0.00    0.00    0.00   71.01
20:37:54     all    5.56    0.00   14.29    0.00    0.00    9.26    0.00    0.00    0.00   70.90
20:37:55     all    5.33    0.00   13.87    0.00    0.00    9.87    0.00    0.00    0.00   70.93
20:37:56     all    5.22    0.00   14.88    0.00    0.00    9.40    0.00    0.00    0.00   70.50
20:37:57     all    5.09    0.00   13.40    0.00    0.00   10.72    0.00    0.00    0.00   70.78
20:37:58     all    5.04    0.00   13.79    0.00    0.00   10.08    0.00    0.00    0.00   71.09
20:37:59     all    5.51    0.00   14.70    0.00    0.00    9.19    0.00    0.00    0.00   70.60
20:38:00     all    5.33    0.00   13.60    0.00    0.00    9.60    0.00    0.00    0.00   71.47
20:38:01     all    6.06    0.00   13.22    0.00    0.00    4.41    0.00    0.00    0.00   76.31
20:38:02     all    4.64    0.00   14.75    0.00    0.00    6.83    0.00    0.00    0.00   73.77
20:38:03     all    6.08    0.00   14.81    0.00    0.00    8.20    0.00    0.00    0.00   70.90
20:38:04     all    5.84    0.00   14.85    0.00    0.00    9.02    0.00    0.00    0.00   70.29
20:38:05     all    6.35    0.00   13.23    0.00    0.00    9.52    0.00    0.00    0.00   70.90
20:38:06     all    5.05    0.00   13.83    0.00    0.00    9.84    0.00    0.00    0.00   71.28
20:38:07     all    5.53    0.00   16.05    0.00    0.00    8.16    0.00    0.00    0.00   70.26
20:38:08     all    5.07    0.00   14.93    0.00    0.00    8.27    0.27    0.00    0.00   71.47
20:38:09     all    5.66    0.00   12.67    0.00    0.00    8.63    0.00    0.00    0.00   73.05
20:38:10     all    4.81    0.00   13.37    0.00    0.00   10.43    0.00    0.00    0.00   71.39
20:38:11     all    5.24    0.00   14.66    0.00    0.00    9.16    0.26    0.00    0.00   70.68
20:38:12     all    5.59    0.00   14.63    0.00    0.00    8.78    0.00    0.00    0.00   71.01
20:38:13     all    5.82    0.00   14.55    0.00    0.00    8.99    0.00    0.00    0.00   70.63
20:38:14     all    5.32    0.00   14.36    0.00    0.00    8.51    0.27    0.00    0.00   71.54
20:38:15     all    5.33    0.00   13.87    0.00    0.00    9.07    0.00    0.00    0.00   71.73
20:38:16     all    4.77    0.00   14.06    0.00    0.00    9.02    0.00    0.00    0.00   72.15
20:38:17     all   20.69    0.00   16.98    0.00    0.00    9.02    0.00    0.00    0.00   53.32
20:38:18     all    5.03    0.00   12.43    0.00    0.00    8.73    0.00    0.00    0.00   73.81
20:38:19     all    5.04    0.00   14.06    0.00    0.00    9.28    0.00    0.00    0.00   71.62
20:38:20     all    5.51    0.00   14.70    0.00    0.00    9.19    0.00    0.00    0.00   70.60
20:38:21     all    5.32    0.00   14.10    0.00    0.00    8.24    0.00    0.00    0.00   72.34
20:38:22     all    5.59    0.00   13.83    0.27    0.00    8.78    0.00    0.00    0.00   71.54
20:38:23     all    6.05    0.00   13.68    0.00    0.00    9.47    0.00    0.00    0.00   70.79
20:38:24     all    5.84    0.00   14.06    0.00    0.00    9.02    0.00    0.00    0.00   71.09
20:38:25     all    5.08    0.00   13.37    0.00    0.00    9.63    0.00    0.00    0.00   71.93
20:38:26     all    4.85    0.00   14.02    0.00    0.00    8.63    0.00    0.00    0.00   72.51
20:38:27     all    5.63    0.00   13.40    0.00    0.00    9.12    0.00    0.00    0.00   71.85
20:38:28     all    4.77    0.00   14.59    0.00    0.00    9.02    0.00    0.00    0.00   71.62
20:38:29     all    5.35    0.00   13.64    0.00    0.00    8.56    0.00    0.00    0.00   72.46
20:38:30     all    5.31    0.00   13.79    0.00    0.00    9.28    0.00    0.00    0.00   71.62
20:38:31     all    5.57    0.00   12.20    0.00    0.00    7.96    0.00    0.00    0.00   74.27
20:38:32     all    4.52    0.00   13.56    0.00    0.00    9.04    0.00    0.00    0.00   72.87
20:38:33     all    5.33    0.00   12.80    0.00    0.00    8.00    0.00    0.00    0.00   73.87
20:38:34     all    5.43    0.00   12.77    0.00    0.00    8.97    0.00    0.00    0.00   72.83
20:38:35     all    5.57    0.00   14.32    0.00    0.00    8.49    0.00    0.00    0.00   71.62
20:38:36     all    6.23    0.00   12.20    0.00    0.00    8.67    0.00    0.00    0.00   72.90
20:38:37     all    5.36    0.00   14.75    0.00    0.00    8.04    0.00    0.00    0.00   71.85
20:38:38     all    5.11    0.00   13.98    0.00    0.00    8.33    0.00    0.00    0.00   72.58
20:38:39     all    5.42    0.00   13.28    0.00    0.00    8.67    0.00    0.00    0.00   72.63
20:38:40     all    5.33    0.00   14.40    0.00    0.00    8.80    0.00    0.00    0.00   71.47
20:38:41     all    4.57    0.00   14.25    0.00    0.00    8.87    0.27    0.00    0.00   72.04
20:38:42     all    5.46    0.00   14.48    0.00    0.00    6.28    0.00    0.00    0.00   73.77
20:38:43     all    5.38    0.00   14.52    0.00    0.00    7.53    0.00    0.00    0.00   72.58
20:38:44     all    5.08    0.00   14.44    0.00    0.00    8.02    0.00    0.00    0.00   72.46
20:38:45     all    5.59    0.00   14.36    0.00    0.00    8.51    0.00    0.00    0.00   71.54
20:38:46     all    5.50    0.00   13.87    0.00    0.00    9.95    0.00    0.00    0.00   70.68
20:38:47     all    5.31    0.00   13.53    0.00    0.00    9.81    0.00    0.00    0.00   71.35
20:38:48     all    5.59    0.00   13.83    0.00    0.00    9.04    0.00    0.00    0.00   71.54
20:38:49     all    4.99    0.00   14.17    0.00    0.00    9.97    0.00    0.00    0.00   70.87
20:38:50     all    5.03    0.00   14.81    0.00    0.00    8.99    0.00    0.00    0.00   71.16
20:38:51     all    4.76    0.00   14.81    0.00    0.00    9.26    0.00    0.00    0.00   71.16
20:38:52     all    6.28    0.00   14.14    0.00    0.00    9.42    0.00    0.00    0.00   70.16
20:38:53     all    5.05    0.00   13.30    0.00    0.00    9.84    0.00    0.00    0.00   71.81
20:38:54     all    4.80    0.00   15.20    0.00    0.00    9.07    0.53    0.00    0.00   70.40
20:38:55     all    5.32    0.00   14.10    0.00    0.00    9.31    0.00    0.00    0.00   71.28
20:38:56     all    5.33    0.00   14.13    0.00    0.00    8.80    0.00    0.00    0.00   71.73
20:38:57     all    5.05    0.00   14.10    0.00    0.00    9.84    0.00    0.00    0.00   71.01
20:38:58     all    4.81    0.00   13.64    0.00    0.00    9.09    0.00    0.00    0.00   72.46
20:38:59     all    5.95    0.00   12.97    0.00    0.00    8.65    0.00    0.00    0.00   72.43
20:39:00     all    5.25    0.00   14.17    0.00    0.00    9.45    0.00    0.00    0.00   71.13
20:39:01     all    1.79    0.00    5.36    0.00    0.00    3.32    0.00    0.00    0.00   89.54
20:39:02     all    1.26    0.00    2.27    0.00    0.00    1.77    0.00    0.00    0.00   94.70
20:39:03     all    2.06    0.00    2.84    0.00    0.00    2.58    0.00    0.00    0.00   92.53
20:39:04     all    1.53    0.00    2.81    0.00    0.00    3.83    0.00    0.00    0.00   91.84
20:39:05     all    2.04    0.00    3.06    0.00    0.00    2.81    0.00    0.00    0.00   92.09
20:39:06     all    1.54    0.00    3.33    0.00    0.00    2.56    0.00    0.00    0.00   92.56
20:39:07     all    2.31    0.00    2.56    0.00    0.00    3.08    0.00    0.00    0.00   92.05
20:39:08     all    2.03    0.00    3.54    0.00    0.00    2.78    0.25    0.00    0.00   91.39
20:39:09     all    2.03    0.00    2.79    0.00    0.00    3.05    0.00    0.00    0.00   92.13
20:39:10     all    2.54    0.00    3.05    0.00    0.00    3.05    0.25    0.00    0.00   91.12
20:39:11     all    2.30    0.00    2.81    0.00    0.00    2.81    0.00    0.00    0.00   92.09
20:39:12     all    1.53    0.00    3.57    0.00    0.00    2.81    0.00    0.00    0.00   92.09
20:39:13     all    2.28    0.00    3.54    0.00    0.00    3.29    0.00    0.00    0.00   90.89
20:39:14     all    2.05    0.00    3.07    0.00    0.00    2.56    0.00    0.00    0.00   92.33
20:39:15     all    2.04    0.00    3.06    0.00    0.00    2.81    0.00    0.00    0.00   92.09
20:39:16     all    1.80    0.00    2.58    0.00    0.00    2.84    0.00    0.00    0.00   92.78
20:39:17     all    1.77    0.00    3.54    0.00    0.00    3.28    0.00    0.00    0.00   91.41
20:39:18     all   12.24    0.00    5.10    0.00    0.00    2.81    0.00    0.00    0.00   79.85
20:39:19     all    3.32    0.00    4.35    0.00    0.00    2.56    0.00    0.00    0.00   89.77
20:39:20     all    2.04    0.00    2.54    0.00    0.00    3.56    0.00    0.00    0.00   91.86
20:39:21     all    2.04    0.00    3.31    0.00    0.00    3.05    0.00    0.00    0.00   91.60
20:39:22     all    2.53    0.00    3.04    0.00    0.00    2.78    0.00    0.00    0.00   91.65
20:39:23     all    2.05    0.00    2.56    0.00    0.00    3.07    0.00    0.00    0.00   92.33
20:39:24     all    2.02    0.00    3.53    0.76    0.00    3.27    0.00    0.00    0.00   90.43
20:39:25     all    1.77    0.00    3.04    0.00    0.00    3.54    0.00    0.00    0.00   91.65
20:39:26     all    2.30    0.00    2.55    0.00    0.00    3.32    0.00    0.00    0.00   91.84
20:39:27     all    1.53    0.00    2.81    0.00    0.00    2.81    0.00    0.00    0.00   92.86
20:39:28     all    1.78    0.00    3.31    0.00    0.00    3.05    0.00    0.00    0.00   91.86
20:39:29     all    1.79    0.00    3.07    0.00    0.00    2.81    0.00    0.00    0.00   92.33
20:39:30     all    1.53    0.00    3.32    0.00    0.00    2.81    0.00    0.00    0.00   92.33
20:39:31     all    1.50    0.00    2.49    0.00    0.00    2.00    0.00    0.00    0.00   94.01
20:39:32     all    2.54    0.00    2.28    0.00    0.00    1.78    0.25    0.00    0.00   93.15
20:39:33     all    5.18    0.00    4.92    0.00    0.00    5.96    0.00    0.00    0.00   83.94
20:39:34     all    2.31    0.00    5.91    0.00    0.00    5.40    0.00    0.00    0.00   86.38
20:39:35     all    2.32    0.00    6.19    0.00    0.00    5.67    0.00    0.00    0.00   85.82
20:39:36     all    2.60    0.00    7.01    0.00    0.00    4.94    0.00    0.00    0.00   85.45
20:39:37     all    2.93    0.00    6.67    0.00    0.00    3.20    0.00    0.00    0.00   87.20
20:39:38     all    2.58    0.00    6.44    0.00    0.00    6.19    0.00    0.00    0.00   84.79
20:39:39     all    2.58    0.00    5.68    0.00    0.00    5.94    0.00    0.00    0.00   85.79
20:39:40     all    2.07    0.00    6.20    0.00    0.00    5.43    0.00    0.00    0.00   86.30
20:39:41     all    2.84    0.00    6.19    0.00    0.00    6.70    0.00    0.00    0.00   84.28
20:39:42     all    3.11    0.00    6.48    0.00    0.00    6.22    0.00    0.00    0.00   84.20
20:39:43     all    3.35    0.00    5.93    0.00    0.00    5.93    0.00    0.00    0.00   84.79
20:39:44     all    2.87    0.00    6.01    0.00    0.00    5.22    0.00    0.00    0.00   85.90
20:39:45     all    2.81    0.00    6.91    0.00    0.00    5.88    0.00    0.00    0.00   84.40
20:39:46     all    3.12    0.00    6.49    0.00    0.00    5.97    0.00    0.00    0.00   84.42
20:39:47     all    2.85    0.00    5.70    0.00    0.00    6.99    0.00    0.00    0.00   84.46
20:39:48     all    3.62    0.00    5.94    0.00    0.00    6.20    0.00    0.00    0.00   84.24
20:39:49     all    3.32    0.00    6.12    0.00    0.00    6.63    0.51    0.00    0.00   83.42
20:39:50     all    2.32    0.00    6.19    0.00    0.00    5.67    0.00    0.00    0.00   85.82
20:39:51     all    2.60    0.00    6.23    0.00    0.00    5.45    0.00    0.00    0.00   85.71
20:39:52     all    3.38    0.00    5.97    0.00    0.00    5.71    0.00    0.00    0.00   84.94
20:39:53     all    3.09    0.00    6.19    0.26    0.00    6.19    0.00    0.00    0.00   84.28
20:39:54     all    2.58    0.00    6.44    0.00    0.00    5.41    0.26    0.00    0.00   85.31
20:39:55     all    2.81    0.00    6.63    0.00    0.00    6.38    0.00    0.00    0.00   84.18
20:39:56     all    2.59    0.00    5.96    0.00    0.00    5.44    0.00    0.00    0.00   86.01
20:39:57     all    2.35    0.00    6.01    0.00    0.00    6.01    0.00    0.00    0.00   85.64
20:39:58     all    3.88    0.00    6.20    0.00    0.00    6.46    0.00    0.00    0.00   83.46
20:39:59     all    3.34    0.00    6.43    0.00    0.00    6.17    0.00    0.00    0.00   84.06
20:40:00     all    2.86    0.00    5.97    0.00    0.00    5.97    0.00    0.00    0.00   85.19
20:40:01     all    2.03    0.00    4.57    0.00    0.00    3.30    0.00    0.00    0.00   90.10
20:40:02     all    6.05    0.00    2.27    0.00    0.00    2.52    0.25    0.00    0.00   88.92
20:40:03     all   14.69    0.00    5.93    0.00    0.00    5.41    0.00    0.00    0.00   73.97
20:40:04     all   10.77    0.00    7.44    0.00    0.00    5.90    0.00    0.00    0.00   75.90
20:40:05     all    6.52    0.00    7.27    0.00    0.00    6.27    0.00    0.00    0.00   79.95
20:40:06     all    3.07    0.00    7.16    0.00    0.00    6.91    0.00    0.00    0.00   82.86
20:40:07     all    2.54    0.00    5.85    0.00    0.00    6.36    0.00    0.00    0.00   85.24
20:40:08     all    2.56    0.00    5.37    0.00    0.00    5.12    0.26    0.00    0.00   86.70
20:40:09     all    2.31    0.00    5.40    0.00    0.00    4.63    0.00    0.00    0.00   87.66
20:40:10     all    2.37    0.00    5.79    0.00    0.00    4.47    0.00    0.00    0.00   87.37
20:40:11     all    2.83    0.00    6.94    0.00    0.00    6.17    0.00    0.00    0.00   84.06
20:40:12     all    2.98    0.00    7.59    0.00    0.00    3.25    0.00    0.00    0.00   86.18
20:40:13     all    2.61    0.00    7.57    0.00    0.00    6.79    0.00    0.00    0.00   83.03
20:40:14     all    3.44    0.00    8.20    0.53    0.00    7.14    0.26    0.00    0.00   80.42
20:40:15     all    3.42    0.00    7.63    0.00    0.00    6.84    0.00    0.00    0.00   82.11
20:40:16     all    2.88    0.00    7.59    0.00    0.00    7.07    0.00    0.00    0.00   82.46
20:40:17     all    3.08    0.00    7.46    0.00    0.00    7.46    0.00    0.00    0.00   82.01
20:40:18     all    2.55    0.00    8.67    0.00    0.00    8.93    0.00    0.00    0.00   79.85
20:40:19     all   10.88    0.00    9.84    0.00    0.00    9.07    0.00    0.00    0.00   70.21
20:40:20     all    7.99    0.00    9.54    0.00    0.00    9.28    0.00    0.00    0.00   73.20
20:40:21     all    2.59    0.00    8.03    0.00    0.00    7.51    0.00    0.00    0.00   81.87
20:40:22     all    3.12    0.00    7.79    0.00    0.00    7.79    0.00    0.00    0.00   81.30
20:40:23     all    3.67    0.00    7.87    0.00    0.00    7.09    0.00    0.00    0.00   81.36
20:40:24     all    3.41    0.00    8.14    0.00    0.00    6.82    0.00    0.00    0.00   81.63
20:40:25     all    2.85    0.00    9.07    0.00    0.00    8.29    0.00    0.00    0.00   79.79
20:40:26     all    2.60    0.00    8.07    0.00    0.00    7.81    0.00    0.00    0.00   81.51
20:40:27     all    2.83    0.00    6.68    0.00    0.00    7.97    0.00    0.00    0.00   82.52
20:40:28     all    3.39    0.00    7.81    0.00    0.00    7.29    0.26    0.00    0.00   81.25
20:40:29     all    3.10    0.00    7.24    0.00    0.00    8.27    0.00    0.00    0.00   81.40
20:40:30     all    3.16    0.00    7.89    0.00    0.00    7.11    0.00    0.00    0.00   81.84
20:40:31     all    2.31    0.00    6.15    0.00    0.00    4.10    0.00    0.00    0.00   87.44
20:40:32     all    8.44    0.00    1.79    0.00    0.00    1.02    0.00    0.00    0.00   88.75
20:40:33     all   29.05    0.00    5.14    0.00    0.00    5.66    0.00    0.00    0.00   60.15
20:40:34     all   24.81    0.00    6.46    0.00    0.00    5.94    0.00    0.00    0.00   62.79
20:40:35     all   22.84    0.00    7.87    0.00    0.00    7.61    0.00    0.00    0.00   61.68
20:40:36     all   19.60    0.00    8.04    0.00    0.00    8.54    0.00    0.00    0.00   63.82
20:40:37     all   14.94    0.00    7.34    0.00    0.00    5.82    0.00    0.00    0.00   71.90
20:40:38     all   11.05    0.00    7.20    0.00    0.00    6.17    0.00    0.00    0.00   75.58
20:40:39     all   10.43    0.00    6.11    0.25    0.00    7.38    0.00    0.00    0.00   75.83
20:40:40     all    6.49    0.00    5.45    0.00    0.00    4.94    0.00    0.00    0.00   83.12
20:40:41     all    3.13    0.00    6.53    0.00    0.00    4.70    0.00    0.00    0.00   85.64
20:40:42     all    2.84    0.00    5.94    0.00    0.00    6.20    0.00    0.00    0.00   85.01
20:40:43     all    2.84    0.00    7.24    0.00    0.00    7.49    0.00    0.00    0.00   82.43
20:40:44     all    2.33    0.00    5.96    0.00    0.00    4.92    0.00    0.00    0.00   86.79
20:40:45     all    2.57    0.00    5.91    0.00    0.00    5.14    0.00    0.00    0.00   86.38
20:40:46     all    2.58    0.00    6.96    0.00    0.00    5.15    0.00    0.00    0.00   85.31
20:40:47     all    2.33    0.00    4.91    0.00    0.00    4.13    0.00    0.00    0.00   88.63
20:40:48     all    2.32    0.00    6.19    0.00    0.00    4.90    0.00    0.00    0.00   86.60
20:40:49     all    2.31    0.00    6.15    0.00    0.00    6.15    0.00    0.00    0.00   85.38
20:40:50     all    2.60    0.00    7.01    0.00    0.00    6.75    1.30    0.00    0.00   82.34
20:40:51     all    2.62    0.00    7.07    0.00    0.00    5.50    0.00    0.00    0.00   84.82
20:40:52     all    2.07    0.00    4.91    0.00    0.00    5.17    0.00    0.00    0.00   87.86
20:40:53     all    2.30    0.00    5.88    0.00    0.00    5.37    0.00    0.00    0.00   86.45
20:40:54     all    3.07    0.00    6.91    0.00    0.00    5.63    0.00    0.00    0.00   84.40
20:40:55     all    2.34    0.00    6.75    0.00    0.00    5.71    0.00    0.00    0.00   85.19
20:40:56     all    2.62    0.00    7.33    0.00    0.00    5.76    0.00    0.00    0.00   84.29
20:40:57     all    2.85    0.00    6.99    0.00    0.00    5.70    0.26    0.00    0.00   84.20
20:40:58     all    3.08    0.00    6.15    0.00    0.00    5.38    0.00    0.00    0.00   85.38
20:40:59     all    2.55    0.00    7.14    0.00    0.00    4.85    0.00    0.00    0.00   85.46
20:41:00     all    1.81    0.00    5.96    0.00    0.00    5.18    0.00    0.00    0.00   87.05
