Running 30s test @ http://10.116.0.2:8080/json
  4 threads and 64 connections
  Thread calibration: mean lat.: 3298.221ms, rate sampling interval: 9273ms
  Thread calibration: mean lat.: 3395.691ms, rate sampling interval: 8871ms
  Thread calibration: mean lat.: 3465.044ms, rate sampling interval: 8929ms
  Thread calibration: mean lat.: 3480.547ms, rate sampling interval: 8970ms
  Thread Stats   Avg      Stdev     Max   +/- Stdev
    Latency   390.39ms  949.71ms   5.66s    87.66%
    Req/Sec     5.77k   772.35     6.68k    75.00%
  Latency Distribution (HdrHistogram - Recorded Latency)
 50.000%    1.46ms
 75.000%    2.33ms
 90.000%    1.77s 
 99.000%    4.18s 
 99.900%    5.21s 
 99.990%    5.62s 
 99.999%    5.66s 
100.000%    5.66s 

  Detailed Percentile spectrum:
       Value   Percentile   TotalCount 1/(1-Percentile)

       0.228     0.000000            1         1.00
       0.680     0.100000        45363         1.11
       0.874     0.200000        90935         1.25
       1.047     0.300000       136141         1.43
       1.233     0.400000       181453         1.67
       1.459     0.500000       226762         2.00
       1.589     0.550000       249536         2.22
       1.723     0.600000       272160         2.50
       1.871     0.650000       294856         2.86
       2.046     0.700000       317519         3.33
       2.331     0.750000       340130         4.00
       2.759     0.775000       351434         4.44
     143.231     0.800000       362773         5.00
     527.359     0.825000       374109         5.71
     901.119     0.850000       385457         6.67
    1313.791     0.875000       396808         8.00
    1541.119     0.887500       402465         8.89
    1771.519     0.900000       408134        10.00
    2016.255     0.912500       413785        11.43
    2281.471     0.925000       419467        13.33
    2576.383     0.937500       425138        16.00
    2732.031     0.943750       427978        17.78
    2859.007     0.950000       430793        20.00
    2988.031     0.956250       433658        22.86
    3117.055     0.962500       436515        26.67
    3250.175     0.968750       439293        32.00
    3332.095     0.971875       440718        35.56
    3446.783     0.975000       442155        40.00
    3579.903     0.978125       443553        45.71
    3702.783     0.981250       444969        53.33
    3872.767     0.984375       446385        64.00
    3960.831     0.985938       447087        71.11
    4046.847     0.987500       447799        80.00
    4122.623     0.989062       448507        91.43
    4227.071     0.990625       449238       106.67
    4345.855     0.992188       449942       128.00
    4399.103     0.992969       450291       142.22
    4476.927     0.993750       450629       160.00
    4554.751     0.994531       450997       182.86
    4616.191     0.995313       451344       213.33
    4685.823     0.996094       451705       256.00
    4722.687     0.996484       451885       284.44
    4775.935     0.996875       452053       320.00
    4833.279     0.997266       452226       365.71
    4894.719     0.997656       452413       426.67
    4964.351     0.998047       452582       512.00
    4997.119     0.998242       452669       568.89
    5029.887     0.998437       452758       640.00
    5079.039     0.998633       452848       731.43
    5128.191     0.998828       452940       853.33
    5206.015     0.999023       453021      1024.00
    5251.071     0.999121       453067      1137.78
    5300.223     0.999219       453112      1280.00
    5345.279     0.999316       453155      1462.86
    5390.335     0.999414       453200      1706.67
    5431.295     0.999512       453242      2048.00
    5455.871     0.999561       453266      2275.56
    5480.447     0.999609       453290      2560.00
    5500.927     0.999658       453309      2925.71
    5525.503     0.999707       453332      3413.33
    5550.079     0.999756       453355      4096.00
    5562.367     0.999780       453366      4551.11
    5574.655     0.999805       453377      5120.00
    5586.943     0.999829       453388      5851.43
    5599.231     0.999854       453401      6826.67
    5607.423     0.999878       453408      8192.00
    5615.615     0.999890       453417      9102.22
    5619.711     0.999902       453420     10240.00
    5627.903     0.999915       453429     11702.86
    5631.999     0.999927       453433     13653.33
    5636.095     0.999939       453436     16384.00
    5640.191     0.999945       453440     18204.44
    5644.287     0.999951       453444     20480.00
    5644.287     0.999957       453444     23405.71
    5648.383     0.999963       453448     27306.67
    5652.479     0.999969       453453     32768.00
    5652.479     0.999973       453453     36408.89
    5652.479     0.999976       453453     40960.00
    5656.575     0.999979       453457     46811.43
    5656.575     0.999982       453457     54613.33
    5656.575     0.999985       453457     65536.00
    5656.575     0.999986       453457     72817.78
    5660.671     0.999988       453463     81920.00
    5660.671     1.000000       453463          inf
#[Mean    =      390.385, StdDeviation   =      949.713]
#[Max     =     5656.576, Total count    =       453463]
#[Buckets =           27, SubBuckets     =         2048]
----------------------------------------------------------
  599231 requests in 30.00s, 56.00MB read
Requests/sec:  19974.07
Transfer/sec:      1.87MB
