Running 30s test @ http://10.116.0.2:8080/block?ms=100
  4 threads and 1000 connections
  Thread calibration: mean lat.: 947.302ms, rate sampling interval: 3530ms
  Thread calibration: mean lat.: 1154.781ms, rate sampling interval: 3602ms
  Thread calibration: mean lat.: 1062.853ms, rate sampling interval: 3514ms
  Thread calibration: mean lat.: 1011.800ms, rate sampling interval: 3524ms
  Thread Stats   Avg      Stdev     Max   +/- Stdev
    Latency   400.31ms  382.33ms   1.80s    84.09%
    Req/Sec     2.34k    59.59     2.41k    45.00%
  Latency Distribution (HdrHistogram - Recorded Latency)
 50.000%  213.63ms
 75.000%  606.21ms
 90.000%  984.06ms
 99.000%    1.57s 
 99.900%    1.71s 
 99.990%    1.76s 
 99.999%    1.78s 
100.000%    1.80s 

  Detailed Percentile spectrum:
       Value   Percentile   TotalCount 1/(1-Percentile)

     100.479     0.000000            6         1.00
     103.295     0.100000        17706         1.11
     106.687     0.200000        35099         1.25
     112.127     0.300000        52566         1.43
     120.191     0.400000        69912         1.67
     213.631     0.500000        87342         2.00
     287.231     0.550000        96076         2.22
     356.095     0.600000       104794         2.50
     439.551     0.650000       113548         2.86
     522.239     0.700000       122251         3.33
     606.207     0.750000       131022         4.00
     652.799     0.775000       135384         4.44
     697.343     0.800000       139732         5.00
     751.103     0.825000       144086         5.71
     806.399     0.850000       148459         6.67
     879.103     0.875000       152836         8.00
     924.159     0.887500       154999         8.89
     984.063     0.900000       157196        10.00
    1042.943     0.912500       159364        11.43
    1112.063     0.925000       161564        13.33
    1177.599     0.937500       163736        16.00
    1213.439     0.943750       164821        17.78
    1252.351     0.950000       165927        20.00
    1291.263     0.956250       167022        22.86
    1330.175     0.962500       168095        26.67
    1375.231     0.968750       169200        32.00
    1400.831     0.971875       169749        35.56
    1427.455     0.975000       170289        40.00
    1455.103     0.978125       170829        45.71
    1488.895     0.981250       171376        53.33
    1520.639     0.984375       171917        64.00
    1534.975     0.985938       172189        71.11
    1550.335     0.987500       172476        80.00
    1564.671     0.989062       172737        91.43
    1582.079     0.990625       173025       106.67
    1599.487     0.992188       173287       128.00
    1607.679     0.992969       173424       142.22
    1616.895     0.993750       173561       160.00
    1626.111     0.994531       173694       182.86
    1636.351     0.995313       173828       213.33
    1647.615     0.996094       173965       256.00
    1653.759     0.996484       174040       284.44
    1658.879     0.996875       174102       320.00
    1665.023     0.997266       174174       365.71
    1672.191     0.997656       174241       426.67
    1680.383     0.998047       174315       512.00
    1684.479     0.998242       174341       568.89
    1688.575     0.998437       174375       640.00
    1693.695     0.998633       174409       731.43
    1699.839     0.998828       174447       853.33
    1705.983     0.999023       174474      1024.00
    1709.055     0.999121       174492      1137.78
    1713.151     0.999219       174509      1280.00
    1717.247     0.999316       174528      1462.86
    1723.391     0.999414       174544      1706.67
    1728.511     0.999512       174562      2048.00
    1730.559     0.999561       174568      2275.56
    1734.655     0.999609       174577      2560.00
    1737.727     0.999658       174587      2925.71
    1740.799     0.999707       174593      3413.33
    1744.895     0.999756       174602      4096.00
    1746.943     0.999780       174606      4551.11
    1748.991     0.999805       174610      5120.00
    1754.111     0.999829       174616      5851.43
    1756.159     0.999854       174620      6826.67
    1759.231     0.999878       174624      8192.00
    1760.255     0.999890       174625      9102.22
    1762.303     0.999902       174629     10240.00
    1764.351     0.999915       174630     11702.86
    1765.375     0.999927       174632     13653.33
    1767.423     0.999939       174634     16384.00
    1768.447     0.999945       174635     18204.44
    1769.471     0.999951       174637     20480.00
    1769.471     0.999957       174637     23405.71
    1770.495     0.999963       174638     27306.67
    1773.567     0.999969       174639     32768.00
    1774.591     0.999973       174640     36408.89
    1774.591     0.999976       174640     40960.00
    1776.639     0.999979       174641     46811.43
    1776.639     0.999982       174641     54613.33
    1783.807     0.999985       174642     65536.00
    1783.807     0.999986       174642     72817.78
    1783.807     0.999988       174642     81920.00
    1787.903     0.999989       174643     93622.86
    1787.903     0.999991       174643    109226.67
    1787.903     0.999992       174643    131072.00
    1787.903     0.999993       174643    145635.56
    1787.903     0.999994       174643    163840.00
    1797.119     0.999995       174644    187245.71
    1797.119     1.000000       174644          inf
#[Mean    =      400.308, StdDeviation   =      382.328]
#[Max     =     1796.096, Total count    =       174644]
#[Buckets =           27, SubBuckets     =         2048]
----------------------------------------------------------
  259371 requests in 30.01s, 21.03MB read
Requests/sec:   8643.04
Transfer/sec:    717.44KB
