Running 30s test @ http://10.116.0.2:8080/json
  4 threads and 64 connections
  Thread calibration: mean lat.: 3380.997ms, rate sampling interval: 9854ms
  Thread calibration: mean lat.: 3375.043ms, rate sampling interval: 9363ms
  Thread calibration: mean lat.: 3401.871ms, rate sampling interval: 8609ms
  Thread calibration: mean lat.: 3202.504ms, rate sampling interval: 8527ms
  Thread Stats   Avg      Stdev     Max   +/- Stdev
    Latency   400.04ms  972.16ms   5.12s    88.01%
    Req/Sec     5.74k   744.00     6.69k    87.50%
  Latency Distribution (HdrHistogram - Recorded Latency)
 50.000%    1.44ms
 75.000%    2.33ms
 90.000%    1.79s 
 99.000%    4.32s 
 99.900%    4.98s 
 99.990%    5.10s 
 99.999%    5.12s 
100.000%    5.13s 

  Detailed Percentile spectrum:
       Value   Percentile   TotalCount 1/(1-Percentile)

       0.227     0.000000            1         1.00
       0.669     0.100000        45402         1.11
       0.860     0.200000        90431         1.25
       1.031     0.300000       135851         1.43
       1.216     0.400000       180985         1.67
       1.439     0.500000       226189         2.00
       1.569     0.550000       248762         2.22
       1.710     0.600000       271285         2.50
       1.860     0.650000       293887         2.86
       2.037     0.700000       316496         3.33
       2.327     0.750000       339117         4.00
       2.813     0.775000       350331         4.44
     186.751     0.800000       361637         5.00
     563.199     0.825000       372940         5.71
     931.327     0.850000       384247         6.67
    1289.215     0.875000       395541         8.00
    1520.639     0.887500       401205         8.89
    1786.879     0.900000       406836        10.00
    2060.287     0.912500       412495        11.43
    2347.007     0.925000       418162        13.33
    2615.295     0.937500       423823        16.00
    2752.511     0.943750       426615        17.78
    2897.919     0.950000       429439        20.00
    3045.375     0.956250       432289        22.86
    3194.879     0.962500       435090        26.67
    3375.103     0.968750       437935        32.00
    3485.695     0.971875       439338        35.56
    3614.719     0.975000       440754        40.00
    3762.175     0.978125       442158        45.71
    3891.199     0.981250       443568        53.33
    4036.607     0.984375       444981        64.00
    4104.191     0.985938       445685        71.11
    4175.871     0.987500       446405        80.00
    4251.647     0.989062       447114        91.43
    4378.623     0.990625       447807       106.67
    4530.175     0.992188       448508       128.00
    4612.095     0.992969       448869       142.22
    4669.439     0.993750       449230       160.00
    4722.687     0.994531       449581       182.86
    4771.839     0.995313       449924       213.33
    4829.183     0.996094       450289       256.00
    4853.759     0.996484       450477       284.44
    4874.239     0.996875       450628       320.00
    4898.815     0.997266       450854       365.71
    4915.199     0.997656       451009       426.67
    4935.679     0.998047       451180       512.00
    4943.871     0.998242       451256       568.89
    4952.063     0.998437       451340       640.00
    4960.255     0.998633       451429       731.43
    4972.543     0.998828       451517       853.33
    4980.735     0.999023       451607      1024.00
    4984.831     0.999121       451645      1137.78
    5001.215     0.999219       451688      1280.00
    5021.695     0.999316       451734      1462.86
    5038.079     0.999414       451776      1706.67
    5054.463     0.999512       451819      2048.00
    5062.655     0.999561       451853      2275.56
    5066.751     0.999609       451868      2560.00
    5070.847     0.999658       451893      2925.71
    5074.943     0.999707       451912      3413.33
    5083.135     0.999756       451952      4096.00
    5083.135     0.999780       451952      4551.11
    5083.135     0.999805       451952      5120.00
    5087.231     0.999829       451971      5851.43
    5091.327     0.999854       451988      6826.67
    5091.327     0.999878       451988      8192.00
    5095.423     0.999890       452003      9102.22
    5095.423     0.999902       452003     10240.00
    5095.423     0.999915       452003     11702.86
    5099.519     0.999927       452012     13653.33
    5099.519     0.999939       452012     16384.00
    5103.615     0.999945       452020     18204.44
    5103.615     0.999951       452020     20480.00
    5103.615     0.999957       452020     23405.71
    5107.711     0.999963       452026     27306.67
    5107.711     0.999969       452026     32768.00
    5111.807     0.999973       452029     36408.89
    5111.807     0.999976       452029     40960.00
    5115.903     0.999979       452032     46811.43
    5115.903     0.999982       452032     54613.33
    5119.999     0.999985       452034     65536.00
    5119.999     0.999986       452034     72817.78
    5119.999     0.999988       452034     81920.00
    5124.095     0.999989       452036     93622.86
    5124.095     0.999991       452036    109226.67
    5124.095     0.999992       452036    131072.00
    5124.095     0.999993       452036    145635.56
    5128.191     0.999994       452039    163840.00
    5128.191     1.000000       452039          inf
#[Mean    =      400.041, StdDeviation   =      972.162]
#[Max     =     5124.096, Total count    =       452039]
#[Buckets =           27, SubBuckets     =         2048]
----------------------------------------------------------
  599241 requests in 30.00s, 56.01MB read
Requests/sec:  19974.34
Transfer/sec:      1.87MB
