Running 30s test @ http://10.116.0.2:8080/json
  4 threads and 256 connections
  Thread calibration: mean lat.: 2080.120ms, rate sampling interval: 8089ms
  Thread calibration: mean lat.: 2147.772ms, rate sampling interval: 8032ms
  Thread calibration: mean lat.: 1732.804ms, rate sampling interval: 7679ms
  Thread calibration: mean lat.: 2824.699ms, rate sampling interval: 9527ms
  Thread Stats   Avg      Stdev     Max   +/- Stdev
    Latency     9.51s     3.10s   20.68s    61.17%
    Req/Sec     9.95k   344.10    10.39k    62.50%
  Latency Distribution (HdrHistogram - Recorded Latency)
 50.000%    9.23s 
 75.000%   12.16s 
 90.000%   13.62s 
 99.000%   16.31s 
 99.900%   18.27s 
 99.990%   20.19s 
 99.999%   20.63s 
100.000%   20.69s 

  Detailed Percentile spectrum:
       Value   Percentile   TotalCount 1/(1-Percentile)

    3631.103     0.000000            3         1.00
    5496.831     0.100000        78360         1.11
    6471.679     0.200000       156640         1.25
    7405.567     0.300000       235114         1.43
    8306.687     0.400000       313222         1.67
    9232.383     0.500000       391622         2.00
    9781.247     0.550000       431159         2.22
   10371.071     0.600000       469871         2.50
   11059.199     0.650000       509385         2.86
   11665.407     0.700000       548423         3.33
   12156.927     0.750000       587583         4.00
   12378.111     0.775000       607468         4.44
   12574.719     0.800000       626839         5.00
   12779.519     0.825000       646019         5.71
   13033.471     0.850000       665735         6.67
   13311.999     0.875000       685163         8.00
   13459.455     0.887500       694898         8.89
   13623.295     0.900000       704948        10.00
   13778.943     0.912500       714781        11.43
   13983.743     0.925000       724483        13.33
   14237.695     0.937500       734224        16.00
   14368.767     0.943750       739076        17.78
   14516.223     0.950000       743995        20.00
   14663.679     0.956250       748919        22.86
   14811.135     0.962500       753638        26.67
   14983.167     0.968750       758541        32.00
   15065.087     0.971875       760975        35.56
   15147.007     0.975000       763392        40.00
   15302.655     0.978125       765875        45.71
   15515.647     0.981250       768313        53.33
   15777.791     0.984375       770737        64.00
   15908.863     0.985938       771977        71.11
   16056.319     0.987500       773190        80.00
   16211.967     0.989062       774421        91.43
   16383.999     0.990625       775609       106.67
   16596.991     0.992188       776861       128.00
   16703.487     0.992969       777457       142.22
   16842.751     0.993750       778135       160.00
   16957.439     0.994531       778683       182.86
   17104.895     0.995313       779338       213.33
   17268.735     0.996094       779929       256.00
   17367.039     0.996484       780210       284.44
   17481.727     0.996875       780504       320.00
   17612.799     0.997266       780841       365.71
   17727.487     0.997656       781143       426.67
   17858.559     0.998047       781437       512.00
   17924.095     0.998242       781573       568.89
   18022.399     0.998437       781749       640.00
   18087.935     0.998633       781880       731.43
   18169.855     0.998828       782041       853.33
   18284.543     0.999023       782192      1024.00
   18464.767     0.999121       782263      1137.78
   18694.143     0.999219       782340      1280.00
   18939.903     0.999316       782418      1462.86
   19120.127     0.999414       782497      1706.67
   19234.815     0.999512       782571      2048.00
   19333.119     0.999561       782606      2275.56
   19480.575     0.999609       782648      2560.00
   19578.879     0.999658       782691      2925.71
   19660.799     0.999707       782725      3413.33
   19759.103     0.999756       782762      4096.00
   19824.639     0.999780       782781      4551.11
   19890.175     0.999805       782798      5120.00
   19972.095     0.999829       782817      5851.43
   20054.015     0.999854       782838      6826.67
   20119.551     0.999878       782856      8192.00
   20152.319     0.999890       782864      9102.22
   20185.087     0.999902       782873     10240.00
   20234.239     0.999915       782886     11702.86
   20267.007     0.999927       782892     13653.33
   20316.159     0.999939       782905     16384.00
   20332.543     0.999945       782907     18204.44
   20365.311     0.999951       782911     20480.00
   20414.463     0.999957       782916     23405.71
   20463.615     0.999963       782922     27306.67
   20496.383     0.999969       782927     32768.00
   20512.767     0.999973       782929     36408.89
   20529.151     0.999976       782931     40960.00
   20545.535     0.999979       782933     46811.43
   20561.919     0.999982       782935     54613.33
   20594.687     0.999985       782938     65536.00
   20611.071     0.999986       782940     72817.78
   20611.071     0.999988       782940     81920.00
   20627.455     0.999989       782941     93622.86
   20643.839     0.999991       782944    109226.67
   20643.839     0.999992       782944    131072.00
   20643.839     0.999993       782944    145635.56
   20660.223     0.999994       782946    163840.00
   20660.223     0.999995       782946    187245.71
   20660.223     0.999995       782946    218453.33
   20676.607     0.999996       782948    262144.00
   20676.607     0.999997       782948    291271.11
   20676.607     0.999997       782948    327680.00
   20676.607     0.999997       782948    374491.43
   20676.607     0.999998       782948    436906.67
   20676.607     0.999998       782948    524288.00
   20676.607     0.999998       782948    582542.22
   20676.607     0.999998       782948    655360.00
   20676.607     0.999999       782948    748982.86
   20692.991     0.999999       782949    873813.33
   20692.991     1.000000       782949          inf
#[Mean    =     9514.224, StdDeviation   =     3100.525]
#[Max     =    20676.608, Total count    =       782949]
#[Buckets =           27, SubBuckets     =         2048]
----------------------------------------------------------
  1173622 requests in 30.00s, 109.69MB read
Requests/sec:  39121.40
Transfer/sec:      3.66MB
