Linux 6.8.0-142-generic (cafeai-bench-loadgen) 	10/01/26 	_x86_64_	(4 CPU)

20:28:52     CPU    %usr   %nice    %sys %iowait    %irq   %soft  %steal  %guest  %gnice   %idle
20:28:53     all    0.00    0.00    1.01    0.00    0.00    0.25    0.00    0.00    0.00   98.73
20:28:54     all    1.01    0.00    1.76    0.00    0.00    1.26    0.00    0.00    0.00   95.97
20:28:55     all    0.26    0.00    2.30    0.00    0.00    1.28    0.00    0.00    0.00   96.17
20:28:56     all    1.27    0.00    2.28    0.00    0.00    2.78    0.00    0.00    0.00   93.67
20:28:57     all    1.26    0.00    3.79    0.00    0.00    2.02    0.00    0.00    0.00   92.93
20:28:58     all    1.77    0.00    4.56    0.00    0.00    2.53    0.00    0.00    0.00   91.14
20:28:59     all    1.79    0.00    5.87    0.00    0.00    4.08    0.00    0.00    0.00   88.27
20:29:00     all    3.09    0.00    6.44    0.00    0.00    4.12    0.00    0.00    0.00   86.34
20:29:01     all    4.19    0.00   11.52    0.00    0.00    8.12    0.00    0.00    0.00   76.18
20:29:02     all    5.74    0.00   14.88    0.00    0.00    8.88    0.00    0.00    0.00   70.50
20:29:03     all    5.70    0.00   15.80    0.00    0.00    9.84    0.00    0.00    0.00   68.65
20:29:04     all    6.61    0.00   14.55    0.00    0.00    8.99    0.00    0.00    0.00   69.84
20:29:05     all    4.04    0.00    8.09    0.00    0.00    5.39    0.00    0.00    0.00   82.48
20:29:06     all    3.78    0.00    6.76    0.00    0.00    4.86    0.00    0.00    0.00   84.59
20:29:07     all    3.99    0.00    7.45    0.00    0.00    5.59    0.00    0.00    0.00   82.98
20:29:08     all    3.40    0.00    6.54    0.00    0.00    4.45    0.00    0.00    0.00   85.60
20:29:09     all    3.63    0.00    6.22    0.00    0.00    4.92    0.00    0.00    0.00   85.23
20:29:10     all    3.66    0.00    5.74    0.00    0.00    4.96    0.00    0.00    0.00   85.64
20:29:11     all    3.39    0.00    6.27    0.00    0.00    4.70    0.00    0.00    0.00   85.64
20:29:12     all    3.36    0.00    6.72    0.00    0.00    5.17    0.00    0.00    0.00   84.75
20:29:13     all    4.19    0.00    5.24    0.00    0.00    4.71    0.00    0.00    0.00   85.86
20:29:14     all    3.39    0.00    6.27    0.00    0.00    4.96    0.00    0.00    0.00   85.38
20:29:15     all    2.62    0.00    6.54    0.00    0.00    4.97    0.00    0.00    0.00   85.86
20:29:16     all    3.91    0.00    5.99    0.00    0.00    4.69    0.00    0.00    0.00   85.42
20:29:17     all    2.86    0.00    6.77    0.00    0.00    4.43    0.26    0.00    0.00   85.68
20:29:18     all    3.65    0.00    6.25    0.00    0.00    4.69    0.00    0.00    0.00   85.42
20:29:19     all    3.66    0.00    5.74    0.00    0.00    4.96    0.00    0.00    0.00   85.64
20:29:20     all    3.38    0.00    5.97    0.00    0.00    5.45    0.00    0.00    0.00   85.19
20:29:21     all    3.41    0.00    5.25    0.00    0.00    5.51    0.00    0.00    0.00   85.83
20:29:22     all    3.15    0.00    5.77    0.00    0.00    4.20    0.26    0.00    0.00   86.61
20:29:23     all    0.75    0.00    0.75    0.00    0.00    0.00    0.00    0.00    0.00   98.50
20:29:24     all    0.75    0.00    2.51    0.00    0.00    1.76    0.00    0.00    0.00   94.97
20:29:25     all    1.27    0.00    2.03    0.00    0.00    2.03    0.00    0.00    0.00   94.68
20:29:26     all    0.76    0.00    2.54    0.00    0.00    2.54    0.00    0.00    0.00   94.15
20:29:27     all    1.26    0.00    3.27    0.00    0.00    2.77    0.00    0.00    0.00   92.70
20:29:28     all    1.51    0.00    3.77    0.00    0.00    3.02    0.00    0.00    0.00   91.71
20:29:29     all    1.75    0.00    3.51    0.00    0.00    3.76    0.00    0.00    0.00   90.98
20:29:30     all    1.26    0.00    4.29    0.00    0.00    3.79    0.00    0.00    0.00   90.66
20:29:31     all   12.63    0.00    7.83    0.00    0.00    3.28    0.00    0.00    0.00   76.26
20:29:32     all    1.50    0.00    4.51    0.00    0.00    3.26    0.00    0.00    0.00   90.73
20:29:33     all    2.01    0.00    3.52    0.00    0.00    3.52    0.00    0.00    0.00   90.95
20:29:34     all    1.26    0.00    4.02    0.00    0.00    3.77    0.00    0.00    0.00   90.95
20:29:35     all    1.52    0.00    4.31    0.00    0.00    2.79    0.00    0.00    0.00   91.37
20:29:36     all    1.26    0.00    4.27    0.25    0.00    3.77    0.00    0.00    0.00   90.45
20:29:37     all    1.76    0.00    3.78    0.00    0.00    3.27    0.00    0.00    0.00   91.18
20:29:38     all    1.01    0.00    4.27    0.00    0.00    3.77    0.00    0.00    0.00   90.95
20:29:39     all    1.54    0.00    3.86    0.00    0.00    1.80    0.00    0.00    0.00   92.80
20:29:40     all    1.76    0.00    4.28    0.00    0.00    3.27    0.00    0.00    0.00   90.68
20:29:41     all    1.53    0.00    3.32    0.00    0.00    2.81    0.00    0.00    0.00   92.35
20:29:42     all    1.75    0.00    4.24    0.00    0.00    3.49    0.00    0.00    0.00   90.52
20:29:43     all    1.79    0.00    3.06    0.00    0.00    2.55    0.00    0.00    0.00   92.60
20:29:44     all    1.52    0.00    3.29    0.00    0.00    3.29    0.00    0.00    0.00   91.90
20:29:45     all    1.52    0.00    3.29    0.00    0.00    2.78    0.00    0.00    0.00   92.41
20:29:46     all    1.77    0.00    3.54    0.00    0.00    2.53    0.00    0.00    0.00   92.15
20:29:47     all    1.78    0.00    3.05    0.00    0.00    2.79    0.00    0.00    0.00   92.39
20:29:48     all    1.78    0.00    3.31    0.00    0.00    2.54    0.00    0.00    0.00   92.37
20:29:49     all    2.28    0.00    2.79    0.00    0.00    3.55    0.25    0.00    0.00   91.12
20:29:50     all    1.28    0.00    3.57    0.00    0.00    2.30    0.00    0.00    0.00   92.86
20:29:51     all    1.52    0.00    3.30    0.00    0.00    2.79    0.00    0.00    0.00   92.39
20:29:52     all    2.26    0.00    3.76    0.00    0.00    2.76    0.25    0.00    0.00   90.98
20:29:53     all    3.33    0.00    4.87    0.00    0.00    3.33    0.00    0.00    0.00   88.46
20:29:54     all    5.25    0.00    5.51    0.00    0.00    4.72    0.00    0.00    0.00   84.51
20:29:55     all    4.68    0.00    7.01    0.00    0.00    4.94    0.00    0.00    0.00   83.38
20:29:56     all    5.19    0.00    6.23    0.00    0.00    4.68    0.00    0.00    0.00   83.90
20:29:57     all    4.74    0.00    6.32    0.00    0.00    4.47    0.00    0.00    0.00   84.47
20:29:58     all    5.22    0.00    5.74    0.00    0.00    5.22    0.00    0.00    0.00   83.81
20:29:59     all    4.95    0.00    5.73    0.00    0.00    5.21    0.00    0.00    0.00   84.11
20:30:00     all    3.99    0.00    6.12    0.00    0.00    4.26    0.00    0.00    0.00   85.64
20:30:01     all    4.97    0.00    5.24    0.26    0.00    5.24    0.00    0.00    0.00   84.29
20:30:02     all    5.04    0.00    6.63    0.00    0.00    3.45    0.53    0.00    0.00   84.35
20:30:03     all    4.97    0.00    6.28    0.00    0.00    4.71    0.26    0.00    0.00   83.77
20:30:04     all    5.48    0.00    6.27    0.00    0.00    4.70    0.00    0.00    0.00   83.55
20:30:05     all    5.50    0.00    6.02    0.00    0.00    4.45    0.00    0.00    0.00   84.03
20:30:06     all    5.24    0.00    5.76    0.00    0.00    4.45    0.00    0.00    0.00   84.55
20:30:07     all    5.05    0.00    6.38    0.00    0.00    3.19    0.00    0.00    0.00   85.37
20:30:08     all    4.75    0.00    6.07    0.00    0.00    4.22    0.00    0.00    0.00   84.96
20:30:09     all    4.76    0.00    6.08    0.00    0.00    4.23    0.00    0.00    0.00   84.92
20:30:10     all    5.70    0.00    5.96    0.00    0.00    4.92    0.00    0.00    0.00   83.42
20:30:11     all    5.00    0.00    5.79    0.00    0.00    3.95    0.00    0.00    0.00   85.26
20:30:12     all    5.21    0.00    6.25    0.00    0.00    4.69    0.00    0.00    0.00   83.85
20:30:13     all    5.07    0.00    5.60    0.00    0.00    3.47    0.00    0.00    0.00   85.87
20:30:14     all    4.80    0.00    6.40    0.00    0.00    3.20    0.00    0.00    0.00   85.60
20:30:15     all    5.19    0.00    5.19    0.00    0.00    4.42    0.26    0.00    0.00   84.94
20:30:16     all    4.76    0.00    6.35    0.00    0.00    3.70    0.00    0.00    0.00   85.19
20:30:17     all    4.80    0.00    5.60    0.00    0.00    3.20    0.00    0.00    0.00   86.40
20:30:18     all    5.07    0.00    5.87    0.00    0.00    2.93    0.00    0.00    0.00   86.13
20:30:19     all    4.59    0.00    5.41    0.00    0.00    2.97    0.00    0.00    0.00   87.03
20:30:20     all    5.09    0.00    5.36    0.00    0.00    2.95    0.00    0.00    0.00   86.60
20:30:21     all    5.29    0.00    6.08    0.00    0.00    3.44    0.26    0.00    0.00   84.92
20:30:22     all    4.79    0.00    6.12    0.00    0.00    3.46    0.00    0.00    0.00   85.64
20:30:23     all    7.09    0.00   11.02    0.00    0.00    6.82    0.00    0.00    0.00   75.07
20:30:24     all    9.43    0.00   12.67    0.00    0.00    9.43    0.00    0.00    0.00   68.46
20:30:25     all    9.14    0.00   11.36    0.00    0.00    8.03    0.00    0.00    0.00   71.47
20:30:26     all    9.70    0.00   12.94    0.00    0.00    8.63    0.00    0.00    0.00   68.73
20:30:27     all    8.87    0.00   13.17    0.00    0.00    9.41    0.00    0.00    0.00   68.55
20:30:28     all    8.31    0.00   13.40    0.00    0.00    8.58    0.00    0.00    0.00   69.71
20:30:29     all    6.17    0.00   13.94    0.00    0.00    9.92    0.00    0.00    0.00   69.97
20:30:30     all    5.97    0.00   16.10    0.00    0.00    8.57    0.00    0.00    0.00   69.35
20:30:31     all    5.29    0.00   14.81    0.00    0.00    9.52    0.26    0.00    0.00   70.11
20:30:32     all   20.38    0.00   17.43    0.27    0.00    9.65    0.00    0.00    0.00   52.28
20:30:33     all    8.99    0.00   16.40    0.00    0.00    7.41    0.00    0.00    0.00   67.20
20:30:34     all    5.08    0.00   12.30    0.00    0.00    9.36    0.00    0.00    0.00   73.26
20:30:35     all    6.13    0.00   14.13    0.00    0.00    9.60    0.00    0.00    0.00   70.13
20:30:36     all    5.70    0.00   15.28    0.00    0.00    9.84    0.00    0.00    0.00   69.17
20:30:37     all    5.00    0.00   16.05    0.26    0.00    8.68    0.00    0.00    0.00   70.00
20:30:38     all    6.23    0.00   15.84    0.00    0.00    9.61    0.00    0.00    0.00   68.31
20:30:39     all    5.88    0.00   14.44    0.00    0.00    9.09    0.00    0.00    0.00   70.59
20:30:40     all    6.38    0.00   15.16    0.00    0.00    9.57    0.00    0.00    0.00   68.88
20:30:41     all    6.35    0.00   14.29    0.00    0.00   10.05    0.00    0.00    0.00   69.31
20:30:42     all    5.90    0.00   13.94    0.00    0.00   10.46    0.00    0.00    0.00   69.71
20:30:43     all    7.75    0.00   13.37    0.00    0.00    9.89    0.00    0.00    0.00   68.98
20:30:44     all    6.97    0.00   14.21    0.00    0.00    8.85    0.00    0.00    0.00   69.97
20:30:45     all    6.54    0.00   13.08    0.00    0.00    8.99    0.00    0.00    0.00   71.39
20:30:46     all    6.67    0.00   13.33    0.00    0.00    9.33    0.00    0.00    0.00   70.67
20:30:47     all    7.22    0.00   13.64    0.00    0.00    8.82    0.00    0.00    0.00   70.32
20:30:48     all    6.12    0.00   13.83    0.00    0.00    9.84    0.00    0.00    0.00   70.21
20:30:49     all    5.59    0.00   15.16    0.00    0.00    8.78    0.00    0.00    0.00   70.48
20:30:50     all    6.07    0.00   12.40    0.00    0.00    8.18    0.00    0.00    0.00   73.35
20:30:51     all    6.91    0.00   12.50    0.00    0.00    9.57    0.00    0.00    0.00   71.01
20:30:52     all    6.22    0.00   12.70    0.00    0.00   10.00    0.00    0.00    0.00   71.08
20:30:53     all    6.61    0.00   10.58    0.00    0.00    5.56    0.00    0.00    0.00   77.25
20:30:54     all    5.19    0.00   13.25    0.00    0.00   10.13    0.00    0.00    0.00   71.43
20:30:55     all    5.99    0.00   14.84    0.00    0.00    9.64    0.00    0.00    0.00   69.53
20:30:56     all    5.47    0.00   15.10    0.00    0.00    9.64    0.00    0.00    0.00   69.79
20:30:57     all    5.24    0.00   14.66    0.00    0.00    9.16    0.00    0.00    0.00   70.94
20:30:58     all    6.20    0.00   14.21    0.00    0.00    9.82    0.00    0.00    0.00   69.77
20:30:59     all    5.45    0.00   15.32    0.00    0.00    9.61    0.00    0.00    0.00   69.61
20:31:00     all    6.05    0.00   13.68    0.00    0.00    9.47    0.00    0.00    0.00   70.79
20:31:01     all    5.28    0.00   14.78    0.00    0.00    8.97    0.00    0.00    0.00   70.98
20:31:02     all    5.37    0.00   15.86    0.51    0.00   10.23    0.00    0.00    0.00   68.03
20:31:03     all    5.76    0.00   14.14    0.00    0.00    9.42    0.26    0.00    0.00   70.42
20:31:04     all    4.95    0.00   14.84    0.00    0.00    9.64    0.00    0.00    0.00   70.57
20:31:05     all    5.25    0.00   14.70    0.00    0.00    9.71    0.00    0.00    0.00   70.34
20:31:06     all    5.73    0.00   14.32    0.00    0.00    9.90    0.00    0.00    0.00   70.05
20:31:07     all    5.84    0.00   14.32    0.00    0.00    8.49    0.00    0.00    0.00   71.35
20:31:08     all    5.94    0.00   14.99    0.00    0.00    9.30    0.00    0.00    0.00   69.77
20:31:09     all    6.14    0.00   14.83    0.00    0.00    9.21    0.00    0.00    0.00   69.82
20:31:10     all    5.47    0.00   15.89    0.00    0.00    8.59    0.00    0.00    0.00   70.05
20:31:11     all    5.67    0.00   14.95    0.00    0.00    9.54    0.00    0.00    0.00   69.85
20:31:12     all    4.97    0.00   15.18    0.00    0.00    8.64    0.00    0.00    0.00   71.20
20:31:13     all    5.43    0.00   15.50    0.00    0.00    9.30    0.00    0.00    0.00   69.77
20:31:14     all    5.51    0.00   13.91    0.00    0.00    9.97    0.00    0.00    0.00   70.60
20:31:15     all    5.99    0.00   14.84    0.00    0.00    9.11    0.00    0.00    0.00   70.05
20:31:16     all    5.44    0.00   15.54    0.00    0.00    9.59    0.00    0.00    0.00   69.43
20:31:17     all    4.46    0.00   14.44    0.00    0.00   10.24    0.00    0.00    0.00   70.87
20:31:18     all    6.48    0.00   14.77    0.00    0.00    9.33    0.26    0.00    0.00   69.17
20:31:19     all    5.70    0.00   15.54    0.00    0.00    8.55    0.00    0.00    0.00   70.21
20:31:20     all    5.03    0.00   14.29    0.00    0.00    8.99    0.00    0.00    0.00   71.69
20:31:21     all    5.51    0.00   14.17    0.00    0.00    8.66    0.00    0.00    0.00   71.65
20:31:22     all    5.48    0.00   14.36    0.00    0.00    9.40    0.00    0.00    0.00   70.76
20:31:23     all    6.05    0.00   13.95    0.00    0.00    7.63    0.00    0.00    0.00   72.37
20:31:24     all    4.84    0.00   14.78    0.00    0.00    9.41    0.00    0.00    0.00   70.97
20:31:25     all    5.51    0.00   15.49    0.00    0.00    9.45    0.00    0.00    0.00   69.55
20:31:26     all    5.76    0.00   15.71    0.00    0.00    8.64    0.00    0.00    0.00   69.90
20:31:27     all    5.77    0.00   15.49    0.00    0.00    8.92    0.00    0.00    0.00   69.82
20:31:28     all    6.54    0.00   14.92    0.00    0.00    8.64    0.00    0.00    0.00   69.90
20:31:29     all    5.22    0.00   15.40    0.00    0.00    9.14    0.00    0.00    0.00   70.23
20:31:30     all    6.07    0.00   14.51    0.00    0.00    8.71    0.00    0.00    0.00   70.71
20:31:31     all    5.35    0.00   14.71    0.00    0.00    8.82    0.00    0.00    0.00   71.12
20:31:32     all    5.80    0.00   13.46    0.00    0.00    9.76    0.00    0.00    0.00   70.98
20:31:33     all    9.63    0.00   16.31    0.00    0.00    9.09    0.00    0.00    0.00   64.97
20:31:34     all   16.24    0.00   17.53    0.00    0.00    9.79    0.00    0.00    0.00   56.44
20:31:35     all    6.32    0.00   15.00    0.00    0.00    8.95    0.00    0.00    0.00   69.74
20:31:36     all    5.84    0.00   14.85    0.00    0.00    9.28    0.00    0.00    0.00   70.03
20:31:37     all    5.59    0.00   14.36    0.00    0.00    8.78    0.00    0.00    0.00   71.28
20:31:38     all    5.31    0.00   15.38    0.00    0.00    8.75    0.00    0.00    0.00   70.56
20:31:39     all    5.90    0.00   13.67    0.00    0.00    9.38    0.00    0.00    0.00   71.05
20:31:40     all    5.31    0.00   15.38    0.00    0.00    8.49    0.00    0.00    0.00   70.82
20:31:41     all    5.57    0.00   14.59    0.00    0.00    8.22    0.00    0.00    0.00   71.62
20:31:42     all    4.65    0.00   16.54    0.00    0.00    9.30    0.00    0.00    0.00   69.51
20:31:43     all    4.83    0.00   15.01    0.00    0.00    8.31    0.00    0.00    0.00   71.85
20:31:44     all    5.97    0.00   14.81    0.00    0.00    9.35    0.00    0.00    0.00   69.87
20:31:45     all    5.56    0.00   14.81    0.00    0.00    8.73    0.00    0.00    0.00   70.90
20:31:46     all    5.24    0.00   14.66    0.00    0.00    8.90    0.00    0.00    0.00   71.20
20:31:47     all    4.83    0.00   14.48    0.00    0.00    9.38    0.00    0.00    0.00   71.31
20:31:48     all    5.03    0.00   15.34    0.00    0.00    8.99    0.00    0.00    0.00   70.63
20:31:49     all    6.30    0.00   16.54    0.00    0.00    7.61    0.00    0.00    0.00   69.55
20:31:50     all    6.02    0.00   14.40    0.00    0.00    9.16    0.00    0.00    0.00   70.42
20:31:51     all    5.28    0.00   15.57    0.00    0.00    9.23    0.00    0.00    0.00   69.92
20:31:52     all    5.31    0.00   14.06    0.00    0.00    9.02    0.00    0.00    0.00   71.62
20:31:53     all    5.84    0.00   13.53    0.00    0.00    9.55    0.00    0.00    0.00   71.09
20:31:54     all    5.51    0.00   14.96    0.00    0.00    9.71    0.52    0.00    0.00   69.29
20:31:55     all    5.80    0.00   15.57    0.00    0.00    9.23    0.00    0.00    0.00   69.39
20:31:56     all    5.51    0.00   15.22    0.00    0.00    9.45    0.00    0.00    0.00   69.82
20:31:57     all    5.51    0.00   14.96    0.00    0.00    9.71    0.00    0.00    0.00   69.82
20:31:58     all    6.60    0.00   14.78    0.00    0.00    8.71    0.00    0.00    0.00   69.92
20:31:59     all    5.70    0.00   16.06    0.00    0.00    9.84    0.00    0.00    0.00   68.39
20:32:00     all    5.60    0.00   15.73    0.00    0.00    8.27    0.00    0.00    0.00   70.40
20:32:01     all    5.85    0.00   15.16    0.00    0.00    9.04    0.00    0.00    0.00   69.95
20:32:02     all    5.76    0.00   15.18    0.26    0.00    9.16    0.26    0.00    0.00   69.37
20:32:03     all    5.47    0.00   15.89    0.00    0.00    9.64    0.00    0.00    0.00   69.01
20:32:04     all    5.21    0.00   16.15    0.00    0.00    9.11    0.00    0.00    0.00   69.53
20:32:05     all    5.57    0.00   15.12    0.00    0.00    9.02    0.00    0.00    0.00   70.29
20:32:06     all    5.84    0.00   16.18    0.00    0.00    7.69    0.00    0.00    0.00   70.29
20:32:07     all    5.79    0.00   15.26    0.00    0.00    8.68    0.00    0.00    0.00   70.26
20:32:08     all    5.82    0.00   14.55    0.00    0.00    8.99    0.00    0.00    0.00   70.63
20:32:09     all    6.05    0.00   14.21    0.00    0.00    9.74    0.00    0.00    0.00   70.00
20:32:10     all    6.07    0.00   13.72    0.00    0.00    9.23    0.00    0.00    0.00   70.98
20:32:11     all    5.00    0.00   13.42    0.00    0.00   10.26    0.00    0.00    0.00   71.32
20:32:12     all    6.04    0.00   14.44    0.00    0.00    9.19    0.00    0.00    0.00   70.34
20:32:13     all    5.99    0.00   15.10    0.00    0.00    8.85    0.00    0.00    0.00   70.05
20:32:14     all    5.50    0.00   15.97    0.00    0.00    9.16    0.00    0.00    0.00   69.37
20:32:15     all    4.77    0.00   14.59    0.00    0.00    9.55    0.00    0.00    0.00   71.09
20:32:16     all    5.28    0.00   14.25    0.00    0.00   10.29    0.00    0.00    0.00   70.18
20:32:17     all    5.77    0.00   13.65    0.00    0.00    9.45    0.00    0.00    0.00   71.13
20:32:18     all    5.54    0.00   15.57    0.00    0.00    8.44    0.00    0.00    0.00   70.45
20:32:19     all    5.84    0.00   14.32    0.00    0.00    9.02    0.00    0.00    0.00   70.82
20:32:20     all    5.54    0.00   15.30    0.00    0.00    9.76    0.00    0.00    0.00   69.39
20:32:21     all    5.31    0.00   15.38    0.00    0.00    8.75    0.00    0.00    0.00   70.56
20:32:22     all    6.02    0.00   14.66    0.00    0.00   10.21    0.00    0.00    0.00   69.11
20:32:23     all    5.03    0.00   12.43    0.00    0.00    8.20    0.00    0.00    0.00   74.34
20:32:24     all    5.28    0.00   13.98    0.00    0.00    8.71    0.00    0.00    0.00   72.03
20:32:25     all    5.54    0.00   15.04    0.00    0.00    8.71    0.00    0.00    0.00   70.71
20:32:26     all    5.85    0.00   14.10    0.00    0.00    9.57    0.00    0.00    0.00   70.48
20:32:27     all    5.65    0.00   14.52    0.00    0.00    8.06    0.00    0.00    0.00   71.77
20:32:28     all    4.83    0.00   15.01    0.00    0.00    7.77    0.00    0.00    0.00   72.39
20:32:29     all    6.02    0.00   15.71    0.00    0.00    7.85    0.00    0.00    0.00   70.42
20:32:30     all    5.35    0.00   14.17    0.00    0.00    8.02    0.00    0.00    0.00   72.46
20:32:31     all    5.90    0.00   13.94    0.00    0.00    7.77    0.00    0.00    0.00   72.39
20:32:32     all    5.73    0.00   13.54    0.00    0.00    9.64    0.26    0.00    0.00   70.83
20:32:33     all    5.77    0.00   14.17    0.00    0.00    9.19    0.00    0.00    0.00   70.87
20:32:34     all    6.68    0.00   13.90    0.00    0.00    8.56    0.00    0.00    0.00   70.86
20:32:35     all   19.58    0.00   15.93    0.00    0.00    9.66    0.00    0.00    0.00   54.83
20:32:36     all    7.14    0.00   15.08    0.00    0.00    9.26    0.00    0.00    0.00   68.52
20:32:37     all    6.25    0.00   13.54    0.00    0.00    9.64    0.00    0.00    0.00   70.57
20:32:38     all    4.79    0.00   14.36    0.00    0.00    8.78    0.00    0.00    0.00   72.07
20:32:39     all    5.00    0.00   13.68    0.00    0.00    9.47    0.00    0.00    0.00   71.84
20:32:40     all    5.45    0.00   14.03    0.26    0.00   10.13    0.00    0.00    0.00   70.13
20:32:41     all    5.26    0.00   14.21    0.00    0.00    9.21    0.00    0.00    0.00   71.32
20:32:42     all    4.69    0.00   14.32    0.00    0.00   10.16    0.00    0.00    0.00   70.83
20:32:43     all    5.93    0.00   14.95    0.00    0.00    9.28    0.26    0.00    0.00   69.59
20:32:44     all    6.05    0.00   13.42    0.00    0.00    9.21    0.00    0.00    0.00   71.32
20:32:45     all    5.01    0.00   13.98    0.00    0.00    8.97    0.00    0.00    0.00   72.03
20:32:46     all    5.96    0.00   14.51    0.00    0.00    9.33    0.00    0.00    0.00   70.21
20:32:47     all    5.28    0.00   14.25    0.00    0.00    8.97    0.00    0.00    0.00   71.50
20:32:48     all    5.03    0.00   14.29    0.00    0.00    9.52    0.00    0.00    0.00   71.16
20:32:49     all    5.79    0.00   13.95    0.00    0.00    9.21    0.00    0.00    0.00   71.05
20:32:50     all    5.74    0.00   15.14    0.00    0.00    8.62    0.00    0.00    0.00   70.50
20:32:51     all    5.04    0.00   13.26    0.00    0.00    9.55    0.00    0.00    0.00   72.15
20:32:52     all    5.05    0.00   13.30    0.00    0.00    9.84    0.00    0.00    0.00   71.81
20:32:53     all    2.30    0.00    6.14    0.00    0.00    3.32    0.00    0.00    0.00   88.24
20:32:54     all    1.27    0.00    2.54    0.00    0.00    2.03    0.25    0.00    0.00   93.91
20:32:55     all    1.01    0.00    4.05    0.00    0.00    3.29    0.00    0.00    0.00   91.65
20:32:56     all    2.05    0.00    2.81    0.00    0.00    3.07    0.26    0.00    0.00   91.82
20:32:57     all    2.05    0.00    3.32    0.00    0.00    2.56    0.00    0.00    0.00   92.07
20:32:58     all    2.53    0.00    3.79    0.00    0.00    2.78    0.00    0.00    0.00   90.91
20:32:59     all    1.52    0.00    3.80    0.00    0.00    3.54    0.00    0.00    0.00   91.14
20:33:00     all    1.78    0.00    3.31    0.00    0.00    3.31    0.00    0.00    0.00   91.60
20:33:01     all    2.01    0.00    3.26    0.00    0.00    4.01    0.00    0.00    0.00   90.73
20:33:02     all    2.02    0.00    3.28    0.00    0.00    4.04    0.00    0.00    0.00   90.66
20:33:03     all    1.52    0.00    3.30    0.25    0.00    3.05    0.00    0.00    0.00   91.88
20:33:04     all    2.27    0.00    3.79    0.00    0.00    3.54    0.00    0.00    0.00   90.40
20:33:05     all    2.27    0.00    3.53    0.00    0.00    3.27    0.00    0.00    0.00   90.93
20:33:06     all    1.79    0.00    3.08    0.00    0.00    2.31    0.00    0.00    0.00   92.82
20:33:07     all    2.04    0.00    3.31    0.00    0.00    3.05    0.00    0.00    0.00   91.60
20:33:08     all    2.27    0.00    3.53    0.00    0.00    3.53    0.00    0.00    0.00   90.68
20:33:09     all    1.52    0.00    3.54    0.00    0.00    3.04    0.00    0.00    0.00   91.90
20:33:10     all    2.54    0.00    3.05    0.00    0.00    3.05    0.00    0.00    0.00   91.35
20:33:11     all    1.78    0.00    3.05    0.00    0.00    3.31    0.00    0.00    0.00   91.86
20:33:12     all    2.02    0.00    3.28    0.00    0.00    3.54    0.00    0.00    0.00   91.16
20:33:13     all    2.79    0.00    3.30    0.00    0.00    2.54    0.00    0.00    0.00   91.37
20:33:14     all    1.77    0.00    3.29    0.00    0.00    3.54    0.00    0.00    0.00   91.39
20:33:15     all    2.30    0.00    2.55    0.00    0.00    3.06    0.00    0.00    0.00   92.09
20:33:16     all    2.26    0.00    3.51    0.00    0.00    3.51    0.00    0.00    0.00   90.73
20:33:17     all    2.02    0.00    3.27    0.00    0.00    3.78    0.00    0.00    0.00   90.93
20:33:18     all    1.77    0.00    3.54    0.00    0.00    3.29    0.00    0.00    0.00   91.39
20:33:19     all    1.79    0.00    3.07    0.00    0.00    3.07    0.00    0.00    0.00   92.07
20:33:20     all    2.04    0.00    3.31    0.00    0.00    2.54    0.00    0.00    0.00   92.11
20:33:21     all    2.51    0.00    3.27    0.00    0.00    4.02    0.00    0.00    0.00   90.20
20:33:22     all    1.79    0.00    3.33    0.00    0.00    2.05    0.00    0.00    0.00   92.82
20:33:23     all    1.01    0.00    2.52    0.00    0.00    1.76    0.00    0.00    0.00   94.71
20:33:24     all    2.80    0.00    2.29    0.00    0.00    1.53    0.00    0.00    0.00   93.38
20:33:25     all    3.87    0.00    4.64    0.00    0.00    5.15    0.00    0.00    0.00   86.34
20:33:26     all    2.28    0.00    4.31    0.00    0.00    4.31    0.00    0.00    0.00   89.09
20:33:27     all    2.04    0.00    4.58    0.00    0.00    4.33    0.00    0.00    0.00   89.06
20:33:28     all    1.79    0.00    5.38    0.00    0.00    4.36    0.00    0.00    0.00   88.46
20:33:29     all    2.03    0.00    5.08    0.00    0.00    5.08    0.00    0.00    0.00   87.82
20:33:30     all    1.80    0.00    5.41    0.00    0.00    4.64    0.00    0.00    0.00   88.14
20:33:31     all    2.55    0.00    5.10    0.00    0.00    5.36    0.00    0.00    0.00   86.99
20:33:32     all    1.83    0.00    6.02    0.00    0.00    3.40    0.00    0.00    0.00   88.74
20:33:33     all    2.05    0.00    5.64    0.00    0.00    5.13    0.00    0.00    0.00   87.18
20:33:34     all    2.54    0.00    4.82    0.00    0.00    4.82    0.51    0.00    0.00   87.31
20:33:35     all    1.53    0.00    6.39    0.00    0.00    5.37    0.00    0.00    0.00   86.70
20:33:36     all    1.79    0.00    5.10    0.00    0.00    5.87    0.00    0.00    0.00   87.24
20:33:37     all    2.03    0.00    5.57    0.00    0.00    5.57    0.00    0.00    0.00   86.84
20:33:38     all    2.56    0.00    5.37    0.00    0.00    5.37    0.00    0.00    0.00   86.70
20:33:39     all    1.55    0.00    5.94    0.00    0.00    5.17    0.00    0.00    0.00   87.34
20:33:40     all    2.53    0.00    5.32    0.00    0.00    5.82    0.00    0.00    0.00   86.33
20:33:41     all    1.80    0.00    4.37    0.00    0.00    4.63    0.00    0.00    0.00   89.20
20:33:42     all    1.79    0.00    4.36    0.00    0.00    5.13    0.26    0.00    0.00   88.46
20:33:43     all    2.03    0.00    5.57    0.00    0.00    4.81    0.00    0.00    0.00   87.59
20:33:44     all    1.53    0.00    5.12    0.00    0.00    4.86    0.00    0.00    0.00   88.49
20:33:45     all    1.81    0.00    4.91    0.00    0.00    4.91    0.00    0.00    0.00   88.37
20:33:46     all    2.07    0.00    5.43    0.00    0.00    3.88    0.00    0.00    0.00   88.63
20:33:47     all    2.04    0.00    4.59    0.00    0.00    4.85    0.00    0.00    0.00   88.52
20:33:48     all    1.79    0.00    5.61    0.00    0.00    5.10    0.00    0.00    0.00   87.50
20:33:49     all    2.81    0.00    4.85    0.00    0.00    5.61    0.00    0.00    0.00   86.73
20:33:50     all    2.06    0.00    4.88    0.00    0.00    4.63    0.00    0.00    0.00   88.43
20:33:51     all    2.02    0.00    5.56    0.00    0.00    6.31    0.00    0.00    0.00   86.11
20:33:52     all    2.29    0.00    5.09    0.00    0.00    5.09    0.00    0.00    0.00   87.53
20:33:53     all    1.52    0.00    3.54    0.00    0.00    3.03    0.00    0.00    0.00   91.92
20:33:54     all    4.75    0.00    2.75    0.00    0.00    2.00    0.00    0.00    0.00   90.50
20:33:55     all   11.49    0.00    4.96    0.00    0.00    4.44    0.00    0.00    0.00   79.11
20:33:56     all    9.37    0.00    5.82    0.00    0.00    5.06    0.00    0.00    0.00   79.75
20:33:57     all    6.38    0.00    5.61    0.00    0.00    5.36    0.00    0.00    0.00   82.65
20:33:58     all    2.56    0.00    6.15    0.00    0.00    4.10    0.26    0.00    0.00   86.92
20:33:59     all    1.55    0.00    5.68    0.00    0.00    3.88    0.26    0.00    0.00   88.63
20:34:00     all    2.28    0.00    5.82    0.00    0.00    4.81    0.00    0.00    0.00   87.09
20:34:01     all    2.06    0.00    5.15    0.00    0.00    4.90    0.00    0.00    0.00   87.89
20:34:02     all    2.31    0.00    5.13    0.00    0.00    4.36    0.00    0.00    0.00   88.21
20:34:03     all    2.05    0.00    5.63    0.00    0.00    4.35    0.00    0.00    0.00   87.98
20:34:04     all    2.31    0.00    5.66    0.00    0.00    3.86    0.26    0.00    0.00   87.92
20:34:05     all    1.80    0.00    5.66    0.00    0.00    4.63    0.00    0.00    0.00   87.92
20:34:06     all    2.29    0.00    5.85    0.00    0.00    4.33    0.00    0.00    0.00   87.53
20:34:07     all    2.31    0.00    6.15    0.00    0.00    4.62    0.00    0.00    0.00   86.92
20:34:08     all    2.56    0.00    5.38    0.00    0.00    4.10    0.00    0.00    0.00   87.95
20:34:09     all    2.06    0.00    5.14    0.00    0.00    4.88    0.00    0.00    0.00   87.92
20:34:10     all    2.05    0.00    6.41    0.00    0.00    4.10    0.00    0.00    0.00   87.44
20:34:11     all    2.06    0.00    5.41    0.00    0.00    4.38    0.00    0.00    0.00   88.14
20:34:12     all    2.84    0.00    4.90    0.00    0.00    4.64    0.00    0.00    0.00   87.63
20:34:13     all    2.06    0.00    5.40    0.00    0.00    4.88    0.00    0.00    0.00   87.66
20:34:14     all    2.27    0.00    6.55    0.00    0.00    5.04    0.25    0.00    0.00   85.89
20:34:15     all    2.80    0.00    6.62    0.00    0.00    4.83    0.00    0.00    0.00   85.75
20:34:16     all    2.28    0.00    5.82    0.00    0.00    5.06    0.00    0.00    0.00   86.84
20:34:17     all    2.54    0.00    6.36    0.00    0.00    6.11    0.00    0.00    0.00   84.99
20:34:18     all    1.79    0.00    5.64    0.00    0.00    5.13    0.00    0.00    0.00   87.44
20:34:19     all    2.34    0.00    4.68    0.00    0.00    4.42    0.00    0.00    0.00   88.57
20:34:20     all    2.04    0.00    5.10    0.00    0.00    4.59    0.51    0.00    0.00   87.76
20:34:21     all    2.32    0.00    5.41    0.00    0.00    4.64    0.00    0.00    0.00   87.63
20:34:22     all    2.31    0.00    5.66    0.00    0.00    4.11    0.00    0.00    0.00   87.92
20:34:23     all    1.80    0.00    4.88    0.00    0.00    2.57    0.00    0.00    0.00   90.75
20:34:24     all    5.57    0.00    2.03    0.00    0.00    1.52    0.00    0.00    0.00   90.89
20:34:25     all   28.39    0.00    4.09    0.00    0.00    4.86    0.00    0.00    0.00   62.66
20:34:26     all   23.14    0.00    6.68    0.00    0.00    7.46    0.00    0.00    0.00   62.72
20:34:27     all   15.44    0.00    7.09    0.00    0.00    6.84    0.00    0.00    0.00   70.63
20:34:28     all   13.01    0.00    5.87    0.00    0.00    4.85    0.00    0.00    0.00   76.28
20:34:29     all   10.66    0.00    6.35    0.00    0.00    4.57    0.00    0.00    0.00   78.43
20:34:30     all    9.90    0.00    6.60    0.00    0.00    5.33    0.00    0.00    0.00   78.17
20:34:31     all    6.67    0.00    5.38    0.00    0.00    6.15    0.00    0.00    0.00   81.79
20:34:32     all    5.88    0.00    5.88    0.00    0.00    4.60    0.00    0.00    0.00   83.63
20:34:33     all    2.58    0.00    5.94    0.00    0.00    3.88    0.00    0.00    0.00   87.60
20:34:34     all    1.81    0.00    4.65    0.00    0.00    4.39    0.00    0.00    0.00   89.15
20:34:35     all    2.05    0.00    5.13    0.00    0.00    4.36    0.00    0.00    0.00   88.46
20:34:36     all    1.56    0.00    5.71    0.00    0.00    3.64    0.00    0.00    0.00   89.09
20:34:37     all    1.80    0.00    5.66    0.00    0.00    3.60    0.00    0.00    0.00   88.95
20:34:38     all    2.05    0.00    5.12    0.00    0.00    4.35    0.00    0.00    0.00   88.49
20:34:39     all    2.31    0.00    4.87    0.00    0.00    4.36    0.00    0.00    0.00   88.46
20:34:40     all    2.27    0.00    5.30    0.00    0.00    4.55    0.00    0.00    0.00   87.88
20:34:41     all    2.06    0.00    4.63    0.00    0.00    3.34    0.00    0.00    0.00   89.97
20:34:42     all    1.78    0.00    5.33    0.00    0.00    4.57    0.00    0.00    0.00   88.32
20:34:43     all    2.29    0.00    4.83    0.00    0.00    5.09    0.25    0.00    0.00   87.53
20:34:44     all    1.55    0.00    5.41    0.00    0.00    4.12    0.00    0.00    0.00   88.92
20:34:45     all    2.03    0.00    4.82    0.00    0.00    4.57    0.00    0.00    0.00   88.58
20:34:46     all    1.79    0.00    5.12    0.00    0.00    5.12    0.00    0.00    0.00   87.98
20:34:47     all    2.05    0.00    4.86    0.00    0.00    4.60    0.00    0.00    0.00   88.49
20:34:48     all    2.28    0.00    4.57    0.00    0.00    4.31    0.00    0.00    0.00   88.83
20:34:49     all    2.05    0.00    5.37    0.00    0.00    4.60    0.00    0.00    0.00   87.98
20:34:50     all    2.12    0.00    4.23    0.00    0.00    2.65    0.00    0.00    0.00   91.01
20:34:51     all    2.32    0.00    5.41    0.00    0.00    3.35    0.00    0.00    0.00   88.92
20:34:52     all    1.79    0.00    5.12    0.00    0.00    5.37    0.00    0.00    0.00   87.72
