Running 30s test @ http://10.116.0.2:8080/json
  4 threads and 256 connections
  Thread calibration: mean lat.: 1212.967ms, rate sampling interval: 5066ms
  Thread calibration: mean lat.: 1905.376ms, rate sampling interval: 7086ms
  Thread calibration: mean lat.: 1218.244ms, rate sampling interval: 5132ms
  Thread calibration: mean lat.: 1789.943ms, rate sampling interval: 6193ms
  Thread Stats   Avg      Stdev     Max   +/- Stdev
    Latency     6.57s     2.33s   18.97s    65.88%
    Req/Sec     9.86k   346.57    10.21k    81.82%
  Latency Distribution (HdrHistogram - Recorded Latency)
 50.000%    6.39s 
 75.000%    8.17s 
 90.000%    9.62s 
 99.000%   13.21s 
 99.900%   15.81s 
 99.990%   18.42s 
 99.999%   18.94s 
100.000%   18.99s 

  Detailed Percentile spectrum:
       Value   Percentile   TotalCount 1/(1-Percentile)

    2467.839     0.000000           30         1.00
    3567.615     0.100000        77150         1.11
    4431.871     0.200000       154273         1.25
    5193.727     0.300000       231642         1.43
    5832.703     0.400000       308921         1.67
    6393.855     0.500000       385773         2.00
    6676.479     0.550000       424647         2.22
    6963.199     0.600000       462830         2.50
    7311.359     0.650000       501510         2.86
    7745.535     0.700000       539971         3.33
    8167.423     0.750000       578344         4.00
    8376.319     0.775000       597638         4.44
    8593.407     0.800000       616810         5.00
    8798.207     0.825000       636114         5.71
    9027.583     0.850000       655939         6.67
    9297.919     0.875000       674774         8.00
    9461.759     0.887500       684678         8.89
    9617.407     0.900000       694013        10.00
    9805.823     0.912500       703845        11.43
    9977.855     0.925000       713525        13.33
   10158.079     0.937500       722943        16.00
   10256.383     0.943750       727858        17.78
   10362.879     0.950000       732583        20.00
   10534.911     0.956250       737381        22.86
   10764.287     0.962500       742126        26.67
   11083.775     0.968750       746931        32.00
   11304.959     0.971875       749415        35.56
   11517.951     0.975000       751809        40.00
   11804.671     0.978125       754178        45.71
   12132.351     0.981250       756596        53.33
   12476.415     0.984375       759006        64.00
   12664.831     0.985938       760192        71.11
   12845.055     0.987500       761387        80.00
   13041.663     0.989062       762607        91.43
   13303.807     0.990625       763823       106.67
   13516.799     0.992188       764992       128.00
   13623.295     0.992969       765595       142.22
   13737.983     0.993750       766205       160.00
   13885.439     0.994531       766813       182.86
   14041.087     0.995313       767419       213.33
   14270.463     0.996094       768008       256.00
   14417.919     0.996484       768309       284.44
   14524.415     0.996875       768616       320.00
   14655.487     0.997266       768906       365.71
   14819.327     0.997656       769213       426.67
   14983.167     0.998047       769512       512.00
   15089.663     0.998242       769657       568.89
   15228.927     0.998437       769812       640.00
   15359.999     0.998633       769962       731.43
   15482.879     0.998828       770110       853.33
   15900.671     0.999023       770261      1024.00
   16171.007     0.999121       770336      1137.78
   16424.959     0.999219       770410      1280.00
   16547.839     0.999316       770486      1462.86
   16752.639     0.999414       770562      1706.67
   16941.055     0.999512       770637      2048.00
   17039.359     0.999561       770676      2275.56
   17154.047     0.999609       770713      2560.00
   17268.735     0.999658       770754      2925.71
   17416.191     0.999707       770788      3413.33
   17645.567     0.999756       770825      4096.00
   17776.639     0.999780       770844      4551.11
   17907.711     0.999805       770864      5120.00
   18022.399     0.999829       770881      5851.43
   18169.855     0.999854       770901      6826.67
   18300.927     0.999878       770919      8192.00
   18366.463     0.999890       770928      9102.22
   18431.999     0.999902       770938     10240.00
   18513.919     0.999915       770948     11702.86
   18579.455     0.999927       770958     13653.33
   18628.607     0.999939       770965     16384.00
   18677.759     0.999945       770972     18204.44
   18710.527     0.999951       770976     20480.00
   18743.295     0.999957       770980     23405.71
   18776.063     0.999963       770985     27306.67
   18808.831     0.999969       770989     32768.00
   18825.215     0.999973       770991     36408.89
   18857.983     0.999976       770995     40960.00
   18874.367     0.999979       770998     46811.43
   18874.367     0.999982       770998     54613.33
   18907.135     0.999985       771001     65536.00
   18923.519     0.999986       771003     72817.78
   18923.519     0.999988       771003     81920.00
   18939.903     0.999989       771006     93622.86
   18939.903     0.999991       771006    109226.67
   18956.287     0.999992       771008    131072.00
   18956.287     0.999993       771008    145635.56
   18956.287     0.999994       771008    163840.00
   18956.287     0.999995       771008    187245.71
   18972.671     0.999995       771010    218453.33
   18972.671     0.999996       771010    262144.00
   18972.671     0.999997       771010    291271.11
   18972.671     0.999997       771010    327680.00
   18972.671     0.999997       771010    374491.43
   18989.055     0.999998       771012    436906.67
   18989.055     1.000000       771012          inf
#[Mean    =     6570.344, StdDeviation   =     2333.863]
#[Max     =    18972.672, Total count    =       771012]
#[Buckets =           27, SubBuckets     =         2048]
----------------------------------------------------------
  1159710 requests in 30.00s, 108.39MB read
Requests/sec:  38657.31
Transfer/sec:      3.61MB
