Running 30s test @ http://10.116.0.2:8080/block?ms=100
  4 threads and 4000 connections
  Thread calibration: mean lat.: 2389.998ms, rate sampling interval: 8351ms
  Thread calibration: mean lat.: 2336.481ms, rate sampling interval: 8708ms
  Thread calibration: mean lat.: 2541.631ms, rate sampling interval: 8642ms
  Thread calibration: mean lat.: 2447.035ms, rate sampling interval: 8650ms
  Thread Stats   Avg      Stdev     Max   +/- Stdev
    Latency     6.74s     1.27s    9.80s    60.28%
    Req/Sec     6.41k   187.22     6.59k    75.00%
  Latency Distribution (HdrHistogram - Recorded Latency)
 50.000%    6.75s 
 75.000%    7.79s 
 90.000%    8.47s 
 99.000%    9.14s 
 99.900%    9.41s 
 99.990%    9.62s 
 99.999%    9.77s 
100.000%    9.81s 

  Detailed Percentile spectrum:
       Value   Percentile   TotalCount 1/(1-Percentile)

    3620.863     0.000000            1         1.00
    5025.791     0.100000        38540         1.11
    5484.543     0.200000        77287         1.25
    5894.143     0.300000       115799         1.43
    6324.223     0.400000       154148         1.67
    6746.111     0.500000       192610         2.00
    6942.719     0.550000       211685         2.22
    7151.615     0.600000       231128         2.50
    7368.703     0.650000       250314         2.86
    7577.599     0.700000       269717         3.33
    7794.687     0.750000       288910         4.00
    7905.279     0.775000       298437         4.44
    8015.871     0.800000       308096         5.00
    8122.367     0.825000       317668         5.71
    8228.863     0.850000       327343         6.67
    8339.455     0.875000       336879         8.00
    8404.991     0.887500       342127         8.89
    8470.527     0.900000       346977        10.00
    8536.063     0.912500       351543        11.43
    8609.791     0.925000       356434        13.33
    8683.519     0.937500       361008        16.00
    8724.479     0.943750       363422        17.78
    8765.439     0.950000       365700        20.00
    8814.591     0.956250       368314        22.86
    8863.743     0.962500       370821        26.67
    8912.895     0.968750       373071        32.00
    8937.471     0.971875       374079        35.56
    8970.239     0.975000       375470        40.00
    8994.815     0.978125       376472        45.71
    9027.583     0.981250       377691        53.33
    9068.543     0.984375       379098        64.00
    9084.927     0.985938       379592        71.11
    9109.503     0.987500       380288        80.00
    9125.887     0.989062       380728        91.43
    9150.463     0.990625       381325       106.67
    9175.039     0.992188       381897       128.00
    9191.423     0.992969       382236       142.22
    9207.807     0.993750       382543       160.00
    9224.191     0.994531       382802       182.86
    9248.767     0.995313       383149       213.33
    9265.151     0.996094       383358       256.00
    9281.535     0.996484       383576       284.44
    9289.727     0.996875       383660       320.00
    9306.111     0.997266       383819       365.71
    9322.495     0.997656       383978       426.67
    9347.071     0.998047       384146       512.00
    9355.263     0.998242       384200       568.89
    9371.647     0.998437       384286       640.00
    9388.031     0.998633       384370       731.43
    9396.223     0.998828       384412       853.33
    9420.799     0.999023       384502      1024.00
    9428.991     0.999121       384532      1137.78
    9445.375     0.999219       384576      1280.00
    9461.759     0.999316       384608      1462.86
    9478.143     0.999414       384659      1706.67
    9486.335     0.999512       384689      2048.00
    9494.527     0.999561       384701      2275.56
    9502.719     0.999609       384723      2560.00
    9510.911     0.999658       384736      2925.71
    9527.295     0.999707       384752      3413.33
    9543.679     0.999756       384769      4096.00
    9560.063     0.999780       384779      4551.11
    9576.447     0.999805       384794      5120.00
    9584.639     0.999829       384803      5851.43
    9592.831     0.999854       384808      6826.67
    9609.215     0.999878       384819      8192.00
    9609.215     0.999890       384819      9102.22
    9617.407     0.999902       384829     10240.00
    9617.407     0.999915       384829     11702.86
    9625.599     0.999927       384833     13653.33
    9650.175     0.999939       384841     16384.00
    9650.175     0.999945       384841     18204.44
    9658.367     0.999951       384843     20480.00
    9666.559     0.999957       384846     23405.71
    9682.943     0.999963       384848     27306.67
    9691.135     0.999969       384850     32768.00
    9699.327     0.999973       384852     36408.89
    9699.327     0.999976       384852     40960.00
    9707.519     0.999979       384853     46811.43
    9715.711     0.999982       384854     54613.33
    9740.287     0.999985       384856     65536.00
    9740.287     0.999986       384856     72817.78
    9773.055     0.999988       384858     81920.00
    9773.055     0.999989       384858     93622.86
    9773.055     0.999991       384858    109226.67
    9805.823     0.999992       384861    131072.00
    9805.823     1.000000       384861          inf
#[Mean    =     6741.139, StdDeviation   =     1272.108]
#[Max     =     9797.632, Total count    =       384861]
#[Buckets =           27, SubBuckets     =         2048]
----------------------------------------------------------
  668094 requests in 30.00s, 54.16MB read
Requests/sec:  22270.37
Transfer/sec:      1.81MB
