Running 30s test @ http://10.116.0.2:8080/block?ms=100
  4 threads and 1000 connections
  Thread calibration: mean lat.: 109.327ms, rate sampling interval: 245ms
  Thread calibration: mean lat.: 110.933ms, rate sampling interval: 246ms
  Thread calibration: mean lat.: 107.879ms, rate sampling interval: 235ms
  Thread calibration: mean lat.: 104.313ms, rate sampling interval: 224ms
  Thread Stats   Avg      Stdev     Max   +/- Stdev
    Latency   106.06ms    5.68ms 138.50ms   84.15%
    Req/Sec     2.25k   195.13     2.87k    83.76%
  Latency Distribution (HdrHistogram - Recorded Latency)
 50.000%  104.19ms
 75.000%  108.61ms
 90.000%  114.82ms
 99.000%  123.90ms
 99.900%  130.82ms
 99.990%  135.04ms
 99.999%  137.09ms
100.000%  138.62ms

  Detailed Percentile spectrum:
       Value   Percentile   TotalCount 1/(1-Percentile)

     100.415     0.000000           17         1.00
     101.055     0.100000        19469         1.11
     101.375     0.200000        34498         1.25
     101.823     0.300000        51763         1.43
     102.719     0.400000        67602         1.67
     104.191     0.500000        84231         2.00
     105.087     0.550000        93216         2.22
     105.855     0.600000       101089         2.50
     106.687     0.650000       109833         2.86
     107.583     0.700000       118251         3.33
     108.607     0.750000       126402         4.00
     109.247     0.775000       130571         4.44
     110.015     0.800000       134866         5.00
     111.039     0.825000       139135         5.71
     112.255     0.850000       143245         6.67
     113.535     0.875000       147465         8.00
     114.175     0.887500       149614         8.89
     114.815     0.900000       151723        10.00
     115.455     0.912500       153690        11.43
     116.223     0.925000       155847        13.33
     117.055     0.937500       157915        16.00
     117.567     0.943750       159007        17.78
     118.079     0.950000       160077        20.00
     118.591     0.956250       161066        22.86
     119.231     0.962500       162134        26.67
     119.935     0.968750       163121        32.00
     120.383     0.971875       163678        35.56
     120.895     0.975000       164220        40.00
     121.471     0.978125       164757        45.71
     121.983     0.981250       165255        53.33
     122.623     0.984375       165767        64.00
     122.943     0.985938       166035        71.11
     123.327     0.987500       166308        80.00
     123.711     0.989062       166573        91.43
     124.095     0.990625       166827       106.67
     124.543     0.992188       167087       128.00
     124.799     0.992969       167205       142.22
     125.119     0.993750       167329       160.00
     125.503     0.994531       167467       182.86
     126.015     0.995313       167610       213.33
     126.527     0.996094       167728       256.00
     126.911     0.996484       167792       284.44
     127.295     0.996875       167858       320.00
     127.743     0.997266       167923       365.71
     128.255     0.997656       167990       426.67
     128.831     0.998047       168056       512.00
     129.087     0.998242       168086       568.89
     129.407     0.998437       168117       640.00
     129.855     0.998633       168151       731.43
     130.367     0.998828       168185       853.33
     130.943     0.999023       168221      1024.00
     131.327     0.999121       168235      1137.78
     131.583     0.999219       168253      1280.00
     131.839     0.999316       168265      1462.86
     132.351     0.999414       168281      1706.67
     132.735     0.999512       168298      2048.00
     132.991     0.999561       168308      2275.56
     133.119     0.999609       168314      2560.00
     133.375     0.999658       168322      2925.71
     133.631     0.999707       168330      3413.33
     133.887     0.999756       168339      4096.00
     134.015     0.999780       168343      4551.11
     134.143     0.999805       168347      5120.00
     134.399     0.999829       168351      5851.43
     134.783     0.999854       168355      6826.67
     134.911     0.999878       168361      8192.00
     134.911     0.999890       168361      9102.22
     135.167     0.999902       168366     10240.00
     135.167     0.999915       168366     11702.86
     135.295     0.999927       168368     13653.33
     135.423     0.999939       168370     16384.00
     135.423     0.999945       168370     18204.44
     135.551     0.999951       168372     20480.00
     135.551     0.999957       168372     23405.71
     135.679     0.999963       168373     27306.67
     135.807     0.999969       168374     32768.00
     136.191     0.999973       168375     36408.89
     136.191     0.999976       168375     40960.00
     136.831     0.999979       168376     46811.43
     136.831     0.999982       168376     54613.33
     137.087     0.999985       168377     65536.00
     137.087     0.999986       168377     72817.78
     137.087     0.999988       168377     81920.00
     138.239     0.999989       168378     93622.86
     138.239     0.999991       168378    109226.67
     138.239     0.999992       168378    131072.00
     138.239     0.999993       168378    145635.56
     138.239     0.999994       168378    163840.00
     138.623     0.999995       168379    187245.71
     138.623     1.000000       168379          inf
#[Mean    =      106.065, StdDeviation   =        5.683]
#[Max     =      138.496, Total count    =       168379]
#[Buckets =           27, SubBuckets     =         2048]
----------------------------------------------------------
  261002 requests in 30.00s, 21.16MB read
Requests/sec:   8699.97
Transfer/sec:    722.17KB
