Running 30s test @ http://10.116.0.2:8080/json
  4 threads and 256 connections
  Thread calibration: mean lat.: 350.652ms, rate sampling interval: 1999ms
  Thread calibration: mean lat.: 114.525ms, rate sampling interval: 904ms
  Thread calibration: mean lat.: 242.448ms, rate sampling interval: 1674ms
  Thread calibration: mean lat.: 235.045ms, rate sampling interval: 1661ms
  Thread Stats   Avg      Stdev     Max   +/- Stdev
    Latency   661.19ms  874.86ms   7.44s    85.44%
    Req/Sec     9.73k   808.85    12.59k    78.85%
  Latency Distribution (HdrHistogram - Recorded Latency)
 50.000%  243.84ms
 75.000%    1.14s 
 90.000%    1.76s 
 99.000%    3.62s 
 99.900%    6.49s 
 99.990%    7.34s 
 99.999%    7.44s 
100.000%    7.45s 

  Detailed Percentile spectrum:
       Value   Percentile   TotalCount 1/(1-Percentile)

       0.260     0.000000            1         1.00
       1.777     0.100000        76869         1.11
       2.941     0.200000       153671         1.25
       7.079     0.300000       230441         1.43
      50.207     0.400000       307248         1.67
     243.839     0.500000       384071         2.00
     452.351     0.550000       422495         2.22
     625.151     0.600000       461006         2.50
     767.999     0.650000       499333         2.86
     924.159     0.700000       537694         3.33
    1137.663     0.750000       576075         4.00
    1245.183     0.775000       595454         4.44
    1346.559     0.800000       614467         5.00
    1437.695     0.825000       633870         5.71
    1524.735     0.850000       653033         6.67
    1634.303     0.875000       672123         8.00
    1690.623     0.887500       681722         8.89
    1759.231     0.900000       691281        10.00
    1821.695     0.912500       700918        11.43
    1887.231     0.925000       710528        13.33
    1964.031     0.937500       720121        16.00
    2081.791     0.943750       724901        17.78
    2236.415     0.950000       729692        20.00
    2390.015     0.956250       734505        22.86
    2541.567     0.962500       739331        26.67
    2711.551     0.968750       744088        32.00
    2822.143     0.971875       746488        35.56
    2940.927     0.975000       748891        40.00
    3057.663     0.978125       751289        45.71
    3153.919     0.981250       753676        53.33
    3287.039     0.984375       756078        64.00
    3360.767     0.985938       757293        71.11
    3450.879     0.987500       758484        80.00
    3563.519     0.989062       759701        91.43
    3684.351     0.990625       760888       106.67
    3903.487     0.992188       762079       128.00
    4059.135     0.992969       762678       142.22
    4206.591     0.993750       763288       160.00
    4374.527     0.994531       763878       182.86
    4677.631     0.995313       764480       213.33
    5029.887     0.996094       765079       256.00
    5185.535     0.996484       765386       284.44
    5320.703     0.996875       765678       320.00
    5468.159     0.997266       765980       365.71
    5664.767     0.997656       766280       426.67
    5849.087     0.998047       766576       512.00
    5947.391     0.998242       766730       568.89
    6062.079     0.998437       766878       640.00
    6238.207     0.998633       767026       731.43
    6393.855     0.998828       767180       853.33
    6500.351     0.999023       767327      1024.00
    6574.079     0.999121       767405      1137.78
    6647.807     0.999219       767478      1280.00
    6713.343     0.999316       767551      1462.86
    6795.263     0.999414       767628      1706.67
    6909.951     0.999512       767701      2048.00
    6987.775     0.999561       767739      2275.56
    7053.311     0.999609       767777      2560.00
    7110.655     0.999658       767814      2925.71
    7176.191     0.999707       767852      3413.33
    7237.631     0.999756       767889      4096.00
    7262.207     0.999780       767909      4551.11
    7278.591     0.999805       767930      5120.00
    7286.783     0.999829       767946      5851.43
    7299.071     0.999854       767966      6826.67
    7315.455     0.999878       767984      8192.00
    7327.743     0.999890       767992      9102.22
    7344.127     0.999902       768002     10240.00
    7356.415     0.999915       768011     11702.86
    7372.799     0.999927       768023     13653.33
    7380.991     0.999939       768030     16384.00
    7393.279     0.999945       768035     18204.44
    7401.471     0.999951       768040     20480.00
    7405.567     0.999957       768044     23405.71
    7413.759     0.999963       768050     27306.67
    7421.951     0.999969       768055     32768.00
    7421.951     0.999973       768055     36408.89
    7426.047     0.999976       768058     40960.00
    7430.143     0.999979       768061     46811.43
    7434.239     0.999982       768063     54613.33
    7438.335     0.999985       768067     65536.00
    7438.335     0.999986       768067     72817.78
    7438.335     0.999988       768067     81920.00
    7442.431     0.999989       768074     93622.86
    7442.431     0.999991       768074    109226.67
    7442.431     0.999992       768074    131072.00
    7442.431     0.999993       768074    145635.56
    7442.431     0.999994       768074    163840.00
    7442.431     0.999995       768074    187245.71
    7442.431     0.999995       768074    218453.33
    7442.431     0.999996       768074    262144.00
    7442.431     0.999997       768074    291271.11
    7442.431     0.999997       768074    327680.00
    7442.431     0.999997       768074    374491.43
    7446.527     0.999998       768076    436906.67
    7446.527     1.000000       768076          inf
#[Mean    =      661.185, StdDeviation   =      874.856]
#[Max     =     7442.432, Total count    =       768076]
#[Buckets =           27, SubBuckets     =         2048]
----------------------------------------------------------
  1139989 requests in 30.00s, 106.54MB read
Requests/sec:  38000.08
Transfer/sec:      3.55MB
