1790886532 183972
1790886533 191664
1790886534 201252
1790886535 240336
1790886536 248048
1790886537 249068
1790886538 249472
1790886539 249700
1790886540 250356
1790886541 258816
1790886542 258920
1790886543 258928
1790886544 259008
1790886545 259020
1790886546 259020
1790886547 259044
1790886548 259044
1790886549 259052
1790886550 259052
1790886552 259060
1790886553 259060
1790886554 259068
1790886555 259072
1790886556 259080
1790886557 259096
1790886558 259096
1790886559 259100
1790886560 259104
1790886561 259104
1790886562 259128
1790886563 260924
1790886564 296260
1790886565 335864
1790886566 375512
1790886567 385824
1790886568 381996
1790886569 365436
1790886570 347748
1790886572 347776
1790886573 347780
1790886574 347812
1790886575 354076
1790886576 368684
1790886577 368700
1790886578 393728
1790886579 393744
1790886580 376040
1790886581 351036
1790886582 340632
1790886583 340640
1790886584 340644
1790886585 340652
1790886586 370420
1790886587 370892
1790886588 334428
1790886589 334456
1790886590 334464
1790886591 334472
1790886592 356980
1790886593 345592
1790886594 314304
1790886595 307076
1790886597 293524
1790886598 293540
1790886599 293608
1790886600 293620
1790886601 293624
1790886602 293624
1790886603 293624
1790886604 293628
1790886605 293628
1790886606 293628
1790886607 293628
1790886608 293628
1790886609 293628
1790886610 293628
1790886611 293632
1790886612 293632
1790886613 293632
1790886614 293644
1790886615 293648
1790886616 293648
1790886617 293648
1790886618 293656
1790886619 293660
1790886621 293660
1790886622 293668
1790886623 293676
1790886624 294052
1790886625 294060
1790886626 294068
1790886627 294076
1790886628 294084
1790886629 294088
1790886630 294100
1790886631 294108
1790886632 294116
1790886633 294120
1790886634 294128
1790886635 294132
1790886636 294136
1790886638 294156
1790886639 294156
1790886640 294168
1790886641 294176
1790886642 294180
1790886643 294188
1790886644 294192
1790886645 294200
1790886646 294200
1790886647 294212
1790886648 294216
1790886649 294224
1790886650 294236
1790886651 294244
1790886652 294256
1790886654 294380
1790886655 294396
1790886656 294404
1790886657 294408
1790886658 294412
1790886659 294424
1790886660 294428
1790886661 294432
1790886662 294440
1790886663 294444
1790886664 294452
1790886665 294456
1790886666 294468
1790886667 294476
1790886668 294480
1790886669 294492
1790886670 294496
1790886672 294508
1790886673 294512
1790886674 294516
1790886675 294524
1790886676 294524
1790886677 294536
1790886678 294540
1790886679 294552
1790886680 294556
1790886681 294568
1790886682 294584
1790886683 294604
1790886684 294612
1790886685 294612
1790886686 294620
1790886687 294624
1790886689 294640
1790886690 294640
1790886691 294644
1790886692 294652
1790886693 294660
1790886694 294668
1790886695 294672
1790886696 294684
1790886697 294684
1790886698 294692
1790886699 294696
1790886700 294704
1790886701 294708
1790886702 294716
1790886703 294724
1790886704 294732
1790886706 294732
1790886707 294744
1790886708 294744
1790886709 294752
1790886710 294756
1790886711 294764
1790886712 294768
1790886713 294780
1790886714 294788
1790886715 294792
1790886716 294796
1790886717 294804
1790886718 294812
1790886719 294816
1790886720 294828
1790886722 294832
1790886723 294844
1790886724 294848
1790886725 294860
1790886726 294864
1790886727 294868
1790886728 294876
1790886729 294884
1790886730 294888
1790886731 294992
1790886732 294996
1790886733 294996
1790886734 295008
1790886735 295008
1790886736 295024
1790886737 295024
1790886738 295036
1790886740 295044
1790886741 295048
1790886742 295052
1790886743 295068
1790886744 295072
1790886745 295084
1790886746 295084
1790886747 295088
1790886748 295096
1790886749 295104
1790886750 295108
1790886751 295112
1790886752 295116
1790886753 295120
1790886754 295124
1790886755 295132
1790886757 295140
1790886758 295148
1790886759 295148
1790886760 295164
1790886761 295164
1790886762 295168
1790886763 295176
1790886764 295180
1790886765 295188
1790886766 295192
1790886767 295200
1790886768 295204
1790886769 295220
1790886770 295220
1790886771 295232
1790886772 295236
1790886773 295244
1790886774 351048
1790886776 392460
1790886777 392000
1790886778 347304
1790886779 333004
1790886780 333044
1790886781 333056
1790886782 371036
1790886783 371636
1790886784 350808
1790886785 347680
1790886786 333092
1790886787 333100
1790886788 333108
1790886789 361168
1790886790 361268
1790886791 361268
1790886792 361272
1790886793 347736
1790886794 340452
1790886795 340456
1790886796 340464
1790886797 340472
1790886798 340476
1790886799 402040
1790886801 402040
1790886802 368616
1790886803 368960
1790886804 368964
1790886805 368988
1790886806 493340
1790886807 454804
1790886808 387692
1790886809 361260
1790886810 470812
1790886811 485392
1790886812 494700
1790886813 497928
1790886814 497956
1790886815 497972
1790886816 498004
1790886817 498012
1790886818 498024
1790886819 498028
1790886821 353068
1790886822 485100
1790886823 458108
1790886824 464528
1790886825 497752
1790886826 498344
1790886827 464828
1790886828 484760
1790886829 416576
1790886830 482708
1790886831 494176
1790886832 478276
1790886833 347076
1790886834 381584
1790886835 493136
1790886836 487424
1790886837 485580
1790886838 496640
1790886839 374448
1790886841 498216
1790886842 497372
1790886843 378796
1790886844 381956
1790886845 407444
1790886846 430220
1790886847 471572
1790886848 485244
1790886849 496504
1790886850 374852
1790886851 403576
1790886852 415132
1790886853 455868
1790886854 491984
1790886855 498100
1790886856 395852
1790886858 421344
1790886859 429688
1790886860 431856
1790886861 497604
1790886862 379196
1790886863 486808
1790886864 487112
1790886865 492244
1790886866 492332
1790886867 498736
1790886868 400464
1790886869 361952
1790886870 365104
1790886871 408284
1790886872 416488
1790886873 451224
1790886874 492284
1790886875 498392
1790886877 497644
1790886878 393444
1790886879 404936
1790886880 421388
1790886881 429504
1790886882 465076
1790886883 495900
1790886884 498264
1790886885 383116
1790886886 377840
1790886887 398840
1790886888 417260
1790886889 437300
1790886890 458396
1790886891 485468
1790886892 490072
1790886893 380980
