Running 30s test @ http://10.116.0.2:8080/json
  4 threads and 256 connections
  Thread calibration: mean lat.: 2746.365ms, rate sampling interval: 10493ms
  Thread calibration: mean lat.: 2686.135ms, rate sampling interval: 10403ms
  Thread calibration: mean lat.: 2702.583ms, rate sampling interval: 10412ms
  Thread calibration: mean lat.: 3052.804ms, rate sampling interval: 10600ms
  Thread Stats   Avg      Stdev     Max   +/- Stdev
    Latency    11.79s     3.49s   22.43s    58.25%
    Req/Sec     9.88k   327.09    10.09k    75.00%
  Latency Distribution (HdrHistogram - Recorded Latency)
 50.000%   11.77s 
 75.000%   14.78s 
 90.000%   16.55s 
 99.000%   18.30s 
 99.900%   20.23s 
 99.990%   21.76s 
 99.999%   22.38s 
100.000%   22.45s 

  Detailed Percentile spectrum:
       Value   Percentile   TotalCount 1/(1-Percentile)

    5332.991     0.000000            2         1.00
    7012.351     0.100000        77969         1.11
    8171.519     0.200000       155512         1.25
    9314.303     0.300000       233403         1.43
   10584.063     0.400000       311389         1.67
   11771.903     0.500000       388940         2.00
   12419.071     0.550000       427964         2.22
   13025.279     0.600000       466881         2.50
   13598.719     0.650000       505753         2.86
   14188.543     0.700000       544592         3.33
   14778.367     0.750000       583509         4.00
   15065.087     0.775000       602858         4.44
   15351.807     0.800000       622020         5.00
   15646.719     0.825000       641841         5.71
   15933.439     0.850000       660868         6.67
   16261.119     0.875000       680285         8.00
   16408.575     0.887500       690273         8.89
   16547.839     0.900000       700097        10.00
   16687.103     0.912500       709578        11.43
   16842.751     0.925000       719584        13.33
   17006.591     0.937500       729588        16.00
   17072.127     0.943750       733958        17.78
   17154.047     0.950000       739294        20.00
   17219.583     0.956250       743501        22.86
   17301.503     0.962500       748651        26.67
   17383.423     0.968750       753249        32.00
   17448.959     0.971875       755836        35.56
   17514.495     0.975000       758142        40.00
   17596.415     0.978125       760823        45.71
   17678.335     0.981250       763013        53.33
   17825.791     0.984375       765457        64.00
   17924.095     0.985938       766631        71.11
   18038.783     0.987500       767779        80.00
   18202.623     0.989062       769016        91.43
   18382.847     0.990625       770273       106.67
   18563.071     0.992188       771456       128.00
   18661.375     0.992969       772068       142.22
   18759.679     0.993750       772635       160.00
   18874.367     0.994531       773244       182.86
   19005.439     0.995313       773857       213.33
   19136.511     0.996094       774428       256.00
   19218.431     0.996484       774751       284.44
   19333.119     0.996875       775063       320.00
   19447.807     0.997266       775341       365.71
   19578.879     0.997656       775662       426.67
   19709.951     0.998047       775969       512.00
   19791.871     0.998242       776120       568.89
   19890.175     0.998437       776250       640.00
   20004.863     0.998633       776409       731.43
   20135.935     0.998828       776559       853.33
   20250.623     0.999023       776706      1024.00
   20332.543     0.999121       776784      1137.78
   20430.847     0.999219       776865      1280.00
   20545.535     0.999316       776934      1462.86
   20660.223     0.999414       777011      1706.67
   20758.527     0.999512       777081      2048.00
   20840.447     0.999561       777121      2275.56
   20987.903     0.999609       777157      2560.00
   21118.975     0.999658       777197      2925.71
   21266.431     0.999707       777237      3413.33
   21413.887     0.999756       777273      4096.00
   21463.039     0.999780       777292      4551.11
   21512.191     0.999805       777310      5120.00
   21577.727     0.999829       777330      5851.43
   21643.263     0.999854       777348      6826.67
   21725.183     0.999878       777369      8192.00
   21741.567     0.999890       777376      9102.22
   21790.719     0.999902       777385     10240.00
   21872.639     0.999915       777394     11702.86
   21954.559     0.999927       777404     13653.33
   22036.479     0.999939       777413     16384.00
   22085.631     0.999945       777418     18204.44
   22134.783     0.999951       777424     20480.00
   22167.551     0.999957       777428     23405.71
   22200.319     0.999963       777432     27306.67
   22249.471     0.999969       777437     32768.00
   22265.855     0.999973       777439     36408.89
   22298.623     0.999976       777443     40960.00
   22315.007     0.999979       777445     46811.43
   22331.391     0.999982       777447     54613.33
   22347.775     0.999985       777449     65536.00
   22364.159     0.999986       777451     72817.78
   22364.159     0.999988       777451     81920.00
   22380.543     0.999989       777453     93622.86
   22380.543     0.999991       777453    109226.67
   22396.927     0.999992       777455    131072.00
   22396.927     0.999993       777455    145635.56
   22413.311     0.999994       777457    163840.00
   22413.311     0.999995       777457    187245.71
   22413.311     0.999995       777457    218453.33
   22429.695     0.999996       777459    262144.00
   22429.695     0.999997       777459    291271.11
   22429.695     0.999997       777459    327680.00
   22429.695     0.999997       777459    374491.43
   22429.695     0.999998       777459    436906.67
   22429.695     0.999998       777459    524288.00
   22429.695     0.999998       777459    582542.22
   22429.695     0.999998       777459    655360.00
   22429.695     0.999999       777459    748982.86
   22446.079     0.999999       777460    873813.33
   22446.079     1.000000       777460          inf
#[Mean    =    11789.406, StdDeviation   =     3491.738]
#[Max     =    22429.696, Total count    =       777460]
#[Buckets =           27, SubBuckets     =         2048]
----------------------------------------------------------
  1184207 requests in 30.00s, 110.68MB read
Requests/sec:  39474.09
Transfer/sec:      3.69MB
