Running 30s test @ http://10.116.0.2:8080/json
  4 threads and 256 connections
  Thread calibration: mean lat.: 142.037ms, rate sampling interval: 705ms
  Thread calibration: mean lat.: 105.880ms, rate sampling interval: 636ms
  Thread calibration: mean lat.: 89.368ms, rate sampling interval: 560ms
  Thread calibration: mean lat.: 511.389ms, rate sampling interval: 1736ms
  Thread Stats   Avg      Stdev     Max   +/- Stdev
    Latency   641.29ms  851.23ms   5.96s    83.76%
    Req/Sec     9.72k   769.91    11.37k    69.90%
  Latency Distribution (HdrHistogram - Recorded Latency)
 50.000%  300.54ms
 75.000%  906.75ms
 90.000%    1.89s 
 99.000%    3.86s 
 99.900%    5.47s 
 99.990%    5.85s 
 99.999%    5.96s 
100.000%    5.97s 

  Detailed Percentile spectrum:
       Value   Percentile   TotalCount 1/(1-Percentile)

       0.234     0.000000            1         1.00
       2.113     0.100000        76345         1.11
       6.519     0.200000       152637         1.25
      56.223     0.300000       228960         1.43
     162.559     0.400000       305344         1.67
     300.543     0.500000       381604         2.00
     366.847     0.550000       419770         2.22
     454.143     0.600000       457912         2.50
     591.871     0.650000       496072         2.86
     742.911     0.700000       534300         3.33
     906.751     0.750000       572437         4.00
    1032.703     0.775000       591500         4.44
    1179.647     0.800000       610590         5.00
    1411.071     0.825000       629704         5.71
    1588.223     0.850000       648766         6.67
    1726.463     0.875000       667796         8.00
    1799.167     0.887500       677324         8.89
    1890.303     0.900000       686898        10.00
    1980.415     0.912500       696429        11.43
    2050.047     0.925000       705963        13.33
    2144.255     0.937500       715621        16.00
    2197.503     0.943750       720348        17.78
    2252.799     0.950000       725093        20.00
    2320.383     0.956250       729830        22.86
    2449.407     0.962500       734581        26.67
    2594.815     0.968750       739335        32.00
    2689.023     0.971875       741719        35.56
    2803.711     0.975000       744111        40.00
    2945.023     0.978125       746464        45.71
    3110.911     0.981250       748870        53.33
    3301.375     0.984375       751236        64.00
    3440.639     0.985938       752430        71.11
    3547.135     0.987500       753620        80.00
    3708.927     0.989062       754817        91.43
    3971.071     0.990625       756009       106.67
    4175.871     0.992188       757201       128.00
    4259.839     0.992969       757820       142.22
    4345.855     0.993750       758431       160.00
    4411.391     0.994531       758991       182.86
    4571.135     0.995313       759585       213.33
    4780.031     0.996094       760180       256.00
    4907.007     0.996484       760488       284.44
    5013.503     0.996875       760780       320.00
    5148.671     0.997266       761074       365.71
    5197.823     0.997656       761393       426.67
    5242.879     0.998047       761671       512.00
    5271.551     0.998242       761819       568.89
    5320.703     0.998437       761974       640.00
    5369.855     0.998633       762119       731.43
    5439.487     0.998828       762278       853.33
    5468.159     0.999023       762427      1024.00
    5480.447     0.999121       762496      1137.78
    5505.023     0.999219       762574      1280.00
    5513.215     0.999316       762638      1462.86
    5529.599     0.999414       762732      1706.67
    5545.983     0.999512       762789      2048.00
    5574.655     0.999561       762825      2275.56
    5607.423     0.999609       762870      2560.00
    5623.807     0.999658       762899      2925.71
    5656.575     0.999707       762938      3413.33
    5685.247     0.999756       762974      4096.00
    5713.919     0.999780       762993      4551.11
    5742.591     0.999805       763012      5120.00
    5771.263     0.999829       763028      5851.43
    5799.935     0.999854       763048      6826.67
    5828.607     0.999878       763065      8192.00
    5844.991     0.999890       763076      9102.22
    5853.183     0.999902       763084     10240.00
    5869.567     0.999915       763094     11702.86
    5881.855     0.999927       763103     13653.33
    5894.143     0.999939       763113     16384.00
    5902.335     0.999945       763117     18204.44
    5910.527     0.999951       763121     20480.00
    5918.719     0.999957       763126     23405.71
    5926.911     0.999963       763131     27306.67
    5931.007     0.999969       763136     32768.00
    5935.103     0.999973       763138     36408.89
    5939.199     0.999976       763140     40960.00
    5943.295     0.999979       763143     46811.43
    5947.391     0.999982       763145     54613.33
    5951.487     0.999985       763149     65536.00
    5951.487     0.999986       763149     72817.78
    5951.487     0.999988       763149     81920.00
    5955.583     0.999989       763151     93622.86
    5959.679     0.999991       763153    109226.67
    5959.679     0.999992       763153    131072.00
    5959.679     0.999993       763153    145635.56
    5963.775     0.999994       763156    163840.00
    5963.775     0.999995       763156    187245.71
    5963.775     0.999995       763156    218453.33
    5963.775     0.999996       763156    262144.00
    5963.775     0.999997       763156    291271.11
    5963.775     0.999997       763156    327680.00
    5963.775     0.999997       763156    374491.43
    5967.871     0.999998       763158    436906.67
    5967.871     1.000000       763158          inf
#[Mean    =      641.290, StdDeviation   =      851.228]
#[Max     =     5963.776, Total count    =       763158]
#[Buckets =           27, SubBuckets     =         2048]
----------------------------------------------------------
  1153836 requests in 30.00s, 107.84MB read
Requests/sec:  38461.79
Transfer/sec:      3.59MB
