Running 30s test @ http://10.116.0.2:8080/json
  4 threads and 256 connections
  Thread calibration: mean lat.: 3076.279ms, rate sampling interval: 11689ms
  Thread calibration: mean lat.: 3320.084ms, rate sampling interval: 11714ms
  Thread calibration: mean lat.: 3130.221ms, rate sampling interval: 11829ms
  Thread calibration: mean lat.: 3069.257ms, rate sampling interval: 11624ms
  Thread Stats   Avg      Stdev     Max   +/- Stdev
    Latency    13.12s     3.87s   23.51s    58.65%
    Req/Sec     9.86k   350.86    10.12k    75.00%
  Latency Distribution (HdrHistogram - Recorded Latency)
 50.000%   13.18s 
 75.000%   16.39s 
 90.000%   18.38s 
 99.000%   20.15s 
 99.900%   21.97s 
 99.990%   23.15s 
 99.999%   23.48s 
100.000%   23.53s 

  Detailed Percentile spectrum:
       Value   Percentile   TotalCount 1/(1-Percentile)

    5816.319     0.000000            1         1.00
    7806.975     0.100000        77791         1.11
    9101.311     0.200000       155379         1.25
   10428.415     0.300000       233247         1.43
   11755.519     0.400000       310967         1.67
   13180.927     0.500000       388589         2.00
   13852.671     0.550000       427432         2.22
   14491.647     0.600000       466422         2.50
   15147.007     0.650000       505303         2.86
   15794.175     0.700000       544145         3.33
   16392.191     0.750000       582761         4.00
   16695.295     0.775000       602523         4.44
   17022.975     0.800000       622473         5.00
   17334.271     0.825000       641238         5.71
   17661.951     0.850000       660886         6.67
   18022.399     0.875000       680259         8.00
   18202.623     0.887500       689949         8.89
   18382.847     0.900000       699340        10.00
   18579.455     0.912500       709677        11.43
   18759.679     0.925000       719223        13.33
   18939.903     0.937500       728961        16.00
   19038.207     0.943750       733623        17.78
   19136.511     0.950000       738639        20.00
   19218.431     0.956250       743060        22.86
   19333.119     0.962500       748178        26.67
   19464.191     0.968750       753240        32.00
   19513.343     0.971875       755066        35.56
   19611.647     0.975000       757636        40.00
   19726.335     0.978125       760284        45.71
   19824.639     0.981250       762440        53.33
   19939.327     0.984375       764898        64.00
   20004.863     0.985938       766224        71.11
   20054.015     0.987500       767251        80.00
   20119.551     0.989062       768616        91.43
   20185.087     0.990625       769892       106.67
   20299.775     0.992188       770857       128.00
   20414.463     0.992969       771520       142.22
   20512.767     0.993750       772093       160.00
   20643.839     0.994531       772700       182.86
   20774.911     0.995313       773292       213.33
   20922.367     0.996094       773903       256.00
   21004.287     0.996484       774212       284.44
   21086.207     0.996875       774514       320.00
   21184.511     0.997266       774786       365.71
   21315.583     0.997656       775109       426.67
   21446.655     0.998047       775389       512.00
   21528.575     0.998242       775558       568.89
   21610.495     0.998437       775684       640.00
   21708.799     0.998633       775844       731.43
   21823.487     0.998828       775985       853.33
   21987.327     0.999023       776146      1024.00
   22069.247     0.999121       776213      1137.78
   22167.551     0.999219       776288      1280.00
   22265.855     0.999316       776364      1462.86
   22380.543     0.999414       776445      1706.67
   22478.847     0.999512       776516      2048.00
   22527.999     0.999561       776559      2275.56
   22577.151     0.999609       776597      2560.00
   22626.303     0.999658       776630      2925.71
   22691.839     0.999707       776666      3413.33
   22773.759     0.999756       776710      4096.00
   22806.527     0.999780       776725      4551.11
   22839.295     0.999805       776742      5120.00
   22888.447     0.999829       776764      5851.43
   22953.983     0.999854       776782      6826.67
   23052.287     0.999878       776799      8192.00
   23117.823     0.999890       776810      9102.22
   23166.975     0.999902       776819     10240.00
   23216.127     0.999915       776827     11702.86
   23281.663     0.999927       776839     13653.33
   23314.431     0.999939       776846     16384.00
   23347.199     0.999945       776854     18204.44
   23363.583     0.999951       776857     20480.00
   23379.967     0.999957       776862     23405.71
   23396.351     0.999963       776865     27306.67
   23429.119     0.999969       776872     32768.00
   23429.119     0.999973       776872     36408.89
   23445.503     0.999976       776876     40960.00
   23461.887     0.999979       776882     46811.43
   23461.887     0.999982       776882     54613.33
   23461.887     0.999985       776882     65536.00
   23478.271     0.999986       776885     72817.78
   23478.271     0.999988       776885     81920.00
   23478.271     0.999989       776885     93622.86
   23494.655     0.999991       776889    109226.67
   23494.655     0.999992       776889    131072.00
   23494.655     0.999993       776889    145635.56
   23494.655     0.999994       776889    163840.00
   23494.655     0.999995       776889    187245.71
   23511.039     0.999995       776891    218453.33
   23511.039     0.999996       776891    262144.00
   23511.039     0.999997       776891    291271.11
   23511.039     0.999997       776891    327680.00
   23511.039     0.999997       776891    374491.43
   23527.423     0.999998       776893    436906.67
   23527.423     1.000000       776893          inf
#[Mean    =    13120.689, StdDeviation   =     3866.041]
#[Max     =    23511.040, Total count    =       776893]
#[Buckets =           27, SubBuckets     =         2048]
----------------------------------------------------------
  1183389 requests in 30.00s, 110.60MB read
Requests/sec:  39446.73
Transfer/sec:      3.69MB
