Running 30s test @ http://10.116.0.2:8080/block?ms=100
  4 threads and 2000 connections
  Thread calibration: mean lat.: 141.059ms, rate sampling interval: 385ms
  Thread calibration: mean lat.: 145.262ms, rate sampling interval: 403ms
  Thread calibration: mean lat.: 145.204ms, rate sampling interval: 404ms
  Thread calibration: mean lat.: 167.721ms, rate sampling interval: 481ms
  Thread Stats   Avg      Stdev     Max   +/- Stdev
    Latency   129.58ms   25.72ms 298.50ms   68.91%
    Req/Sec     4.51k   163.37     4.84k    69.46%
  Latency Distribution (HdrHistogram - Recorded Latency)
 50.000%  123.46ms
 75.000%  143.87ms
 90.000%  166.65ms
 99.000%  206.98ms
 99.900%  241.54ms
 99.990%  272.38ms
 99.999%  292.35ms
100.000%  298.75ms

  Detailed Percentile spectrum:
       Value   Percentile   TotalCount 1/(1-Percentile)

     100.351     0.000000            1         1.00
     102.207     0.100000        31781         1.11
     106.111     0.200000        63053         1.25
     111.231     0.300000        94722         1.43
     117.119     0.400000       126048         1.67
     123.455     0.500000       157679         2.00
     126.911     0.550000       173360         2.22
     130.495     0.600000       189090         2.50
     134.399     0.650000       204875         2.86
     138.751     0.700000       220496         3.33
     143.871     0.750000       236333         4.00
     146.687     0.775000       244135         4.44
     149.887     0.800000       252114         5.00
     153.343     0.825000       259843         5.71
     157.183     0.850000       267799         6.67
     161.663     0.875000       275682         8.00
     164.095     0.887500       279570         8.89
     166.655     0.900000       283454        10.00
     169.471     0.912500       287410        11.43
     172.671     0.925000       291410        13.33
     176.127     0.937500       295283        16.00
     178.175     0.943750       297307        17.78
     180.351     0.950000       299284        20.00
     182.655     0.956250       301229        22.86
     185.343     0.962500       303212        26.67
     188.287     0.968750       305115        32.00
     190.207     0.971875       306103        35.56
     192.255     0.975000       307110        40.00
     194.303     0.978125       308054        45.71
     196.863     0.981250       309063        53.33
     199.807     0.984375       310021        64.00
     201.471     0.985938       310523        71.11
     203.391     0.987500       311021        80.00
     205.567     0.989062       311503        91.43
     207.999     0.990625       312003       106.67
     210.687     0.992188       312489       128.00
     212.223     0.992969       312725       142.22
     214.015     0.993750       312977       160.00
     216.063     0.994531       313221       182.86
     218.879     0.995313       313465       213.33
     222.079     0.996094       313709       256.00
     224.255     0.996484       313832       284.44
     226.303     0.996875       313959       320.00
     228.479     0.997266       314077       365.71
     230.783     0.997656       314207       426.67
     233.343     0.998047       314326       512.00
     234.367     0.998242       314385       568.89
     235.903     0.998437       314447       640.00
     238.079     0.998633       314509       731.43
     239.871     0.998828       314569       853.33
     241.791     0.999023       314633      1024.00
     242.943     0.999121       314661      1137.78
     244.479     0.999219       314693      1280.00
     246.399     0.999316       314723      1462.86
     248.319     0.999414       314753      1706.67
     250.239     0.999512       314785      2048.00
     251.391     0.999561       314800      2275.56
     252.799     0.999609       314815      2560.00
     254.463     0.999658       314830      2925.71
     256.767     0.999707       314845      3413.33
     259.967     0.999756       314864      4096.00
     261.247     0.999780       314868      4551.11
     263.167     0.999805       314877      5120.00
     264.959     0.999829       314884      5851.43
     267.007     0.999854       314891      6826.67
     271.103     0.999878       314900      8192.00
     271.359     0.999890       314903      9102.22
     272.639     0.999902       314907     10240.00
     276.223     0.999915       314911     11702.86
     276.991     0.999927       314914     13653.33
     279.039     0.999939       314918     16384.00
     280.575     0.999945       314920     18204.44
     281.599     0.999951       314923     20480.00
     282.367     0.999957       314925     23405.71
     284.671     0.999963       314926     27306.67
     286.719     0.999969       314928     32768.00
     288.511     0.999973       314929     36408.89
     289.023     0.999976       314930     40960.00
     289.279     0.999979       314931     46811.43
     289.535     0.999982       314932     54613.33
     290.047     0.999985       314933     65536.00
     290.047     0.999986       314933     72817.78
     292.351     0.999988       314934     81920.00
     292.351     0.999989       314934     93622.86
     293.887     0.999991       314935    109226.67
     293.887     0.999992       314935    131072.00
     293.887     0.999993       314935    145635.56
     298.495     0.999994       314936    163840.00
     298.495     0.999995       314936    187245.71
     298.495     0.999995       314936    218453.33
     298.495     0.999996       314936    262144.00
     298.495     0.999997       314936    291271.11
     298.751     0.999997       314937    327680.00
     298.751     1.000000       314937          inf
#[Mean    =      129.580, StdDeviation   =       25.725]
#[Max     =      298.496, Total count    =       314937]
#[Buckets =           27, SubBuckets     =         2048]
----------------------------------------------------------
  512662 requests in 30.00s, 41.56MB read
Requests/sec:  17088.60
Transfer/sec:      1.39MB
