Running 30s test @ http://10.116.0.2:8080/json
  4 threads and 256 connections
  Thread calibration: mean lat.: 1382.626ms, rate sampling interval: 5300ms
  Thread calibration: mean lat.: 1404.369ms, rate sampling interval: 5320ms
  Thread calibration: mean lat.: 1943.993ms, rate sampling interval: 6807ms
  Thread calibration: mean lat.: 1402.438ms, rate sampling interval: 5292ms
  Thread Stats   Avg      Stdev     Max   +/- Stdev
    Latency     6.40s     2.36s   18.46s    71.50%
    Req/Sec     9.89k   261.93    10.09k    81.82%
  Latency Distribution (HdrHistogram - Recorded Latency)
 50.000%    6.05s 
 75.000%    7.72s 
 90.000%    9.36s 
 99.000%   13.48s 
 99.900%   16.84s 
 99.990%   18.22s 
 99.999%   18.43s 
100.000%   18.48s 

  Detailed Percentile spectrum:
       Value   Percentile   TotalCount 1/(1-Percentile)

    2668.543     0.000000            1         1.00
    3708.927     0.100000        77512         1.11
    4296.703     0.200000       155123         1.25
    4894.719     0.300000       232652         1.43
    5419.007     0.400000       310399         1.67
    6053.887     0.500000       387733         2.00
    6418.431     0.550000       426238         2.22
    6774.783     0.600000       464798         2.50
    7098.367     0.650000       503764         2.86
    7401.471     0.700000       542537         3.33
    7716.863     0.750000       581406         4.00
    7884.799     0.775000       600436         4.44
    8073.215     0.800000       619762         5.00
    8257.535     0.825000       639495         5.71
    8478.719     0.850000       658572         6.67
    8822.783     0.875000       677952         8.00
    9035.775     0.887500       687730         8.89
    9363.455     0.900000       697272        10.00
    9756.671     0.912500       707020        11.43
   10158.079     0.925000       716679        13.33
   10665.983     0.937500       726262        16.00
   10928.127     0.943750       731211        17.78
   11173.887     0.950000       735952        20.00
   11452.415     0.956250       740886        22.86
   11730.943     0.962500       745738        26.67
   12017.663     0.968750       750462        32.00
   12181.503     0.971875       752980        35.56
   12337.151     0.975000       755313        40.00
   12517.375     0.978125       757772        45.71
   12689.407     0.981250       760217        53.33
   12853.247     0.984375       762580        64.00
   12951.551     0.985938       763775        71.11
   13107.199     0.987500       764975        80.00
   13336.575     0.989062       766203        91.43
   13590.527     0.990625       767402       106.67
   13869.055     0.992188       768615       128.00
   14024.703     0.992969       769212       142.22
   14204.927     0.993750       769826       160.00
   14409.727     0.994531       770435       182.86
   14696.447     0.995313       771034       213.33
   14974.975     0.996094       771633       256.00
   15138.815     0.996484       771940       284.44
   15327.231     0.996875       772246       320.00
   15540.223     0.997266       772544       365.71
   15777.791     0.997656       772848       426.67
   16031.743     0.998047       773144       512.00
   16195.583     0.998242       773297       568.89
   16351.231     0.998437       773449       640.00
   16498.687     0.998633       773597       731.43
   16662.527     0.998828       773750       853.33
   16859.135     0.999023       773899      1024.00
   16973.823     0.999121       773980      1137.78
   17088.511     0.999219       774052      1280.00
   17186.815     0.999316       774126      1462.86
   17301.503     0.999414       774206      1706.67
   17416.191     0.999512       774286      2048.00
   17465.343     0.999561       774322      2275.56
   17530.879     0.999609       774357      2560.00
   17612.799     0.999658       774394      2925.71
   17743.871     0.999707       774433      3413.33
   17858.559     0.999756       774468      4096.00
   17940.479     0.999780       774488      4551.11
   18006.015     0.999805       774507      5120.00
   18055.167     0.999829       774524      5851.43
   18120.703     0.999854       774548      6826.67
   18169.855     0.999878       774565      8192.00
   18186.239     0.999890       774572      9102.22
   18219.007     0.999902       774583     10240.00
   18235.391     0.999915       774589     11702.86
   18268.159     0.999927       774600     13653.33
   18300.927     0.999939       774609     16384.00
   18317.311     0.999945       774615     18204.44
   18333.695     0.999951       774619     20480.00
   18350.079     0.999957       774624     23405.71
   18366.463     0.999963       774630     27306.67
   18382.847     0.999969       774634     32768.00
   18382.847     0.999973       774634     36408.89
   18399.231     0.999976       774638     40960.00
   18415.615     0.999979       774643     46811.43
   18415.615     0.999982       774643     54613.33
   18431.999     0.999985       774647     65536.00
   18431.999     0.999986       774647     72817.78
   18431.999     0.999988       774647     81920.00
   18431.999     0.999989       774647     93622.86
   18448.383     0.999991       774650    109226.67
   18448.383     0.999992       774650    131072.00
   18448.383     0.999993       774650    145635.56
   18464.767     0.999994       774653    163840.00
   18464.767     0.999995       774653    187245.71
   18464.767     0.999995       774653    218453.33
   18464.767     0.999996       774653    262144.00
   18464.767     0.999997       774653    291271.11
   18464.767     0.999997       774653    327680.00
   18464.767     0.999997       774653    374491.43
   18481.151     0.999998       774655    436906.67
   18481.151     1.000000       774655          inf
#[Mean    =     6403.824, StdDeviation   =     2360.708]
#[Max     =    18464.768, Total count    =       774655]
#[Buckets =           27, SubBuckets     =         2048]
----------------------------------------------------------
  1175775 requests in 30.00s, 109.89MB read
Requests/sec:  39193.06
Transfer/sec:      3.66MB
