1790886899 174924
1790886900 181468
1790886901 189376
1790886903 235284
1790886904 261196
1790886905 262472
1790886906 262948
1790886907 263232
1790886908 263564
1790886909 263820
1790886910 263948
1790886911 263980
1790886912 264048
1790886913 264056
1790886914 264068
1790886915 264076
1790886916 264084
1790886917 264088
1790886918 264112
1790886919 264116
1790886920 264116
1790886922 264124
1790886923 264128
1790886924 264136
1790886925 264144
1790886926 264144
1790886927 264144
1790886928 264148
1790886929 264152
1790886930 264156
1790886931 264224
1790886932 271324
1790886933 316296
1790886934 407796
1790886935 415640
1790886936 415572
1790886937 350796
1790886938 351348
1790886939 351428
1790886940 379044
1790886941 372184
1790886942 372200
1790886944 372200
1790886945 372208
1790886946 372216
1790886947 372224
1790886948 372224
1790886949 372224
1790886950 372236
1790886951 372252
1790886952 372260
1790886953 372280
1790886954 372284
1790886955 372292
1790886956 372292
1790886957 372292
1790886958 372300
1790886959 372300
1790886960 373228
1790886961 373500
1790886962 373500
1790886963 373508
1790886964 373512
1790886965 373512
1790886966 373512
1790886967 373512
1790886968 373516
1790886970 373516
1790886971 373516
1790886972 373516
1790886973 373520
1790886974 373524
1790886975 373524
1790886976 373528
1790886977 373528
1790886978 373528
1790886979 373528
1790886980 373532
1790886981 373532
1790886982 373536
1790886983 373536
1790886984 373540
1790886985 373544
1790886986 373544
1790886987 373544
1790886988 373544
1790886989 373544
1790886990 373552
1790886991 373564
1790886992 373588
1790886994 373596
1790886995 373632
1790886996 373632
1790886997 373644
1790886998 373644
1790886999 373644
1790887000 373648
1790887001 373660
1790887002 373660
1790887003 373660
1790887004 373660
1790887005 373672
1790887006 373676
1790887007 373676
1790887008 373680
1790887010 373684
1790887011 373692
1790887012 373692
1790887013 373692
1790887014 373692
1790887015 373700
1790887016 373704
1790887017 373704
1790887018 373704
1790887019 373708
1790887020 373716
1790887021 373724
1790887022 373752
1790887023 373760
1790887024 373760
1790887025 373764
1790887026 373772
1790887028 373772
1790887029 373772
1790887030 373776
1790887031 373776
1790887032 373780
1790887033 373784
1790887034 373800
1790887035 373800
1790887036 373800
1790887037 373804
1790887038 373804
1790887039 373808
1790887040 373812
1790887041 373812
1790887042 373816
1790887043 373820
1790887045 373820
1790887046 373824
1790887047 373824
1790887048 373824
1790887049 373832
1790887050 373836
1790887051 373848
1790887052 373864
1790887053 373872
1790887054 373884
1790887055 373884
1790887056 373888
1790887057 373888
1790887058 373888
1790887059 373892
1790887060 373900
1790887062 373900
1790887063 373904
1790887064 373908
1790887065 373912
1790887066 373916
1790887067 373916
1790887068 373920
1790887069 373924
1790887070 373928
1790887071 373932
1790887072 373940
1790887073 373940
1790887074 373940
1790887075 373940
1790887076 373944
1790887077 373952
1790887079 373952
1790887080 373956
1790887081 373968
1790887082 373984
1790887083 374000
1790887084 374004
1790887085 374004
1790887086 374008
1790887087 374008
1790887088 374012
1790887089 374016
1790887090 374020
1790887091 374024
1790887092 374024
1790887093 374028
1790887094 374032
1790887096 374032
1790887097 374036
1790887098 374036
1790887099 374040
1790887100 374044
1790887101 374048
1790887102 374056
1790887103 374056
1790887104 374056
1790887105 374060
1790887106 374060
1790887107 374068
1790887108 374068
1790887109 374068
1790887110 374076
1790887112 374084
1790887113 374104
1790887114 374108
1790887115 374116
1790887116 374116
1790887117 374116
1790887118 374120
1790887119 374120
1790887120 374124
1790887121 374132
1790887122 374132
1790887123 374136
1790887124 374140
1790887125 374140
1790887126 374144
1790887127 374148
1790887129 374148
1790887130 374156
1790887131 374160
1790887132 374164
1790887133 374164
1790887134 374164
1790887135 374164
1790887136 374176
1790887137 374176
1790887138 374176
1790887139 374176
1790887140 374188
1790887141 374192
1790887142 374260
1790887143 374260
1790887144 374264
1790887145 374264
1790887146 374268
1790887147 374272
1790887148 374272
1790887150 374272
1790887151 374276
1790887152 374276
1790887153 374276
1790887154 374280
1790887155 374280
1790887156 374284
1790887157 374300
1790887158 374304
1790887159 374304
1790887160 374308
1790887161 374312
1790887162 374312
1790887163 374316
1790887164 374316
1790887165 374316
1790887166 374320
1790887167 374320
1790887168 374324
1790887169 374328
1790887170 374332
1790887171 374620
1790887172 374656
1790887173 496328
1790887174 560948
1790887176 573440
1790887177 496336
1790887178 496344
1790887179 447324
1790887180 518804
1790887181 534868
1790887182 510912
1790887183 433924
1790887184 461940
1790887185 461944
1790887186 520432
1790887187 475500
1790887188 433820
1790887189 473432
1790887190 522440
1790887191 482880
1790887192 475596
1790887193 441236
1790887195 451672
1790887196 451784
1790887197 503788
1790887198 460244
1790887199 458988
1790887200 518496
1790887201 444520
1790887202 444520
1790887203 444532
1790887204 452768
1790887205 629548
1790887206 705060
1790887207 758872
1790887208 391700
1790887209 597628
1790887210 712768
1790887211 731168
1790887212 737572
1790887214 676092
1790887215 614048
1790887216 572308
1790887217 572312
1790887218 593156
1790887219 593180
1790887220 606700
1790887221 606740
1790887222 621292
1790887223 589996
1790887224 597424
1790887225 555732
1790887226 597408
1790887228 587080
1790887229 634216
1790887230 611012
1790887231 620476
1790887232 620492
1790887233 620484
1790887234 520444
1790887235 520444
1790887236 560896
1790887237 630032
1790887238 752776
1790887239 757756
1790887240 541652
1790887241 681452
1790887242 755240
1790887244 495128
1790887245 605312
1790887246 725440
1790887247 403156
1790887248 599696
1790887249 672604
1790887250 724768
1790887251 762748
1790887252 486444
1790887253 667252
1790887254 732712
1790887255 762064
1790887256 763360
1790887257 763580
1790887258 442356
1790887259 639968
1790887261 760608
1790887262 761640
