Running 30s test @ http://10.116.0.2:8080/json
  4 threads and 256 connections
  Thread calibration: mean lat.: 2986.118ms, rate sampling interval: 11075ms
  Thread calibration: mean lat.: 3066.300ms, rate sampling interval: 11108ms
  Thread calibration: mean lat.: 3000.762ms, rate sampling interval: 11001ms
  Thread calibration: mean lat.: 2799.993ms, rate sampling interval: 10108ms
  Thread Stats   Avg      Stdev     Max   +/- Stdev
    Latency    12.00s     3.52s   22.95s    59.89%
    Req/Sec     9.81k     1.71k   11.14k    75.00%
  Latency Distribution (HdrHistogram - Recorded Latency)
 50.000%   12.03s 
 75.000%   14.86s 
 90.000%   16.74s 
 99.000%   18.87s 
 99.900%   21.04s 
 99.990%   22.54s 
 99.999%   22.90s 
100.000%   22.97s 

  Detailed Percentile spectrum:
       Value   Percentile   TotalCount 1/(1-Percentile)

    5267.455     0.000000            1         1.00
    7241.727     0.100000        78129         1.11
    8413.183     0.200000       155925         1.25
    9551.871     0.300000       233917         1.43
   10772.479     0.400000       312136         1.67
   12034.047     0.500000       389850         2.00
   12722.175     0.550000       428948         2.22
   13246.463     0.600000       467844         2.50
   13729.791     0.650000       507130         2.86
   14254.079     0.700000       545842         3.33
   14860.287     0.750000       584789         4.00
   15171.583     0.775000       604547         4.44
   15458.303     0.800000       623988         5.00
   15745.023     0.825000       643562         5.71
   16039.935     0.850000       662969         6.67
   16367.615     0.875000       682326         8.00
   16556.031     0.887500       692111         8.89
   16744.447     0.900000       701709        10.00
   16941.055     0.912500       711484        11.43
   17137.663     0.925000       721464        13.33
   17334.271     0.937500       731478        16.00
   17432.575     0.943750       736256        17.78
   17547.263     0.950000       740639        20.00
   17694.719     0.956250       745985        22.86
   17825.791     0.962500       750365        26.67
   18006.015     0.968750       755545        32.00
   18087.935     0.971875       757863        35.56
   18186.239     0.975000       760488        40.00
   18268.159     0.978125       762661        45.71
   18366.463     0.981250       765138        53.33
   18497.535     0.984375       767601        64.00
   18563.071     0.985938       768618        71.11
   18661.375     0.987500       769903        80.00
   18776.063     0.989062       771105        91.43
   18939.903     0.990625       772275       106.67
   19120.127     0.992188       773478       128.00
   19234.815     0.992969       774152       142.22
   19333.119     0.993750       774708       160.00
   19447.807     0.994531       775305       182.86
   19595.263     0.995313       775940       213.33
   19759.103     0.996094       776539       256.00
   19857.407     0.996484       776837       284.44
   19972.095     0.996875       777140       320.00
   20103.167     0.997266       777429       365.71
   20267.007     0.997656       777729       426.67
   20447.231     0.998047       778062       512.00
   20529.151     0.998242       778198       568.89
   20627.455     0.998437       778345       640.00
   20758.527     0.998633       778509       731.43
   20889.599     0.998828       778649       853.33
   21053.439     0.999023       778802      1024.00
   21184.511     0.999121       778876      1137.78
   21348.351     0.999219       778951      1280.00
   21577.727     0.999316       779029      1462.86
   21741.567     0.999414       779108      1706.67
   21889.023     0.999512       779181      2048.00
   21970.943     0.999561       779222      2275.56
   22036.479     0.999609       779252      2560.00
   22118.399     0.999658       779292      2925.71
   22200.319     0.999707       779333      3413.33
   22282.239     0.999756       779370      4096.00
   22331.391     0.999780       779393      4551.11
   22364.159     0.999805       779409      5120.00
   22396.927     0.999829       779424      5851.43
   22446.079     0.999854       779446      6826.67
   22495.231     0.999878       779463      8192.00
   22527.999     0.999890       779473      9102.22
   22544.383     0.999902       779482     10240.00
   22577.151     0.999915       779495     11702.86
   22609.919     0.999927       779499     13653.33
   22675.455     0.999939       779511     16384.00
   22691.839     0.999945       779515     18204.44
   22708.223     0.999951       779520     20480.00
   22724.607     0.999957       779524     23405.71
   22740.991     0.999963       779529     27306.67
   22757.375     0.999969       779533     32768.00
   22773.759     0.999973       779536     36408.89
   22790.143     0.999976       779540     40960.00
   22790.143     0.999979       779540     46811.43
   22806.527     0.999982       779542     54613.33
   22839.295     0.999985       779545     65536.00
   22872.063     0.999986       779546     72817.78
   22888.447     0.999988       779547     81920.00
   22904.831     0.999989       779549     93622.86
   22904.831     0.999991       779549    109226.67
   22937.599     0.999992       779552    131072.00
   22937.599     0.999993       779552    145635.56
   22937.599     0.999994       779552    163840.00
   22937.599     0.999995       779552    187245.71
   22953.983     0.999995       779555    218453.33
   22953.983     0.999996       779555    262144.00
   22953.983     0.999997       779555    291271.11
   22953.983     0.999997       779555    327680.00
   22953.983     0.999997       779555    374491.43
   22953.983     0.999998       779555    436906.67
   22953.983     0.999998       779555    524288.00
   22953.983     0.999998       779555    582542.22
   22953.983     0.999998       779555    655360.00
   22953.983     0.999999       779555    748982.86
   22970.367     0.999999       779556    873813.33
   22970.367     1.000000       779556          inf
#[Mean    =    11998.305, StdDeviation   =     3515.941]
#[Max     =    22953.984, Total count    =       779556]
#[Buckets =           27, SubBuckets     =         2048]
----------------------------------------------------------
  1185435 requests in 30.00s, 110.79MB read
Requests/sec:  39515.05
Transfer/sec:      3.69MB
