Running 30s test @ http://10.116.0.2:8080/json
  4 threads and 256 connections
  Thread calibration: mean lat.: 2349.742ms, rate sampling interval: 9289ms
  Thread calibration: mean lat.: 2398.750ms, rate sampling interval: 9273ms
  Thread calibration: mean lat.: 2379.473ms, rate sampling interval: 9338ms
  Thread calibration: mean lat.: 2759.039ms, rate sampling interval: 8871ms
  Thread Stats   Avg      Stdev     Max   +/- Stdev
    Latency    10.00s     3.14s   22.69s    63.73%
    Req/Sec     9.72k     1.48k   11.01k    75.00%
  Latency Distribution (HdrHistogram - Recorded Latency)
 50.000%    9.97s 
 75.000%   12.14s 
 90.000%   14.16s 
 99.000%   17.24s 
 99.900%   19.43s 
 99.990%   22.07s 
 99.999%   22.66s 
100.000%   22.71s 

  Detailed Percentile spectrum:
       Value   Percentile   TotalCount 1/(1-Percentile)

    3983.359     0.000000            1         1.00
    6012.927     0.100000        77019         1.11
    6844.415     0.200000       153667         1.25
    7909.375     0.300000       230386         1.43
    8962.047     0.400000       307547         1.67
    9969.663     0.500000       384126         2.00
   10412.031     0.550000       422767         2.22
   10829.823     0.600000       460794         2.50
   11247.615     0.650000       499657         2.86
   11665.407     0.700000       538020         3.33
   12140.543     0.750000       576219         4.00
   12394.495     0.775000       595240         4.44
   12656.639     0.800000       614359         5.00
   12967.935     0.825000       633830         5.71
   13279.231     0.850000       652829         6.67
   13647.871     0.875000       671772         8.00
   13877.247     0.887500       681496         8.89
   14163.967     0.900000       690985        10.00
   14516.223     0.912500       700702        11.43
   14884.863     0.925000       710264        13.33
   15269.887     0.937500       719908        16.00
   15491.071     0.943750       724606        17.78
   15769.599     0.950000       729446        20.00
   16080.895     0.956250       734275        22.86
   16293.887     0.962500       738943        26.67
   16490.495     0.968750       743918        32.00
   16588.799     0.971875       746326        35.56
   16687.103     0.975000       748723        40.00
   16793.599     0.978125       751324        45.71
   16875.519     0.981250       753350        53.33
   16973.823     0.984375       755740        64.00
   17039.359     0.985938       757288        71.11
   17088.511     0.987500       758296        80.00
   17170.431     0.989062       759505        91.43
   17285.119     0.990625       760617       106.67
   17465.343     0.992188       761775       128.00
   17563.647     0.992969       762361       142.22
   17661.951     0.993750       762954       160.00
   17776.639     0.994531       763540       182.86
   17907.711     0.995313       764133       213.33
   18071.551     0.996094       764744       256.00
   18169.855     0.996484       765082       284.44
   18251.775     0.996875       765346       320.00
   18399.231     0.997266       765653       365.71
   18546.687     0.997656       765941       426.67
   18743.295     0.998047       766244       512.00
   18841.599     0.998242       766393       568.89
   18956.287     0.998437       766532       640.00
   19103.743     0.998633       766697       731.43
   19234.815     0.998828       766837       853.33
   19464.191     0.999023       766988      1024.00
   19595.263     0.999121       767063      1137.78
   19726.335     0.999219       767133      1280.00
   19857.407     0.999316       767208      1462.86
   20004.863     0.999414       767289      1706.67
   20135.935     0.999512       767359      2048.00
   20217.855     0.999561       767397      2275.56
   20299.775     0.999609       767434      2560.00
   20398.079     0.999658       767471      2925.71
   20627.455     0.999707       767506      3413.33
   21151.743     0.999756       767544      4096.00
   21315.583     0.999780       767563      4551.11
   21463.039     0.999805       767581      5120.00
   21610.495     0.999829       767599      5851.43
   21774.335     0.999854       767619      6826.67
   21938.175     0.999878       767637      8192.00
   22003.711     0.999890       767646      9102.22
   22085.631     0.999902       767656     10240.00
   22167.551     0.999915       767665     11702.86
   22233.087     0.999927       767674     13653.33
   22331.391     0.999939       767686     16384.00
   22347.775     0.999945       767688     18204.44
   22396.927     0.999951       767693     20480.00
   22429.695     0.999957       767698     23405.71
   22478.847     0.999963       767703     27306.67
   22511.615     0.999969       767707     32768.00
   22527.999     0.999973       767709     36408.89
   22560.767     0.999976       767713     40960.00
   22577.151     0.999979       767714     46811.43
   22609.919     0.999982       767716     54613.33
   22626.303     0.999985       767719     65536.00
   22642.687     0.999986       767721     72817.78
   22642.687     0.999988       767721     81920.00
   22659.071     0.999989       767723     93622.86
   22659.071     0.999991       767723    109226.67
   22675.455     0.999992       767726    131072.00
   22675.455     0.999993       767726    145635.56
   22675.455     0.999994       767726    163840.00
   22675.455     0.999995       767726    187245.71
   22691.839     0.999995       767728    218453.33
   22691.839     0.999996       767728    262144.00
   22691.839     0.999997       767728    291271.11
   22691.839     0.999997       767728    327680.00
   22691.839     0.999997       767728    374491.43
   22708.223     0.999998       767730    436906.67
   22708.223     1.000000       767730          inf
#[Mean    =     9995.520, StdDeviation   =     3142.521]
#[Max     =    22691.840, Total count    =       767730]
#[Buckets =           27, SubBuckets     =         2048]
----------------------------------------------------------
  1169694 requests in 30.00s, 109.32MB read
Requests/sec:  38990.20
Transfer/sec:      3.64MB
