Running 30s test @ http://10.116.0.2:8080/block?ms=100
  4 threads and 1000 connections
  Thread calibration: mean lat.: 810.809ms, rate sampling interval: 3510ms
  Thread calibration: mean lat.: 909.058ms, rate sampling interval: 3528ms
  Thread calibration: mean lat.: 903.419ms, rate sampling interval: 3534ms
  Thread calibration: mean lat.: 1148.210ms, rate sampling interval: 3502ms
  Thread Stats   Avg      Stdev     Max   +/- Stdev
    Latency   333.82ms  359.72ms   1.90s    84.30%
    Req/Sec     2.33k    59.73     2.45k    65.00%
  Latency Distribution (HdrHistogram - Recorded Latency)
 50.000%  115.46ms
 75.000%  457.98ms
 90.000%  897.02ms
 99.000%    1.52s 
 99.900%    1.75s 
 99.990%    1.84s 
 99.999%    1.88s 
100.000%    1.90s 

  Detailed Percentile spectrum:
       Value   Percentile   TotalCount 1/(1-Percentile)

     100.415     0.000000            3         1.00
     102.783     0.100000        17628         1.11
     105.087     0.200000        35050         1.25
     107.327     0.300000        52426         1.43
     110.079     0.400000        69764         1.67
     115.455     0.500000        87182         2.00
     121.023     0.550000        95891         2.22
     201.215     0.600000       104607         2.50
     274.175     0.650000       113333         2.86
     353.279     0.700000       122042         3.33
     457.983     0.750000       130751         4.00
     523.007     0.775000       135123         4.44
     576.511     0.800000       139491         5.00
     647.167     0.825000       143844         5.71
     717.823     0.850000       148203         6.67
     799.743     0.875000       152546         8.00
     850.431     0.887500       154736         8.89
     897.023     0.900000       156905        10.00
     955.391     0.912500       159083        11.43
    1018.879     0.925000       161261        13.33
    1088.511     0.937500       163459        16.00
    1127.423     0.943750       164530        17.78
    1168.383     0.950000       165632        20.00
    1215.487     0.956250       166713        22.86
    1261.567     0.962500       167812        26.67
    1310.719     0.968750       168902        32.00
    1337.343     0.971875       169445        35.56
    1362.943     0.975000       169987        40.00
    1390.591     0.978125       170532        45.71
    1423.359     0.981250       171087        53.33
    1457.151     0.984375       171623        64.00
    1473.535     0.985938       171888        71.11
    1491.967     0.987500       172164        80.00
    1512.447     0.989062       172435        91.43
    1534.975     0.990625       172715       106.67
    1558.527     0.992188       172976       128.00
    1571.839     0.992969       173116       142.22
    1585.151     0.993750       173251       160.00
    1601.535     0.994531       173387       182.86
    1618.943     0.995313       173522       213.33
    1638.399     0.996094       173656       256.00
    1649.663     0.996484       173724       284.44
    1660.927     0.996875       173793       320.00
    1673.215     0.997266       173859       365.71
    1686.527     0.997656       173932       426.67
    1699.839     0.998047       173996       512.00
    1708.031     0.998242       174028       568.89
    1718.271     0.998437       174065       640.00
    1728.511     0.998633       174099       731.43
    1739.775     0.998828       174134       853.33
    1750.015     0.999023       174165      1024.00
    1757.183     0.999121       174180      1137.78
    1764.351     0.999219       174198      1280.00
    1771.519     0.999316       174215      1462.86
    1780.735     0.999414       174231      1706.67
    1790.975     0.999512       174251      2048.00
    1794.047     0.999561       174257      2275.56
    1801.215     0.999609       174268      2560.00
    1804.287     0.999658       174276      2925.71
    1811.455     0.999707       174283      3413.33
    1819.647     0.999756       174291      4096.00
    1822.719     0.999780       174298      4551.11
    1824.767     0.999805       174300      5120.00
    1828.863     0.999829       174304      5851.43
    1832.959     0.999854       174311      6826.67
    1835.007     0.999878       174312      8192.00
    1840.127     0.999890       174315      9102.22
    1841.151     0.999902       174316     10240.00
    1843.199     0.999915       174319     11702.86
    1846.271     0.999927       174321     13653.33
    1850.367     0.999939       174323     16384.00
    1851.391     0.999945       174324     18204.44
    1856.511     0.999951       174325     20480.00
    1861.631     0.999957       174327     23405.71
    1861.631     0.999963       174327     27306.67
    1866.751     0.999969       174328     32768.00
    1871.871     0.999973       174330     36408.89
    1871.871     0.999976       174330     40960.00
    1871.871     0.999979       174330     46811.43
    1871.871     0.999982       174330     54613.33
    1882.111     0.999985       174331     65536.00
    1882.111     0.999986       174331     72817.78
    1882.111     0.999988       174331     81920.00
    1891.327     0.999989       174332     93622.86
    1891.327     0.999991       174332    109226.67
    1891.327     0.999992       174332    131072.00
    1891.327     0.999993       174332    145635.56
    1891.327     0.999994       174332    163840.00
    1900.543     0.999995       174333    187245.71
    1900.543     1.000000       174333          inf
#[Mean    =      333.816, StdDeviation   =      359.722]
#[Max     =     1899.520, Total count    =       174333]
#[Buckets =           27, SubBuckets     =         2048]
----------------------------------------------------------
  259891 requests in 30.00s, 21.07MB read
Requests/sec:   8662.60
Transfer/sec:    719.06KB
