Running 30s test @ http://10.116.0.2:8080/json
  4 threads and 256 connections
  Thread calibration: mean lat.: 1.543ms, rate sampling interval: 10ms
  Thread calibration: mean lat.: 1.519ms, rate sampling interval: 10ms
  Thread calibration: mean lat.: 1.829ms, rate sampling interval: 10ms
  Thread calibration: mean lat.: 1.520ms, rate sampling interval: 10ms
  Thread Stats   Avg      Stdev     Max   +/- Stdev
    Latency     1.43ms  821.66us  21.34ms   82.36%
    Req/Sec     5.27k     1.04k    9.22k    81.24%
  Latency Distribution (HdrHistogram - Recorded Latency)
 50.000%    1.33ms
 75.000%    1.78ms
 90.000%    2.23ms
 99.000%    3.87ms
 99.900%    9.17ms
 99.990%   18.78ms
 99.999%   20.72ms
100.000%   21.36ms

  Detailed Percentile spectrum:
       Value   Percentile   TotalCount 1/(1-Percentile)

       0.226     0.000000            1         1.00
       0.649     0.100000        39466         1.11
       0.834     0.200000        78863         1.25
       1.002     0.300000       118330         1.43
       1.166     0.400000       157671         1.67
       1.327     0.500000       196880         2.00
       1.410     0.550000       216666         2.22
       1.496     0.600000       236373         2.50
       1.586     0.650000       256013         2.86
       1.683     0.700000       275664         3.33
       1.785     0.750000       295358         4.00
       1.840     0.775000       305134         4.44
       1.899     0.800000       315050         5.00
       1.961     0.825000       324793         5.71
       2.033     0.850000       334664         6.67
       2.119     0.875000       344489         8.00
       2.169     0.887500       349371         8.89
       2.227     0.900000       354398        10.00
       2.293     0.912500       359193        11.43
       2.373     0.925000       364107        13.33
       2.475     0.937500       369077        16.00
       2.537     0.943750       371519        17.78
       2.609     0.950000       373933        20.00
       2.695     0.956250       376397        22.86
       2.797     0.962500       378848        26.67
       2.923     0.968750       381327        32.00
       2.997     0.971875       382550        35.56
       3.087     0.975000       383782        40.00
       3.191     0.978125       384997        45.71
       3.313     0.981250       386237        53.33
       3.463     0.984375       387470        64.00
       3.559     0.985938       388072        71.11
       3.663     0.987500       388689        80.00
       3.789     0.989062       389303        91.43
       3.943     0.990625       389922       106.67
       4.135     0.992188       390551       128.00
       4.247     0.992969       390840       142.22
       4.379     0.993750       391159       160.00
       4.543     0.994531       391458       182.86
       4.751     0.995313       391763       213.33
       5.051     0.996094       392071       256.00
       5.211     0.996484       392226       284.44
       5.439     0.996875       392377       320.00
       5.747     0.997266       392531       365.71
       6.027     0.997656       392686       426.67
       6.403     0.998047       392839       512.00
       6.695     0.998242       392916       568.89
       7.087     0.998437       392992       640.00
       7.491     0.998633       393070       731.43
       8.303     0.998828       393147       853.33
       9.391     0.999023       393223      1024.00
      10.511     0.999121       393262      1137.78
      11.383     0.999219       393300      1280.00
      12.095     0.999316       393338      1462.86
      12.983     0.999414       393377      1706.67
      14.319     0.999512       393415      2048.00
      14.855     0.999561       393435      2275.56
      15.143     0.999609       393454      2560.00
      15.343     0.999658       393473      2925.71
      15.695     0.999707       393492      3413.33
      16.319     0.999756       393511      4096.00
      16.911     0.999780       393522      4551.11
      17.135     0.999805       393531      5120.00
      17.487     0.999829       393540      5851.43
      17.919     0.999854       393550      6826.67
      18.143     0.999878       393560      8192.00
      18.639     0.999890       393565      9102.22
      18.799     0.999902       393569     10240.00
      19.087     0.999915       393574     11702.86
      19.247     0.999927       393579     13653.33
      19.535     0.999939       393584     16384.00
      19.583     0.999945       393586     18204.44
      19.807     0.999951       393588     20480.00
      20.047     0.999957       393591     23405.71
      20.191     0.999963       393594     27306.67
      20.239     0.999969       393595     32768.00
      20.447     0.999973       393597     36408.89
      20.527     0.999976       393598     40960.00
      20.559     0.999979       393599     46811.43
      20.639     0.999982       393600     54613.33
      20.655     0.999985       393601     65536.00
      20.671     0.999986       393602     72817.78
      20.719     0.999988       393603     81920.00
      20.719     0.999989       393603     93622.86
      20.735     0.999991       393604    109226.67
      20.735     0.999992       393604    131072.00
      20.879     0.999993       393605    145635.56
      20.879     0.999994       393605    163840.00
      20.879     0.999995       393605    187245.71
      21.183     0.999995       393606    218453.33
      21.183     0.999996       393606    262144.00
      21.183     0.999997       393606    291271.11
      21.183     0.999997       393606    327680.00
      21.183     0.999997       393606    374491.43
      21.359     0.999998       393607    436906.67
      21.359     1.000000       393607          inf
#[Mean    =        1.433, StdDeviation   =        0.822]
#[Max     =       21.344, Total count    =       393607]
#[Buckets =           27, SubBuckets     =         2048]
----------------------------------------------------------
  592725 requests in 30.00s, 55.40MB read
Requests/sec:  19756.70
Transfer/sec:      1.85MB
