Running 30s test @ http://10.116.0.2:8080/json
  4 threads and 256 connections
  Thread calibration: mean lat.: 624.688ms, rate sampling interval: 2646ms
  Thread calibration: mean lat.: 634.152ms, rate sampling interval: 2437ms
  Thread calibration: mean lat.: 737.431ms, rate sampling interval: 2629ms
  Thread calibration: mean lat.: 1347.204ms, rate sampling interval: 4571ms
  Thread Stats   Avg      Stdev     Max   +/- Stdev
    Latency     3.67s     2.13s   10.63s    70.85%
    Req/Sec    24.24k     1.62k   26.95k    73.08%
  Latency Distribution (HdrHistogram - Recorded Latency)
 50.000%    3.08s 
 75.000%    5.46s 
 90.000%    6.14s 
 99.000%    9.38s 
 99.900%    9.69s 
 99.990%   10.47s 
 99.999%   10.56s 
100.000%   10.63s 

  Detailed Percentile spectrum:
       Value   Percentile   TotalCount 1/(1-Percentile)

       0.525     0.000000            1         1.00
    1375.231     0.100000       188057         1.11
    1975.295     0.200000       376321         1.25
    2248.703     0.300000       564779         1.43
    2525.183     0.400000       753139         1.67
    3084.287     0.500000       940379         2.00
    3649.535     0.550000      1034349         2.22
    4112.383     0.600000      1128692         2.50
    4878.335     0.650000      1223061         2.86
    5156.863     0.700000      1316568         3.33
    5455.871     0.750000      1410529         4.00
    5623.807     0.775000      1459493         4.44
    5726.207     0.800000      1505242         5.00
    5808.127     0.825000      1552494         5.71
    5894.143     0.850000      1598435         6.67
    5988.351     0.875000      1645738         8.00
    6045.695     0.887500      1668950         8.89
    6135.807     0.900000      1693315        10.00
    6221.823     0.912500      1715956        11.43
    6557.695     0.925000      1739640        13.33
    7020.543     0.937500      1762848        16.00
    7553.023     0.943750      1774749        17.78
    7639.039     0.950000      1786649        20.00
    7753.727     0.956250      1798224        22.86
    7864.319     0.962500      1810150        26.67
    7942.143     0.968750      1821637        32.00
    8015.871     0.971875      1827505        35.56
    8429.567     0.975000      1833358        40.00
    8839.167     0.978125      1839435        45.71
    8921.087     0.981250      1845170        53.33
    9035.775     0.984375      1851267        64.00
    9068.543     0.985938      1854282        71.11
    9101.311     0.987500      1857090        80.00
    9314.303     0.989062      1860110        91.43
    9396.223     0.990625      1862927       106.67
    9420.799     0.992188      1865773       128.00
    9445.375     0.992969      1867753       142.22
    9461.759     0.993750      1869302       160.00
    9469.951     0.994531      1870106       182.86
    9486.335     0.995313      1871632       213.33
    9502.719     0.996094      1873534       256.00
    9510.911     0.996484      1874541       284.44
    9510.911     0.996875      1874541       320.00
    9519.103     0.997266      1875897       365.71
    9527.295     0.997656      1876420       426.67
    9535.487     0.998047      1877276       512.00
    9535.487     0.998242      1877276       568.89
    9543.679     0.998437      1877520       640.00
    9576.447     0.998633      1877781       731.43
    9609.215     0.998828      1878284       853.33
    9707.519     0.999023      1878517      1024.00
    9789.439     0.999121      1878711      1137.78
    9863.167     0.999219      1878879      1280.00
    9961.471     0.999316      1879074      1462.86
   10084.351     0.999414      1879245      1706.67
   10166.271     0.999512      1879429      2048.00
   10207.231     0.999561      1879527      2275.56
   10239.999     0.999609      1879613      2560.00
   10280.959     0.999658      1879717      2925.71
   10313.727     0.999707      1879798      3413.33
   10354.687     0.999756      1879895      4096.00
   10371.071     0.999780      1879936      4551.11
   10395.647     0.999805      1879992      5120.00
   10412.031     0.999829      1880031      5851.43
   10428.415     0.999854      1880073      6826.67
   10452.991     0.999878      1880132      8192.00
   10461.183     0.999890      1880153      9102.22
   10469.375     0.999902      1880171     10240.00
   10477.567     0.999915      1880190     11702.86
   10485.759     0.999927      1880209     13653.33
   10502.143     0.999939      1880244     16384.00
   10502.143     0.999945      1880244     18204.44
   10510.335     0.999951      1880263     20480.00
   10518.527     0.999957      1880277     23405.71
   10518.527     0.999963      1880277     27306.67
   10526.719     0.999969      1880296     32768.00
   10526.719     0.999973      1880296     36408.89
   10534.911     0.999976      1880307     40960.00
   10534.911     0.999979      1880307     46811.43
   10543.103     0.999982      1880316     54613.33
   10551.295     0.999985      1880325     65536.00
   10551.295     0.999986      1880325     72817.78
   10551.295     0.999988      1880325     81920.00
   10551.295     0.999989      1880325     93622.86
   10559.487     0.999991      1880330    109226.67
   10567.679     0.999992      1880333    131072.00
   10567.679     0.999993      1880333    145635.56
   10575.871     0.999994      1880335    163840.00
   10575.871     0.999995      1880335    187245.71
   10584.063     0.999995      1880338    218453.33
   10584.063     0.999996      1880338    262144.00
   10592.255     0.999997      1880339    291271.11
   10600.447     0.999997      1880341    327680.00
   10600.447     0.999997      1880341    374491.43
   10600.447     0.999998      1880341    436906.67
   10608.639     0.999998      1880342    524288.00
   10608.639     0.999998      1880342    582542.22
   10616.831     0.999998      1880343    655360.00
   10616.831     0.999999      1880343    748982.86
   10616.831     0.999999      1880343    873813.33
   10625.023     0.999999      1880344   1048576.00
   10625.023     0.999999      1880344   1165084.44
   10625.023     0.999999      1880344   1310720.00
   10625.023     0.999999      1880344   1497965.71
   10625.023     0.999999      1880344   1747626.67
   10633.215     1.000000      1880345   2097152.00
   10633.215     1.000000      1880345          inf
#[Mean    =     3671.875, StdDeviation   =     2131.828]
#[Max     =    10625.024, Total count    =      1880345]
#[Buckets =           27, SubBuckets     =         2048]
----------------------------------------------------------
  2831511 requests in 30.00s, 467.16MB read
Requests/sec:  94385.38
Transfer/sec:     15.57MB
