Running 30s test @ http://10.116.0.2:8080/json
  4 threads and 256 connections
  Thread calibration: mean lat.: 1.397ms, rate sampling interval: 10ms
  Thread calibration: mean lat.: 1.537ms, rate sampling interval: 10ms
  Thread calibration: mean lat.: 1.536ms, rate sampling interval: 10ms
  Thread calibration: mean lat.: 1.472ms, rate sampling interval: 10ms
  Thread Stats   Avg      Stdev     Max   +/- Stdev
    Latency     1.47ms  696.50us  12.16ms   71.81%
    Req/Sec    15.82k     1.49k   24.78k    73.15%
  Latency Distribution (HdrHistogram - Recorded Latency)
 50.000%    1.37ms
 75.000%    1.87ms
 90.000%    2.31ms
 99.000%    3.46ms
 99.900%    6.57ms
 99.990%    9.69ms
 99.999%   11.51ms
100.000%   12.17ms

  Detailed Percentile spectrum:
       Value   Percentile   TotalCount 1/(1-Percentile)

       0.195     0.000000            1         1.00
       0.689     0.100000       118476         1.11
       0.877     0.200000       236487         1.25
       1.043     0.300000       354618         1.43
       1.204     0.400000       472706         1.67
       1.372     0.500000       590951         2.00
       1.460     0.550000       649618         2.22
       1.553     0.600000       708867         2.50
       1.651     0.650000       767609         2.86
       1.758     0.700000       826905         3.33
       1.874     0.750000       885608         4.00
       1.937     0.775000       915309         4.44
       2.003     0.800000       944998         5.00
       2.071     0.825000       974804         5.71
       2.141     0.850000      1004036         6.67
       2.219     0.875000      1033624         8.00
       2.263     0.887500      1048534         8.89
       2.311     0.900000      1063269        10.00
       2.363     0.912500      1077827        11.43
       2.421     0.925000      1092367        13.33
       2.489     0.937500      1106950        16.00
       2.529     0.943750      1114432        17.78
       2.573     0.950000      1121883        20.00
       2.623     0.956250      1129245        22.86
       2.681     0.962500      1136523        26.67
       2.755     0.968750      1143866        32.00
       2.803     0.971875      1147620        35.56
       2.859     0.975000      1151324        40.00
       2.925     0.978125      1154916        45.71
       3.013     0.981250      1158649        53.33
       3.119     0.984375      1162306        64.00
       3.187     0.985938      1164165        71.11
       3.271     0.987500      1165991        80.00
       3.379     0.989062      1167847        91.43
       3.519     0.990625      1169670       106.67
       3.699     0.992188      1171528       128.00
       3.805     0.992969      1172439       142.22
       3.933     0.993750      1173368       160.00
       4.081     0.994531      1174288       182.86
       4.275     0.995313      1175207       213.33
       4.499     0.996094      1176125       256.00
       4.631     0.996484      1176590       284.44
       4.787     0.996875      1177053       320.00
       4.967     0.997266      1177513       365.71
       5.183     0.997656      1177971       426.67
       5.435     0.998047      1178437       512.00
       5.571     0.998242      1178665       568.89
       5.759     0.998437      1178892       640.00
       6.015     0.998633      1179122       731.43
       6.283     0.998828      1179356       853.33
       6.607     0.999023      1179585      1024.00
       6.779     0.999121      1179703      1137.78
       6.971     0.999219      1179815      1280.00
       7.171     0.999316      1179931      1462.86
       7.399     0.999414      1180046      1706.67
       7.655     0.999512      1180160      2048.00
       7.779     0.999561      1180218      2275.56
       7.943     0.999609      1180275      2560.00
       8.071     0.999658      1180333      2925.71
       8.295     0.999707      1180392      3413.33
       8.519     0.999756      1180449      4096.00
       8.647     0.999780      1180477      4551.11
       8.815     0.999805      1180507      5120.00
       9.023     0.999829      1180535      5851.43
       9.239     0.999854      1180564      6826.67
       9.447     0.999878      1180592      8192.00
       9.551     0.999890      1180607      9102.22
       9.703     0.999902      1180621     10240.00
       9.807     0.999915      1180637     11702.86
      10.007     0.999927      1180651     13653.33
      10.199     0.999939      1180664     16384.00
      10.311     0.999945      1180673     18204.44
      10.399     0.999951      1180679     20480.00
      10.567     0.999957      1180686     23405.71
      10.727     0.999963      1180693     27306.67
      10.831     0.999969      1180700     32768.00
      10.879     0.999973      1180704     36408.89
      10.943     0.999976      1180708     40960.00
      10.975     0.999979      1180711     46811.43
      11.159     0.999982      1180715     54613.33
      11.311     0.999985      1180718     65536.00
      11.407     0.999986      1180720     72817.78
      11.463     0.999988      1180722     81920.00
      11.511     0.999989      1180724     93622.86
      11.663     0.999991      1180726    109226.67
      11.679     0.999992      1180727    131072.00
      11.703     0.999993      1180728    145635.56
      11.767     0.999994      1180729    163840.00
      11.783     0.999995      1180730    187245.71
      11.855     0.999995      1180731    218453.33
      11.863     0.999996      1180732    262144.00
      11.863     0.999997      1180732    291271.11
      11.967     0.999997      1180733    327680.00
      11.967     0.999997      1180733    374491.43
      12.095     0.999998      1180734    436906.67
      12.095     0.999998      1180734    524288.00
      12.095     0.999998      1180734    582542.22
      12.167     0.999998      1180736    655360.00
      12.167     1.000000      1180736          inf
#[Mean    =        1.466, StdDeviation   =        0.697]
#[Max     =       12.160, Total count    =      1180736]
#[Buckets =           27, SubBuckets     =         2048]
----------------------------------------------------------
  1765191 requests in 30.00s, 291.23MB read
Requests/sec:  58839.59
Transfer/sec:      9.71MB
