Running 30s test @ http://10.116.0.2:8080/json
  4 threads and 256 connections
  Thread calibration: mean lat.: 92.236ms, rate sampling interval: 505ms
  Thread calibration: mean lat.: 86.777ms, rate sampling interval: 454ms
  Thread calibration: mean lat.: 79.845ms, rate sampling interval: 404ms
  Thread calibration: mean lat.: 639.627ms, rate sampling interval: 2289ms
  Thread Stats   Avg      Stdev     Max   +/- Stdev
    Latency   347.21ms  602.99ms   2.00s    75.47%
    Req/Sec    25.00k   516.78    26.23k    62.04%
  Latency Distribution (HdrHistogram - Recorded Latency)
 50.000%    5.80ms
 75.000%   55.04ms
 90.000%    1.43s 
 99.000%    1.71s 
 99.900%    1.89s 
 99.990%    1.99s 
 99.999%    1.99s 
100.000%    2.00s 

  Detailed Percentile spectrum:
       Value   Percentile   TotalCount 1/(1-Percentile)

       0.214     0.000000            1         1.00
       1.452     0.100000       195673         1.11
       1.943     0.200000       391354         1.25
       2.553     0.300000       587171         1.43
       3.673     0.400000       782731         1.67
       5.803     0.500000       978471         2.00
       7.591     0.550000      1076146         2.22
      10.311     0.600000      1173911         2.50
      14.847     0.650000      1271783         2.86
      23.311     0.700000      1369565         3.33
      55.039     0.750000      1467375         4.00
    1155.071     0.775000      1516839         4.44
    1214.463     0.800000      1566043         5.00
    1288.191     0.825000      1614841         5.71
    1334.271     0.850000      1663760         6.67
    1370.111     0.875000      1712541         8.00
    1395.711     0.887500      1737042         8.89
    1426.431     0.900000      1761208        10.00
    1466.367     0.912500      1785607        11.43
    1506.303     0.925000      1809998        13.33
    1533.951     0.937500      1835256        16.00
    1545.215     0.943750      1847275        17.78
    1556.479     0.950000      1859410        20.00
    1568.767     0.956250      1871823        22.86
    1581.055     0.962500      1883365        26.67
    1598.463     0.968750      1895748        32.00
    1608.703     0.971875      1901757        35.56
    1618.943     0.975000      1907795        40.00
    1633.279     0.978125      1913956        45.71
    1649.663     0.981250      1920014        53.33
    1671.167     0.984375      1925985        64.00
    1682.431     0.985938      1929049        71.11
    1693.695     0.987500      1932185        80.00
    1704.959     0.989062      1935117        91.43
    1720.319     0.990625      1938211       106.67
    1739.775     0.992188      1941229       128.00
    1752.063     0.992969      1942825       142.22
    1769.471     0.993750      1944280       160.00
    1783.807     0.994531      1945895       182.86
    1794.047     0.995313      1947322       213.33
    1809.407     0.996094      1948900       256.00
    1819.647     0.996484      1949650       284.44
    1828.863     0.996875      1950400       320.00
    1839.103     0.997266      1951148       365.71
    1848.319     0.997656      1951907       426.67
    1855.487     0.998047      1952761       512.00
    1858.559     0.998242      1953101       568.89
    1863.679     0.998437      1953463       640.00
    1875.967     0.998633      1953823       731.43
    1883.135     0.998828      1954212       853.33
    1896.447     0.999023      1954598      1024.00
    1901.567     0.999121      1954803      1137.78
    1906.687     0.999219      1954968      1280.00
    1913.855     0.999316      1955145      1462.86
    1939.455     0.999414      1955338      1706.67
    1955.839     0.999512      1955541      2048.00
    1959.935     0.999561      1955624      2275.56
    1963.007     0.999609      1955739      2560.00
    1965.055     0.999658      1955827      2925.71
    1968.127     0.999707      1955918      3413.33
    1971.199     0.999756      1956004      4096.00
    1974.271     0.999780      1956053      4551.11
    1977.343     0.999805      1956100      5120.00
    1979.391     0.999829      1956151      5851.43
    1982.463     0.999854      1956208      6826.67
    1984.511     0.999878      1956267      8192.00
    1984.511     0.999890      1956267      9102.22
    1985.535     0.999902      1956306     10240.00
    1986.559     0.999915      1956344     11702.86
    1986.559     0.999927      1956344     13653.33
    1987.583     0.999939      1956369     16384.00
    1988.607     0.999945      1956375     18204.44
    1990.655     0.999951      1956407     20480.00
    1990.655     0.999957      1956407     23405.71
    1991.679     0.999963      1956432     27306.67
    1991.679     0.999969      1956432     32768.00
    1991.679     0.999973      1956432     36408.89
    1992.703     0.999976      1956447     40960.00
    1992.703     0.999979      1956447     46811.43
    1992.703     0.999982      1956447     54613.33
    1993.727     0.999985      1956461     65536.00
    1993.727     0.999986      1956461     72817.78
    1993.727     0.999988      1956461     81920.00
    1993.727     0.999989      1956461     93622.86
    1994.751     0.999991      1956469    109226.67
    1994.751     0.999992      1956469    131072.00
    1994.751     0.999993      1956469    145635.56
    1995.775     0.999994      1956475    163840.00
    1995.775     0.999995      1956475    187245.71
    1995.775     0.999995      1956475    218453.33
    1995.775     0.999996      1956475    262144.00
    1995.775     0.999997      1956475    291271.11
    1996.799     0.999997      1956480    327680.00
    1996.799     0.999997      1956480    374491.43
    1996.799     0.999998      1956480    436906.67
    1996.799     0.999998      1956480    524288.00
    1996.799     0.999998      1956480    582542.22
    1996.799     0.999998      1956480    655360.00
    1996.799     0.999999      1956480    748982.86
    1996.799     0.999999      1956480    873813.33
    1996.799     0.999999      1956480   1048576.00
    1996.799     0.999999      1956480   1165084.44
    1996.799     0.999999      1956480   1310720.00
    1996.799     0.999999      1956480   1497965.71
    1996.799     0.999999      1956480   1747626.67
    1997.823     1.000000      1956481   2097152.00
    1997.823     1.000000      1956481          inf
#[Mean    =      347.214, StdDeviation   =      602.990]
#[Max     =     1996.800, Total count    =      1956481]
#[Buckets =           27, SubBuckets     =         2048]
----------------------------------------------------------
  2879594 requests in 30.00s, 475.09MB read
Requests/sec:  95987.01
Transfer/sec:     15.84MB
