Linux 6.8.0-142-generic (cafeai-bench-server) 	10/01/26 	_x86_64_	(4 CPU)

21:36:14     CPU    %usr   %nice    %sys %iowait    %irq   %soft  %steal  %guest  %gnice   %idle
21:36:15     all   60.25    0.00    6.75    0.00    0.00    2.75    0.00    0.00    0.00   30.25
21:36:16     all   78.50    0.00   14.25    0.00    0.00    7.25    0.00    0.00    0.00    0.00
21:36:17     all   74.37    0.00   16.33    0.00    0.00    8.04    0.00    0.00    0.00    1.26
21:36:18     all   75.00    0.00   14.11    0.00    0.00    4.21    0.00    0.00    0.00    6.68
21:36:19     all   68.45    0.00   12.72    0.00    0.00    4.07    0.25    0.00    0.00   14.50
21:36:20     all   62.27    0.00   11.37    0.00    0.00    4.39    0.26    0.00    0.00   21.71
21:36:21     all   22.68    0.00   11.34    0.00    0.00    5.93    0.00    0.00    0.00   60.05
21:36:22     all   14.53    0.00   12.56    0.00    0.00    6.65    0.00    0.00    0.00   66.26
21:36:23     all   13.68    0.00   11.69    0.00    0.00    5.47    0.00    0.00    0.00   69.15
21:36:24     all   12.50    0.00   11.25    0.00    0.00    5.75    0.25    0.00    0.00   70.25
21:36:25     all   15.18    0.00   13.49    0.00    0.00    5.54    0.24    0.00    0.00   65.54
21:36:26     all   14.29    0.00   14.29    0.00    0.00    6.30    0.00    0.00    0.00   65.13
21:36:27     all   15.93    0.00   14.29    0.00    0.00    6.56    0.47    0.00    0.00   62.76
21:36:28     all   15.14    0.00   13.46    0.00    0.00    6.49    0.00    0.00    0.00   64.90
21:36:29     all   13.12    0.00   13.12    0.00    0.00    6.19    0.00    0.00    0.00   67.57
21:36:30     all   12.25    0.00   11.50    0.00    0.00    6.25    0.00    0.00    0.00   70.00
21:36:31     all   11.31    0.00   11.56    0.00    0.00    5.53    0.25    0.00    0.00   71.36
21:36:32     all   12.81    0.00   12.81    0.00    0.00    5.67    0.00    0.00    0.00   68.72
21:36:33     all   13.38    0.00   13.38    0.00    0.00    6.81    0.24    0.00    0.00   66.18
21:36:34     all   14.73    0.00   14.73    0.00    0.00    5.46    0.48    0.00    0.00   64.61
21:36:35     all   15.38    0.00   13.22    0.00    0.00    6.73    0.00    0.00    0.00   64.66
21:36:36     all   14.73    0.00   14.01    0.00    0.00    6.41    0.00    0.00    0.00   64.85
21:36:37     all   13.73    0.00   14.22    0.00    0.00    5.64    0.00    0.00    0.00   66.42
21:36:38     all   14.01    0.00   14.73    0.00    0.00    5.70    0.24    0.00    0.00   65.32
21:36:39     all   14.42    0.00   13.70    0.00    0.00    6.01    0.00    0.00    0.00   65.87
21:36:40     all   13.74    0.00   14.22    0.00    0.00    6.40    0.47    0.00    0.00   65.17
21:36:41     all   13.91    0.00   12.71    0.00    0.00    6.71    0.00    0.00    0.00   66.67
21:36:42     all   14.83    0.00   13.64    0.00    0.00    6.70    0.00    0.00    0.00   64.83
21:36:43     all   14.11    0.00   13.64    0.00    0.00    6.46    0.24    0.00    0.00   65.55
21:36:44     all   12.50    0.00   12.50    0.00    0.00    5.64    0.25    0.00    0.00   69.12
21:36:45     all    3.74    0.00    4.49    0.00    0.00    1.25    0.00    0.00    0.00   90.52
21:36:46     all   39.80    0.00    7.30    0.00    0.00    4.03    0.00    0.00    0.00   48.87
21:36:47     all   29.92    0.00   10.23    0.00    0.00    4.09    0.00    0.00    0.00   55.75
21:36:48     all   12.21    0.00    9.41    0.00    0.00    3.05    0.00    0.00    0.00   75.32
21:36:49     all    8.74    0.00   10.54    0.00    0.00    2.31    0.00    0.00    0.00   78.41
21:36:50     all   12.88    0.00   11.11    0.00    0.00    3.28    0.25    0.00    0.00   72.47
21:36:51     all   11.68    0.00   10.41    0.00    0.00    3.30    0.00    0.00    0.00   74.62
21:36:52     all    8.95    0.00   10.49    0.00    0.00    3.32    0.00    0.00    0.00   77.24
21:36:53     all    9.14    0.00   11.42    0.00    0.00    2.79    0.00    0.00    0.00   76.65
21:36:54     all    9.67    0.00   10.18    0.00    0.00    3.31    0.25    0.00    0.00   76.59
21:36:55     all    9.97    0.00    9.72    0.00    0.00    3.32    0.00    0.00    0.00   76.98
21:36:56     all    9.64    0.00   10.41    0.00    0.00    3.05    0.00    0.00    0.00   76.90
21:36:57     all    9.64    0.00   11.42    0.00    0.00    2.79    0.00    0.00    0.00   76.14
21:36:58     all    8.95    0.00   10.49    0.00    0.00    3.07    0.00    0.00    0.00   77.49
21:36:59     all   11.54    0.00   10.26    0.00    0.00    3.33    0.00    0.00    0.00   74.87
21:37:00     all    8.42    0.00   11.22    0.00    0.00    3.83    0.00    0.00    0.00   76.53
21:37:01     all   10.08    0.00   10.83    0.00    0.00    3.02    0.50    0.00    0.00   75.57
21:37:02     all   10.10    0.00   10.86    0.00    0.00    3.03    0.00    0.00    0.00   76.01
21:37:03     all    9.18    0.00   10.46    0.00    0.00    3.32    0.00    0.00    0.00   77.04
21:37:04     all    9.46    0.00   10.49    0.00    0.00    3.07    0.00    0.00    0.00   76.98
21:37:05     all    9.37    0.00   11.14    0.00    0.00    3.29    0.25    0.00    0.00   75.95
21:37:06     all    9.64    0.00    9.90    0.00    0.00    3.05    0.00    0.00    0.00   77.41
21:37:07     all    8.74    0.00   10.03    0.00    0.00    2.83    0.00    0.00    0.00   78.41
21:37:08     all    9.80    0.00   11.31    0.00    0.00    3.02    0.25    0.00    0.00   75.63
21:37:09     all    9.49    0.00   10.77    0.00    0.00    2.56    0.00    0.00    0.00   77.18
21:37:10     all    9.44    0.00   11.22    0.00    0.00    2.81    0.00    0.00    0.00   76.53
21:37:11     all    9.90    0.00    9.90    0.00    0.00    3.81    0.00    0.00    0.00   76.40
21:37:12     all   10.46    0.00   10.46    0.00    0.00    3.06    0.00    0.00    0.00   76.02
21:37:13     all    9.67    0.00   10.18    0.00    0.00    3.56    0.00    0.00    0.00   76.59
21:37:14     all   10.00    0.00   10.00    0.00    0.00    2.82    0.00    0.00    0.00   77.18
21:37:15     all   14.60    0.00   10.64    0.00    0.00    3.96    0.00    0.00    0.00   70.79
21:37:16     all   12.81    0.00   11.81    0.00    0.00    5.03    0.00    0.00    0.00   70.35
21:37:17     all   12.47    0.00   13.67    0.00    0.00    6.47    0.72    0.00    0.00   66.67
21:37:18     all   13.80    0.00   12.83    0.24    0.00    6.05    0.00    0.00    0.00   67.07
21:37:19     all   12.65    0.00   12.90    0.00    0.00    6.57    0.00    0.00    0.00   67.88
21:37:20     all   12.68    0.00   12.68    0.00    0.00    6.10    0.24    0.00    0.00   68.29
21:37:21     all   11.97    0.00   11.97    0.00    0.00    6.48    0.00    0.00    0.00   69.58
21:37:22     all   13.19    0.00   13.43    0.00    0.00    6.71    0.24    0.00    0.00   66.43
21:37:23     all   12.94    0.00   15.06    0.47    0.00    6.12    0.24    0.00    0.00   65.18
21:37:24     all   12.68    0.00   14.35    0.00    0.00    6.22    0.00    0.00    0.00   66.75
21:37:25     all   12.47    0.00   13.19    0.00    0.00    6.47    0.24    0.00    0.00   67.63
21:37:26     all   11.56    0.00   11.06    0.00    0.00    5.78    0.25    0.00    0.00   71.36
21:37:27     all   11.76    0.00   12.99    0.00    0.00    5.88    0.00    0.00    0.00   69.36
21:37:28     all   12.53    0.00   13.98    0.00    0.00    6.51    0.00    0.00    0.00   66.99
21:37:29     all   12.11    0.00   14.25    0.00    0.00    6.89    0.00    0.00    0.00   66.75
21:37:30     all   12.35    0.00   12.35    0.00    0.00    5.68    0.25    0.00    0.00   69.38
21:37:31     all   13.03    0.00   14.22    0.00    0.00    6.64    0.24    0.00    0.00   65.88
21:37:32     all   13.13    0.00   14.32    0.00    0.00    6.21    0.00    0.00    0.00   66.35
21:37:33     all   14.15    0.00   14.39    0.00    0.00    5.90    0.24    0.00    0.00   65.33
21:37:34     all   12.38    0.00   13.81    0.00    0.00    6.19    0.24    0.00    0.00   67.38
21:37:35     all   14.29    0.00   13.35    0.00    0.00    6.79    0.00    0.00    0.00   65.57
21:37:36     all   12.14    0.00   14.76    0.00    0.00    6.90    0.00    0.00    0.00   66.19
21:37:37     all   12.50    0.00   12.50    0.00    0.00    5.64    0.00    0.00    0.00   69.36
21:37:38     all   13.16    0.00   13.64    0.00    0.00    5.50    0.24    0.00    0.00   67.46
21:37:39     all   11.06    0.00   11.81    0.00    0.00    5.53    0.00    0.00    0.00   71.61
21:37:40     all   12.26    0.00   14.18    0.00    0.00    5.29    0.24    0.00    0.00   68.03
21:37:41     all   13.01    0.00   13.25    0.00    0.00    5.78    0.24    0.00    0.00   67.71
21:37:42     all   12.91    0.00   15.49    0.00    0.00    5.87    0.23    0.00    0.00   65.49
21:37:43     all   13.64    0.00   13.40    0.00    0.00    6.22    0.00    0.00    0.00   66.75
21:37:44     all   13.14    0.00   12.90    0.00    0.00    6.08    0.00    0.00    0.00   67.88
21:37:45     all   10.36    0.00   11.40    0.00    0.00    4.40    0.26    0.00    0.00   73.58
21:37:46     all   14.03    0.00   12.24    0.00    0.00    5.67    0.00    0.00    0.00   68.06
21:37:47     all   15.00    0.00   17.06    0.00    0.00    5.29    0.29    0.00    0.00   62.35
21:37:48     all   15.99    0.00   15.70    0.00    0.00    6.98    0.29    0.00    0.00   61.05
21:37:49     all   15.45    0.00   17.20    0.00    0.00    6.12    0.29    0.00    0.00   60.93
21:37:50     all   13.85    0.00   15.38    0.00    0.00    5.23    0.00    0.00    0.00   65.54
21:37:51     all   14.41    0.00   15.62    0.00    0.00    5.41    0.30    0.00    0.00   64.26
21:37:52     all   16.06    0.00   17.75    0.00    0.00    6.48    0.28    0.00    0.00   59.44
21:37:53     all   13.80    0.00   15.34    0.00    0.00    5.21    0.31    0.00    0.00   65.34
21:37:54     all   16.08    0.00   16.67    0.00    0.00    5.26    0.00    0.00    0.00   61.99
21:37:55     all   12.42    0.00   13.38    0.00    0.00    5.41    0.32    0.00    0.00   68.47
21:37:56     all   12.54    0.00   14.73    0.00    0.00    5.64    0.00    0.00    0.00   67.08
21:37:57     all   13.55    0.00   16.57    0.00    0.00    5.12    0.30    0.00    0.00   64.46
21:37:58     all   15.27    0.00   14.97    0.00    0.00    5.39    0.60    0.00    0.00   63.77
21:37:59     all   14.79    0.00   14.50    0.00    0.00    6.80    0.00    0.00    0.00   63.91
21:38:00     all   14.66    0.00   17.60    0.00    0.00    4.69    0.29    0.00    0.00   62.76
21:38:01     all   15.38    0.00   17.38    0.00    0.00    6.27    0.00    0.00    0.00   60.97
21:38:02     all   17.54    0.00   19.37    0.00    0.00    6.28    0.26    0.00    0.00   56.54
21:38:03     all   16.48    0.00   18.96    0.00    0.00    5.77    0.00    0.00    0.00   58.79
21:38:04     all   15.63    0.00   16.52    0.00    0.00    5.01    0.29    0.00    0.00   62.54
21:38:05     all   14.16    0.00   15.36    0.00    0.00    5.42    0.00    0.00    0.00   65.06
21:38:06     all   15.00    0.00   16.47    0.00    0.00    5.29    0.59    0.00    0.00   62.65
21:38:07     all   14.63    0.00   14.94    0.00    0.00    6.10    0.00    0.00    0.00   64.33
21:38:08     all   16.09    0.00   16.09    0.00    0.00    6.32    0.29    0.00    0.00   61.21
21:38:09     all   15.47    0.00   18.34    0.00    0.00    6.59    0.00    0.00    0.00   59.60
21:38:10     all   16.71    0.00   16.71    0.00    0.00    6.80    0.28    0.00    0.00   59.49
21:38:11     all   14.24    0.00   16.36    0.00    0.00    6.97    0.30    0.00    0.00   62.12
21:38:12     all   15.36    0.00   17.10    0.00    0.00    7.54    0.58    0.00    0.00   59.42
21:38:13     all   16.15    0.00   17.56    0.00    0.00    5.95    0.00    0.00    0.00   60.34
21:38:14     all   15.00    0.00   15.88    0.00    0.00    7.94    0.00    0.00    0.00   61.18
21:38:15     all   10.96    0.00   12.08    0.00    0.00    4.21    0.00    0.00    0.00   72.75
21:38:16     all   20.00    0.00   20.56    0.00    0.00    6.39    0.28    0.00    0.00   52.78
21:38:17     all   28.11    0.00   28.65    0.00    0.00    9.46    0.00    0.00    0.00   33.78
21:38:18     all   27.37    0.00   28.18    0.00    0.00   10.03    0.27    0.00    0.00   34.15
21:38:19     all   27.47    0.00   29.60    0.00    0.00    8.80    0.27    0.00    0.00   33.87
21:38:20     all   26.88    0.00   29.03    0.00    0.00    8.87    0.27    0.00    0.00   34.95
21:38:21     all   28.35    0.00   29.11    0.00    0.00    8.86    0.25    0.00    0.00   33.42
21:38:22     all   27.55    0.00   28.37    0.00    0.00    8.26    0.00    0.00    0.00   35.81
21:38:23     all   26.46    0.00   30.16    0.00    0.00    8.73    0.00    0.00    0.00   34.66
21:38:24     all   27.52    0.00   27.79    0.00    0.00    8.72    0.54    0.00    0.00   35.42
21:38:25     all   26.85    0.00   29.04    0.00    0.00    8.22    0.00    0.00    0.00   35.89
21:38:26     all   26.68    0.00   29.27    0.00    0.00    9.07    0.00    0.00    0.00   34.97
21:38:27     all   28.25    0.00   30.25    0.00    0.00    8.50    0.25    0.00    0.00   32.75
21:38:28     all   27.03    0.00   29.46    0.00    0.00    8.11    0.00    0.00    0.00   35.41
21:38:29     all   27.49    0.00   28.01    0.00    0.00    8.90    0.79    0.00    0.00   34.82
21:38:30     all   28.39    0.00   28.91    0.00    0.00    8.59    0.00    0.00    0.00   34.11
21:38:31     all   27.73    0.00   29.07    0.00    0.00    8.27    0.00    0.00    0.00   34.93
21:38:32     all   26.27    0.00   27.68    0.00    0.00    9.32    0.00    0.00    0.00   36.72
21:38:33     all   26.98    0.00   29.63    0.00    0.00    8.99    0.26    0.00    0.00   34.13
21:38:34     all   26.78    0.00   28.96    0.00    0.00    7.92    0.55    0.00    0.00   35.79
21:38:35     all   27.76    0.00   28.03    0.00    0.00    8.63    0.00    0.00    0.00   35.58
21:38:36     all   27.15    0.00   29.03    0.00    0.00    8.60    0.00    0.00    0.00   35.22
21:38:37     all   27.47    0.00   28.00    0.00    0.00    8.80    0.27    0.00    0.00   35.47
21:38:38     all   27.76    0.00   28.79    0.00    0.00    8.74    0.26    0.00    0.00   34.45
21:38:39     all   26.74    0.00   28.88    0.00    0.00    8.29    0.27    0.00    0.00   35.83
21:38:40     all   26.74    0.00   28.88    0.00    0.00    9.09    0.27    0.00    0.00   35.03
21:38:41     all   28.12    0.00   29.43    0.00    0.00    8.07    0.00    0.00    0.00   34.38
21:38:42     all   28.61    0.00   28.61    0.00    0.00    8.17    0.00    0.00    0.00   34.60
21:38:43     all   29.18    0.00   27.59    0.00    0.00    8.75    0.27    0.00    0.00   34.22
21:38:44     all   26.53    0.00   29.97    0.00    0.00    8.49    0.00    0.00    0.00   35.01
21:38:45     all   23.69    0.00   24.94    0.00    0.00    6.48    0.00    0.00    0.00   44.89
21:38:46     all   32.05    0.00   34.09    0.00    0.00    8.86    0.45    0.00    0.00   24.55
21:38:47     all   35.37    0.00   36.28    0.00    0.00   12.47    0.45    0.00    0.00   15.42
21:38:48     all   37.41    0.00   37.19    0.00    0.00    9.98    0.00    0.00    0.00   15.42
21:38:49     all   35.78    0.00   36.47    0.23    0.00   11.47    0.00    0.00    0.00   16.06
21:38:50     all   34.92    0.00   37.41    0.00    0.00   11.56    0.23    0.00    0.00   15.87
21:38:51     all   36.70    0.00   37.84    0.00    0.00   12.84    0.23    0.00    0.00   12.39
21:38:52     all   35.27    0.00   39.91    0.00    0.00   12.53    0.00    0.00    0.00   12.30
21:38:53     all   37.50    0.00   38.18    0.00    0.00   11.36    0.23    0.00    0.00   12.73
21:38:54     all   35.86    0.00   37.93    0.00    0.00   12.41    0.00    0.00    0.00   13.79
21:38:55     all   35.10    0.00   38.80    0.00    0.00   10.39    0.00    0.00    0.00   15.70
21:38:56     all   34.71    0.00   37.93    0.00    0.00   11.03    0.46    0.00    0.00   15.86
21:38:57     all   34.94    0.00   37.93    0.00    0.00   12.18    0.00    0.00    0.00   14.94
21:38:58     all   34.70    0.00   38.58    0.00    0.00   10.96    0.46    0.00    0.00   15.30
21:38:59     all   34.70    0.00   37.21    0.00    0.00   11.64    0.00    0.00    0.00   16.44
21:39:00     all   35.63    0.00   38.39    0.00    0.00   10.34    0.23    0.00    0.00   15.40
21:39:01     all   35.39    0.00   37.44    0.00    0.00   10.96    0.23    0.00    0.00   15.98
21:39:02     all   35.96    0.00   38.05    0.00    0.00   10.90    0.00    0.00    0.00   15.08
21:39:03     all   35.17    0.00   38.16    0.00    0.00   11.03    0.00    0.00    0.00   15.63
21:39:04     all   34.63    0.00   38.76    0.00    0.00   10.55    0.00    0.00    0.00   16.06
21:39:05     all   33.48    0.00   37.10    0.00    0.00   11.99    0.68    0.00    0.00   16.74
21:39:06     all   36.36    0.00   36.36    0.00    0.00   11.14    0.23    0.00    0.00   15.91
21:39:07     all   33.94    0.00   38.50    0.00    0.00   11.39    0.23    0.00    0.00   15.95
21:39:08     all   36.41    0.00   37.56    0.00    0.00   10.14    0.00    0.00    0.00   15.90
21:39:09     all   36.72    0.00   36.26    0.00    0.00   11.09    0.00    0.00    0.00   15.94
21:39:10     all   33.79    0.00   39.08    0.00    0.00   11.03    0.46    0.00    0.00   15.63
21:39:11     all   36.73    0.00   36.73    0.00    0.00   10.66    0.00    0.00    0.00   15.87
21:39:12     all   35.03    0.00   38.75    0.00    0.00   11.14    0.00    0.00    0.00   15.08
21:39:13     all   33.73    0.00   37.26    0.00    0.00   13.21    0.24    0.00    0.00   15.57
21:39:14     all   33.95    0.00   37.67    0.00    0.00   12.56    0.00    0.00    0.00   15.81
21:39:15     all   28.19    0.00   30.60    0.00    0.00    9.16    0.24    0.00    0.00   31.81
21:39:16     all   35.98    0.00   36.68    0.00    0.00   14.25    0.23    0.00    0.00   12.85
21:39:17     all   39.45    0.00   36.68    0.00    0.00   21.61    0.00    0.00    0.00    2.26
21:39:18     all   39.25    0.00   37.75    0.00    0.00   21.25    0.25    0.00    0.00    1.50
21:39:19     all   39.60    0.00   36.84    0.00    0.00   21.05    0.00    0.00    0.00    2.51
21:39:20     all   38.00    0.00   38.75    0.00    0.00   21.75    0.00    0.00    0.00    1.50
21:39:21     all   37.34    0.00   39.35    0.00    0.00   22.06    0.25    0.00    0.00    1.00
21:39:22     all   37.75    0.00   38.50    0.00    0.00   22.00    0.00    0.00    0.00    1.75
21:39:23     all   37.59    0.00   38.85    0.00    0.00   21.55    0.00    0.00    0.00    2.01
21:39:24     all   37.53    0.00   40.30    0.00    0.00   21.16    0.00    0.00    0.00    1.01
21:39:25     all   37.25    0.00   39.00    0.00    0.00   21.75    0.00    0.00    0.00    2.00
21:39:26     all   37.53    0.00   38.79    0.00    0.00   22.17    0.00    0.00    0.00    1.51
21:39:27     all   36.62    0.00   40.15    0.00    0.00   21.72    0.00    0.00    0.00    1.52
21:39:28     all   37.78    0.00   39.29    0.00    0.00   21.41    0.00    0.00    0.00    1.51
21:39:29     all   36.57    0.00   40.05    0.00    0.00   21.39    0.50    0.00    0.00    1.49
21:39:30     all   37.31    0.00   39.30    0.00    0.00   21.64    0.00    0.00    0.00    1.74
21:39:31     all   38.13    0.00   38.38    0.00    0.00   22.22    0.25    0.00    0.00    1.01
21:39:32     all   36.75    0.00   38.75    0.00    0.00   22.75    0.00    0.00    0.00    1.75
21:39:33     all   37.91    0.00   39.15    0.00    0.00   20.95    0.25    0.00    0.00    1.75
21:39:34     all   38.25    0.00   37.75    0.00    0.00   22.25    0.00    0.00    0.00    1.75
21:39:35     all   38.44    0.00   38.69    0.00    0.00   21.36    0.00    0.00    0.00    1.51
21:39:36     all   36.50    0.00   40.75    0.00    0.00   21.50    0.00    0.00    0.00    1.25
21:39:37     all   37.72    0.00   38.73    0.00    0.00   21.52    0.00    0.00    0.00    2.03
21:39:38     all   38.65    0.00   37.91    0.00    0.00   21.45    0.00    0.00    0.00    2.00
21:39:39     all   36.93    0.00   40.95    0.00    0.00   21.11    0.00    0.00    0.00    1.01
21:39:40     all   39.95    0.00   37.44    0.00    0.00   21.61    0.00    0.00    0.00    1.01
21:39:41     all   37.50    0.00   38.25    0.00    0.00   21.50    0.25    0.00    0.00    2.50
21:39:42     all   39.25    0.00   37.25    0.00    0.00   21.50    0.00    0.00    0.00    2.00
21:39:43     all   38.44    0.00   38.69    0.00    0.00   21.11    0.00    0.00    0.00    1.76
21:39:44     all   38.75    0.00   38.50    0.00    0.00   21.00    0.25    0.00    0.00    1.50
21:39:45     all   28.21    0.00   30.00    0.00    0.00   14.36    0.26    0.00    0.00   27.18
21:39:46     all   34.77    0.00   33.57    0.00    0.00   12.47    0.24    0.00    0.00   18.94
21:39:47     all   42.57    0.00   37.78    0.00    0.00   16.62    0.00    0.00    0.00    3.02
21:39:48     all   43.36    0.00   37.09    0.00    0.00   17.79    0.00    0.00    0.00    1.75
21:39:49     all   41.71    0.00   38.69    0.00    0.00   17.59    0.00    0.00    0.00    2.01
21:39:50     all   38.19    0.00   38.94    0.00    0.00   21.61    0.00    0.00    0.00    1.26
21:39:51     all   39.00    0.00   38.25    0.00    0.00   20.75    0.00    0.00    0.00    2.00
21:39:52     all   37.84    0.00   39.35    0.00    0.00   21.05    0.00    0.00    0.00    1.75
21:39:53     all   38.44    0.00   39.70    0.00    0.00   20.10    0.25    0.00    0.00    1.51
21:39:54     all   37.66    0.00   39.40    0.00    0.00   20.45    0.00    0.00    0.00    2.49
21:39:55     all   38.79    0.00   39.04    0.00    0.00   20.15    0.25    0.00    0.00    1.76
21:39:56     all   37.28    0.00   39.80    0.00    0.00   20.40    0.25    0.00    0.00    2.27
21:39:57     all   36.66    0.00   40.65    0.00    0.00   20.95    0.00    0.00    0.00    1.75
21:39:58     all   38.94    0.00   37.94    0.00    0.00   21.36    0.00    0.00    0.00    1.76
21:39:59     all   38.10    0.00   38.60    0.00    0.00   21.30    0.00    0.00    0.00    2.01
21:40:00     all   39.45    0.00   39.70    0.00    0.00   20.10    0.00    0.00    0.00    0.75
21:40:01     all   38.75    0.00   37.50    0.00    0.00   20.75    0.00    0.00    0.00    3.00
21:40:02     all   37.50    0.00   38.50    0.00    0.00   21.50    0.25    0.00    0.00    2.25
21:40:03     all   38.13    0.00   39.65    0.00    0.00   20.45    0.00    0.00    0.00    1.77
21:40:04     all   36.84    0.00   40.60    0.00    0.00   20.55    0.25    0.00    0.00    1.75
21:40:05     all   37.00    0.00   40.25    0.00    0.00   20.75    0.00    0.00    0.00    2.00
21:40:06     all   38.60    0.00   38.60    0.00    0.00   21.05    0.25    0.00    0.00    1.50
21:40:07     all   36.66    0.00   40.65    0.00    0.00   20.95    0.25    0.00    0.00    1.50
21:40:08     all   37.91    0.00   39.40    0.00    0.00   20.95    0.00    0.00    0.00    1.75
21:40:10     all   39.45    0.00   37.94    0.00    0.00   21.36    0.00    0.00    0.00    1.26
21:40:11     all   38.54    0.00   38.29    0.00    0.00   21.41    0.00    0.00    0.00    1.76
21:40:12     all   37.66    0.00   40.40    0.00    0.00   20.95    0.00    0.00    0.00    1.00
21:40:13     all   38.75    0.00   38.50    0.00    0.00   20.25    0.25    0.00    0.00    2.25
21:40:14     all   38.79    0.00   39.55    0.00    0.00   20.40    0.00    0.00    0.00    1.26
21:40:15     all   39.20    0.00   38.94    0.00    0.00   20.60    0.00    0.00    0.00    1.26
21:40:16     all   21.39    0.00   22.64    0.00    0.00   11.44    0.25    0.00    0.00   44.28
21:40:17     all    7.32    0.00    4.55    0.00    0.00    2.02    0.00    0.00    0.00   86.11
21:40:18     all   15.56    0.00    7.91    0.00    0.00    4.08    0.00    0.00    0.00   72.45
21:40:19     all   11.90    0.00   10.89    0.00    0.00    3.29    0.00    0.00    0.00   73.92
21:40:20     all   13.42    0.00   11.14    0.00    0.00    2.78    0.25    0.00    0.00   72.41
21:40:21     all   11.05    0.00   10.28    0.00    0.00    3.34    0.00    0.00    0.00   75.32
21:40:22     all   11.34    0.00   11.08    0.00    0.00    3.27    0.00    0.00    0.00   74.31
21:40:23     all   10.38    0.00    9.87    0.00    0.00    3.29    0.00    0.00    0.00   76.46
21:40:24     all   11.96    0.00   10.18    0.00    0.00    3.31    0.00    0.00    0.00   74.55
21:40:25     all   11.34    0.00   11.34    0.00    0.00    3.27    0.00    0.00    0.00   74.06
21:40:26     all    9.67    0.00   10.43    0.00    0.00    3.05    0.00    0.00    0.00   76.84
21:40:27     all   12.31    0.00   11.31    0.00    0.00    3.02    0.00    0.00    0.00   73.37
21:40:28     all   11.96    0.00    9.67    0.00    0.00    3.31    0.00    0.00    0.00   75.06
21:40:29     all    8.63    0.00   11.42    0.00    0.00    3.30    0.00    0.00    0.00   76.65
21:40:30     all   12.44    0.00   10.66    0.00    0.00    3.05    0.00    0.00    0.00   73.86
21:40:31     all   11.70    0.00    9.92    0.00    0.00    3.05    0.00    0.00    0.00   75.32
21:40:32     all    8.93    0.00   10.97    0.00    0.00    3.06    0.26    0.00    0.00   76.79
21:40:33     all   11.45    0.00   10.94    0.00    0.00    3.05    0.00    0.00    0.00   74.55
21:40:34     all   11.65    0.00   10.89    0.00    0.00    2.78    0.25    0.00    0.00   74.43
21:40:35     all    9.27    0.00   11.28    0.00    0.00    3.26    0.25    0.00    0.00   75.94
21:40:36     all   11.48    0.00   10.20    0.00    0.00    3.32    0.00    0.00    0.00   75.00
21:40:37     all   10.69    0.00   10.69    0.00    0.00    3.31    0.00    0.00    0.00   75.32
21:40:38     all   10.13    0.00   10.89    0.00    0.00    2.53    0.00    0.00    0.00   76.46
21:40:39     all   12.03    0.00   10.78    0.00    0.00    3.26    0.00    0.00    0.00   73.93
21:40:40     all   10.69    0.00   11.20    0.00    0.00    3.31    0.25    0.00    0.00   74.55
21:40:41     all    9.54    0.00   10.05    0.00    0.00    2.58    0.00    0.00    0.00   77.84
21:40:42     all   12.12    0.00   10.86    0.00    0.00    3.54    0.00    0.00    0.00   73.48
21:40:43     all    9.67    0.00   10.69    0.00    0.00    3.82    0.00    0.00    0.00   75.83
21:40:44     all   10.18    0.00   10.69    0.00    0.00    2.80    0.00    0.00    0.00   76.34
21:40:45     all   12.24    0.00   12.50    0.00    0.00    2.81    0.00    0.00    0.00   72.45
21:40:46     all    6.84    0.00    7.09    0.00    0.00    2.53    0.00    0.00    0.00   83.54
21:40:47     all    6.72    0.00    4.23    0.00    0.00    2.49    0.00    0.00    0.00   86.57
21:40:48     all   28.39    0.00   14.84    0.52    0.00    7.29    0.00    0.00    0.00   48.96
21:40:49     all   28.17    0.00   20.93    0.00    0.00    8.01    0.00    0.00    0.00   42.89
21:40:50     all   21.41    0.00   23.17    0.00    0.00    7.30    0.00    0.00    0.00   48.11
21:40:51     all   22.70    0.00   21.68    0.00    0.00    7.14    0.26    0.00    0.00   48.21
21:40:52     all   23.64    0.00   21.30    0.00    0.00    6.23    0.26    0.00    0.00   48.57
21:40:53     all   20.20    0.00   21.97    0.00    0.00    6.57    0.25    0.00    0.00   51.01
21:40:54     all   22.06    0.00   23.56    0.00    0.00    6.77    0.25    0.00    0.00   47.37
21:40:55     all   20.30    0.00   22.81    0.00    0.00    6.02    0.00    0.00    0.00   50.88
21:40:56     all   23.76    0.00   21.67    0.00    0.00    5.74    0.00    0.00    0.00   48.83
21:40:57     all   20.41    0.00   21.43    0.00    0.00    6.63    0.00    0.00    0.00   51.53
21:40:58     all   23.16    0.00   22.90    0.00    0.00    6.11    0.00    0.00    0.00   47.84
21:40:59     all   20.82    0.00   23.39    0.00    0.00    5.91    0.00    0.00    0.00   49.87
21:41:00     all   19.08    0.00   22.65    0.00    0.00    7.12    0.00    0.00    0.00   51.15
21:41:01     all   22.60    0.00   22.86    0.00    0.00    6.23    0.26    0.00    0.00   48.05
21:41:02     all   19.24    0.00   22.53    0.00    0.00    6.58    0.51    0.00    0.00   51.14
21:41:03     all   22.45    0.00   22.70    0.00    0.00    6.63    0.26    0.00    0.00   47.96
21:41:04     all   19.95    0.00   21.74    0.00    0.00    5.88    0.00    0.00    0.00   52.43
21:41:05     all   22.53    0.00   23.29    0.00    0.00    6.58    0.00    0.00    0.00   47.59
21:41:06     all   19.02    0.00   21.59    0.00    0.00    6.17    0.00    0.00    0.00   53.21
21:41:07     all   19.59    0.00   21.88    0.00    0.00    6.62    0.00    0.00    0.00   51.91
21:41:08     all   22.72    0.00   21.93    0.00    0.00    6.01    0.00    0.00    0.00   49.35
21:41:09     all   19.18    0.00   21.99    0.00    0.00    5.63    0.00    0.00    0.00   53.20
21:41:10     all   23.79    0.00   20.72    0.00    0.00    6.39    0.00    0.00    0.00   49.10
21:41:11     all   20.00    0.00   21.52    0.00    0.00    6.58    0.00    0.00    0.00   51.90
21:41:12     all   21.91    0.00   24.43    0.00    0.00    6.05    0.25    0.00    0.00   47.36
21:41:13     all   19.38    0.00   21.96    0.00    0.00    5.94    0.00    0.00    0.00   52.71
21:41:14     all   19.39    0.00   21.68    0.00    0.00    6.38    0.77    0.00    0.00   51.79
21:41:15     all   24.94    0.00   22.42    0.00    0.00    6.30    0.00    0.00    0.00   46.35
21:41:16     all   13.54    0.00   16.41    0.00    0.00    4.95    0.00    0.00    0.00   65.10
21:41:17     all    4.77    0.00    2.51    0.00    0.00    1.51    0.00    0.00    0.00   91.21
21:41:18     all   22.05    0.00   14.96    0.00    0.00    7.09    0.00    0.00    0.00   55.91
21:41:19     all   30.39    0.00   21.30    0.00    0.00    9.35    0.00    0.00    0.00   38.96
21:41:20     all   42.46    0.00   28.13    0.00    0.00    8.95    0.00    0.00    0.00   20.46
21:41:21     all   55.89    0.00   25.81    0.00    0.00   11.78    0.00    0.00    0.00    6.52
21:41:22     all   52.14    0.00   24.69    0.00    0.00   11.34    0.00    0.00    0.00   11.84
21:41:23     all   53.40    0.00   24.69    0.00    0.00   10.33    0.00    0.00    0.00   11.59
21:41:24     all   52.01    0.00   28.64    0.00    0.00   10.05    0.00    0.00    0.00    9.30
21:41:25     all   51.13    0.00   25.56    0.00    0.00   10.78    0.00    0.00    0.00   12.53
21:41:26     all   51.76    0.00   24.62    0.00    0.00   12.56    0.25    0.00    0.00   10.80
21:41:27     all   51.00    0.00   27.75    0.00    0.00   13.25    0.00    0.00    0.00    8.00
21:41:28     all   51.77    0.00   26.77    0.00    0.00   11.87    0.00    0.00    0.00    9.60
21:41:29     all   53.75    0.00   26.50    0.00    0.00   11.50    0.00    0.00    0.00    8.25
21:41:30     all   51.63    0.00   24.81    0.00    0.00   12.28    0.00    0.00    0.00   11.28
21:41:31     all   53.27    0.00   25.38    0.00    0.00   11.06    0.00    0.00    0.00   10.30
21:41:32     all   55.75    0.00   26.75    0.00    0.00   12.25    0.00    0.00    0.00    5.25
21:41:33     all   52.39    0.00   26.95    0.00    0.00   12.59    0.00    0.00    0.00    8.06
21:41:34     all   56.14    0.00   27.32    0.00    0.00   11.78    0.00    0.00    0.00    4.76
21:41:35     all   51.89    0.00   26.95    0.00    0.00   13.35    0.00    0.00    0.00    7.81
21:41:36     all   51.88    0.00   26.07    0.00    0.00   11.53    0.00    0.00    0.00   10.53
21:41:37     all   54.86    0.00   26.18    0.00    0.00   12.47    0.25    0.00    0.00    6.23
21:41:38     all   51.37    0.00   25.44    0.00    0.00   12.22    0.25    0.00    0.00   10.72
21:41:39     all   50.75    0.00   25.88    0.00    0.00   11.81    0.00    0.00    0.00   11.56
21:41:40     all   57.25    0.00   26.25    0.00    0.00   12.25    0.00    0.00    0.00    4.25
21:41:41     all   53.00    0.00   24.50    0.00    0.00   11.00    0.25    0.00    0.00   11.25
21:41:42     all   52.15    0.00   30.13    0.00    0.00   12.91    0.00    0.00    0.00    4.81
21:41:43     all   51.89    0.00   26.45    0.00    0.00   11.59    0.00    0.00    0.00   10.08
21:41:44     all   53.00    0.00   28.00    0.00    0.00   11.00    0.00    0.00    0.00    8.00
21:41:45     all   52.76    0.00   30.90    0.00    0.00   10.55    0.00    0.00    0.00    5.78
21:41:46     all   49.24    0.00   21.72    0.00    0.00    9.34    0.00    0.00    0.00   19.70
21:41:47     all    3.78    0.00    2.27    0.00    0.00    1.26    0.00    0.00    0.00   92.70
21:41:48     all   16.58    0.00   15.28    0.00    0.00    6.48    0.00    0.00    0.00   61.66
21:41:49     all   25.86    0.00   21.64    0.00    0.00    9.50    0.26    0.00    0.00   42.74
21:41:50     all   36.01    0.00   27.98    0.00    0.00    9.84    0.00    0.00    0.00   26.17
21:41:51     all   50.63    0.00   28.07    0.00    0.00   10.28    0.00    0.00    0.00   11.03
21:41:52     all   58.44    0.00   25.69    0.00    0.00   11.08    0.00    0.00    0.00    4.79
21:41:53     all   61.25    0.00   21.00    0.00    0.00   10.75    0.00    0.00    0.00    7.00
21:41:54     all   59.75    0.00   20.75    0.00    0.00   11.75    0.00    0.00    0.00    7.75
21:41:55     all   67.67    0.00   14.54    0.00    0.00    8.77    0.25    0.00    0.00    8.77
21:41:56     all   79.80    0.00   10.22    0.00    0.00    6.48    0.00    0.00    0.00    3.49
21:41:57     all   87.47    0.00    5.26    0.00    0.00    2.51    0.00    0.00    0.00    4.76
21:41:58     all   86.78    0.00    5.99    0.00    0.00    3.24    0.00    0.00    0.00    3.99
21:41:59     all   87.50    0.00    5.00    0.00    0.00    2.50    0.00    0.00    0.00    5.00
21:42:00     all   88.89    0.00    5.05    0.00    0.00    2.02    0.00    0.00    0.00    4.04
21:42:01     all   87.47    0.00    5.51    0.00    0.00    3.01    0.00    0.00    0.00    4.01
21:42:02     all   87.85    0.00    5.57    0.00    0.00    2.78    0.00    0.00    0.00    3.80
21:42:03     all   89.05    0.00    3.98    0.00    0.00    1.49    0.00    0.00    0.00    5.47
21:42:04     all   85.93    0.00    4.27    0.00    0.00    2.01    0.25    0.00    0.00    7.54
21:42:05     all   87.97    0.00    5.26    0.00    0.00    2.26    0.25    0.00    0.00    4.26
21:42:06     all   88.50    0.00    4.50    0.00    0.00    1.75    0.00    0.00    0.00    5.25
21:42:07     all   85.75    0.00    6.25    0.00    0.00    3.25    0.00    0.00    0.00    4.75
21:42:08     all   87.63    0.00    5.56    0.00    0.00    2.27    0.00    0.00    0.00    4.55
21:42:09     all   86.28    0.00    5.99    0.00    0.00    2.74    0.00    0.00    0.00    4.99
21:42:10     all   87.97    0.00    6.02    0.00    0.00    2.26    0.00    0.00    0.00    3.76
21:42:11     all   86.22    0.00    6.52    0.00    0.00    2.76    0.00    0.00    0.00    4.51
21:42:12     all   89.00    0.00    4.25    0.00    0.00    2.00    0.00    0.00    0.00    4.75
21:42:13     all   86.75    0.00    6.00    0.00    0.00    2.50    0.00    0.00    0.00    4.75
21:42:14     all   85.68    0.00    6.78    0.00    0.00    3.02    0.00    0.00    0.00    4.52
21:42:15     all   87.22    0.00    5.51    0.00    0.00    2.26    0.00    0.00    0.00    5.01
21:42:16     all   85.00    0.00    5.75    0.00    0.00    4.75    0.00    0.00    0.00    4.50
