Running 30s test @ http://10.116.0.2:8080/block?ms=100
  4 threads and 8000 connections
  Thread calibration: mean lat.: 1935.373ms, rate sampling interval: 8495ms
  Thread calibration: mean lat.: 1926.945ms, rate sampling interval: 8527ms
  Thread calibration: mean lat.: 1951.418ms, rate sampling interval: 8552ms
  Thread calibration: mean lat.: 1917.560ms, rate sampling interval: 8445ms
  Thread Stats   Avg      Stdev     Max   +/- Stdev
    Latency     6.72s     1.06s    9.36s    59.68%
    Req/Sec    11.47k    29.60    11.51k    50.00%
  Latency Distribution (HdrHistogram - Recorded Latency)
 50.000%    6.70s 
 75.000%    7.60s 
 90.000%    8.20s 
 99.000%    8.59s 
 99.900%    8.72s 
 99.990%    9.06s 
 99.999%    9.32s 
100.000%    9.36s 

  Detailed Percentile spectrum:
       Value   Percentile   TotalCount 1/(1-Percentile)

    3905.535     0.000000            1         1.00
    5292.031     0.100000        46093         1.11
    5656.575     0.200000        92056         1.25
    6008.831     0.300000       137893         1.43
    6365.183     0.400000       183993         1.67
    6696.959     0.500000       230116         2.00
    6881.279     0.550000       252973         2.22
    7065.599     0.600000       275802         2.50
    7241.727     0.650000       298658         2.86
    7430.143     0.700000       321669         3.33
    7602.175     0.750000       344732         4.00
    7692.287     0.775000       356067         4.44
    7794.687     0.800000       367638         5.00
    7888.895     0.825000       379454         5.71
    7983.103     0.850000       390851         6.67
    8101.887     0.875000       402298         8.00
    8146.943     0.887500       407867         8.89
    8200.191     0.900000       413785        10.00
    8249.343     0.912500       419316        11.43
    8298.495     0.925000       425398        13.33
    8359.935     0.937500       430908        16.00
    8388.607     0.943750       433799        17.78
    8413.183     0.950000       436539        20.00
    8437.759     0.956250       439888        22.86
    8454.143     0.962500       442177        26.67
    8478.719     0.968750       445537        32.00
    8486.911     0.971875       446488        35.56
    8503.295     0.975000       448281        40.00
    8519.679     0.978125       449886        45.71
    8536.063     0.981250       451296        53.33
    8552.447     0.984375       452668        64.00
    8560.639     0.985938       453306        71.11
    8568.831     0.987500       453955        80.00
    8577.023     0.989062       454499        91.43
    8593.407     0.990625       455313       106.67
    8609.791     0.992188       456042       128.00
    8617.983     0.992969       456470       142.22
    8626.175     0.993750       456877       160.00
    8626.175     0.994531       456877       182.86
    8642.559     0.995313       457527       213.33
    8650.751     0.996094       457777       256.00
    8650.751     0.996484       457777       284.44
    8658.943     0.996875       457970       320.00
    8667.135     0.997266       458159       365.71
    8675.327     0.997656       458316       426.67
    8691.711     0.998047       458598       512.00
    8691.711     0.998242       458598       568.89
    8699.903     0.998437       458678       640.00
    8708.095     0.998633       458771       731.43
    8716.287     0.998828       458862       853.33
    8724.479     0.999023       458943      1024.00
    8732.671     0.999121       458991      1137.78
    8740.863     0.999219       459030      1280.00
    8757.247     0.999316       459082      1462.86
    8773.631     0.999414       459143      1706.67
    8781.823     0.999512       459172      2048.00
    8790.015     0.999561       459193      2275.56
    8798.207     0.999609       459209      2560.00
    8814.591     0.999658       459231      2925.71
    8830.975     0.999707       459256      3413.33
    8855.551     0.999756       459279      4096.00
    8863.743     0.999780       459287      4551.11
    8888.319     0.999805       459305      5120.00
    8904.703     0.999829       459310      5851.43
    8937.471     0.999854       459319      6826.67
    8994.815     0.999878       459330      8192.00
    9035.775     0.999890       459337      9102.22
    9084.927     0.999902       459341     10240.00
    9117.695     0.999915       459346     11702.86
    9158.655     0.999927       459352     13653.33
    9199.615     0.999939       459358     16384.00
    9207.807     0.999945       459360     18204.44
    9232.383     0.999951       459363     20480.00
    9248.767     0.999957       459368     23405.71
    9256.959     0.999963       459369     27306.67
    9273.343     0.999969       459374     32768.00
    9273.343     0.999973       459374     36408.89
    9273.343     0.999976       459374     40960.00
    9306.111     0.999979       459376     46811.43
    9314.303     0.999982       459378     54613.33
    9314.303     0.999985       459378     65536.00
    9322.495     0.999986       459381     72817.78
    9322.495     0.999988       459381     81920.00
    9322.495     0.999989       459381     93622.86
    9322.495     0.999991       459381    109226.67
    9330.687     0.999992       459383    131072.00
    9330.687     0.999993       459383    145635.56
    9330.687     0.999994       459383    163840.00
    9330.687     0.999995       459383    187245.71
    9330.687     0.999995       459383    218453.33
    9355.263     0.999996       459384    262144.00
    9355.263     0.999997       459384    291271.11
    9355.263     0.999997       459384    327680.00
    9355.263     0.999997       459384    374491.43
    9355.263     0.999998       459384    436906.67
    9363.455     0.999998       459385    524288.00
    9363.455     1.000000       459385          inf
#[Mean    =     6716.452, StdDeviation   =     1063.654]
#[Max     =     9355.264, Total count    =       459385]
#[Buckets =           27, SubBuckets     =         2048]
----------------------------------------------------------
  1187079 requests in 30.00s, 181.13MB read
Requests/sec:  39569.28
Transfer/sec:      6.04MB
