Linux 6.8.0-142-generic (cafeai-bench-loadgen) 	10/01/26 	_x86_64_	(4 CPU)

21:17:59     CPU    %usr   %nice    %sys %iowait    %irq   %soft  %steal  %guest  %gnice   %idle
21:18:00     all    1.02    0.00    3.06    0.26    0.00    2.04    0.00    0.00    0.00   93.62
21:18:01     all    3.54    0.00    7.85    0.00    0.00    5.06    0.25    0.00    0.00   83.29
21:18:02     all    4.63    0.00   10.03    0.00    0.00    7.20    0.00    0.00    0.00   78.15
21:18:03     all    4.82    0.00    9.14    0.00    0.00    5.84    0.00    0.00    0.00   80.20
21:18:04     all    3.87    0.00    7.73    0.00    0.00    3.87    0.00    0.00    0.00   84.54
21:18:05     all    4.52    0.00    6.53    0.00    0.00    5.28    0.00    0.00    0.00   83.67
21:18:06     all    4.94    0.00    6.67    0.00    0.00    5.19    0.00    0.00    0.00   83.21
21:18:07     all    5.01    0.00    6.52    0.00    0.00    4.51    0.25    0.00    0.00   83.71
21:18:08     all    4.18    0.00    7.86    0.00    0.00    5.16    0.00    0.00    0.00   82.80
21:18:09     all    4.71    0.00    7.20    0.00    0.00    4.96    0.00    0.00    0.00   83.13
21:18:10     all    5.60    0.00    7.79    0.00    0.00    4.87    0.00    0.00    0.00   81.75
21:18:11     all    4.46    0.00    7.43    0.00    0.00    4.95    0.00    0.00    0.00   83.17
21:18:12     all    4.00    0.00    7.75    0.00    0.00    4.50    0.00    0.00    0.00   83.75
21:18:13     all    3.75    0.00    7.75    0.00    0.00    4.25    0.00    0.00    0.00   84.25
21:18:14     all    4.20    0.00    7.90    0.00    0.00    4.44    0.25    0.00    0.00   83.21
21:18:15     all    4.00    0.00    7.50    0.00    0.00    4.25    0.00    0.00    0.00   84.25
21:18:16     all    3.94    0.00    7.88    0.00    0.00    5.17    0.00    0.00    0.00   83.00
21:18:17     all    4.52    0.00    6.78    0.00    0.00    4.27    0.00    0.00    0.00   84.42
21:18:18     all    3.95    0.00    7.65    0.00    0.00    4.94    0.00    0.00    0.00   83.46
21:18:19     all    5.65    0.00    6.88    0.00    0.00    5.16    0.00    0.00    0.00   82.31
21:18:20     all    4.94    0.00    6.91    0.00    0.00    4.94    0.00    0.00    0.00   83.21
21:18:21     all    4.51    0.00    7.27    0.00    0.00    4.26    0.00    0.00    0.00   83.96
21:18:22     all    4.88    0.00    8.29    0.00    0.00    4.88    0.00    0.00    0.00   81.95
21:18:23     all    5.19    0.00    7.16    0.00    0.00    4.44    0.00    0.00    0.00   83.21
21:18:24     all    4.48    0.00    7.46    0.00    0.00    4.48    0.00    0.00    0.00   83.58
21:18:25     all    4.48    0.00    7.21    0.00    0.00    4.73    0.00    0.00    0.00   83.58
21:18:26     all    4.48    0.00    6.72    0.00    0.00    4.73    0.25    0.00    0.00   83.83
21:18:27     all    4.44    0.00    7.65    0.00    0.00    4.69    0.00    0.00    0.00   83.21
21:18:28     all    4.70    0.00    7.18    0.00    0.00    4.70    0.00    0.00    0.00   83.42
21:18:29     all    5.20    0.00    7.92    0.25    0.00    4.21    0.00    0.00    0.00   82.43
21:18:30     all    8.23    0.00    3.24    0.00    0.00    0.00    0.00    0.00    0.00   88.53
21:18:31     all    1.02    0.00    3.32    0.00    0.00    3.32    0.00    0.00    0.00   92.33
21:18:32     all    2.03    0.00    4.05    0.00    0.00    2.28    0.00    0.00    0.00   91.65
21:18:33     all    2.03    0.00    3.05    0.51    0.00    3.30    0.00    0.00    0.00   91.12
21:18:34     all    2.80    0.00    3.31    0.00    0.00    2.29    0.00    0.00    0.00   91.60
21:18:35     all    2.29    0.00    3.31    0.00    0.00    2.80    0.00    0.00    0.00   91.60
21:18:36     all    2.56    0.00    2.56    0.00    0.00    2.05    0.00    0.00    0.00   92.82
21:18:37     all    2.27    0.00    3.28    0.00    0.00    3.28    0.00    0.00    0.00   91.16
21:18:38     all    2.53    0.00    2.53    0.00    0.00    2.53    0.25    0.00    0.00   92.15
21:18:39     all    2.28    0.00    3.29    0.00    0.00    2.53    0.00    0.00    0.00   91.90
21:18:40     all    2.29    0.00    3.31    0.00    0.00    2.80    0.00    0.00    0.00   91.60
21:18:41     all    2.30    0.00    3.32    0.00    0.00    1.79    0.00    0.00    0.00   92.58
21:18:42     all    3.02    0.00    3.53    0.00    0.00    2.52    0.00    0.00    0.00   90.93
21:18:43     all    2.02    0.00    3.54    0.00    0.00    2.53    0.00    0.00    0.00   91.92
21:18:44     all    2.54    0.00    3.05    0.00    0.00    2.80    0.00    0.00    0.00   91.60
21:18:45     all    2.03    0.00    3.54    0.00    0.00    2.53    0.00    0.00    0.00   91.90
21:18:46     all    1.53    0.00    3.32    0.00    0.00    2.81    0.26    0.00    0.00   92.09
21:18:47     all    2.78    0.00    3.03    0.00    0.00    2.78    0.00    0.00    0.00   91.41
21:18:48     all    1.78    0.00    3.55    0.00    0.00    2.79    0.00    0.00    0.00   91.88
21:18:49     all    2.29    0.00    3.05    0.00    0.00    2.54    0.00    0.00    0.00   92.11
21:18:50     all    2.03    0.00    3.30    0.00    0.00    2.79    0.00    0.00    0.00   91.88
21:18:51     all    2.27    0.00    3.27    0.00    0.00    2.77    0.00    0.00    0.00   91.69
21:18:52     all    1.78    0.00    3.05    0.00    0.00    3.05    0.00    0.00    0.00   92.11
21:18:53     all    2.51    0.00    3.27    0.00    0.00    3.02    0.00    0.00    0.00   91.21
21:18:54     all    2.05    0.00    3.32    0.00    0.00    2.30    0.00    0.00    0.00   92.33
21:18:55     all    2.29    0.00    3.05    0.00    0.00    3.05    0.00    0.00    0.00   91.60
21:18:56     all    2.78    0.00    3.28    0.00    0.00    2.53    0.00    0.00    0.00   91.41
21:18:57     all    2.77    0.00    3.02    0.00    0.00    2.77    0.00    0.00    0.00   91.44
21:18:58     all    2.01    0.00    3.77    0.00    0.00    3.27    0.25    0.00    0.00   90.70
21:18:59     all    2.30    0.00    2.55    0.00    0.00    2.55    0.00    0.00    0.00   92.60
21:19:00     all    2.78    0.00    4.55    0.00    0.00    1.01    0.00    0.00    0.00   91.67
21:19:01     all    5.29    0.00    6.80    0.00    0.00    2.27    0.00    0.00    0.00   85.64
21:19:02     all    5.76    0.00    7.02    0.00    0.00    2.51    0.00    0.00    0.00   84.71
21:19:03     all    5.08    0.00    6.85    0.00    0.00    2.54    0.00    0.00    0.00   85.53
21:19:04     all    5.75    0.00    6.75    0.00    0.00    3.00    0.00    0.00    0.00   84.50
21:19:05     all    5.96    0.00    6.95    0.00    0.00    2.98    0.00    0.00    0.00   84.12
21:19:06     all    5.25    0.00    7.00    0.00    0.00    3.75    0.00    0.00    0.00   84.00
21:19:07     all    5.03    0.00    6.53    0.00    0.00    3.52    0.00    0.00    0.00   84.92
21:19:08     all    5.21    0.00    7.69    0.00    0.00    3.72    0.00    0.00    0.00   83.37
21:19:09     all    5.56    0.00    6.57    0.00    0.00    2.78    0.00    0.00    0.00   85.10
21:19:10     all    5.75    0.00    7.00    0.00    0.00    3.75    0.00    0.00    0.00   83.50
21:19:11     all    6.91    0.00    6.42    0.00    0.00    3.46    0.00    0.00    0.00   83.21
21:19:12     all    5.54    0.00    6.30    0.00    0.00    3.53    0.00    0.00    0.00   84.63
21:19:13     all    6.02    0.00    7.02    0.00    0.00    2.76    0.00    0.00    0.00   84.21
21:19:14     all    5.51    0.00    7.27    0.00    0.00    3.26    0.00    0.00    0.00   83.96
21:19:15     all    6.02    0.00    6.77    0.00    0.00    2.76    0.00    0.00    0.00   84.46
21:19:16     all    6.02    0.00    6.77    0.00    0.00    3.01    0.00    0.00    0.00   84.21
21:19:17     all    4.99    0.00    7.48    0.00    0.00    3.99    0.00    0.00    0.00   83.54
21:19:18     all    5.75    0.00    6.75    0.00    0.00    3.00    0.25    0.00    0.00   84.25
21:19:19     all    5.51    0.00    7.02    0.00    0.00    3.51    0.00    0.00    0.00   83.96
21:19:20     all    5.97    0.00    7.21    0.00    0.00    3.23    0.00    0.00    0.00   83.58
21:19:21     all    5.74    0.00    7.48    0.00    0.00    3.49    0.00    0.00    0.00   83.29
21:19:22     all    5.69    0.00    7.18    0.00    0.00    3.71    0.25    0.00    0.00   83.17
21:19:23     all    5.06    0.00    6.84    0.00    0.00    2.53    0.00    0.00    0.00   85.57
21:19:24     all    6.23    0.00    7.23    0.00    0.00    2.74    0.00    0.00    0.00   83.79
21:19:25     all    5.05    0.00    6.57    0.00    0.00    3.79    0.00    0.00    0.00   84.60
21:19:26     all    5.74    0.00    6.98    0.00    0.00    3.24    0.00    0.00    0.00   84.04
21:19:27     all    5.78    0.00    6.78    0.00    0.00    2.51    0.00    0.00    0.00   84.92
21:19:28     all    5.25    0.00    7.00    0.00    0.00    3.50    0.00    0.00    0.00   84.25
21:19:29     all    6.23    0.00    6.48    0.00    0.00    3.24    0.00    0.00    0.00   84.04
21:19:30     all    7.81    0.00    9.82    0.25    0.00    3.53    0.00    0.00    0.00   78.59
21:19:31     all   21.61    0.00   16.15    0.00    0.00    5.21    0.00    0.00    0.00   57.03
21:19:32     all    9.21    0.00   12.63    0.00    0.00    6.84    0.00    0.00    0.00   71.32
21:19:33     all    9.45    0.00   13.12    0.00    0.00    5.77    0.26    0.00    0.00   71.39
21:19:34     all    9.47    0.00   11.84    0.00    0.00    6.05    0.00    0.00    0.00   72.63
21:19:35     all    8.71    0.00   12.14    0.00    0.00    6.33    0.00    0.00    0.00   72.82
21:19:36     all    9.82    0.00   13.18    0.00    0.00    6.72    0.00    0.00    0.00   70.28
21:19:37     all    9.28    0.00   12.20    0.00    0.00    6.63    0.00    0.00    0.00   71.88
21:19:38     all   10.36    0.00   11.66    0.00    0.00    7.25    0.00    0.00    0.00   70.73
21:19:39     all    9.66    0.00   13.05    0.00    0.00    6.27    0.00    0.00    0.00   71.02
21:19:40     all    9.69    0.00   12.04    0.00    0.00    6.54    0.26    0.00    0.00   71.47
21:19:41     all    9.09    0.00   12.30    0.00    0.00    5.88    0.00    0.00    0.00   72.73
21:19:42     all   10.39    0.00   12.21    0.00    0.00    6.75    0.26    0.00    0.00   70.39
21:19:43     all    9.26    0.00   11.90    0.00    0.00    6.35    0.00    0.00    0.00   72.49
21:19:44     all    9.23    0.00   11.87    0.00    0.00    6.86    0.26    0.00    0.00   71.77
21:19:45     all    9.45    0.00   12.07    0.00    0.00    6.82    0.00    0.00    0.00   71.65
21:19:46     all   10.34    0.00   12.40    0.00    0.00    6.98    0.00    0.00    0.00   70.28
21:19:47     all    9.21    0.00   11.58    0.00    0.00    7.63    0.00    0.00    0.00   71.58
21:19:48     all    8.31    0.00   13.51    0.00    0.00    7.01    0.00    0.00    0.00   71.17
21:19:49     all    9.11    0.00   12.76    0.00    0.00    6.77    0.00    0.00    0.00   71.35
21:19:50     all   10.10    0.00   13.21    0.00    0.00    6.99    0.00    0.00    0.00   69.69
21:19:51     all    9.21    0.00   12.63    0.00    0.00    6.58    0.00    0.00    0.00   71.58
21:19:52     all    9.09    0.00   12.73    0.00    0.00    7.27    0.00    0.00    0.00   70.91
21:19:53     all    8.27    0.00   12.27    0.00    0.00    6.67    0.00    0.00    0.00   72.80
21:19:54     all    9.74    0.00   13.08    0.00    0.00    7.44    0.00    0.00    0.00   69.74
21:19:55     all    8.62    0.00   13.58    0.00    0.00    6.79    0.00    0.00    0.00   71.02
21:19:56     all    9.47    0.00   12.37    0.00    0.00    6.84    0.00    0.00    0.00   71.32
21:19:57     all   10.28    0.00   12.60    0.00    0.00    7.46    0.00    0.00    0.00   69.67
21:19:58     all    9.35    0.00   12.99    0.00    0.00    6.75    0.00    0.00    0.00   70.91
21:19:59     all   10.00    0.00   11.84    0.00    0.00    6.84    0.00    0.00    0.00   71.32
21:20:00     all    4.75    0.00    9.23    0.00    0.00    1.85    0.00    0.00    0.00   84.17
21:20:01     all   11.55    0.00   17.59    0.00    0.00    6.82    0.00    0.00    0.00   64.04
21:20:02     all   14.51    0.00   18.39    0.00    0.00    9.07    0.00    0.00    0.00   58.03
21:20:03     all   14.80    0.00   18.62    0.00    0.00    9.18    0.26    0.00    0.00   57.14
21:20:04     all   14.58    0.00   18.23    0.00    0.00    8.85    0.00    0.00    0.00   58.33
21:20:05     all   12.99    0.00   19.48    0.00    0.00    9.09    0.00    0.00    0.00   58.44
21:20:06     all   12.69    0.00   19.43    0.00    0.00    9.59    0.00    0.00    0.00   58.29
21:20:07     all   12.40    0.00   19.64    0.00    0.00    9.04    0.00    0.00    0.00   58.91
21:20:08     all   13.12    0.00   19.95    0.00    0.00    7.87    0.00    0.00    0.00   59.06
21:20:09     all   14.06    0.00   20.57    0.00    0.00    8.07    0.00    0.00    0.00   57.29
21:20:10     all   13.61    0.00   17.54    0.00    0.00   10.21    0.00    0.00    0.00   58.64
21:20:11     all   14.25    0.00   19.43    0.00    0.00    8.03    0.26    0.00    0.00   58.03
21:20:12     all   13.77    0.00   19.48    0.00    0.00    8.57    0.00    0.00    0.00   58.18
21:20:13     all   14.77    0.00   19.43    0.00    0.00    7.51    0.00    0.00    0.00   58.29
21:20:14     all   13.68    0.00   18.16    0.26    0.00    8.68    0.00    0.00    0.00   59.21
21:20:15     all   14.25    0.00   19.17    0.00    0.00    8.55    0.00    0.00    0.00   58.03
21:20:16     all   12.60    0.00   21.34    0.00    0.00    8.23    0.00    0.00    0.00   57.84
21:20:17     all   14.84    0.00   18.75    0.00    0.00    8.33    0.00    0.00    0.00   58.07
21:20:18     all   13.39    0.00   19.42    0.00    0.00    8.40    0.00    0.00    0.00   58.79
21:20:19     all   13.42    0.00   18.16    0.00    0.00    9.21    0.26    0.00    0.00   58.95
21:20:20     all   14.47    0.00   18.68    0.00    0.00    8.16    0.00    0.00    0.00   58.68
21:20:21     all   13.02    0.00   18.75    0.00    0.00    8.85    0.26    0.00    0.00   59.11
21:20:22     all   13.61    0.00   18.06    0.00    0.00    9.42    0.00    0.00    0.00   58.90
21:20:23     all   12.57    0.00   18.59    0.00    0.00    9.42    0.00    0.00    0.00   59.42
21:20:24     all   14.81    0.00   18.44    0.00    0.00    8.83    0.00    0.00    0.00   57.92
21:20:25     all   12.99    0.00   19.48    0.00    0.00    8.83    0.00    0.00    0.00   58.70
21:20:26     all   13.09    0.00   18.85    0.00    0.00    8.90    0.00    0.00    0.00   59.16
21:20:27     all   12.66    0.00   19.64    0.00    0.00    8.79    0.00    0.00    0.00   58.91
21:20:28     all   13.42    0.00   18.16    0.00    0.00    9.21    0.00    0.00    0.00   59.21
21:20:29     all   14.10    0.00   18.54    0.00    0.00    8.09    0.00    0.00    0.00   59.27
21:20:30     all    7.38    0.00   10.11    0.00    0.00    2.73    0.00    0.00    0.00   79.78
21:20:31     all   17.76    0.00   19.95    0.00    0.00   10.38    0.00    0.00    0.00   51.91
21:20:32     all   32.17    0.00   27.35    0.00    0.00   14.75    0.00    0.00    0.00   25.74
21:20:33     all   19.28    0.00   22.04    0.00    0.00   14.33    0.28    0.00    0.00   44.08
21:20:34     all   19.41    0.00   21.83    0.00    0.00   15.09    0.00    0.00    0.00   43.67
21:20:35     all   20.00    0.00   21.08    0.00    0.00   15.14    0.00    0.00    0.00   43.78
21:20:36     all   19.67    0.00   21.05    0.00    0.00   14.13    0.00    0.00    0.00   45.15
21:20:37     all   20.17    0.00   20.99    0.28    0.00   14.09    0.00    0.00    0.00   44.48
21:20:38     all   21.08    0.00   19.19    0.00    0.00   15.68    0.00    0.00    0.00   44.05
21:20:39     all   20.64    0.00   20.11    0.00    0.00   15.82    0.00    0.00    0.00   43.43
21:20:40     all   20.05    0.00   20.60    0.00    0.00   14.29    0.00    0.00    0.00   45.05
21:20:41     all   19.45    0.00   21.10    0.00    0.00   14.52    0.00    0.00    0.00   44.93
21:20:42     all   20.60    0.00   21.43    0.00    0.00   13.74    0.00    0.00    0.00   44.23
21:20:43     all   19.95    0.00   21.56    0.00    0.00   14.29    0.00    0.00    0.00   44.20
21:20:44     all   18.68    0.00   21.70    0.00    0.00   14.56    0.00    0.00    0.00   45.05
21:20:45     all   19.84    0.00   23.32    0.00    0.00   13.40    0.27    0.00    0.00   43.16
21:20:46     all   19.29    0.00   22.01    0.00    0.00   15.22    0.00    0.00    0.00   43.48
21:20:47     all   20.28    0.00   21.94    0.00    0.00   13.61    0.00    0.00    0.00   44.17
21:20:48     all   20.11    0.00   21.47    0.00    0.00   15.76    0.00    0.00    0.00   42.66
21:20:49     all   19.95    0.00   22.40    0.00    0.00   14.21    0.00    0.00    0.00   43.44
21:20:50     all   20.97    0.00   20.97    0.00    0.00   15.59    0.00    0.00    0.00   42.47
21:20:51     all   21.08    0.00   20.27    0.00    0.00   15.14    0.54    0.00    0.00   42.97
21:20:52     all   22.40    0.00   20.49    0.00    0.00   14.21    0.00    0.00    0.00   42.90
21:20:53     all   21.83    0.00   20.75    0.00    0.00   15.09    0.00    0.00    0.00   42.32
21:20:54     all   22.25    0.00   19.57    0.00    0.00   16.35    0.00    0.00    0.00   41.82
21:20:55     all   20.82    0.00   21.37    0.00    0.00   14.79    0.00    0.00    0.00   43.01
21:20:56     all   20.21    0.00   20.21    0.00    0.00   15.96    0.00    0.00    0.00   43.62
21:20:57     all   22.40    0.00   19.47    0.00    0.00   15.47    0.00    0.00    0.00   42.67
21:20:58     all   20.81    0.00   19.46    0.00    0.00   17.30    0.00    0.00    0.00   42.43
21:20:59     all   20.48    0.00   22.07    0.00    0.00   15.43    0.00    0.00    0.00   42.02
21:21:00     all    6.27    0.00   10.18    0.00    0.00    3.92    0.00    0.00    0.00   79.63
21:21:01     all   11.98    0.00   25.00    0.00    0.00   12.24    0.00    0.00    0.00   50.78
21:21:02     all   15.00    0.00   32.11    0.00    0.00   17.11    0.26    0.00    0.00   35.53
21:21:03     all   14.81    0.00   33.25    0.00    0.00   17.14    0.26    0.00    0.00   34.55
21:21:04     all   15.79    0.00   35.00    0.00    0.00   18.95    0.00    0.00    0.00   30.26
21:21:05     all   16.54    0.00   35.96    0.00    0.00   17.59    0.00    0.00    0.00   29.92
21:21:06     all   16.49    0.00   35.08    0.00    0.00   18.59    0.00    0.00    0.00   29.84
21:21:07     all   16.71    0.00   34.48    0.00    0.00   18.57    0.00    0.00    0.00   30.24
21:21:08     all   17.06    0.00   34.65    0.00    0.00   18.37    0.00    0.00    0.00   29.92
21:21:09     all   17.12    0.00   33.42    0.00    0.00   18.21    0.00    0.00    0.00   31.25
21:21:10     all   19.13    0.00   30.87    0.00    0.00   18.58    0.00    0.00    0.00   31.42
21:21:11     all   16.94    0.00   31.42    0.00    0.00   19.13    0.00    0.00    0.00   32.51
21:21:12     all   17.98    0.00   31.06    0.00    0.00   18.26    0.00    0.00    0.00   32.70
21:21:13     all   17.66    0.00   30.98    0.00    0.00   19.02    0.00    0.00    0.00   32.34
21:21:14     all   16.76    0.00   32.97    0.00    0.00   19.19    0.00    0.00    0.00   31.08
21:21:15     all   18.56    0.00   30.19    0.00    0.00   18.84    0.00    0.00    0.00   32.41
21:21:16     all   19.94    0.00   29.09    0.00    0.00   18.84    0.00    0.00    0.00   32.13
21:21:17     all   18.28    0.00   31.02    0.00    0.00   18.84    0.28    0.00    0.00   31.58
21:21:18     all   17.30    0.00   31.62    0.00    0.00   19.19    0.00    0.00    0.00   31.89
21:21:19     all   17.63    0.00   30.03    0.00    0.00   19.83    0.00    0.00    0.00   32.51
21:21:20     all   17.44    0.00   31.61    0.00    0.00   19.07    0.00    0.00    0.00   31.88
21:21:21     all   18.06    0.00   31.81    0.00    0.00   18.60    0.00    0.00    0.00   31.54
21:21:22     all   18.51    0.00   30.11    0.00    0.00   18.78    0.00    0.00    0.00   32.60
21:21:23     all   18.65    0.00   30.54    0.00    0.00   18.92    0.00    0.00    0.00   31.89
21:21:24     all   17.71    0.00   29.97    0.00    0.00   19.89    0.27    0.00    0.00   32.15
21:21:25     all   18.99    0.00   30.45    0.00    0.00   18.72    0.00    0.00    0.00   31.84
21:21:26     all   16.94    0.00   30.87    0.00    0.00   19.40    0.00    0.00    0.00   32.79
21:21:27     all   15.83    0.00   33.51    0.00    0.00   19.00    0.00    0.00    0.00   31.66
21:21:28     all   17.44    0.00   31.88    0.00    0.00   18.26    0.00    0.00    0.00   32.43
21:21:29     all   17.21    0.00   31.69    0.00    0.00   18.85    0.00    0.00    0.00   32.24
21:21:30     all   15.16    0.00   26.60    0.27    0.00   15.16    0.00    0.00    0.00   42.82
21:21:31     all   16.93    0.00   35.94    0.00    0.00   17.45    0.00    0.00    0.00   29.69
21:21:32     all   15.03    0.00   33.16    0.00    0.00   18.65    0.00    0.00    0.00   33.16
21:21:33     all   20.26    0.00   37.14    0.00    0.00   18.96    0.00    0.00    0.00   23.64
21:21:34     all   23.90    0.00   37.92    0.00    0.00   19.74    0.00    0.00    0.00   18.44
21:21:35     all   22.62    0.00   36.76    0.00    0.00   18.25    0.00    0.00    0.00   22.37
21:21:36     all   16.71    0.00   35.77    0.00    0.00   19.06    0.00    0.00    0.00   28.46
21:21:37     all   16.49    0.00   36.34    0.00    0.00   18.56    0.00    0.00    0.00   28.61
21:21:38     all   15.28    0.00   36.53    0.00    0.00   19.95    0.00    0.00    0.00   28.24
21:21:39     all   15.32    0.00   37.66    0.00    0.00   17.92    0.00    0.00    0.00   29.09
21:21:40     all   15.75    0.00   36.75    0.00    0.00   19.16    0.00    0.00    0.00   28.35
21:21:41     all   15.84    0.00   37.14    0.00    0.00   18.96    0.00    0.00    0.00   28.05
21:21:42     all   16.32    0.00   34.97    0.00    0.00   18.13    0.00    0.00    0.00   30.57
21:21:43     all   15.22    0.00   35.70    0.00    0.00   18.64    0.00    0.00    0.00   30.45
21:21:44     all   15.76    0.00   35.92    0.00    0.00   19.38    0.00    0.00    0.00   28.94
21:21:45     all   15.67    0.00   35.25    0.00    0.00   19.06    0.00    0.00    0.00   30.03
21:21:46     all   15.62    0.00   36.46    0.00    0.00   18.49    0.00    0.00    0.00   29.43
21:21:47     all   16.80    0.00   36.18    0.00    0.00   17.31    0.00    0.00    0.00   29.72
21:21:48     all   15.46    0.00   35.82    0.00    0.00   18.81    0.00    0.00    0.00   29.90
21:21:49     all   16.23    0.00   35.08    0.00    0.00   18.85    0.00    0.00    0.00   29.84
21:21:50     all   15.42    0.00   36.76    0.00    0.00   18.51    0.00    0.00    0.00   29.31
21:21:51     all   15.98    0.00   36.34    0.00    0.00   18.30    0.00    0.00    0.00   29.38
21:21:52     all   16.58    0.00   36.22    0.00    0.00   18.11    0.00    0.00    0.00   29.08
21:21:53     all   16.49    0.00   34.82    0.00    0.00   19.37    0.00    0.00    0.00   29.32
21:21:54     all   16.15    0.00   36.72    0.00    0.00   17.19    0.26    0.00    0.00   29.69
21:21:55     all   16.11    0.00   36.32    0.00    0.00   18.41    0.00    0.00    0.00   29.16
21:21:56     all   15.80    0.00   36.79    0.00    0.00   18.13    0.00    0.00    0.00   29.27
21:21:57     all   15.25    0.00   36.95    0.00    0.00   18.35    0.00    0.00    0.00   29.46
21:21:58     all   15.98    0.00   36.34    0.00    0.00   18.30    0.00    0.00    0.00   29.38
21:21:59     all   16.41    0.00   35.42    0.00    0.00   18.49    0.00    0.00    0.00   29.69
21:22:00     all    4.85    0.00   11.99    0.00    0.00    5.87    0.00    0.00    0.00   77.30
21:22:01     all    1.53    0.00    2.55    0.00    0.00    1.02    0.00    0.00    0.00   94.90
21:22:02     all    2.30    0.00    3.32    0.00    0.00    2.30    0.00    0.00    0.00   92.09
21:22:03     all    2.54    0.00    2.54    0.00    0.00    2.80    0.00    0.00    0.00   92.11
21:22:04     all    2.04    0.00    3.05    0.00    0.00    3.05    0.00    0.00    0.00   91.86
21:22:05     all    2.74    0.00    3.74    0.00    0.00    2.99    0.25    0.00    0.00   90.27
21:22:06     all    2.28    0.00    3.55    0.00    0.00    2.79    0.00    0.00    0.00   91.37
21:22:07     all    3.03    0.00    3.03    0.00    0.00    2.53    0.00    0.00    0.00   91.41
21:22:08     all    2.05    0.00    3.07    0.00    0.00    2.56    0.00    0.00    0.00   92.33
21:22:09     all    3.02    0.00    3.27    0.00    0.00    2.51    0.25    0.00    0.00   90.95
21:22:10     all    2.05    0.00    2.56    0.00    0.00    2.81    0.00    0.00    0.00   92.58
21:22:11     all    2.03    0.00    3.30    0.00    0.00    2.79    0.00    0.00    0.00   91.88
21:22:12     all    2.03    0.00    2.79    0.00    0.00    3.05    0.00    0.00    0.00   92.13
21:22:13     all    2.75    0.00    3.75    0.00    0.00    2.75    0.00    0.00    0.00   90.75
21:22:14     all    2.54    0.00    2.80    0.00    0.00    2.29    0.00    0.00    0.00   92.37
21:22:15     all    2.06    0.00    3.09    0.00    0.00    1.80    0.00    0.00    0.00   93.04
21:22:16     all    2.02    0.00    3.54    0.00    0.00    2.78    0.00    0.00    0.00   91.67
21:22:17     all    2.02    0.00    3.78    0.00    0.00    3.02    0.00    0.00    0.00   91.18
21:22:18     all    2.76    0.00    3.77    0.00    0.00    2.76    0.00    0.00    0.00   90.70
21:22:19     all    2.28    0.00    3.04    0.00    0.00    2.78    0.00    0.00    0.00   91.90
21:22:20     all    2.26    0.00    3.51    0.00    0.00    3.51    0.00    0.00    0.00   90.73
21:22:21     all    2.30    0.00    2.81    0.00    0.00    2.55    0.00    0.00    0.00   92.35
21:22:22     all    2.78    0.00    3.04    0.00    0.00    2.53    0.00    0.00    0.00   91.65
21:22:23     all    2.54    0.00    2.80    0.00    0.00    2.54    0.25    0.00    0.00   91.86
21:22:24     all    2.51    0.00    3.27    0.00    0.00    3.02    0.00    0.00    0.00   91.21
21:22:25     all    2.54    0.00    3.05    0.00    0.00    2.54    0.00    0.00    0.00   91.88
21:22:26     all    2.54    0.00    3.30    0.00    0.00    2.28    0.00    0.00    0.00   91.88
21:22:27     all    2.03    0.00    3.04    0.00    0.00    2.78    0.00    0.00    0.00   92.15
21:22:28     all    2.03    0.00    3.05    0.00    0.00    3.05    0.00    0.00    0.00   91.88
21:22:29     all    2.54    0.00    3.05    0.00    0.00    1.78    0.25    0.00    0.00   92.37
21:22:30     all    1.01    0.00    2.27    0.00    0.00    1.76    0.00    0.00    0.00   94.96
21:22:31     all    3.05    0.00    2.54    0.00    0.00    1.78    0.00    0.00    0.00   92.64
21:22:32     all    5.08    0.00    6.35    0.00    0.00    5.84    0.00    0.00    0.00   82.74
21:22:33     all    4.68    0.00    5.97    0.00    0.00    5.97    0.00    0.00    0.00   83.38
21:22:34     all    5.76    0.00    6.27    0.00    0.00    6.27    0.00    0.00    0.00   81.70
21:22:35     all    4.64    0.00    6.44    0.00    0.00    6.19    0.00    0.00    0.00   82.73
21:22:36     all   16.37    0.00    9.72    0.00    0.00    6.65    0.51    0.00    0.00   66.75
21:22:37     all    5.85    0.00    6.36    0.00    0.00    5.60    0.00    0.00    0.00   82.19
21:22:38     all    4.11    0.00    7.71    0.00    0.00    5.40    0.00    0.00    0.00   82.78
21:22:39     all    5.79    0.00    6.55    0.00    0.00    6.05    0.00    0.00    0.00   81.61
21:22:40     all    4.60    0.00    6.65    0.00    0.00    5.88    0.00    0.00    0.00   82.86
21:22:41     all    4.37    0.00    7.20    0.26    0.00    5.40    0.00    0.00    0.00   82.78
21:22:42     all    4.80    0.00    6.31    0.00    0.00    6.82    0.00    0.00    0.00   82.07
21:22:43     all    4.87    0.00    7.18    0.00    0.00    5.13    0.00    0.00    0.00   82.82
21:22:44     all    5.09    0.00    6.11    0.00    0.00    6.11    0.00    0.00    0.00   82.70
21:22:45     all    5.44    0.00    6.48    0.00    0.00    4.15    0.00    0.00    0.00   83.94
21:22:46     all    4.37    0.00    6.68    0.00    0.00    5.66    0.00    0.00    0.00   83.29
21:22:47     all    4.59    0.00    6.89    0.00    0.00    6.63    0.00    0.00    0.00   81.89
21:22:48     all    5.82    0.00    6.33    0.00    0.00    5.82    0.00    0.00    0.00   82.03
21:22:49     all    4.85    0.00    6.38    0.00    0.00    6.12    0.00    0.00    0.00   82.65
21:22:50     all    4.59    0.00    6.63    0.00    0.00    6.12    0.00    0.00    0.00   82.65
21:22:51     all    5.10    0.00    7.14    0.00    0.00    5.87    0.00    0.00    0.00   81.89
21:22:52     all    5.97    0.00    6.22    0.00    0.00    6.72    0.25    0.00    0.00   80.85
21:22:53     all    4.33    0.00    7.38    0.00    0.00    6.11    0.00    0.00    0.00   82.19
21:22:54     all    5.30    0.00    6.31    0.00    0.00    6.31    0.00    0.00    0.00   82.07
21:22:55     all    5.82    0.00    6.84    0.00    0.00    6.08    0.00    0.00    0.00   81.27
21:22:56     all    5.61    0.00    5.87    0.00    0.00    5.87    0.00    0.00    0.00   82.65
21:22:57     all    4.88    0.00    6.68    0.00    0.00    5.66    0.00    0.00    0.00   82.78
21:22:58     all    5.13    0.00    6.67    0.00    0.00    6.15    0.00    0.00    0.00   82.05
21:22:59     all    5.33    0.00    6.35    0.00    0.00    5.84    0.51    0.00    0.00   81.98
21:23:00     all    2.27    0.00    4.29    0.25    0.00    3.28    0.00    0.00    0.00   89.90
21:23:01     all    4.79    0.00    2.27    0.25    0.00    1.76    0.00    0.00    0.00   90.93
21:23:02     all   14.68    0.00    5.57    0.00    0.00    5.82    0.00    0.00    0.00   73.92
21:23:03     all   14.36    0.00    8.21    0.00    0.00    7.44    0.00    0.00    0.00   70.00
21:23:04     all   11.60    0.00   10.05    0.00    0.00    9.28    0.00    0.00    0.00   69.07
21:23:05     all    5.87    0.00   10.46    0.00    0.00    9.44    0.00    0.00    0.00   74.23
21:23:06     all    5.10    0.00   13.27    0.00    0.00    9.18    0.00    0.00    0.00   72.45
21:23:07     all    5.10    0.00   13.27    0.00    0.00   10.71    0.00    0.00    0.00   70.92
21:23:08     all    5.25    0.00   13.50    0.00    0.00   12.25    0.00    0.00    0.00   69.00
21:23:09     all    6.00    0.00   14.25    0.00    0.00   11.50    0.25    0.00    0.00   68.00
21:23:10     all    5.76    0.00   13.53    0.00    0.00   11.03    0.00    0.00    0.00   69.67
21:23:11     all    5.61    0.00   13.27    0.00    0.00   11.73    0.00    0.00    0.00   69.39
21:23:12     all    5.82    0.00   12.66    0.00    0.00   11.39    0.00    0.00    0.00   70.13
21:23:13     all    5.76    0.00   13.78    0.00    0.00   11.53    0.00    0.00    0.00   68.92
21:23:14     all    5.56    0.00   14.14    0.00    0.00   10.61    0.00    0.00    0.00   69.70
21:23:15     all    5.09    0.00   13.99    0.00    0.00   12.21    0.00    0.00    0.00   68.70
21:23:16     all    5.76    0.00   13.03    0.00    0.00   11.53    0.00    0.00    0.00   69.67
21:23:17     all    6.11    0.00   13.49    0.00    0.00   10.18    0.00    0.00    0.00   70.23
21:23:18     all    5.30    0.00   12.88    0.00    0.00   11.36    0.00    0.00    0.00   70.45
21:23:19     all    5.29    0.00   11.59    0.00    0.00   10.58    0.00    0.00    0.00   72.54
21:23:20     all    5.36    0.00   13.27    0.00    0.00    9.95    0.00    0.00    0.00   71.43
21:23:21     all    5.61    0.00   14.54    0.00    0.00   10.46    0.00    0.00    0.00   69.39
21:23:22     all    5.57    0.00   13.67    0.00    0.00   10.63    0.00    0.00    0.00   70.13
21:23:23     all    5.01    0.00   13.78    0.00    0.00   11.78    0.00    0.00    0.00   69.42
21:23:24     all    5.56    0.00   13.13    0.00    0.00   12.63    0.00    0.00    0.00   68.69
21:23:25     all    5.12    0.00   13.81    0.00    0.00   11.51    0.00    0.00    0.00   69.57
21:23:26     all    6.30    0.00   13.35    0.00    0.00   11.84    0.00    0.00    0.00   68.51
21:23:27     all    5.40    0.00   13.37    0.00    0.00   11.57    0.00    0.00    0.00   69.67
21:23:28     all    5.50    0.00   13.75    0.00    0.00   11.25    0.00    0.00    0.00   69.50
21:23:29     all    5.13    0.00   13.08    0.00    0.00   11.28    0.00    0.00    0.00   70.51
21:23:30     all    3.51    0.00    9.52    0.00    0.00    7.52    0.00    0.00    0.00   79.45
21:23:31     all    5.84    0.00    1.52    0.00    0.00    1.27    0.00    0.00    0.00   91.37
21:23:32     all   23.85    0.00    4.87    0.00    0.00    5.38    0.00    0.00    0.00   65.90
21:23:33     all   28.46    0.00    6.92    0.00    0.00    6.92    0.00    0.00    0.00   57.69
21:23:34     all   27.46    0.00   10.08    0.00    0.00    8.06    0.00    0.00    0.00   54.41
21:23:35     all   31.08    0.00   10.78    0.00    0.00   10.28    0.00    0.00    0.00   47.87
21:23:36     all   33.00    0.00   13.50    0.00    0.00   10.50    0.00    0.00    0.00   43.00
21:23:37     all   39.80    0.00   17.13    0.00    0.00   13.10    0.00    0.00    0.00   29.97
21:23:38     all   21.83    0.00   13.45    0.00    0.00   10.66    0.00    0.00    0.00   54.06
21:23:39     all   16.88    0.00   13.10    0.00    0.00   11.34    0.00    0.00    0.00   58.69
21:23:40     all    6.89    0.00   12.76    0.26    0.00   10.20    0.00    0.00    0.00   69.90
21:23:41     all    5.08    0.00   12.44    0.00    0.00   10.15    0.00    0.00    0.00   72.34
21:23:42     all    5.34    0.00   14.50    0.00    0.00   11.96    0.00    0.00    0.00   68.19
21:23:43     all    5.34    0.00   14.50    0.00    0.00   10.69    0.25    0.00    0.00   69.21
21:23:44     all    5.06    0.00   13.16    0.00    0.00   10.63    0.00    0.00    0.00   71.14
21:23:45     all    5.09    0.00   11.45    0.00    0.00   10.43    0.00    0.00    0.00   73.03
21:23:46     all    5.87    0.00   14.29    0.00    0.00   11.73    0.00    0.00    0.00   68.11
21:23:47     all    5.30    0.00   15.15    0.00    0.00   11.36    0.00    0.00    0.00   68.18
21:23:48     all    5.53    0.00   13.07    0.00    0.00   10.80    0.00    0.00    0.00   70.60
21:23:49     all    6.41    0.00   13.08    0.00    0.00   11.54    0.00    0.00    0.00   68.97
21:23:50     all    4.59    0.00   12.24    0.00    0.00    8.93    0.00    0.00    0.00   74.23
21:23:51     all    6.84    0.00   15.19    0.00    0.00   12.15    0.00    0.00    0.00   65.82
21:23:52     all    5.85    0.00   14.25    0.00    0.00   10.43    0.00    0.00    0.00   69.47
21:23:53     all    5.10    0.00   12.50    0.00    0.00    9.69    0.00    0.00    0.00   72.70
21:23:54     all    5.82    0.00   14.43    0.00    0.00   11.39    0.00    0.00    0.00   68.35
21:23:55     all    5.64    0.00   13.33    0.00    0.00   11.03    0.00    0.00    0.00   70.00
21:23:56     all    5.78    0.00   13.07    0.00    0.00   11.81    0.00    0.00    0.00   69.35
21:23:57     all    4.87    0.00   12.31    0.00    0.00    9.74    0.00    0.00    0.00   73.08
21:23:58     all    6.09    0.00   14.21    0.00    0.00   12.44    0.25    0.00    0.00   67.01
21:23:59     all    6.28    0.00   14.82    0.00    0.00   11.81    0.00    0.00    0.00   67.09
