Running 30s test @ http://10.116.0.2:8080/block?ms=100
  4 threads and 1000 connections
  Thread calibration: mean lat.: 107.779ms, rate sampling interval: 219ms
  Thread calibration: mean lat.: 107.435ms, rate sampling interval: 218ms
  Thread calibration: mean lat.: 109.065ms, rate sampling interval: 233ms
  Thread calibration: mean lat.: 109.253ms, rate sampling interval: 235ms
  Thread Stats   Avg      Stdev     Max   +/- Stdev
    Latency   102.70ms    1.63ms 114.88ms   74.31%
    Req/Sec     2.25k   121.03     2.74k    83.89%
  Latency Distribution (HdrHistogram - Recorded Latency)
 50.000%  102.40ms
 75.000%  103.49ms
 90.000%  104.77ms
 99.000%  108.10ms
 99.900%  111.23ms
 99.990%  114.24ms
 99.999%  114.75ms
100.000%  114.94ms

  Detailed Percentile spectrum:
       Value   Percentile   TotalCount 1/(1-Percentile)

     100.351     0.000000           21         1.00
     101.055     0.100000        19431         1.11
     101.375     0.200000        35072         1.25
     101.695     0.300000        50745         1.43
     102.079     0.400000        69261         1.67
     102.399     0.500000        84354         2.00
     102.591     0.550000        92967         2.22
     102.783     0.600000       101503         2.50
     103.039     0.650000       111911         2.86
     103.231     0.700000       119155         3.33
     103.487     0.750000       127482         4.00
     103.615     0.775000       131198         4.44
     103.807     0.800000       136329         5.00
     103.935     0.825000       139365         5.71
     104.127     0.850000       143293         6.67
     104.383     0.875000       147508         8.00
     104.575     0.887500       149886         8.89
     104.767     0.900000       151860        10.00
     105.023     0.912500       154056        11.43
     105.279     0.925000       155901        13.33
     105.599     0.937500       157945        16.00
     105.791     0.943750       159066        17.78
     105.983     0.950000       160088        20.00
     106.175     0.956250       161051        22.86
     106.431     0.962500       162190        26.67
     106.687     0.968750       163248        32.00
     106.815     0.971875       163718        35.56
     106.943     0.975000       164193        40.00
     107.135     0.978125       164804        45.71
     107.327     0.981250       165336        53.33
     107.519     0.984375       165773        64.00
     107.647     0.985938       166030        71.11
     107.839     0.987500       166384        80.00
     107.967     0.989062       166582        91.43
     108.159     0.990625       166829       106.67
     108.415     0.992188       167102       128.00
     108.543     0.992969       167229       142.22
     108.735     0.993750       167382       160.00
     108.927     0.994531       167521       182.86
     109.119     0.995313       167629       213.33
     109.375     0.996094       167749       256.00
     109.503     0.996484       167805       284.44
     109.759     0.996875       167874       320.00
     110.015     0.997266       167942       365.71
     110.335     0.997656       168017       426.67
     110.527     0.998047       168085       512.00
     110.655     0.998242       168112       568.89
     110.783     0.998437       168146       640.00
     110.911     0.998633       168167       731.43
     111.103     0.998828       168209       853.33
     111.231     0.999023       168236      1024.00
     111.359     0.999121       168250      1137.78
     111.551     0.999219       168271      1280.00
     111.615     0.999316       168281      1462.86
     111.935     0.999414       168297      1706.67
     112.639     0.999512       168313      2048.00
     113.023     0.999561       168321      2275.56
     113.279     0.999609       168330      2560.00
     113.471     0.999658       168339      2925.71
     113.599     0.999707       168350      3413.33
     113.727     0.999756       168354      4096.00
     113.791     0.999780       168358      4551.11
     113.919     0.999805       168365      5120.00
     114.047     0.999829       168367      5851.43
     114.175     0.999854       168375      6826.67
     114.175     0.999878       168375      8192.00
     114.239     0.999890       168379      9102.22
     114.239     0.999902       168379     10240.00
     114.367     0.999915       168384     11702.86
     114.367     0.999927       168384     13653.33
     114.431     0.999939       168386     16384.00
     114.431     0.999945       168386     18204.44
     114.495     0.999951       168388     20480.00
     114.495     0.999957       168388     23405.71
     114.559     0.999963       168390     27306.67
     114.559     0.999969       168390     32768.00
     114.623     0.999973       168391     36408.89
     114.623     0.999976       168391     40960.00
     114.751     0.999979       168393     46811.43
     114.751     0.999982       168393     54613.33
     114.751     0.999985       168393     65536.00
     114.751     0.999986       168393     72817.78
     114.751     0.999988       168393     81920.00
     114.879     0.999989       168394     93622.86
     114.879     0.999991       168394    109226.67
     114.879     0.999992       168394    131072.00
     114.879     0.999993       168394    145635.56
     114.879     0.999994       168394    163840.00
     114.943     0.999995       168395    187245.71
     114.943     1.000000       168395          inf
#[Mean    =      102.702, StdDeviation   =        1.625]
#[Max     =      114.880, Total count    =       168395]
#[Buckets =           27, SubBuckets     =         2048]
----------------------------------------------------------
  260151 requests in 30.00s, 39.70MB read
Requests/sec:   8671.75
Transfer/sec:      1.32MB
