1790890574 131220
1790890576 199464
1790890577 223024
1790890578 223856
1790890579 249624
1790890580 250748
1790890581 251072
1790890582 251080
1790890583 251128
1790890584 254364
1790890585 255588
1790890586 255600
1790890587 255628
1790890588 255636
1790890589 255644
1790890590 255644
1790890591 255644
1790890592 255644
1790890593 255644
1790890594 255652
1790890595 255672
1790890596 255672
1790890597 255672
1790890598 255676
1790890599 255684
1790890601 255684
1790890602 255696
1790890603 255696
1790890604 255696
1790890605 255696
1790890606 256408
1790890607 295864
1790890608 296000
1790890609 296044
1790890610 296052
1790890611 296072
1790890612 296096
1790890613 296100
1790890614 296108
1790890615 296108
1790890616 296348
1790890617 296352
1790890618 296356
1790890619 296364
1790890620 298608
1790890621 299500
1790890622 299540
1790890623 299572
1790890624 299700
1790890625 299724
1790890626 299928
1790890627 299928
1790890629 300392
1790890630 300560
1790890631 300564
1790890632 300564
1790890633 300568
1790890634 300572
1790890635 300580
1790890636 300900
1790890637 268716
1790890638 269064
1790890639 269324
1790890640 269328
1790890641 269332
1790890642 269340
1790890643 269404
1790890644 269408
1790890645 269408
1790890646 269408
1790890647 269408
1790890648 269408
1790890649 269408
1790890650 269408
1790890651 269412
1790890652 269412
1790890653 269412
1790890654 269412
1790890656 269412
1790890657 269412
1790890658 269412
1790890659 269412
1790890660 269412
1790890661 269412
1790890662 269412
1790890663 269412
1790890664 269412
1790890665 269412
1790890666 269428
1790890667 269428
1790890668 269432
1790890669 269440
1790890670 269444
1790890671 269444
1790890672 269444
1790890673 269444
1790890674 269444
1790890675 269444
1790890676 269444
1790890677 269448
1790890678 269456
1790890679 269456
1790890681 269460
1790890682 269464
1790890683 269464
1790890684 269464
1790890685 269464
1790890686 269464
1790890687 269468
1790890688 269472
1790890689 269476
1790890690 269476
1790890691 269480
1790890692 269480
1790890693 269480
1790890694 269508
1790890695 269516
1790890696 269528
1790890697 269532
1790890698 269544
1790890699 269544
1790890700 269544
1790890702 269544
1790890703 269544
1790890704 269552
1790890705 269552
1790890706 269556
1790890707 269556
1790890708 269556
1790890709 269556
1790890710 269560
1790890711 269560
1790890712 269568
1790890713 269568
1790890714 269568
1790890715 269568
1790890716 269572
1790890717 269576
1790890718 269576
1790890720 269576
1790890721 269584
1790890722 269588
1790890723 269588
1790890724 269588
1790890725 269592
1790890726 269592
1790890727 269600
1790890728 266492
1790890729 266500
1790890730 266500
1790890731 266500
1790890732 266504
1790890733 266512
1790890735 266520
1790890736 266520
1790890737 266520
1790890738 266524
1790890739 266524
1790890740 266536
1790890741 266536
1790890742 266536
1790890743 266536
1790890744 266540
1790890745 266544
1790890746 266548
1790890748 266548
1790890749 266552
1790890750 266560
1790890751 266560
1790890752 266564
1790890753 266568
1790890754 266568
1790890755 266568
1790890756 267028
1790890757 238876
1790890758 235744
1790890759 235752
1790890761 235760
1790890762 235760
1790890763 235760
1790890764 235772
1790890765 235776
1790890766 235784
1790890767 235784
1790890768 235788
1790890769 235796
1790890770 235800
1790890771 235804
1790890773 235808
1790890774 235812
1790890775 235816
1790890776 235824
1790890777 235828
1790890778 235832
1790890779 235836
1790890780 235844
1790890781 235844
1790890783 235848
1790890784 235848
1790890785 235856
1790890786 235860
1790890787 231708
1790890788 231732
1790890789 231732
1790890790 231740
1790890791 231744
1790890792 231756
1790890793 231756
1790890795 231760
1790890796 231764
1790890797 231764
1790890798 231772
1790890799 231776
1790890800 231776
1790890801 231784
1790890802 231792
1790890803 231792
1790890804 231792
1790890805 231796
1790890807 231804
1790890808 231808
1790890809 231808
1790890810 231816
1790890811 231820
1790890812 231824
1790890813 231832
1790890814 231844
1790890815 231848
1790890816 247696
1790890818 257712
1790890819 259656
1790890820 261704
1790890821 261712
1790890822 262840
1790890823 262844
1790890824 262908
1790890825 262968
1790890826 263060
1790890827 263064
1790890828 263064
1790890829 263068
1790890830 263072
1790890831 263072
1790890832 263072
1790890833 263072
1790890834 263076
1790890835 263076
1790890836 263076
1790890837 263076
1790890838 263080
1790890839 263108
1790890840 263128
1790890841 263144
1790890842 263144
1790890843 263144
1790890844 263148
1790890845 263148
1790890847 272400
1790890848 317396
1790890849 375856
1790890850 383536
1790890851 384380
1790890852 385208
1790890853 385208
1790890854 385632
1790890855 385632
1790890856 385640
1790890857 385640
1790890858 385640
1790890859 385640
1790890860 385640
1790890861 385640
1790890862 385668
1790890863 385668
1790890864 385672
1790890865 385680
1790890866 385680
1790890867 385680
1790890869 385684
1790890870 385688
1790890871 385692
1790890872 385716
1790890873 385716
1790890874 385724
1790890875 385724
1790890876 385724
1790890877 385724
1790890878 410800
1790890879 420100
1790890880 436940
1790890881 438368
1790890882 438608
1790890883 438636
1790890884 438640
1790890885 438680
1790890886 438732
1790890887 438744
1790890889 438764
1790890890 438800
1790890891 438808
1790890892 438892
1790890893 439016
1790890894 439036
1790890895 439036
1790890896 439040
1790890897 439052
1790890898 439060
1790890899 439064
1790890900 439076
1790890901 439188
1790890902 439232
1790890903 439236
1790890905 439268
1790890906 439268
1790890907 439276
1790890908 439276
1790890909 439280
1790890910 439280
1790890911 439492
1790890912 439576
1790890913 439648
1790890914 439772
1790890915 439872
1790890916 439896
1790890917 439904
1790890918 439940
1790890919 439964
1790890920 440040
1790890921 440044
1790890923 440044
1790890924 440044
1790890925 440056
1790890926 440056
1790890927 440060
1790890928 440084
1790890929 440144
1790890930 440288
1790890931 440292
1790890932 440296
1790890933 440304
1790890934 440324
1790890935 440340
1790890936 440552
