Linux 6.8.0-142-generic (cafeai-bench-loadgen) 	10/01/26 	_x86_64_	(4 CPU)

20:59:43     CPU    %usr   %nice    %sys %iowait    %irq   %soft  %steal  %guest  %gnice   %idle
20:59:44     all    1.28    0.00    4.60    0.26    0.00    1.79    0.00    0.00    0.00   92.07
20:59:45     all    4.18    0.00    7.31    0.00    0.00    2.87    0.00    0.00    0.00   85.64
20:59:46     all    4.36    0.00    8.46    0.00    0.00    5.64    0.00    0.00    0.00   81.54
20:59:47     all    3.08    0.00    7.97    0.00    0.00    4.37    0.00    0.00    0.00   84.58
20:59:48     all    3.65    0.00    6.77    0.00    0.00    3.91    0.00    0.00    0.00   85.68
20:59:49     all    5.50    0.00    7.00    0.00    0.00    4.00    0.00    0.00    0.00   83.50
20:59:50     all    4.27    0.00    6.53    0.00    0.00    5.03    0.00    0.00    0.00   84.17
20:59:51     all    4.02    0.00    7.04    0.00    0.00    4.27    0.00    0.00    0.00   84.67
20:59:52     all    4.01    0.00    7.52    0.00    0.00    4.01    0.00    0.00    0.00   84.46
20:59:53     all    4.03    0.00    6.55    0.00    0.00    4.53    0.00    0.00    0.00   84.89
20:59:54     all    4.47    0.00    7.20    0.00    0.00    4.96    0.00    0.00    0.00   83.37
20:59:55     all    4.80    0.00    6.82    0.00    0.00    3.54    0.00    0.00    0.00   84.85
20:59:56     all    4.50    0.00    6.75    0.00    0.00    4.50    0.00    0.00    0.00   84.25
20:59:57     all    3.79    0.00    6.57    0.00    0.00    4.29    0.25    0.00    0.00   85.10
20:59:58     all    4.24    0.00    7.48    0.00    0.00    3.99    0.25    0.00    0.00   84.04
20:59:59     all    4.28    0.00    7.05    0.00    0.00    3.78    0.00    0.00    0.00   84.89
21:00:00     all    4.55    0.00    6.82    0.00    0.00    4.04    0.00    0.00    0.00   84.60
21:00:01     all    4.49    0.00    7.23    0.00    0.00    3.99    0.00    0.00    0.00   84.29
21:00:02     all    4.50    0.00    6.75    0.00    0.00    5.00    0.00    0.00    0.00   83.75
21:00:03     all    4.23    0.00    6.97    0.00    0.00    4.48    0.50    0.00    0.00   83.83
21:00:04     all    4.04    0.00    6.57    0.00    0.00    4.29    0.25    0.00    0.00   84.85
21:00:05     all    4.25    0.00    7.25    0.00    0.00    4.00    0.25    0.00    0.00   84.25
21:00:06     all    5.81    0.00    8.33    0.00    0.00    4.04    0.00    0.00    0.00   81.82
21:00:07     all    4.73    0.00    7.21    0.00    0.00    4.48    0.00    0.00    0.00   83.58
21:00:08     all    4.75    0.00    6.50    0.00    0.00    4.00    0.00    0.00    0.00   84.75
21:00:09     all    4.75    0.00    6.75    0.00    0.00    4.00    0.00    0.00    0.00   84.50
21:00:10     all    3.78    0.00    7.30    0.00    0.00    3.78    0.00    0.00    0.00   85.14
21:00:11     all    3.72    0.00    7.69    0.00    0.00    4.71    0.00    0.00    0.00   83.87
21:00:12     all    4.01    0.00    6.77    0.00    0.00    4.26    0.00    0.00    0.00   84.96
21:00:13     all    4.73    0.00    6.97    0.00    0.00    4.23    0.00    0.00    0.00   84.08
21:00:14     all    0.50    0.00    1.76    0.00    0.00    0.50    0.00    0.00    0.00   97.24
21:00:15     all    2.03    0.00    3.81    0.00    0.00    3.30    0.00    0.00    0.00   90.86
21:00:16     all    2.28    0.00    3.30    0.00    0.00    2.28    0.00    0.00    0.00   92.13
21:00:17     all    2.02    0.00    3.79    0.00    0.00    3.03    0.00    0.00    0.00   91.16
21:00:18     all    2.02    0.00    3.28    0.00    0.00    3.03    0.00    0.00    0.00   91.67
21:00:19     all    1.80    0.00    3.35    0.00    0.00    2.06    0.00    0.00    0.00   92.78
21:00:20     all    3.02    0.00    3.52    0.00    0.00    2.51    0.00    0.00    0.00   90.95
21:00:21     all    2.29    0.00    3.31    0.00    0.00    3.05    0.00    0.00    0.00   91.35
21:00:22     all    2.25    0.00    3.75    0.00    0.00    3.25    0.00    0.00    0.00   90.75
21:00:23     all    3.02    0.00    3.27    0.00    0.00    2.76    0.00    0.00    0.00   90.95
21:00:24     all    1.77    0.00    2.78    0.00    0.00    3.54    0.00    0.00    0.00   91.90
21:00:25     all    3.05    0.00    3.55    0.00    0.00    2.03    0.00    0.00    0.00   91.37
21:00:26     all    2.04    0.00    3.31    0.25    0.00    2.80    0.00    0.00    0.00   91.60
21:00:27     all    2.01    0.00    3.51    0.00    0.00    3.76    0.00    0.00    0.00   90.73
21:00:28     all    3.02    0.00    3.53    0.00    0.00    2.27    0.00    0.00    0.00   91.18
21:00:29     all    2.27    0.00    3.28    0.00    0.00    3.28    0.00    0.00    0.00   91.16
21:00:30     all    2.53    0.00    3.04    0.00    0.00    2.78    0.00    0.00    0.00   91.65
21:00:31     all    2.04    0.00    3.06    0.00    0.00    2.55    0.00    0.00    0.00   92.35
21:00:32     all    2.28    0.00    3.54    0.00    0.00    2.53    0.25    0.00    0.00   91.39
21:00:33     all    2.01    0.00    3.77    0.00    0.00    2.76    0.25    0.00    0.00   91.21
21:00:34     all    2.78    0.00    3.03    0.00    0.00    2.53    0.00    0.00    0.00   91.67
21:00:35     all    2.54    0.00    3.05    0.00    0.00    2.54    0.25    0.00    0.00   91.62
21:00:36     all    2.02    0.00    3.54    0.00    0.00    3.03    0.25    0.00    0.00   91.16
21:00:37     all    2.27    0.00    3.53    0.00    0.00    3.02    0.00    0.00    0.00   91.18
21:00:38     all    2.28    0.00    3.04    0.00    0.00    3.04    0.00    0.00    0.00   91.65
21:00:39     all    2.27    0.00    3.79    0.00    0.00    2.53    0.00    0.00    0.00   91.41
21:00:40     all    1.78    0.00    3.31    0.25    0.00    2.80    0.00    0.00    0.00   91.86
21:00:41     all    3.02    0.00    3.52    0.00    0.00    2.76    0.00    0.00    0.00   90.70
21:00:42     all    2.26    0.00    3.51    0.00    0.00    3.26    0.00    0.00    0.00   90.98
21:00:43     all    2.02    0.00    3.28    0.00    0.00    3.54    0.00    0.00    0.00   91.16
21:00:44     all    4.28    0.00    5.29    0.00    0.00    2.52    0.00    0.00    0.00   87.91
21:00:45     all    5.46    0.00    7.20    0.00    0.00    4.47    0.00    0.00    0.00   82.88
21:00:46     all    6.23    0.00    6.98    0.00    0.00    3.99    0.00    0.00    0.00   82.79
21:00:47     all    6.50    0.00    6.50    0.00    0.00    4.25    0.00    0.00    0.00   82.75
21:00:48     all    5.97    0.00    7.21    0.00    0.00    4.48    0.00    0.00    0.00   82.34
21:00:49     all    6.52    0.00    6.77    0.00    0.00    4.26    0.00    0.00    0.00   82.46
21:00:50     all    6.11    0.00    7.82    0.00    0.00    4.89    0.00    0.00    0.00   81.17
21:00:51     all    6.95    0.00    6.20    0.00    0.00    4.47    0.00    0.00    0.00   82.38
21:00:52     all    6.90    0.00    6.90    0.00    0.00    4.93    0.00    0.00    0.00   81.28
21:00:53     all    6.67    0.00    6.67    0.00    0.00    4.69    0.00    0.00    0.00   81.98
21:00:54     all    6.44    0.00    6.93    0.00    0.00    4.46    0.00    0.00    0.00   82.18
21:00:55     all    6.20    0.00    7.69    0.00    0.00    4.47    0.00    0.00    0.00   81.64
21:00:56     all    6.42    0.00    7.65    0.00    0.00    4.20    0.00    0.00    0.00   81.73
21:00:57     all    7.14    0.00    7.64    0.00    0.00    3.94    0.00    0.00    0.00   81.28
21:00:58     all    7.20    0.00    6.45    0.00    0.00    4.71    0.00    0.00    0.00   81.64
21:00:59     all    6.63    0.00    7.37    0.00    0.00    4.42    0.00    0.00    0.00   81.57
21:01:00     all    6.33    0.00    6.84    0.00    0.00    3.54    0.00    0.00    0.00   83.29
21:01:01     all    6.06    0.00    7.07    0.00    0.00    3.54    0.00    0.00    0.00   83.33
21:01:02     all    6.40    0.00    7.14    0.00    0.00    4.68    0.00    0.00    0.00   81.77
21:01:03     all    7.21    0.00    6.47    0.00    0.00    3.98    0.00    0.00    0.00   82.34
21:01:04     all    6.22    0.00    7.21    0.00    0.00    3.98    0.25    0.00    0.00   82.34
21:01:05     all    6.19    0.00    7.92    0.00    0.00    3.96    0.00    0.00    0.00   81.93
21:01:06     all    6.95    0.00    7.20    0.00    0.00    3.72    0.25    0.00    0.00   81.89
21:01:07     all   18.30    0.00   10.28    0.00    0.00    4.26    0.25    0.00    0.00   66.92
21:01:08     all    6.98    0.00    8.23    0.00    0.00    3.74    0.00    0.00    0.00   81.05
21:01:09     all    6.52    0.00    7.27    0.00    0.00    4.51    0.00    0.00    0.00   81.70
21:01:10     all    6.73    0.00    7.23    0.00    0.00    4.49    0.00    0.00    0.00   81.55
21:01:11     all    6.53    0.00    7.79    0.00    0.00    4.02    0.00    0.00    0.00   81.66
21:01:12     all    6.05    0.00    7.30    0.00    0.00    4.53    0.00    0.00    0.00   82.12
21:01:13     all    6.72    0.00    8.21    0.00    0.00    3.98    0.00    0.00    0.00   81.09
21:01:14     all    7.63    0.00    9.21    0.00    0.00    1.32    0.00    0.00    0.00   81.84
21:01:15     all   10.24    0.00   13.65    0.00    0.00    5.25    0.00    0.00    0.00   70.87
21:01:16     all    9.92    0.00   15.14    0.00    0.00    5.22    0.26    0.00    0.00   69.45
21:01:17     all   10.05    0.00   14.81    0.00    0.00    5.03    0.00    0.00    0.00   70.11
21:01:18     all   10.50    0.00   14.70    0.00    0.00    5.25    0.00    0.00    0.00   69.55
21:01:19     all   10.79    0.00   15.00    0.00    0.00    4.21    0.00    0.00    0.00   70.00
21:01:20     all   10.94    0.00   15.10    0.00    0.00    5.21    0.00    0.00    0.00   68.75
21:01:21     all    9.97    0.00   15.75    0.00    0.00    4.20    0.00    0.00    0.00   70.08
21:01:22     all    9.81    0.00   12.73    0.00    0.00    5.84    0.00    0.00    0.00   71.62
21:01:23     all   10.29    0.00   14.78    0.00    0.00    4.49    0.00    0.00    0.00   70.45
21:01:24     all   10.13    0.00   13.33    0.00    0.00    5.33    0.00    0.00    0.00   71.20
21:01:25     all   10.32    0.00   14.02    0.00    0.00    5.29    0.00    0.00    0.00   70.37
21:01:26     all   10.13    0.00   14.67    0.00    0.00    4.80    0.00    0.00    0.00   70.40
21:01:27     all    8.88    0.00   16.71    0.00    0.00    5.22    0.00    0.00    0.00   69.19
21:01:28     all   10.13    0.00   14.40    0.00    0.00    4.53    0.00    0.00    0.00   70.93
21:01:29     all   10.53    0.00   15.26    0.00    0.00    4.47    0.00    0.00    0.00   69.74
21:01:30     all   10.57    0.00   14.95    0.00    0.00    5.67    0.00    0.00    0.00   68.81
21:01:31     all    8.33    0.00   16.13    0.00    0.00    5.11    0.00    0.00    0.00   70.43
21:01:32     all    9.21    0.00   15.53    0.00    0.00    5.00    0.00    0.00    0.00   70.26
21:01:33     all   10.50    0.00   15.49    0.00    0.00    4.72    0.52    0.00    0.00   68.77
21:01:34     all   10.34    0.00   14.73    0.00    0.00    5.43    0.26    0.00    0.00   69.25
21:01:35     all   10.00    0.00   15.79    0.00    0.00    4.74    0.26    0.00    0.00   69.21
21:01:36     all   10.05    0.00   16.49    0.00    0.00    5.67    0.00    0.00    0.00   67.78
21:01:37     all   10.11    0.00   15.16    0.00    0.00    4.79    0.00    0.00    0.00   69.95
21:01:38     all    9.38    0.00   13.94    0.00    0.00    5.36    0.00    0.00    0.00   71.31
21:01:39     all    9.92    0.00   14.88    0.00    0.00    5.48    0.00    0.00    0.00   69.71
21:01:40     all   11.43    0.00   15.58    0.00    0.00    4.94    0.00    0.00    0.00   68.05
21:01:41     all   11.05    0.00   15.00    0.00    0.00    5.26    0.00    0.00    0.00   68.68
21:01:42     all    9.26    0.00   15.61    0.00    0.00    5.03    0.00    0.00    0.00   70.11
21:01:43     all   10.03    0.00   15.57    0.00    0.00    4.75    0.00    0.00    0.00   69.66
21:01:44     all    5.17    0.00    9.04    0.00    0.00    1.81    0.00    0.00    0.00   83.98
21:01:45     all   12.69    0.00   18.65    0.00    0.00    7.51    0.00    0.00    0.00   61.14
21:01:46     all   14.73    0.00   20.67    0.00    0.00    8.53    0.00    0.00    0.00   56.07
21:01:47     all   15.06    0.00   20.26    0.00    0.00    8.57    0.00    0.00    0.00   56.10
21:01:48     all   15.10    0.00   20.31    0.00    0.00    8.07    0.00    0.00    0.00   56.51
21:01:49     all   16.49    0.00   19.11    0.00    0.00    8.90    0.00    0.00    0.00   55.50
21:01:50     all   14.74    0.00   18.68    0.00    0.00    9.74    0.00    0.00    0.00   56.84
21:01:51     all   14.62    0.00   20.63    0.00    0.00    8.09    0.00    0.00    0.00   56.66
21:01:52     all   15.21    0.00   19.85    0.00    0.00    9.28    0.00    0.00    0.00   55.67
21:01:53     all   14.44    0.00   18.11    0.00    0.00    9.45    0.00    0.00    0.00   58.01
21:01:54     all   14.77    0.00   20.47    0.00    0.00    9.07    0.00    0.00    0.00   55.70
21:01:55     all   14.29    0.00   21.56    0.00    0.00    8.31    0.52    0.00    0.00   55.32
21:01:56     all   15.79    0.00   20.26    0.00    0.00    8.68    0.00    0.00    0.00   55.26
21:01:57     all   14.29    0.00   20.37    0.00    0.00    9.26    0.00    0.00    0.00   56.08
21:01:58     all   14.14    0.00   21.20    0.00    0.00    8.90    0.26    0.00    0.00   55.50
21:01:59     all   14.59    0.00   18.83    0.00    0.00    9.28    0.27    0.00    0.00   57.03
21:02:00     all   15.06    0.00   20.26    0.00    0.00    9.09    0.00    0.00    0.00   55.58
21:02:01     all   14.92    0.00   21.20    0.00    0.00    7.85    0.00    0.00    0.00   56.02
21:02:02     all   14.66    0.00   20.16    0.00    0.00    9.69    0.00    0.00    0.00   55.50
21:02:03     all   13.84    0.00   21.41    0.00    0.00    9.40    0.00    0.00    0.00   55.35
21:02:04     all   15.49    0.00   20.21    0.00    0.00    8.66    0.00    0.00    0.00   55.64
21:02:05     all   15.22    0.00   20.21    0.00    0.00    8.40    0.00    0.00    0.00   56.17
21:02:06     all   15.14    0.00   20.10    0.00    0.00    8.09    0.00    0.00    0.00   56.66
21:02:07     all   15.28    0.00   20.21    0.00    0.00    8.03    0.00    0.00    0.00   56.48
21:02:08     all   22.66    0.00   22.14    0.00    0.00    8.59    0.00    0.00    0.00   46.61
21:02:09     all   22.86    0.00   22.60    0.00    0.00    9.35    0.00    0.00    0.00   45.19
21:02:10     all   14.13    0.00   18.13    0.00    0.00    8.80    0.00    0.00    0.00   58.93
21:02:11     all   14.06    0.00   19.79    0.00    0.00    9.11    0.26    0.00    0.00   56.77
21:02:12     all   14.95    0.00   18.81    0.00    0.00    8.76    0.26    0.00    0.00   57.22
21:02:13     all   14.47    0.00   19.21    0.26    0.00    8.42    0.00    0.00    0.00   57.63
21:02:14     all   14.32    0.00   16.49    0.00    0.00   11.62    0.00    0.00    0.00   57.57
21:02:15     all   20.11    0.00   17.85    0.00    0.00   15.01    0.00    0.00    0.00   47.03
21:02:16     all   21.07    0.00   18.26    0.00    0.00   14.61    0.00    0.00    0.00   46.07
21:02:17     all   20.50    0.00   20.50    0.00    0.00   13.85    0.00    0.00    0.00   45.15
21:02:18     all   21.43    0.00   19.78    0.00    0.00   14.84    0.00    0.00    0.00   43.96
21:02:19     all   21.43    0.00   20.05    0.00    0.00   14.29    0.00    0.00    0.00   44.23
21:02:20     all   20.27    0.00   21.10    0.00    0.00   14.52    0.00    0.00    0.00   44.11
21:02:21     all   20.83    0.00   20.00    0.00    0.00   14.44    0.00    0.00    0.00   44.72
21:02:22     all   22.01    0.00   20.92    0.00    0.00   13.04    0.00    0.00    0.00   44.02
21:02:23     all   20.55    0.00   21.37    0.00    0.00   13.70    0.00    0.00    0.00   44.38
21:02:24     all   22.31    0.00   19.83    0.00    0.00   13.77    0.28    0.00    0.00   43.80
21:02:25     all   20.66    0.00   22.04    0.00    0.00   13.50    0.00    0.00    0.00   43.80
21:02:26     all   20.39    0.00   21.21    0.00    0.00   14.88    0.00    0.00    0.00   43.53
21:02:27     all   22.19    0.00   21.37    0.00    0.00   12.88    0.00    0.00    0.00   43.56
21:02:28     all   20.44    0.00   20.98    0.00    0.00   14.17    0.00    0.00    0.00   44.41
21:02:29     all   20.50    0.00   20.78    0.00    0.00   13.57    0.28    0.00    0.00   44.88
21:02:30     all   20.66    0.00   20.66    0.00    0.00   14.60    0.00    0.00    0.00   44.08
21:02:31     all   21.07    0.00   19.94    0.00    0.00   14.04    0.00    0.00    0.00   44.94
21:02:32     all   21.37    0.00   20.55    0.00    0.00   13.97    0.00    0.00    0.00   44.11
21:02:33     all   21.47    0.00   20.11    0.00    0.00   14.67    0.00    0.00    0.00   43.75
21:02:34     all   21.05    0.00   20.22    0.00    0.00   14.40    0.00    0.00    0.00   44.32
21:02:35     all   22.34    0.00   20.71    0.00    0.00   13.35    0.00    0.00    0.00   43.60
21:02:36     all   21.76    0.00   19.01    0.00    0.00   15.15    0.00    0.00    0.00   44.08
21:02:37     all   22.31    0.00   20.11    0.00    0.00   13.77    0.00    0.00    0.00   43.80
21:02:38     all   22.28    0.00   20.11    0.00    0.00   14.13    0.00    0.00    0.00   43.48
21:02:39     all   21.10    0.00   21.64    0.00    0.00   14.25    0.00    0.00    0.00   43.01
21:02:40     all   21.61    0.00   20.78    0.28    0.00   13.57    0.00    0.00    0.00   43.77
21:02:41     all   20.11    0.00   21.21    0.00    0.00   14.33    0.00    0.00    0.00   44.35
21:02:42     all   21.04    0.00   20.22    0.00    0.00   14.48    0.00    0.00    0.00   44.26
21:02:43     all   23.01    0.00   18.63    0.00    0.00   14.52    0.27    0.00    0.00   43.56
21:02:44     all   15.43    0.00   16.22    0.00    0.00    8.78    0.00    0.00    0.00   59.57
21:02:45     all   15.57    0.00   29.02    0.00    0.00   15.83    0.00    0.00    0.00   39.58
21:02:46     all   16.28    0.00   34.37    0.00    0.00   17.83    0.00    0.00    0.00   31.52
21:02:47     all   17.11    0.00   32.63    0.00    0.00   19.47    0.00    0.00    0.00   30.79
21:02:48     all   16.89    0.00   35.09    0.00    0.00   18.21    0.00    0.00    0.00   29.82
21:02:49     all   17.32    0.00   34.12    0.00    0.00   17.59    0.00    0.00    0.00   30.97
21:02:50     all   16.62    0.00   34.81    0.00    0.00   17.92    0.00    0.00    0.00   30.65
21:02:51     all   17.41    0.00   34.04    0.00    0.00   17.68    0.00    0.00    0.00   30.87
21:02:52     all   16.97    0.00   35.22    0.00    0.00   17.48    0.00    0.00    0.00   30.33
21:02:53     all   16.98    0.00   33.95    0.00    0.00   18.04    0.00    0.00    0.00   31.03
21:02:54     all   16.53    0.00   33.07    0.00    0.00   18.93    0.00    0.00    0.00   31.47
21:02:55     all   16.19    0.00   34.46    0.00    0.00   18.54    0.00    0.00    0.00   30.81
21:02:56     all   16.40    0.00   33.60    0.00    0.00   17.47    0.00    0.00    0.00   32.53
21:02:57     all   16.45    0.00   35.51    0.00    0.00   17.49    0.00    0.00    0.00   30.55
21:02:58     all   16.19    0.00   35.77    0.00    0.00   17.49    0.00    0.00    0.00   30.55
21:02:59     all   15.45    0.00   35.08    0.00    0.00   18.32    0.00    0.00    0.00   31.15
21:03:00     all   15.62    0.00   35.94    0.00    0.00   17.45    0.00    0.00    0.00   30.99
21:03:01     all   16.41    0.00   35.16    0.00    0.00   17.45    0.00    0.00    0.00   30.99
21:03:02     all   16.54    0.00   34.38    0.00    0.00   18.37    0.00    0.00    0.00   30.71
21:03:03     all   14.55    0.00   35.58    0.00    0.00   18.70    0.00    0.00    0.00   31.17
21:03:04     all   16.53    0.00   33.87    0.00    0.00   18.40    0.00    0.00    0.00   31.20
21:03:05     all   16.23    0.00   34.55    0.00    0.00   18.06    0.00    0.00    0.00   31.15
21:03:06     all   16.45    0.00   34.20    0.00    0.00   18.54    0.00    0.00    0.00   30.81
21:03:07     all   15.14    0.00   37.08    0.00    0.00   18.54    0.00    0.00    0.00   29.24
21:03:08     all   16.35    0.00   33.78    0.00    0.00   17.69    0.00    0.00    0.00   32.17
21:03:09     all   16.19    0.00   34.46    0.00    0.00   18.28    0.00    0.00    0.00   31.07
21:03:10     all   22.78    0.00   37.97    0.00    0.00   18.99    0.00    0.00    0.00   20.25
21:03:11     all   24.81    0.00   36.43    0.00    0.00   18.86    0.00    0.00    0.00   19.90
21:03:12     all   18.37    0.00   35.17    0.00    0.00   18.37    0.00    0.00    0.00   28.08
21:03:13     all   15.68    0.00   36.25    0.26    0.00   17.99    0.00    0.00    0.00   29.82
21:03:14     all   13.23    0.00   21.69    0.00    0.00   13.76    0.00    0.00    0.00   51.32
21:03:15     all   16.32    0.00   30.53    0.00    0.00   17.11    0.00    0.00    0.00   36.05
21:03:16     all   15.84    0.00   34.55    0.00    0.00   18.70    0.00    0.00    0.00   30.91
21:03:17     all   16.49    0.00   35.31    0.00    0.00   18.04    0.00    0.00    0.00   30.15
21:03:18     all   15.97    0.00   34.55    0.00    0.00   19.11    0.00    0.00    0.00   30.37
21:03:19     all   15.96    0.00   34.84    0.00    0.00   17.82    0.00    0.00    0.00   31.38
21:03:20     all   16.67    0.00   34.92    0.00    0.00   17.72    0.00    0.00    0.00   30.69
21:03:21     all   15.50    0.00   36.43    0.00    0.00   18.35    0.00    0.00    0.00   29.72
21:03:22     all   14.70    0.00   36.48    0.00    0.00   18.37    0.00    0.00    0.00   30.45
21:03:23     all   16.75    0.00   34.03    0.00    0.00   18.59    0.00    0.00    0.00   30.63
21:03:24     all   16.14    0.00   35.19    0.00    0.00   18.52    0.00    0.00    0.00   30.16
21:03:25     all   15.40    0.00   34.99    0.00    0.00   19.32    0.00    0.00    0.00   30.29
21:03:26     all   15.46    0.00   34.79    0.00    0.00   18.56    0.00    0.00    0.00   31.19
21:03:27     all   14.92    0.00   36.91    0.00    0.00   18.32    0.00    0.00    0.00   29.84
21:03:28     all   16.80    0.00   34.88    0.00    0.00   17.83    0.00    0.00    0.00   30.49
21:03:29     all   15.28    0.00   35.49    0.00    0.00   18.91    0.00    0.00    0.00   30.31
21:03:30     all   15.50    0.00   36.69    0.00    0.00   17.31    0.00    0.00    0.00   30.49
21:03:31     all   15.40    0.00   36.03    0.00    0.00   18.02    0.00    0.00    0.00   30.55
21:03:32     all   14.87    0.00   36.41    0.00    0.00   17.95    0.26    0.00    0.00   30.51
21:03:33     all   16.02    0.00   34.63    0.00    0.00   18.86    0.00    0.00    0.00   30.49
21:03:34     all   15.72    0.00   36.08    0.00    0.00   18.30    0.00    0.00    0.00   29.90
21:03:35     all   15.76    0.00   36.18    0.00    0.00   18.09    0.00    0.00    0.00   29.97
21:03:36     all   16.02    0.00   35.40    0.00    0.00   18.35    0.00    0.00    0.00   30.23
21:03:37     all   16.19    0.00   34.99    0.00    0.00   19.06    0.00    0.00    0.00   29.77
21:03:38     all   15.17    0.00   36.76    0.00    0.00   17.22    0.00    0.00    0.00   30.85
21:03:39     all   14.73    0.00   36.18    0.00    0.00   18.60    0.00    0.00    0.00   30.49
21:03:40     all   15.90    0.00   36.15    0.00    0.00   17.44    0.00    0.00    0.00   30.51
21:03:41     all   15.93    0.00   34.20    0.00    0.00   18.80    0.00    0.00    0.00   31.07
21:03:42     all   16.67    0.00   34.90    0.00    0.00   17.71    0.00    0.00    0.00   30.73
21:03:43     all   15.94    0.00   35.73    0.00    0.00   17.74    0.00    0.00    0.00   30.59
21:03:44     all    5.05    0.00   11.87    0.00    0.00    5.81    0.00    0.00    0.00   77.27
21:03:45     all    1.53    0.00    1.78    0.00    0.00    1.27    0.25    0.00    0.00   95.17
21:03:46     all    2.78    0.00    3.04    0.00    0.00    2.78    0.00    0.00    0.00   91.39
21:03:47     all    2.53    0.00    3.28    0.00    0.00    2.78    0.00    0.00    0.00   91.41
21:03:48     all    2.28    0.00    2.53    0.00    0.00    3.29    0.00    0.00    0.00   91.90
21:03:49     all    3.27    0.00    4.03    0.00    0.00    2.27    0.00    0.00    0.00   90.43
21:03:50     all    2.53    0.00    3.28    0.00    0.00    2.53    0.00    0.00    0.00   91.67
21:03:51     all    2.54    0.00    3.05    0.00    0.00    2.54    0.00    0.00    0.00   91.88
21:03:52     all    2.28    0.00    3.30    0.00    0.00    2.54    0.00    0.00    0.00   91.88
21:03:53     all    2.04    0.00    3.31    0.00    0.00    2.29    0.00    0.00    0.00   92.37
21:03:54     all    2.27    0.00    3.54    0.00    0.00    2.78    0.00    0.00    0.00   91.41
21:03:55     all    2.52    0.00    3.02    0.00    0.00    3.02    0.00    0.00    0.00   91.44
21:03:56     all    2.30    0.00    3.32    0.00    0.00    2.56    0.00    0.00    0.00   91.82
21:03:57     all    2.26    0.00    3.26    0.00    0.00    3.51    0.00    0.00    0.00   90.98
21:03:58     all    2.79    0.00    3.05    0.00    0.00    2.28    0.00    0.00    0.00   91.88
21:03:59     all    2.76    0.00    3.52    0.00    0.00    3.02    0.00    0.00    0.00   90.70
21:04:00     all    2.28    0.00    3.54    0.00    0.00    2.53    0.00    0.00    0.00   91.65
21:04:01     all    2.27    0.00    3.02    0.00    0.00    3.27    0.25    0.00    0.00   91.18
21:04:02     all    2.26    0.00    3.02    0.00    0.00    3.52    0.00    0.00    0.00   91.21
21:04:03     all    2.53    0.00    3.04    0.00    0.00    2.78    0.00    0.00    0.00   91.65
21:04:04     all    2.28    0.00    3.54    0.00    0.00    2.53    0.00    0.00    0.00   91.65
21:04:05     all    2.03    0.00    3.54    0.00    0.00    2.78    0.25    0.00    0.00   91.39
21:04:06     all    1.77    0.00    3.28    0.00    0.00    3.28    0.00    0.00    0.00   91.67
21:04:07     all    2.76    0.00    3.52    0.00    0.00    2.51    0.00    0.00    0.00   91.21
21:04:08     all    2.27    0.00    3.53    0.00    0.00    2.77    0.00    0.00    0.00   91.44
21:04:09     all    2.03    0.00    3.29    0.00    0.00    3.04    0.00    0.00    0.00   91.65
21:04:10     all    2.51    0.00    3.76    0.00    0.00    3.01    0.00    0.00    0.00   90.73
21:04:11     all    2.27    0.00    3.27    0.25    0.00    2.77    0.00    0.00    0.00   91.44
21:04:12     all    6.31    0.00    4.04    0.00    0.00    3.54    0.00    0.00    0.00   86.11
21:04:13     all    9.37    0.00    5.82    0.00    0.00    2.53    0.00    0.00    0.00   82.28
21:04:14     all    1.75    0.00    2.00    0.00    0.00    2.00    0.00    0.00    0.00   94.26
21:04:15     all    2.78    0.00    2.53    0.00    0.00    2.78    0.00    0.00    0.00   91.92
21:04:16     all    4.91    0.00    6.72    0.00    0.00    3.88    0.00    0.00    0.00   84.50
21:04:17     all    4.56    0.00    7.09    0.00    0.00    6.84    0.00    0.00    0.00   81.52
21:04:18     all    5.56    0.00    6.82    0.00    0.00    6.06    0.00    0.00    0.00   81.57
21:04:19     all    5.36    0.00    6.38    0.00    0.00    5.87    0.00    0.00    0.00   82.40
21:04:20     all    5.12    0.00    6.14    0.00    0.00    6.39    0.00    0.00    0.00   82.35
21:04:21     all    5.36    0.00    6.38    0.00    0.00    5.87    0.00    0.00    0.00   82.40
21:04:22     all    5.61    0.00    6.38    0.00    0.00    5.61    0.26    0.00    0.00   82.14
21:04:23     all    4.81    0.00    6.84    0.00    0.00    6.08    0.00    0.00    0.00   82.28
21:04:24     all    5.38    0.00    7.18    0.00    0.00    4.62    0.00    0.00    0.00   82.82
21:04:25     all    5.09    0.00    6.87    0.00    0.00    5.85    0.25    0.00    0.00   81.93
21:04:26     all    5.12    0.00    6.14    0.00    0.00    6.39    0.00    0.00    0.00   82.35
21:04:27     all    4.85    0.00    6.89    0.00    0.00    5.61    0.00    0.00    0.00   82.65
21:04:28     all    5.60    0.00    6.11    0.00    0.00    6.11    0.00    0.00    0.00   82.19
21:04:29     all    5.38    0.00    6.67    0.00    0.00    5.13    0.00    0.00    0.00   82.82
21:04:30     all    5.06    0.00    6.84    0.00    0.00    6.08    0.00    0.00    0.00   82.03
21:04:31     all    4.63    0.00    7.20    0.00    0.00    5.14    0.00    0.00    0.00   83.03
21:04:32     all    5.05    0.00    6.57    0.00    0.00    5.81    0.00    0.00    0.00   82.58
21:04:33     all    5.18    0.00    5.70    0.00    0.00    5.96    0.00    0.00    0.00   83.16
21:04:34     all    4.85    0.00    6.89    0.00    0.00    5.87    0.00    0.00    0.00   82.40
21:04:35     all    5.10    0.00    6.12    0.00    0.00    6.12    0.00    0.00    0.00   82.65
21:04:36     all    5.12    0.00    6.14    0.00    0.00    5.88    0.00    0.00    0.00   82.86
21:04:37     all    5.34    0.00    6.62    0.00    0.00    5.60    0.00    0.00    0.00   82.44
21:04:38     all    4.87    0.00    6.15    0.00    0.00    6.15    0.00    0.00    0.00   82.82
21:04:39     all    5.09    0.00    6.11    0.00    0.00    6.11    0.00    0.00    0.00   82.70
21:04:40     all    5.08    0.00    7.11    0.00    0.00    5.58    0.00    0.00    0.00   82.23
21:04:41     all    4.66    0.00    6.22    0.00    0.00    5.44    0.00    0.00    0.00   83.68
21:04:42     all    4.62    0.00    6.41    0.00    0.00    5.90    0.00    0.00    0.00   83.08
21:04:43     all    4.82    0.00    7.11    0.00    0.00    5.84    0.00    0.00    0.00   82.23
21:04:44     all    2.52    0.00    4.28    0.00    0.00    3.02    0.00    0.00    0.00   90.18
21:04:45     all    5.30    0.00    2.02    0.00    0.00    1.77    0.00    0.00    0.00   90.91
21:04:46     all   14.99    0.00    4.91    0.00    0.00    5.17    0.00    0.00    0.00   74.94
21:04:47     all   15.78    0.00    8.14    0.00    0.00    7.89    0.00    0.00    0.00   68.19
21:04:48     all   11.83    0.00   10.03    0.00    0.00    8.48    0.00    0.00    0.00   69.67
21:04:49     all    7.09    0.00   12.91    0.00    0.00   10.89    0.25    0.00    0.00   68.86
21:04:50     all    4.27    0.00   15.83    0.00    0.00   10.30    0.00    0.00    0.00   69.60
21:04:51     all    6.08    0.00   14.43    0.00    0.00   11.65    0.00    0.00    0.00   67.85
21:04:52     all    5.60    0.00   14.76    0.00    0.00    9.92    0.00    0.00    0.00   69.72
21:04:53     all    6.58    0.00   13.92    0.00    0.00   12.66    0.00    0.00    0.00   66.84
21:04:54     all    6.51    0.00   14.32    0.00    0.00    9.90    0.00    0.00    0.00   69.27
21:04:55     all    6.46    0.00   13.70    0.00    0.00   11.37    0.26    0.00    0.00   68.22
21:04:56     all    5.84    0.00   14.97    0.00    0.00   11.68    0.00    0.00    0.00   67.51
21:04:57     all    6.58    0.00   13.42    0.00    0.00   12.91    0.00    0.00    0.00   67.09
21:04:58     all    6.03    0.00   15.58    0.00    0.00   12.06    0.25    0.00    0.00   66.08
21:04:59     all    4.31    0.00   14.72    0.00    0.00   13.20    0.00    0.00    0.00   67.77
21:05:00     all    5.90    0.00   14.62    0.00    0.00   12.31    0.00    0.00    0.00   67.18
21:05:01     all    5.87    0.00   14.80    0.00    0.00   11.48    0.00    0.00    0.00   67.86
21:05:02     all    6.14    0.00   13.55    0.00    0.00   12.02    0.00    0.00    0.00   68.29
21:05:03     all    5.88    0.00   14.83    0.00    0.00   11.76    0.00    0.00    0.00   67.52
21:05:04     all    7.01    0.00   15.06    0.00    0.00    9.61    0.26    0.00    0.00   68.05
21:05:05     all    5.10    0.00   14.80    0.00    0.00   12.50    0.00    0.00    0.00   67.60
21:05:06     all    6.62    0.00   14.25    0.00    0.00   12.21    0.00    0.00    0.00   66.92
21:05:07     all    7.31    0.00   14.36    0.00    0.00   11.49    0.00    0.00    0.00   66.84
21:05:08     all    6.39    0.00   13.04    0.00    0.00   12.28    0.26    0.00    0.00   68.03
21:05:09     all    6.46    0.00   14.21    0.00    0.00   10.59    0.00    0.00    0.00   68.73
21:05:10     all    8.23    0.00   13.88    0.00    0.00   12.08    0.00    0.00    0.00   65.81
21:05:11     all    9.38    0.00   12.50    0.00    0.00   10.94    0.26    0.00    0.00   66.93
21:05:12     all    8.31    0.00   12.99    0.00    0.00   12.47    0.26    0.00    0.00   65.97
21:05:13     all    9.38    0.00   13.54    0.00    0.00   10.94    0.00    0.00    0.00   66.15
21:05:14     all   17.47    0.00   12.66    0.00    0.00    6.84    0.00    0.00    0.00   63.04
21:05:15     all    6.33    0.00    1.27    0.00    0.00    1.27    0.00    0.00    0.00   91.14
21:05:16     all   23.92    0.00    5.85    0.00    0.00    4.83    0.00    0.00    0.00   65.39
21:05:17     all   29.67    0.00    6.91    0.00    0.00    6.14    0.00    0.00    0.00   57.29
21:05:18     all   31.09    0.00    9.84    0.00    0.00    8.29    0.00    0.00    0.00   50.78
21:05:19     all   35.22    0.00   10.28    0.00    0.00    9.77    0.00    0.00    0.00   44.73
21:05:20     all   32.39    0.00   14.91    0.00    0.00   12.34    0.00    0.00    0.00   40.36
21:05:21     all   32.65    0.00   16.20    0.00    0.00   13.37    0.00    0.00    0.00   37.79
21:05:22     all   27.75    0.00   17.25    0.00    0.00   12.75    0.00    0.00    0.00   42.25
21:05:23     all   18.18    0.00   16.16    0.00    0.00   13.13    0.00    0.00    0.00   52.53
21:05:24     all    8.82    0.00   14.86    0.00    0.00   11.84    0.00    0.00    0.00   64.48
21:05:25     all    7.09    0.00   16.71    0.00    0.00   15.44    0.00    0.00    0.00   60.76
21:05:26     all    7.32    0.00   16.41    0.00    0.00   13.89    0.00    0.00    0.00   62.37
21:05:27     all    6.87    0.00   18.07    0.00    0.00   13.23    0.00    0.00    0.00   61.83
21:05:28     all    6.94    0.00   16.20    0.00    0.00   13.88    0.00    0.00    0.00   62.98
21:05:29     all    7.81    0.00   18.89    0.00    0.00   14.61    0.00    0.00    0.00   58.69
21:05:30     all    7.18    0.00   16.92    0.00    0.00   14.87    0.00    0.00    0.00   61.03
21:05:31     all    7.34    0.00   17.47    0.00    0.00   14.68    0.00    0.00    0.00   60.51
21:05:32     all    7.32    0.00   15.66    0.00    0.00   15.40    0.00    0.00    0.00   61.62
21:05:33     all    6.67    0.00   15.64    0.00    0.00   14.36    0.00    0.00    0.00   63.33
21:05:34     all    7.67    0.00   17.39    0.00    0.00   13.30    0.00    0.00    0.00   61.64
21:05:35     all    6.60    0.00   17.77    0.00    0.00   15.23    0.00    0.00    0.00   60.41
21:05:36     all    7.34    0.00   17.72    0.00    0.00   15.19    0.00    0.00    0.00   59.75
21:05:37     all    7.38    0.00   17.81    0.00    0.00   15.52    0.00    0.00    0.00   59.29
21:05:38     all    8.93    0.00   17.60    0.00    0.00   15.56    0.00    0.00    0.00   57.91
21:05:39     all    8.14    0.00   18.58    0.00    0.00   14.25    0.00    0.00    0.00   59.03
21:05:40     all    7.20    0.00   18.77    0.00    0.00   13.37    0.00    0.00    0.00   60.67
21:05:41     all    7.59    0.00   17.72    0.00    0.00   13.16    0.00    0.00    0.00   61.52
21:05:42     all    7.46    0.00   16.97    0.00    0.00   13.62    0.00    0.00    0.00   61.95
21:05:43     all    7.85    0.00   18.48    0.00    0.00   13.92    0.00    0.00    0.00   59.75
