Running 30s test @ http://10.116.0.2:8080/json
  4 threads and 256 connections
  Thread calibration: mean lat.: 1.461ms, rate sampling interval: 10ms
  Thread calibration: mean lat.: 1.484ms, rate sampling interval: 10ms
  Thread calibration: mean lat.: 1.473ms, rate sampling interval: 10ms
  Thread calibration: mean lat.: 1.624ms, rate sampling interval: 10ms
  Thread Stats   Avg      Stdev     Max   +/- Stdev
    Latency     1.52ms  726.44us  17.63ms   72.31%
    Req/Sec    15.84k     1.71k   27.11k    72.83%
  Latency Distribution (HdrHistogram - Recorded Latency)
 50.000%    1.42ms
 75.000%    1.94ms
 90.000%    2.40ms
 99.000%    3.52ms
 99.900%    6.90ms
 99.990%   11.45ms
 99.999%   14.98ms
100.000%   17.65ms

  Detailed Percentile spectrum:
       Value   Percentile   TotalCount 1/(1-Percentile)

       0.219     0.000000            1         1.00
       0.719     0.100000       118578         1.11
       0.913     0.200000       236595         1.25
       1.084     0.300000       354265         1.43
       1.253     0.400000       472906         1.67
       1.425     0.500000       590763         2.00
       1.515     0.550000       649774         2.22
       1.610     0.600000       708732         2.50
       1.711     0.650000       767675         2.86
       1.820     0.700000       826583         3.33
       1.939     0.750000       885704         4.00
       2.002     0.775000       915287         4.44
       2.069     0.800000       944988         5.00
       2.139     0.825000       974365         5.71
       2.217     0.850000      1004233         6.67
       2.303     0.875000      1033495         8.00
       2.351     0.887500      1047966         8.89
       2.405     0.900000      1063119        10.00
       2.463     0.912500      1077920        11.43
       2.527     0.925000      1092470        13.33
       2.601     0.937500      1107125        16.00
       2.643     0.943750      1114420        17.78
       2.691     0.950000      1121829        20.00
       2.747     0.956250      1129352        22.86
       2.811     0.962500      1136577        26.67
       2.891     0.968750      1143899        32.00
       2.941     0.971875      1147693        35.56
       2.993     0.975000      1151284        40.00
       3.057     0.978125      1155031        45.71
       3.131     0.981250      1158693        53.33
       3.223     0.984375      1162359        64.00
       3.283     0.985938      1164212        71.11
       3.357     0.987500      1166047        80.00
       3.449     0.989062      1167915        91.43
       3.559     0.990625      1169740       106.67
       3.695     0.992188      1171572       128.00
       3.787     0.992969      1172498       142.22
       3.909     0.993750      1173424       160.00
       4.049     0.994531      1174338       182.86
       4.239     0.995313      1175268       213.33
       4.507     0.996094      1176181       256.00
       4.671     0.996484      1176645       284.44
       4.871     0.996875      1177111       320.00
       5.075     0.997266      1177569       365.71
       5.331     0.997656      1178031       426.67
       5.627     0.998047      1178488       512.00
       5.827     0.998242      1178723       568.89
       6.027     0.998437      1178955       640.00
       6.271     0.998633      1179179       731.43
       6.595     0.998828      1179409       853.33
       6.955     0.999023      1179640      1024.00
       7.219     0.999121      1179756      1137.78
       7.435     0.999219      1179870      1280.00
       7.659     0.999316      1179986      1462.86
       7.959     0.999414      1180101      1706.67
       8.263     0.999512      1180221      2048.00
       8.447     0.999561      1180275      2275.56
       8.639     0.999609      1180333      2560.00
       8.879     0.999658      1180389      2925.71
       9.151     0.999707      1180447      3413.33
       9.543     0.999756      1180504      4096.00
       9.735     0.999780      1180533      4551.11
      10.007     0.999805      1180563      5120.00
      10.255     0.999829      1180591      5851.43
      10.559     0.999854      1180620      6826.67
      10.959     0.999878      1180648      8192.00
      11.223     0.999890      1180663      9102.22
      11.471     0.999902      1180677     10240.00
      11.815     0.999915      1180693     11702.86
      12.159     0.999927      1180706     13653.33
      12.463     0.999939      1180720     16384.00
      12.847     0.999945      1180728     18204.44
      13.071     0.999951      1180735     20480.00
      13.375     0.999957      1180742     23405.71
      13.551     0.999963      1180749     27306.67
      13.911     0.999969      1180757     32768.00
      14.343     0.999973      1180760     36408.89
      14.463     0.999976      1180764     40960.00
      14.615     0.999979      1180767     46811.43
      14.711     0.999982      1180771     54613.33
      14.783     0.999985      1180774     65536.00
      14.831     0.999986      1180776     72817.78
      14.879     0.999988      1180778     81920.00
      14.975     0.999989      1180780     93622.86
      15.127     0.999991      1180782    109226.67
      15.295     0.999992      1180783    131072.00
      15.351     0.999993      1180784    145635.56
      15.399     0.999994      1180785    163840.00
      15.583     0.999995      1180786    187245.71
      15.751     0.999995      1180787    218453.33
      15.855     0.999996      1180788    262144.00
      15.855     0.999997      1180788    291271.11
      16.175     0.999997      1180789    327680.00
      16.175     0.999997      1180789    374491.43
      17.391     0.999998      1180790    436906.67
      17.391     0.999998      1180790    524288.00
      17.391     0.999998      1180790    582542.22
      17.647     0.999998      1180792    655360.00
      17.647     1.000000      1180792          inf
#[Mean    =        1.523, StdDeviation   =        0.726]
#[Max     =       17.632, Total count    =      1180792]
#[Buckets =           27, SubBuckets     =         2048]
----------------------------------------------------------
  1765237 requests in 30.00s, 291.24MB read
Requests/sec:  58840.36
Transfer/sec:      9.71MB
