Running 30s test @ http://10.116.0.2:8080/block?ms=100
  4 threads and 4000 connections
  Thread calibration: mean lat.: 298.143ms, rate sampling interval: 998ms
  Thread calibration: mean lat.: 300.246ms, rate sampling interval: 1005ms
  Thread calibration: mean lat.: 288.130ms, rate sampling interval: 941ms
  Thread calibration: mean lat.: 287.874ms, rate sampling interval: 945ms
  Thread Stats   Avg      Stdev     Max   +/- Stdev
    Latency   204.25ms  122.44ms   1.29s    86.42%
    Req/Sec     9.09k   161.02     9.43k    72.88%
  Latency Distribution (HdrHistogram - Recorded Latency)
 50.000%  160.90ms
 75.000%  248.06ms
 90.000%  374.53ms
 99.000%  636.93ms
 99.900%    1.13s 
 99.990%    1.24s 
 99.999%    1.27s 
100.000%    1.29s 

  Detailed Percentile spectrum:
       Value   Percentile   TotalCount 1/(1-Percentile)

     100.351     0.000000            7         1.00
     105.343     0.100000        54975         1.11
     112.703     0.200000       108938         1.25
     122.111     0.300000       163584         1.43
     136.831     0.400000       218005         1.67
     160.895     0.500000       272574         2.00
     175.359     0.550000       299629         2.22
     191.743     0.600000       326993         2.50
     210.047     0.650000       354146         2.86
     228.863     0.700000       381376         3.33
     248.063     0.750000       408524         4.00
     258.943     0.775000       422222         4.44
     271.615     0.800000       435897         5.00
     287.487     0.825000       449534         5.71
     309.503     0.850000       463014         6.67
     342.015     0.875000       476600         8.00
     358.655     0.887500       483475         8.89
     374.527     0.900000       490240        10.00
     390.911     0.912500       497061        11.43
     408.831     0.925000       503821        13.33
     427.263     0.937500       510638        16.00
     436.735     0.943750       514043        17.78
     446.719     0.950000       517434        20.00
     457.727     0.956250       520873        22.86
     470.271     0.962500       524260        26.67
     486.399     0.968750       527642        32.00
     496.895     0.971875       529350        35.56
     510.463     0.975000       531054        40.00
     531.967     0.978125       532781        45.71
     561.663     0.981250       534464        53.33
     588.287     0.984375       536193        64.00
     601.599     0.985938       537006        71.11
     615.935     0.987500       537861        80.00
     629.247     0.989062       538732        91.43
     642.047     0.990625       539554       106.67
     656.383     0.992188       540429       128.00
     664.063     0.992969       540844       142.22
     673.791     0.993750       541261       160.00
     687.103     0.994531       541695       182.86
     703.487     0.995313       542113       213.33
     730.111     0.996094       542538       256.00
     756.223     0.996484       542746       284.44
     805.375     0.996875       542958       320.00
     848.895     0.997266       543172       365.71
     897.535     0.997656       543385       426.67
     977.407     0.998047       543597       512.00
    1022.463     0.998242       543703       568.89
    1046.015     0.998437       543809       640.00
    1076.223     0.998633       543920       731.43
    1105.919     0.998828       544024       853.33
    1130.495     0.999023       544132      1024.00
    1141.759     0.999121       544185      1137.78
    1155.071     0.999219       544240      1280.00
    1169.407     0.999316       544289      1462.86
    1186.815     0.999414       544342      1706.67
    1200.127     0.999512       544400      2048.00
    1205.247     0.999561       544425      2275.56
    1209.343     0.999609       544449      2560.00
    1214.463     0.999658       544475      2925.71
    1220.607     0.999707       544504      3413.33
    1224.703     0.999756       544529      4096.00
    1228.799     0.999780       544543      4551.11
    1231.871     0.999805       544556      5120.00
    1233.919     0.999829       544568      5851.43
    1236.991     0.999854       544582      6826.67
    1240.063     0.999878       544596      8192.00
    1242.111     0.999890       544605      9102.22
    1243.135     0.999902       544609     10240.00
    1247.231     0.999915       544615     11702.86
    1249.279     0.999927       544621     13653.33
    1252.351     0.999939       544630     16384.00
    1253.375     0.999945       544631     18204.44
    1254.399     0.999951       544635     20480.00
    1255.423     0.999957       544638     23405.71
    1258.495     0.999963       544641     27306.67
    1261.567     0.999969       544644     32768.00
    1262.591     0.999973       544647     36408.89
    1262.591     0.999976       544647     40960.00
    1265.663     0.999979       544649     46811.43
    1267.711     0.999982       544652     54613.33
    1267.711     0.999985       544652     65536.00
    1268.735     0.999986       544653     72817.78
    1270.783     0.999988       544656     81920.00
    1270.783     0.999989       544656     93622.86
    1270.783     0.999991       544656    109226.67
    1270.783     0.999992       544656    131072.00
    1274.879     0.999993       544657    145635.56
    1274.879     0.999994       544657    163840.00
    1277.951     0.999995       544658    187245.71
    1277.951     0.999995       544658    218453.33
    1277.951     0.999996       544658    262144.00
    1279.999     0.999997       544659    291271.11
    1279.999     0.999997       544659    327680.00
    1279.999     0.999997       544659    374491.43
    1279.999     0.999998       544659    436906.67
    1279.999     0.999998       544659    524288.00
    1286.143     0.999998       544660    582542.22
    1286.143     1.000000       544660          inf
#[Mean    =      204.254, StdDeviation   =      122.442]
#[Max     =     1285.120, Total count    =       544660]
#[Buckets =           27, SubBuckets     =         2048]
----------------------------------------------------------
  983201 requests in 30.01s, 150.02MB read
Requests/sec:  32762.50
Transfer/sec:      5.00MB
