Running 30s test @ http://10.116.0.2:8080/json
  4 threads and 64 connections
  Thread calibration: mean lat.: 41.577ms, rate sampling interval: 400ms
  Thread calibration: mean lat.: 39.965ms, rate sampling interval: 410ms
  Thread calibration: mean lat.: 43.719ms, rate sampling interval: 408ms
  Thread calibration: mean lat.: 59.019ms, rate sampling interval: 629ms
  Thread Stats   Avg      Stdev     Max   +/- Stdev
    Latency     1.10ms  458.01us   6.43ms   61.04%
    Req/Sec     5.01k     7.42     5.04k    81.82%
  Latency Distribution (HdrHistogram - Recorded Latency)
 50.000%    1.07ms
 75.000%    1.46ms
 90.000%    1.72ms
 99.000%    2.07ms
 99.900%    2.62ms
 99.990%    3.67ms
 99.999%    4.29ms
100.000%    6.43ms

  Detailed Percentile spectrum:
       Value   Percentile   TotalCount 1/(1-Percentile)

       0.214     0.000000            2         1.00
       0.498     0.100000        39885         1.11
       0.640     0.200000        79824         1.25
       0.782     0.300000       119684         1.43
       0.929     0.400000       159444         1.67
       1.074     0.500000       199438         2.00
       1.145     0.550000       219215         2.22
       1.219     0.600000       239288         2.50
       1.295     0.650000       259009         2.86
       1.373     0.700000       279061         3.33
       1.455     0.750000       298988         4.00
       1.498     0.775000       308978         4.44
       1.541     0.800000       318765         5.00
       1.585     0.825000       328841         5.71
       1.630     0.850000       338685         6.67
       1.676     0.875000       348788         8.00
       1.699     0.887500       353720         8.89
       1.723     0.900000       358726        10.00
       1.747     0.912500       363601        11.43
       1.773     0.925000       368513        13.33
       1.803     0.937500       373578        16.00
       1.820     0.943750       375982        17.78
       1.839     0.950000       378578        20.00
       1.858     0.956250       380950        22.86
       1.881     0.962500       383473        26.67
       1.907     0.968750       385944        32.00
       1.922     0.971875       387188        35.56
       1.938     0.975000       388425        40.00
       1.956     0.978125       389657        45.71
       1.978     0.981250       390905        53.33
       2.003     0.984375       392169        64.00
       2.017     0.985938       392770        71.11
       2.033     0.987500       393396        80.00
       2.051     0.989062       394041        91.43
       2.073     0.990625       394650       106.67
       2.097     0.992188       395273       128.00
       2.111     0.992969       395598       142.22
       2.127     0.993750       395883       160.00
       2.147     0.994531       396198       182.86
       2.171     0.995313       396530       213.33
       2.199     0.996094       396818       256.00
       2.217     0.996484       396970       284.44
       2.241     0.996875       397136       320.00
       2.265     0.997266       397288       365.71
       2.295     0.997656       397439       426.67
       2.339     0.998047       397594       512.00
       2.375     0.998242       397670       568.89
       2.417     0.998437       397748       640.00
       2.473     0.998633       397829       731.43
       2.553     0.998828       397903       853.33
       2.629     0.999023       397981      1024.00
       2.685     0.999121       398019      1137.78
       2.759     0.999219       398058      1280.00
       2.845     0.999316       398099      1462.86
       2.913     0.999414       398136      1706.67
       3.027     0.999512       398175      2048.00
       3.087     0.999561       398194      2275.56
       3.149     0.999609       398214      2560.00
       3.243     0.999658       398233      2925.71
       3.309     0.999707       398253      3413.33
       3.381     0.999756       398272      4096.00
       3.441     0.999780       398282      4551.11
       3.487     0.999805       398292      5120.00
       3.559     0.999829       398301      5851.43
       3.595     0.999854       398312      6826.67
       3.633     0.999878       398322      8192.00
       3.655     0.999890       398326      9102.22
       3.675     0.999902       398331     10240.00
       3.709     0.999915       398336     11702.86
       3.743     0.999927       398340     13653.33
       3.781     0.999939       398345     16384.00
       3.799     0.999945       398348     18204.44
       3.855     0.999951       398350     20480.00
       3.927     0.999957       398352     23405.71
       3.955     0.999963       398355     27306.67
       4.023     0.999969       398357     32768.00
       4.057     0.999973       398360     36408.89
       4.057     0.999976       398360     40960.00
       4.061     0.999979       398361     46811.43
       4.065     0.999982       398362     54613.33
       4.073     0.999985       398363     65536.00
       4.259     0.999986       398364     72817.78
       4.287     0.999988       398365     81920.00
       4.287     0.999989       398365     93622.86
       4.351     0.999991       398366    109226.67
       4.351     0.999992       398366    131072.00
       4.423     0.999993       398367    145635.56
       4.423     0.999994       398367    163840.00
       4.423     0.999995       398367    187245.71
       5.507     0.999995       398368    218453.33
       5.507     0.999996       398368    262144.00
       5.507     0.999997       398368    291271.11
       5.507     0.999997       398368    327680.00
       5.507     0.999997       398368    374491.43
       6.431     0.999998       398369    436906.67
       6.431     1.000000       398369          inf
#[Mean    =        1.096, StdDeviation   =        0.458]
#[Max     =        6.428, Total count    =       398369]
#[Buckets =           27, SubBuckets     =         2048]
----------------------------------------------------------
  594418 requests in 30.00s, 98.07MB read
Requests/sec:  19814.12
Transfer/sec:      3.27MB
