Running 30s test @ http://10.116.0.2:8080/block?ms=100
  4 threads and 2000 connections
  Thread calibration: mean lat.: 103.234ms, rate sampling interval: 212ms
  Thread calibration: mean lat.: 103.124ms, rate sampling interval: 212ms
  Thread calibration: mean lat.: 103.016ms, rate sampling interval: 213ms
  Thread calibration: mean lat.: 103.218ms, rate sampling interval: 212ms
  Thread Stats   Avg      Stdev     Max   +/- Stdev
    Latency   102.89ms    3.03ms 134.40ms   90.34%
    Req/Sec     4.51k   151.17     4.75k    82.93%
  Latency Distribution (HdrHistogram - Recorded Latency)
 50.000%  101.82ms
 75.000%  103.55ms
 90.000%  105.86ms
 99.000%  115.26ms
 99.900%  125.50ms
 99.990%  133.12ms
 99.999%  134.14ms
100.000%  134.53ms

  Detailed Percentile spectrum:
       Value   Percentile   TotalCount 1/(1-Percentile)

     100.287     0.000000            2         1.00
     100.799     0.100000        32859         1.11
     101.055     0.200000        64615         1.25
     101.311     0.300000        99226         1.43
     101.567     0.400000       132722         1.67
     101.823     0.500000       157969         2.00
     102.079     0.550000       176214         2.22
     102.335     0.600000       189988         2.50
     102.719     0.650000       206446         2.86
     103.103     0.700000       221384         3.33
     103.551     0.750000       237382         4.00
     103.807     0.775000       245522         4.44
     104.063     0.800000       252986         5.00
     104.383     0.825000       261218         5.71
     104.703     0.850000       268130         6.67
     105.151     0.875000       275759         8.00
     105.471     0.887500       279959         8.89
     105.855     0.900000       283817        10.00
     106.367     0.912500       287660        11.43
     107.007     0.925000       291319        13.33
     107.967     0.937500       295333        16.00
     108.479     0.943750       297158        17.78
     109.055     0.950000       299148        20.00
     109.631     0.956250       301041        22.86
     110.335     0.962500       303014        26.67
     111.167     0.968750       305049        32.00
     111.551     0.971875       305967        35.56
     111.999     0.975000       306946        40.00
     112.511     0.978125       307940        45.71
     113.087     0.981250       308897        53.33
     113.791     0.984375       309917        64.00
     114.175     0.985938       310425        71.11
     114.559     0.987500       310906        80.00
     115.007     0.989062       311408        91.43
     115.519     0.990625       311862       106.67
     116.287     0.992188       312372       128.00
     116.607     0.992969       312588       142.22
     116.991     0.993750       312844       160.00
     117.503     0.994531       313074       182.86
     118.783     0.995313       313315       213.33
     120.255     0.996094       313565       256.00
     120.895     0.996484       313692       284.44
     121.343     0.996875       313816       320.00
     121.791     0.997266       313941       365.71
     122.367     0.997656       314056       426.67
     123.583     0.998047       314174       512.00
     124.159     0.998242       314238       568.89
     124.607     0.998437       314312       640.00
     124.863     0.998633       314368       731.43
     125.183     0.998828       314430       853.33
     125.503     0.999023       314484      1024.00
     125.759     0.999121       314516      1137.78
     126.143     0.999219       314547      1280.00
     126.719     0.999316       314573      1462.86
     127.359     0.999414       314604      1706.67
     127.999     0.999512       314635      2048.00
     129.599     0.999561       314650      2275.56
     130.687     0.999609       314666      2560.00
     131.199     0.999658       314684      2925.71
     131.711     0.999707       314699      3413.33
     132.223     0.999756       314715      4096.00
     132.351     0.999780       314719      4551.11
     132.607     0.999805       314728      5120.00
     132.735     0.999829       314735      5851.43
     132.863     0.999854       314746      6826.67
     132.991     0.999878       314754      8192.00
     132.991     0.999890       314754      9102.22
     133.119     0.999902       314758     10240.00
     133.247     0.999915       314764     11702.86
     133.375     0.999927       314772     13653.33
     133.375     0.999939       314772     16384.00
     133.375     0.999945       314772     18204.44
     133.503     0.999951       314775     20480.00
     133.503     0.999957       314775     23405.71
     133.631     0.999963       314778     27306.67
     133.759     0.999969       314783     32768.00
     133.759     0.999973       314783     36408.89
     133.759     0.999976       314783     40960.00
     133.759     0.999979       314783     46811.43
     133.759     0.999982       314783     54613.33
     134.015     0.999985       314784     65536.00
     134.015     0.999986       314784     72817.78
     134.143     0.999988       314785     81920.00
     134.143     0.999989       314785     93622.86
     134.271     0.999991       314786    109226.67
     134.271     0.999992       314786    131072.00
     134.271     0.999993       314786    145635.56
     134.527     0.999994       314788    163840.00
     134.527     1.000000       314788          inf
#[Mean    =      102.891, StdDeviation   =        3.028]
#[Max     =      134.400, Total count    =       314788]
#[Buckets =           27, SubBuckets     =         2048]
----------------------------------------------------------
  512842 requests in 30.00s, 78.25MB read
Requests/sec:  17094.63
Transfer/sec:      2.61MB
