Running 30s test @ http://10.116.0.2:8080/block?ms=100
  4 threads and 2000 connections
  Thread calibration: mean lat.: 102.815ms, rate sampling interval: 211ms
  Thread calibration: mean lat.: 102.618ms, rate sampling interval: 209ms
  Thread calibration: mean lat.: 102.792ms, rate sampling interval: 210ms
  Thread calibration: mean lat.: 102.790ms, rate sampling interval: 210ms
  Thread Stats   Avg      Stdev     Max   +/- Stdev
    Latency   102.52ms    2.52ms 129.73ms   91.13%
    Req/Sec     4.51k   192.66     4.75k    83.38%
  Latency Distribution (HdrHistogram - Recorded Latency)
 50.000%  101.69ms
 75.000%  102.97ms
 90.000%  104.83ms
 99.000%  113.86ms
 99.900%  121.09ms
 99.990%  126.33ms
 99.999%  128.90ms
100.000%  129.79ms

  Detailed Percentile spectrum:
       Value   Percentile   TotalCount 1/(1-Percentile)

     100.287     0.000000            5         1.00
     100.799     0.100000        34775         1.11
     101.055     0.200000        68874         1.25
     101.247     0.300000        97123         1.43
     101.503     0.400000       134495         1.67
     101.695     0.500000       157572         2.00
     101.887     0.550000       175872         2.22
     102.079     0.600000       190670         2.50
     102.335     0.650000       206403         2.86
     102.655     0.700000       222417         3.33
     102.975     0.750000       236428         4.00
     103.231     0.775000       246220         4.44
     103.423     0.800000       252830         5.00
     103.679     0.825000       260656         5.71
     103.999     0.850000       268925         6.67
     104.319     0.875000       275656         8.00
     104.575     0.887500       280094         8.89
     104.831     0.900000       283798        10.00
     105.151     0.912500       287550        11.43
     105.599     0.925000       291582        13.33
     106.111     0.937500       295157        16.00
     106.495     0.943750       297191        17.78
     107.007     0.950000       299279        20.00
     107.583     0.956250       301058        22.86
     108.479     0.962500       303000        26.67
     109.503     0.968750       305010        32.00
     110.079     0.971875       306008        35.56
     110.719     0.975000       307034        40.00
     111.359     0.978125       307965        45.71
     111.999     0.981250       308911        53.33
     112.703     0.984375       309950        64.00
     113.023     0.985938       310400        71.11
     113.343     0.987500       310945        80.00
     113.663     0.989062       311459        91.43
     113.919     0.990625       311861       106.67
     114.367     0.992188       312384       128.00
     114.623     0.992969       312604       142.22
     114.943     0.993750       312843       160.00
     115.391     0.994531       313088       182.86
     116.031     0.995313       313350       213.33
     116.607     0.996094       313592       256.00
     116.927     0.996484       313708       284.44
     117.375     0.996875       313827       320.00
     117.887     0.997266       313944       365.71
     118.463     0.997656       314066       426.67
     119.039     0.998047       314199       512.00
     119.359     0.998242       314255       568.89
     119.999     0.998437       314318       640.00
     120.511     0.998633       314384       731.43
     120.831     0.998828       314439       853.33
     121.151     0.999023       314500      1024.00
     121.343     0.999121       314528      1137.78
     121.599     0.999219       314559      1280.00
     121.983     0.999316       314589      1462.86
     122.431     0.999414       314619      1706.67
     123.199     0.999512       314650      2048.00
     124.159     0.999561       314666      2275.56
     124.607     0.999609       314681      2560.00
     124.927     0.999658       314697      2925.71
     125.055     0.999707       314711      3413.33
     125.247     0.999756       314727      4096.00
     125.439     0.999780       314738      4551.11
     125.503     0.999805       314742      5120.00
     125.759     0.999829       314750      5851.43
     125.887     0.999854       314757      6826.67
     126.207     0.999878       314769      8192.00
     126.207     0.999890       314769      9102.22
     126.399     0.999902       314775     10240.00
     126.527     0.999915       314778     11702.86
     126.591     0.999927       314781     13653.33
     126.655     0.999939       314784     16384.00
     126.783     0.999945       314786     18204.44
     127.039     0.999951       314788     20480.00
     127.103     0.999957       314791     23405.71
     127.359     0.999963       314792     27306.67
     127.679     0.999969       314795     32768.00
     127.679     0.999973       314795     36408.89
     127.743     0.999976       314796     40960.00
     128.063     0.999979       314797     46811.43
     128.319     0.999982       314798     54613.33
     128.831     0.999985       314799     65536.00
     128.831     0.999986       314799     72817.78
     128.895     0.999988       314800     81920.00
     128.895     0.999989       314800     93622.86
     129.535     0.999991       314801    109226.67
     129.535     0.999992       314801    131072.00
     129.535     0.999993       314801    145635.56
     129.727     0.999994       314802    163840.00
     129.727     0.999995       314802    187245.71
     129.727     0.999995       314802    218453.33
     129.727     0.999996       314802    262144.00
     129.727     0.999997       314802    291271.11
     129.791     0.999997       314803    327680.00
     129.791     1.000000       314803          inf
#[Mean    =      102.516, StdDeviation   =        2.524]
#[Max     =      129.728, Total count    =       314803]
#[Buckets =           27, SubBuckets     =         2048]
----------------------------------------------------------
  512855 requests in 30.00s, 78.26MB read
Requests/sec:  17094.78
Transfer/sec:      2.61MB
