Running 30s test @ http://10.116.0.2:8080/block?ms=100
  4 threads and 1000 connections
  Thread calibration: mean lat.: 103.630ms, rate sampling interval: 212ms
  Thread calibration: mean lat.: 103.841ms, rate sampling interval: 212ms
  Thread calibration: mean lat.: 101.662ms, rate sampling interval: 204ms
  Thread calibration: mean lat.: 103.928ms, rate sampling interval: 212ms
  Thread Stats   Avg      Stdev     Max   +/- Stdev
    Latency   102.20ms    1.41ms 113.98ms   77.08%
    Req/Sec     2.26k   147.33     2.36k    86.48%
  Latency Distribution (HdrHistogram - Recorded Latency)
 50.000%  101.89ms
 75.000%  102.91ms
 90.000%  103.87ms
 99.000%  107.58ms
 99.900%  109.89ms
 99.990%  112.96ms
 99.999%  113.41ms
100.000%  114.05ms

  Detailed Percentile spectrum:
       Value   Percentile   TotalCount 1/(1-Percentile)

     100.287     0.000000            3         1.00
     100.799     0.100000        17018         1.11
     101.119     0.200000        37876         1.25
     101.311     0.300000        51737         1.43
     101.567     0.400000        69514         1.67
     101.887     0.500000        86371         2.00
     102.079     0.550000        94903         2.22
     102.271     0.600000       102592         2.50
     102.463     0.650000       110105         2.86
     102.719     0.700000       119544         3.33
     102.911     0.750000       126366         4.00
     103.039     0.775000       130727         4.44
     103.231     0.800000       136728         5.00
     103.359     0.825000       140432         5.71
     103.487     0.850000       143888         6.67
     103.679     0.875000       148228         8.00
     103.743     0.887500       149499         8.89
     103.871     0.900000       151749        10.00
     103.999     0.912500       153733        11.43
     104.191     0.925000       156090        13.33
     104.447     0.937500       158378        16.00
     104.575     0.943750       159228        17.78
     104.703     0.950000       160017        20.00
     104.959     0.956250       161311        22.86
     105.215     0.962500       162286        26.67
     105.535     0.968750       163343        32.00
     105.663     0.971875       163694        35.56
     105.855     0.975000       164204        40.00
     106.111     0.978125       164770        45.71
     106.431     0.981250       165318        53.33
     106.751     0.984375       165801        64.00
     107.007     0.985938       166102        71.11
     107.199     0.987500       166325        80.00
     107.455     0.989062       166607        91.43
     107.711     0.990625       166864       106.67
     107.967     0.992188       167113       128.00
     108.095     0.992969       167235       142.22
     108.287     0.993750       167402       160.00
     108.415     0.994531       167522       182.86
     108.607     0.995313       167654       213.33
     108.863     0.996094       167796       256.00
     108.927     0.996484       167832       284.44
     109.055     0.996875       167914       320.00
     109.183     0.997266       167981       365.71
     109.311     0.997656       168040       426.67
     109.439     0.998047       168105       512.00
     109.503     0.998242       168130       568.89
     109.567     0.998437       168157       640.00
     109.631     0.998633       168184       731.43
     109.759     0.998828       168220       853.33
     109.951     0.999023       168262      1024.00
     110.015     0.999121       168273      1137.78
     110.079     0.999219       168284      1280.00
     110.207     0.999316       168302      1462.86
     110.399     0.999414       168318      1706.67
     110.591     0.999512       168337      2048.00
     110.719     0.999561       168343      2275.56
     110.783     0.999609       168349      2560.00
     111.039     0.999658       168359      2925.71
     111.359     0.999707       168365      3413.33
     111.615     0.999756       168373      4096.00
     111.999     0.999780       168378      4551.11
     112.127     0.999805       168382      5120.00
     112.447     0.999829       168386      5851.43
     112.639     0.999854       168391      6826.67
     112.895     0.999878       168394      8192.00
     112.959     0.999890       168397      9102.22
     113.023     0.999902       168400     10240.00
     113.023     0.999915       168400     11702.86
     113.087     0.999927       168404     13653.33
     113.087     0.999939       168404     16384.00
     113.151     0.999945       168406     18204.44
     113.151     0.999951       168406     20480.00
     113.215     0.999957       168409     23405.71
     113.215     0.999963       168409     27306.67
     113.215     0.999969       168409     32768.00
     113.343     0.999973       168410     36408.89
     113.343     0.999976       168410     40960.00
     113.407     0.999979       168413     46811.43
     113.407     0.999982       168413     54613.33
     113.407     0.999985       168413     65536.00
     113.407     0.999986       168413     72817.78
     113.407     0.999988       168413     81920.00
     113.407     0.999989       168413     93622.86
     113.407     0.999991       168413    109226.67
     113.407     0.999992       168413    131072.00
     113.407     0.999993       168413    145635.56
     113.407     0.999994       168413    163840.00
     114.047     0.999995       168414    187245.71
     114.047     1.000000       168414          inf
#[Mean    =      102.196, StdDeviation   =        1.414]
#[Max     =      113.984, Total count    =       168414]
#[Buckets =           27, SubBuckets     =         2048]
----------------------------------------------------------
  261045 requests in 30.00s, 39.83MB read
Requests/sec:   8700.99
Transfer/sec:      1.33MB
