Running 30s test @ http://10.116.0.2:8080/json
  4 threads and 256 connections
  Thread calibration: mean lat.: 1.291ms, rate sampling interval: 10ms
  Thread calibration: mean lat.: 1.303ms, rate sampling interval: 10ms
  Thread calibration: mean lat.: 1.330ms, rate sampling interval: 10ms
  Thread calibration: mean lat.: 1.522ms, rate sampling interval: 10ms
  Thread Stats   Avg      Stdev     Max   +/- Stdev
    Latency     1.37ms  598.89us  11.22ms   66.27%
    Req/Sec    10.52k     1.40k   15.67k    78.01%
  Latency Distribution (HdrHistogram - Recorded Latency)
 50.000%    1.30ms
 75.000%    1.77ms
 90.000%    2.15ms
 99.000%    2.90ms
 99.900%    4.26ms
 99.990%    7.22ms
 99.999%   10.58ms
100.000%   11.22ms

  Detailed Percentile spectrum:
       Value   Percentile   TotalCount 1/(1-Percentile)

       0.214     0.000000            1         1.00
       0.638     0.100000        78802         1.11
       0.819     0.200000       157814         1.25
       0.983     0.300000       236408         1.43
       1.140     0.400000       315056         1.67
       1.296     0.500000       393707         2.00
       1.379     0.550000       433447         2.22
       1.467     0.600000       472584         2.50
       1.561     0.650000       511778         2.86
       1.665     0.700000       551299         3.33
       1.773     0.750000       590688         4.00
       1.830     0.775000       610182         4.44
       1.889     0.800000       630081         5.00
       1.948     0.825000       649532         5.71
       2.011     0.850000       669311         6.67
       2.079     0.875000       689169         8.00
       2.115     0.887500       699030         8.89
       2.153     0.900000       708709        10.00
       2.195     0.912500       718353        11.43
       2.245     0.925000       728446        13.33
       2.299     0.937500       738029        16.00
       2.331     0.943750       742967        17.78
       2.367     0.950000       747828        20.00
       2.409     0.956250       752954        22.86
       2.455     0.962500       757761        26.67
       2.511     0.968750       762588        32.00
       2.545     0.971875       765124        35.56
       2.583     0.975000       767603        40.00
       2.627     0.978125       770058        45.71
       2.677     0.981250       772424        53.33
       2.739     0.984375       774901        64.00
       2.777     0.985938       776146        71.11
       2.819     0.987500       777338        80.00
       2.867     0.989062       778610        91.43
       2.921     0.990625       779824       106.67
       2.987     0.992188       781059       128.00
       3.023     0.992969       781648       142.22
       3.071     0.993750       782269       160.00
       3.133     0.994531       782894       182.86
       3.203     0.995313       783503       213.33
       3.297     0.996094       784106       256.00
       3.353     0.996484       784414       284.44
       3.423     0.996875       784722       320.00
       3.511     0.997266       785025       365.71
       3.619     0.997656       785341       426.67
       3.729     0.998047       785643       512.00
       3.801     0.998242       785797       568.89
       3.879     0.998437       785948       640.00
       3.983     0.998633       786103       731.43
       4.127     0.998828       786263       853.33
       4.279     0.999023       786409      1024.00
       4.375     0.999121       786486      1137.78
       4.471     0.999219       786563      1280.00
       4.579     0.999316       786639      1462.86
       4.731     0.999414       786716      1706.67
       4.923     0.999512       786794      2048.00
       5.019     0.999561       786833      2275.56
       5.143     0.999609       786871      2560.00
       5.279     0.999658       786908      2925.71
       5.467     0.999707       786947      3413.33
       5.787     0.999756       786986      4096.00
       5.943     0.999780       787005      4551.11
       6.163     0.999805       787024      5120.00
       6.407     0.999829       787043      5851.43
       6.735     0.999854       787062      6826.67
       7.043     0.999878       787081      8192.00
       7.151     0.999890       787091      9102.22
       7.251     0.999902       787101     10240.00
       7.335     0.999915       787110     11702.86
       7.435     0.999927       787120     13653.33
       7.567     0.999939       787129     16384.00
       7.643     0.999945       787134     18204.44
       7.855     0.999951       787139     20480.00
       8.223     0.999957       787144     23405.71
       8.815     0.999963       787149     27306.67
       9.279     0.999969       787153     32768.00
       9.743     0.999973       787156     36408.89
       9.839     0.999976       787158     40960.00
      10.191     0.999979       787161     46811.43
      10.311     0.999982       787163     54613.33
      10.343     0.999985       787165     65536.00
      10.447     0.999986       787167     72817.78
      10.551     0.999988       787168     81920.00
      10.583     0.999989       787169     93622.86
      10.615     0.999991       787171    109226.67
      10.615     0.999992       787171    131072.00
      10.647     0.999993       787172    145635.56
      10.679     0.999994       787173    163840.00
      10.679     0.999995       787173    187245.71
      10.687     0.999995       787174    218453.33
      10.687     0.999996       787174    262144.00
      10.887     0.999997       787175    291271.11
      10.887     0.999997       787175    327680.00
      10.887     0.999997       787175    374491.43
      10.975     0.999998       787176    436906.67
      10.975     0.999998       787176    524288.00
      10.975     0.999998       787176    582542.22
      10.975     0.999998       787176    655360.00
      10.975     0.999999       787176    748982.86
      11.223     0.999999       787177    873813.33
      11.223     1.000000       787177          inf
#[Mean    =        1.365, StdDeviation   =        0.599]
#[Max     =       11.216, Total count    =       787177]
#[Buckets =           27, SubBuckets     =         2048]
----------------------------------------------------------
  1185287 requests in 30.00s, 195.56MB read
Requests/sec:  39508.92
Transfer/sec:      6.52MB
