Running 30s test @ http://10.116.0.2:8080/json
  4 threads and 256 connections
  Thread calibration: mean lat.: 1.159ms, rate sampling interval: 10ms
  Thread calibration: mean lat.: 1.165ms, rate sampling interval: 10ms
  Thread calibration: mean lat.: 1.340ms, rate sampling interval: 10ms
  Thread calibration: mean lat.: 1.171ms, rate sampling interval: 10ms
  Thread Stats   Avg      Stdev     Max   +/- Stdev
    Latency     1.19ms  503.18us  11.74ms   63.46%
    Req/Sec     5.26k     1.08k    7.11k    81.25%
  Latency Distribution (HdrHistogram - Recorded Latency)
 50.000%    1.15ms
 75.000%    1.57ms
 90.000%    1.87ms
 99.000%    2.38ms
 99.900%    2.83ms
 99.990%    3.78ms
 99.999%    4.69ms
100.000%   11.74ms

  Detailed Percentile spectrum:
       Value   Percentile   TotalCount 1/(1-Percentile)

       0.211     0.000000            1         1.00
       0.552     0.100000        39554         1.11
       0.714     0.200000        78947         1.25
       0.861     0.300000       118279         1.43
       1.005     0.400000       157472         1.67
       1.155     0.500000       196966         2.00
       1.232     0.550000       216687         2.22
       1.311     0.600000       236283         2.50
       1.393     0.650000       256015         2.86
       1.480     0.700000       275643         3.33
       1.571     0.750000       295358         4.00
       1.616     0.775000       305043         4.44
       1.663     0.800000       315040         5.00
       1.709     0.825000       324741         5.71
       1.758     0.850000       334588         6.67
       1.811     0.875000       344555         8.00
       1.839     0.887500       349369         8.89
       1.872     0.900000       354294        10.00
       1.908     0.912500       359183        11.43
       1.949     0.925000       364101        13.33
       1.996     0.937500       369060        16.00
       2.022     0.943750       371473        17.78
       2.051     0.950000       373926        20.00
       2.083     0.956250       376410        22.86
       2.119     0.962500       378944        26.67
       2.161     0.968750       381405        32.00
       2.181     0.971875       382511        35.56
       2.207     0.975000       383795        40.00
       2.235     0.978125       385017        45.71
       2.265     0.981250       386216        53.33
       2.299     0.984375       387450        64.00
       2.319     0.985938       388089        71.11
       2.339     0.987500       388670        80.00
       2.363     0.989062       389308        91.43
       2.389     0.990625       389896       106.67
       2.419     0.992188       390533       128.00
       2.435     0.992969       390818       142.22
       2.457     0.993750       391143       160.00
       2.477     0.994531       391424       182.86
       2.501     0.995313       391730       213.33
       2.535     0.996094       392050       256.00
       2.553     0.996484       392210       284.44
       2.571     0.996875       392352       320.00
       2.593     0.997266       392507       365.71
       2.621     0.997656       392661       426.67
       2.655     0.998047       392813       512.00
       2.673     0.998242       392886       568.89
       2.709     0.998437       392964       640.00
       2.739     0.998633       393037       731.43
       2.779     0.998828       393116       853.33
       2.837     0.999023       393192      1024.00
       2.883     0.999121       393231      1137.78
       2.931     0.999219       393267      1280.00
       2.983     0.999316       393306      1462.86
       3.039     0.999414       393344      1706.67
       3.117     0.999512       393382      2048.00
       3.169     0.999561       393402      2275.56
       3.223     0.999609       393421      2560.00
       3.281     0.999658       393440      2925.71
       3.335     0.999707       393459      3413.33
       3.427     0.999756       393478      4096.00
       3.483     0.999780       393488      4551.11
       3.521     0.999805       393498      5120.00
       3.553     0.999829       393507      5851.43
       3.625     0.999854       393517      6826.67
       3.703     0.999878       393526      8192.00
       3.735     0.999890       393531      9102.22
       3.785     0.999902       393536     10240.00
       3.897     0.999915       393541     11702.86
       3.977     0.999927       393546     13653.33
       4.053     0.999939       393550     16384.00
       4.107     0.999945       393553     18204.44
       4.131     0.999951       393555     20480.00
       4.235     0.999957       393558     23405.71
       4.251     0.999963       393560     27306.67
       4.315     0.999969       393562     32768.00
       4.399     0.999973       393564     36408.89
       4.607     0.999976       393566     40960.00
       4.607     0.999979       393566     46811.43
       4.615     0.999982       393567     54613.33
       4.635     0.999985       393568     65536.00
       4.651     0.999986       393569     72817.78
       4.691     0.999988       393570     81920.00
       4.691     0.999989       393570     93622.86
       4.723     0.999991       393571    109226.67
       4.723     0.999992       393571    131072.00
       4.915     0.999993       393572    145635.56
       4.915     0.999994       393572    163840.00
       4.915     0.999995       393572    187245.71
       7.855     0.999995       393573    218453.33
       7.855     0.999996       393573    262144.00
       7.855     0.999997       393573    291271.11
       7.855     0.999997       393573    327680.00
       7.855     0.999997       393573    374491.43
      11.743     0.999998       393574    436906.67
      11.743     1.000000       393574          inf
#[Mean    =        1.195, StdDeviation   =        0.503]
#[Max     =       11.736, Total count    =       393574]
#[Buckets =           27, SubBuckets     =         2048]
----------------------------------------------------------
  592724 requests in 30.00s, 97.79MB read
Requests/sec:  19757.16
Transfer/sec:      3.26MB
