Running 30s test @ http://10.116.0.2:8080/json
  4 threads and 256 connections
  Thread calibration: mean lat.: 154.226ms, rate sampling interval: 765ms
  Thread calibration: mean lat.: 161.656ms, rate sampling interval: 801ms
  Thread calibration: mean lat.: 152.261ms, rate sampling interval: 761ms
  Thread calibration: mean lat.: 621.731ms, rate sampling interval: 2018ms
  Thread Stats   Avg      Stdev     Max   +/- Stdev
    Latency   670.68ms  944.32ms   3.66s    81.24%
    Req/Sec    24.72k     1.06k   26.33k    77.11%
  Latency Distribution (HdrHistogram - Recorded Latency)
 50.000%  241.15ms
 75.000%  580.61ms
 90.000%    2.41s 
 99.000%    3.36s 
 99.900%    3.58s 
 99.990%    3.63s 
 99.999%    3.65s 
100.000%    3.66s 

  Detailed Percentile spectrum:
       Value   Percentile   TotalCount 1/(1-Percentile)

       0.282     0.000000            1         1.00
      13.671     0.100000       191269         1.11
      43.103     0.200000       382422         1.25
      90.303     0.300000       573761         1.43
     148.479     0.400000       765083         1.67
     241.151     0.500000       956102         2.00
     290.559     0.550000      1052060         2.22
     338.431     0.600000      1147383         2.50
     393.727     0.650000      1243123         2.86
     464.127     0.700000      1338717         3.33
     580.607     0.750000      1434270         4.00
    1098.751     0.775000      1481851         4.44
    1455.103     0.800000      1529704         5.00
    1717.247     0.825000      1577484         5.71
    1936.383     0.850000      1625331         6.67
    2162.687     0.875000      1673248         8.00
    2330.623     0.887500      1697233         8.89
    2410.495     0.900000      1721214        10.00
    2508.799     0.912500      1744841        11.43
    2646.015     0.925000      1768929        13.33
    2766.847     0.937500      1792827        16.00
    2818.047     0.943750      1805013        17.78
    2856.959     0.950000      1816671        20.00
    2910.207     0.956250      1828643        22.86
    3002.367     0.962500      1840441        26.67
    3117.055     0.968750      1852319        32.00
    3143.679     0.971875      1858502        35.56
    3170.303     0.975000      1864697        40.00
    3194.879     0.978125      1870301        45.71
    3227.647     0.981250      1876476        53.33
    3262.463     0.984375      1882208        64.00
    3287.039     0.985938      1885236        71.11
    3315.711     0.987500      1888244        80.00
    3344.383     0.989062      1891187        91.43
    3373.055     0.990625      1894283       106.67
    3399.679     0.992188      1897190       128.00
    3416.063     0.992969      1898636       142.22
    3438.591     0.993750      1900143       160.00
    3461.119     0.994531      1901635       182.86
    3481.599     0.995313      1903163       213.33
    3502.079     0.996094      1904636       256.00
    3512.319     0.996484      1905409       284.44
    3522.559     0.996875      1906241       320.00
    3530.751     0.997266      1906925       365.71
    3538.943     0.997656      1907624       426.67
    3549.183     0.998047      1908468       512.00
    3553.279     0.998242      1908746       568.89
    3559.423     0.998437      1909161       640.00
    3565.567     0.998633      1909507       731.43
    3571.711     0.998828      1909813       853.33
    3579.903     0.999023      1910217      1024.00
    3583.999     0.999121      1910392      1137.78
    3588.095     0.999219      1910575      1280.00
    3592.191     0.999316      1910747      1462.86
    3598.335     0.999414      1910973      1706.67
    3602.431     0.999512      1911127      2048.00
    3604.479     0.999561      1911216      2275.56
    3608.575     0.999609      1911371      2560.00
    3610.623     0.999658      1911448      2925.71
    3612.671     0.999707      1911514      3413.33
    3616.767     0.999756      1911639      4096.00
    3616.767     0.999780      1911639      4551.11
    3618.815     0.999805      1911695      5120.00
    3620.863     0.999829      1911735      5851.43
    3622.911     0.999854      1911775      6826.67
    3624.959     0.999878      1911820      8192.00
    3627.007     0.999890      1911855      9102.22
    3629.055     0.999902      1911894     10240.00
    3629.055     0.999915      1911894     11702.86
    3631.103     0.999927      1911916     13653.33
    3633.151     0.999939      1911945     16384.00
    3635.199     0.999945      1911962     18204.44
    3635.199     0.999951      1911962     20480.00
    3637.247     0.999957      1911979     23405.71
    3639.295     0.999963      1911989     27306.67
    3641.343     0.999969      1911996     32768.00
    3643.391     0.999973      1912006     36408.89
    3645.439     0.999976      1912016     40960.00
    3645.439     0.999979      1912016     46811.43
    3647.487     0.999982      1912022     54613.33
    3649.535     0.999985      1912027     65536.00
    3649.535     0.999986      1912027     72817.78
    3651.583     0.999988      1912031     81920.00
    3653.631     0.999989      1912036     93622.86
    3653.631     0.999991      1912036    109226.67
    3655.679     0.999992      1912042    131072.00
    3655.679     0.999993      1912042    145635.56
    3655.679     0.999994      1912042    163840.00
    3657.727     0.999995      1912048    187245.71
    3657.727     0.999995      1912048    218453.33
    3657.727     0.999996      1912048    262144.00
    3657.727     0.999997      1912048    291271.11
    3657.727     0.999997      1912048    327680.00
    3657.727     0.999997      1912048    374491.43
    3659.775     0.999998      1912050    436906.67
    3659.775     0.999998      1912050    524288.00
    3659.775     0.999998      1912050    582542.22
    3661.823     0.999998      1912053    655360.00
    3661.823     1.000000      1912053          inf
#[Mean    =      670.679, StdDeviation   =      944.317]
#[Max     =     3659.776, Total count    =      1912053]
#[Buckets =           27, SubBuckets     =         2048]
----------------------------------------------------------
  2863394 requests in 30.00s, 472.42MB read
Requests/sec:  95447.44
Transfer/sec:     15.75MB
