Running 30s test @ http://10.116.0.2:8080/json
  4 threads and 256 connections
  Thread calibration: mean lat.: 1.327ms, rate sampling interval: 10ms
  Thread calibration: mean lat.: 1.300ms, rate sampling interval: 10ms
  Thread calibration: mean lat.: 1.486ms, rate sampling interval: 10ms
  Thread calibration: mean lat.: 1.312ms, rate sampling interval: 10ms
  Thread Stats   Avg      Stdev     Max   +/- Stdev
    Latency     1.34ms  588.78us   7.04ms   64.90%
    Req/Sec    10.53k     1.33k   15.11k    77.22%
  Latency Distribution (HdrHistogram - Recorded Latency)
 50.000%    1.26ms
 75.000%    1.76ms
 90.000%    2.14ms
 99.000%    2.78ms
 99.900%    4.06ms
 99.990%    5.61ms
 99.999%    6.45ms
100.000%    7.04ms

  Detailed Percentile spectrum:
       Value   Percentile   TotalCount 1/(1-Percentile)

       0.218     0.000000            1         1.00
       0.619     0.100000        78743         1.11
       0.790     0.200000       157667         1.25
       0.949     0.300000       236646         1.43
       1.105     0.400000       315010         1.67
       1.265     0.500000       393939         2.00
       1.349     0.550000       433117         2.22
       1.440     0.600000       472523         2.50
       1.538     0.650000       511966         2.86
       1.644     0.700000       551078         3.33
       1.756     0.750000       590385         4.00
       1.813     0.775000       610065         4.44
       1.872     0.800000       629985         5.00
       1.931     0.825000       649464         5.71
       1.994     0.850000       669232         6.67
       2.063     0.875000       689268         8.00
       2.099     0.887500       698960         8.89
       2.137     0.900000       708534        10.00
       2.181     0.912500       718473        11.43
       2.229     0.925000       728188        13.33
       2.285     0.937500       738246        16.00
       2.315     0.943750       743098        17.78
       2.347     0.950000       747828        20.00
       2.383     0.956250       752746        22.86
       2.425     0.962500       757669        26.67
       2.473     0.968750       762674        32.00
       2.501     0.971875       765178        35.56
       2.531     0.975000       767525        40.00
       2.565     0.978125       770013        45.71
       2.605     0.981250       772450        53.33
       2.653     0.984375       774896        64.00
       2.681     0.985938       776143        71.11
       2.713     0.987500       777347        80.00
       2.751     0.989062       778587        91.43
       2.795     0.990625       779781       106.67
       2.849     0.992188       781033       128.00
       2.881     0.992969       781643       142.22
       2.923     0.993750       782258       160.00
       2.973     0.994531       782865       182.86
       3.037     0.995313       783474       213.33
       3.119     0.996094       784081       256.00
       3.171     0.996484       784391       284.44
       3.239     0.996875       784697       320.00
       3.315     0.997266       785003       365.71
       3.419     0.997656       785310       426.67
       3.547     0.998047       785618       512.00
       3.629     0.998242       785772       568.89
       3.721     0.998437       785925       640.00
       3.827     0.998633       786077       731.43
       3.945     0.998828       786231       853.33
       4.077     0.999023       786384      1024.00
       4.147     0.999121       786464      1137.78
       4.215     0.999219       786539      1280.00
       4.299     0.999316       786618      1462.86
       4.403     0.999414       786692      1706.67
       4.519     0.999512       786769      2048.00
       4.575     0.999561       786811      2275.56
       4.639     0.999609       786850      2560.00
       4.715     0.999658       786883      2925.71
       4.811     0.999707       786923      3413.33
       4.975     0.999756       786961      4096.00
       5.075     0.999780       786981      4551.11
       5.143     0.999805       786999      5120.00
       5.251     0.999829       787018      5851.43
       5.367     0.999854       787039      6826.67
       5.491     0.999878       787056      8192.00
       5.543     0.999890       787066      9102.22
       5.647     0.999902       787076     10240.00
       5.727     0.999915       787085     11702.86
       5.795     0.999927       787096     13653.33
       5.891     0.999939       787104     16384.00
       5.935     0.999945       787109     18204.44
       6.027     0.999951       787114     20480.00
       6.059     0.999957       787119     23405.71
       6.127     0.999963       787124     27306.67
       6.187     0.999969       787128     32768.00
       6.255     0.999973       787131     36408.89
       6.307     0.999976       787133     40960.00
       6.339     0.999979       787137     46811.43
       6.347     0.999982       787138     54613.33
       6.415     0.999985       787140     65536.00
       6.423     0.999986       787142     72817.78
       6.439     0.999988       787143     81920.00
       6.447     0.999989       787144     93622.86
       6.467     0.999991       787145    109226.67
       6.507     0.999992       787146    131072.00
       6.519     0.999993       787147    145635.56
       6.555     0.999994       787148    163840.00
       6.555     0.999995       787148    187245.71
       6.615     0.999995       787149    218453.33
       6.615     0.999996       787149    262144.00
       6.751     0.999997       787150    291271.11
       6.751     0.999997       787150    327680.00
       6.751     0.999997       787150    374491.43
       6.887     0.999998       787151    436906.67
       6.887     0.999998       787151    524288.00
       6.887     0.999998       787151    582542.22
       6.887     0.999998       787151    655360.00
       6.887     0.999999       787151    748982.86
       7.039     0.999999       787152    873813.33
       7.039     1.000000       787152          inf
#[Mean    =        1.338, StdDeviation   =        0.589]
#[Max     =        7.036, Total count    =       787152]
#[Buckets =           27, SubBuckets     =         2048]
----------------------------------------------------------
  1185283 requests in 30.00s, 195.55MB read
Requests/sec:  39509.01
Transfer/sec:      6.52MB
