1790888383 154820
1790888384 190432
1790888385 215656
1790888386 216580
1790888387 231876
1790888388 258932
1790888389 259056
1790888390 259108
1790888391 259112
1790888392 259172
1790888393 262940
1790888394 262980
1790888395 263488
1790888396 263512
1790888397 263520
1790888398 263532
1790888399 263536
1790888400 263540
1790888401 263544
1790888403 263544
1790888404 263548
1790888405 263552
1790888406 263556
1790888407 263556
1790888408 263556
1790888409 263556
1790888410 263556
1790888411 263560
1790888412 263572
1790888413 263592
1790888414 267500
1790888415 293364
1790888416 293368
1790888417 303952
1790888418 303968
1790888419 304688
1790888420 305328
1790888421 305944
1790888422 306580
1790888423 306592
1790888424 306604
1790888425 307092
1790888426 307508
1790888427 307680
1790888428 307680
1790888430 307680
1790888431 307680
1790888432 307700
1790888433 307712
1790888434 307728
1790888435 307728
1790888436 307828
1790888437 307832
1790888438 307836
1790888439 307836
1790888440 307840
1790888441 307844
1790888442 307848
1790888443 308104
1790888444 308192
1790888445 308224
1790888446 308224
1790888447 308228
1790888448 308232
1790888449 308236
1790888450 308236
1790888451 308236
1790888452 308236
1790888453 308236
1790888454 308240
1790888456 308244
1790888457 308244
1790888458 308244
1790888459 308252
1790888460 308252
1790888461 308256
1790888462 308256
1790888463 308256
1790888464 308268
1790888465 308272
1790888466 308272
1790888467 308272
1790888468 308272
1790888469 308272
1790888470 308272
1790888471 308272
1790888472 308276
1790888473 308280
1790888474 308652
1790888475 261016
1790888476 261016
1790888477 261024
1790888478 261028
1790888479 261028
1790888481 261028
1790888482 261032
1790888483 261032
1790888484 261040
1790888485 261044
1790888486 261044
1790888487 261044
1790888488 261044
1790888489 261044
1790888490 261048
1790888491 261048
1790888492 261048
1790888493 261048
1790888494 261048
1790888495 261048
1790888496 261048
1790888497 261052
1790888498 261052
1790888499 261052
1790888500 261052
1790888502 261052
1790888503 261124
1790888504 261436
1790888505 261672
1790888506 261672
1790888507 261704
1790888508 261704
1790888509 261708
1790888510 261712
1790888511 261716
1790888512 261716
1790888513 261716
1790888514 261720
1790888515 261728
1790888516 261732
1790888517 261732
1790888518 261732
1790888519 261732
1790888521 261732
1790888522 261740
1790888523 261740
1790888524 261748
1790888525 261752
1790888526 261752
1790888527 261752
1790888528 261752
1790888529 261756
1790888530 261760
1790888531 261764
1790888532 261764
1790888533 261776
1790888534 283352
1790888535 309004
1790888536 309008
1790888538 309012
1790888539 309016
1790888540 309020
1790888541 309024
1790888542 309024
1790888543 309028
1790888544 309028
1790888545 309032
1790888546 309032
1790888547 309036
1790888548 309036
1790888550 309036
1790888551 309036
1790888552 309044
1790888553 309044
1790888554 309044
1790888555 309048
1790888556 309048
1790888557 309048
1790888558 309056
1790888559 309056
1790888560 309056
1790888562 309056
1790888563 309056
1790888564 309072
1790888565 339868
1790888566 339872
1790888567 339872
1790888568 339872
1790888569 339872
1790888570 339872
1790888571 339872
1790888572 339872
1790888573 339884
1790888575 339892
1790888576 339892
1790888577 339896
1790888578 339896
1790888579 339896
1790888580 339896
1790888581 339896
1790888583 339896
1790888584 339900
1790888585 339900
1790888586 339900
1790888587 339900
1790888588 339900
1790888589 339900
1790888590 339900
1790888591 339900
1790888593 339900
1790888594 339912
1790888595 339916
1790888596 339920
1790888597 339920
1790888598 339920
1790888599 339920
1790888600 339924
1790888601 339924
1790888602 339924
1790888604 339928
1790888605 339928
1790888606 339928
1790888607 339928
1790888608 339928
1790888609 339928
1790888610 339932
1790888612 339932
1790888613 339936
1790888614 339936
1790888615 339936
1790888616 339940
1790888617 339940
1790888618 339944
1790888619 339944
1790888621 339948
1790888622 339988
1790888623 339992
1790888624 339992
1790888625 340024
1790888626 350828
1790888627 351636
1790888628 351636
1790888629 351648
1790888630 351648
1790888631 351648
1790888632 351652
1790888633 351664
1790888634 351672
1790888635 351672
1790888636 351676
1790888637 351700
1790888638 353132
1790888639 353144
1790888640 353144
1790888641 353144
1790888642 353144
1790888644 353144
1790888645 353144
1790888646 353244
1790888647 353244
1790888648 353244
1790888649 353244
1790888650 353248
1790888651 353248
1790888652 353252
1790888653 353252
1790888654 353252
1790888655 353252
1790888656 380908
1790888657 382168
1790888658 383624
1790888659 383676
1790888660 383676
1790888661 383684
1790888662 383684
1790888663 383684
1790888664 383684
1790888665 383684
1790888666 383704
1790888667 383728
1790888669 383732
1790888670 383732
1790888671 383732
1790888672 383732
1790888673 383732
1790888674 383732
1790888675 383732
1790888676 383732
1790888677 383732
1790888678 383732
1790888679 383732
1790888680 383740
1790888681 383740
1790888682 383740
1790888683 383740
1790888684 383744
1790888685 403844
1790888686 405408
1790888687 405992
1790888688 467568
1790888690 574504
1790888691 591308
1790888692 591340
1790888693 591356
1790888694 591356
1790888695 591372
1790888696 591372
1790888697 591372
1790888698 591372
1790888699 591372
1790888700 591372
1790888701 591372
1790888702 591372
1790888703 591372
1790888705 591376
1790888706 591396
1790888707 591404
1790888708 591412
1790888709 591420
1790888710 591424
1790888711 591436
1790888712 591444
1790888713 656096
1790888714 656112
1790888715 656112
1790888716 661988
1790888717 663892
1790888718 664612
1790888719 664628
1790888721 664636
1790888722 726232
1790888723 726384
1790888724 834352
1790888725 835268
1790888726 893332
1790888727 944052
1790888728 944052
1790888729 944052
1790888730 944080
1790888731 944116
1790888733 944300
1790888734 946024
1790888735 946908
1790888736 947316
1790888737 947316
1790888738 947320
1790888739 947320
1790888740 947324
1790888741 947324
1790888742 947324
1790888743 947324
