Running 30s test @ http://10.116.0.2:8080/block?ms=100
  4 threads and 1000 connections
  Thread calibration: mean lat.: 105.548ms, rate sampling interval: 214ms
  Thread calibration: mean lat.: 105.209ms, rate sampling interval: 213ms
  Thread calibration: mean lat.: 106.251ms, rate sampling interval: 216ms
  Thread calibration: mean lat.: 106.121ms, rate sampling interval: 215ms
  Thread Stats   Avg      Stdev     Max   +/- Stdev
    Latency   102.67ms    1.67ms 116.35ms   75.88%
    Req/Sec     2.25k   131.63     2.35k    83.29%
  Latency Distribution (HdrHistogram - Recorded Latency)
 50.000%  102.33ms
 75.000%  103.49ms
 90.000%  104.70ms
 99.000%  108.61ms
 99.900%  113.21ms
 99.990%  115.65ms
 99.999%  116.16ms
100.000%  116.42ms

  Detailed Percentile spectrum:
       Value   Percentile   TotalCount 1/(1-Percentile)

     100.351     0.000000           11         1.00
     100.991     0.100000        17045         1.11
     101.375     0.200000        36990         1.25
     101.631     0.300000        51124         1.43
     102.015     0.400000        70500         1.67
     102.335     0.500000        85339         2.00
     102.527     0.550000        93650         2.22
     102.719     0.600000       101583         2.50
     102.975     0.650000       111208         2.86
     103.231     0.700000       119898         3.33
     103.487     0.750000       127513         4.00
     103.615     0.775000       131079         4.44
     103.807     0.800000       136083         5.00
     103.935     0.825000       139115         5.71
     104.127     0.850000       143198         6.67
     104.383     0.875000       147729         8.00
     104.511     0.887500       149688         8.89
     104.703     0.900000       151966        10.00
     104.895     0.912500       153869        11.43
     105.151     0.925000       155986        13.33
     105.471     0.937500       158107        16.00
     105.663     0.943750       159177        17.78
     105.855     0.950000       160115        20.00
     106.047     0.956250       161055        22.86
     106.303     0.962500       162185        26.67
     106.559     0.968750       163232        32.00
     106.687     0.971875       163776        35.56
     106.815     0.975000       164203        40.00
     107.007     0.978125       164734        45.71
     107.263     0.981250       165240        53.33
     107.647     0.984375       165817        64.00
     107.839     0.985938       166049        71.11
     108.095     0.987500       166328        80.00
     108.351     0.989062       166557        91.43
     108.735     0.990625       166834       106.67
     109.183     0.992188       167086       128.00
     109.439     0.992969       167230       142.22
     109.695     0.993750       167357       160.00
     109.951     0.994531       167502       182.86
     110.143     0.995313       167613       213.33
     110.527     0.996094       167746       256.00
     110.655     0.996484       167805       284.44
     110.847     0.996875       167868       320.00
     111.039     0.997266       167931       365.71
     111.295     0.997656       168006       426.67
     111.551     0.998047       168062       512.00
     111.807     0.998242       168100       568.89
     112.127     0.998437       168129       640.00
     112.447     0.998633       168161       731.43
     112.895     0.998828       168195       853.33
     113.215     0.999023       168230      1024.00
     113.407     0.999121       168249      1137.78
     113.535     0.999219       168265      1280.00
     113.663     0.999316       168281      1462.86
     113.791     0.999414       168294      1706.67
     113.983     0.999512       168310      2048.00
     114.111     0.999561       168319      2275.56
     114.239     0.999609       168331      2560.00
     114.303     0.999658       168336      2925.71
     114.431     0.999707       168342      3413.33
     114.687     0.999756       168353      4096.00
     114.751     0.999780       168356      4551.11
     114.943     0.999805       168358      5120.00
     115.071     0.999829       168363      5851.43
     115.327     0.999854       168366      6826.67
     115.519     0.999878       168370      8192.00
     115.583     0.999890       168372      9102.22
     115.647     0.999902       168375     10240.00
     115.711     0.999915       168377     11702.86
     115.775     0.999927       168380     13653.33
     115.775     0.999939       168380     16384.00
     115.839     0.999945       168382     18204.44
     115.839     0.999951       168382     20480.00
     115.967     0.999957       168384     23405.71
     115.967     0.999963       168384     27306.67
     116.031     0.999969       168385     32768.00
     116.095     0.999973       168387     36408.89
     116.095     0.999976       168387     40960.00
     116.095     0.999979       168387     46811.43
     116.095     0.999982       168387     54613.33
     116.159     0.999985       168388     65536.00
     116.159     0.999986       168388     72817.78
     116.159     0.999988       168388     81920.00
     116.223     0.999989       168389     93622.86
     116.223     0.999991       168389    109226.67
     116.223     0.999992       168389    131072.00
     116.223     0.999993       168389    145635.56
     116.223     0.999994       168389    163840.00
     116.415     0.999995       168390    187245.71
     116.415     1.000000       168390          inf
#[Mean    =      102.666, StdDeviation   =        1.669]
#[Max     =      116.352, Total count    =       168390]
#[Buckets =           27, SubBuckets     =         2048]
----------------------------------------------------------
  260149 requests in 30.00s, 39.70MB read
Requests/sec:   8671.58
Transfer/sec:      1.32MB
