Running 30s test @ http://10.116.0.2:8080/json
  4 threads and 256 connections
  Thread calibration: mean lat.: 574.141ms, rate sampling interval: 6811ms
  Thread calibration: mean lat.: 659.513ms, rate sampling interval: 6979ms
  Thread calibration: mean lat.: 863.724ms, rate sampling interval: 7393ms
  Thread calibration: mean lat.: 823.318ms, rate sampling interval: 6381ms
  Thread Stats   Avg      Stdev     Max   +/- Stdev
    Latency     3.39s     2.06s   11.46s    77.63%
    Req/Sec    24.23k     1.54k   25.69k    77.78%
  Latency Distribution (HdrHistogram - Recorded Latency)
 50.000%    3.15s 
 75.000%    4.39s 
 90.000%    5.39s 
 99.000%   10.66s 
 99.900%   11.03s 
 99.990%   11.35s 
 99.999%   11.44s 
100.000%   11.47s 

  Detailed Percentile spectrum:
       Value   Percentile   TotalCount 1/(1-Percentile)

       0.527     0.000000            1         1.00
     894.463     0.100000       190454         1.11
    1813.503     0.200000       380961         1.25
    2410.495     0.300000       571682         1.43
    2871.295     0.400000       761798         1.67
    3151.871     0.500000       952890         2.00
    3295.231     0.550000      1047719         2.22
    3497.983     0.600000      1142469         2.50
    3766.271     0.650000      1238017         2.86
    4055.039     0.700000      1332963         3.33
    4390.911     0.750000      1428990         4.00
    4542.463     0.775000      1476221         4.44
    4706.303     0.800000      1523654         5.00
    4886.527     0.825000      1571372         5.71
    4988.927     0.850000      1618626         6.67
    5144.575     0.875000      1666092         8.00
    5251.071     0.887500      1690203         8.89
    5390.335     0.900000      1714326        10.00
    5775.359     0.912500      1737483        11.43
    6230.015     0.925000      1761381        13.33
    6848.511     0.937500      1785074        16.00
    7413.759     0.943750      1796993        17.78
    8122.367     0.950000      1808871        20.00
    8658.943     0.956250      1821093        22.86
    8781.823     0.962500      1833467        26.67
    8888.319     0.968750      1844851        32.00
    8945.663     0.971875      1850766        35.56
    9003.007     0.975000      1856686        40.00
    9060.351     0.978125      1862576        45.71
    9191.423     0.981250      1868467        53.33
    9347.071     0.984375      1874488        64.00
    9461.759     0.985938      1877418        71.11
   10223.615     0.987500      1880272        80.00
   10616.831     0.989062      1883469        91.43
   10682.367     0.990625      1886465       106.67
   10756.095     0.992188      1889513       128.00
   10788.863     0.992969      1891023       142.22
   10813.439     0.993750      1892212       160.00
   10846.207     0.994531      1893772       182.86
   10878.975     0.995313      1895202       213.33
   10911.743     0.996094      1896674       256.00
   10928.127     0.996484      1897424       284.44
   10944.511     0.996875      1898137       320.00
   10960.895     0.997266      1898876       365.71
   10977.279     0.997656      1899648       426.67
   10993.663     0.998047      1900409       512.00
   11001.855     0.998242      1900796       568.89
   11010.047     0.998437      1901170       640.00
   11018.239     0.998633      1901538       731.43
   11026.431     0.998828      1901894       853.33
   11034.623     0.999023      1902236      1024.00
   11042.815     0.999121      1902514      1137.78
   11051.007     0.999219      1902771      1280.00
   11051.007     0.999316      1902771      1462.86
   11067.391     0.999414      1903073      1706.67
   11075.583     0.999512      1903178      2048.00
   11083.775     0.999561      1903236      2275.56
   11116.543     0.999609      1903337      2560.00
   11157.503     0.999658      1903431      2925.71
   11198.463     0.999707      1903525      3413.33
   11231.231     0.999756      1903604      4096.00
   11255.807     0.999780      1903659      4551.11
   11272.191     0.999805      1903700      5120.00
   11296.767     0.999829      1903756      5851.43
   11313.151     0.999854      1903794      6826.67
   11337.727     0.999878      1903854      8192.00
   11345.919     0.999890      1903871      9102.22
   11354.111     0.999902      1903890     10240.00
   11362.303     0.999915      1903909     11702.86
   11378.687     0.999927      1903947     13653.33
   11386.879     0.999939      1903964     16384.00
   11386.879     0.999945      1903964     18204.44
   11395.071     0.999951      1903985     20480.00
   11403.263     0.999957      1904003     23405.71
   11403.263     0.999963      1904003     27306.67
   11411.455     0.999969      1904021     32768.00
   11411.455     0.999973      1904021     36408.89
   11419.647     0.999976      1904034     40960.00
   11419.647     0.999979      1904034     46811.43
   11419.647     0.999982      1904034     54613.33
   11427.839     0.999985      1904046     65536.00
   11427.839     0.999986      1904046     72817.78
   11427.839     0.999988      1904046     81920.00
   11436.031     0.999989      1904055     93622.86
   11436.031     0.999991      1904055    109226.67
   11436.031     0.999992      1904055    131072.00
   11436.031     0.999993      1904055    145635.56
   11444.223     0.999994      1904062    163840.00
   11444.223     0.999995      1904062    187245.71
   11444.223     0.999995      1904062    218453.33
   11444.223     0.999996      1904062    262144.00
   11444.223     0.999997      1904062    291271.11
   11452.415     0.999997      1904065    327680.00
   11452.415     0.999997      1904065    374491.43
   11452.415     0.999998      1904065    436906.67
   11452.415     0.999998      1904065    524288.00
   11452.415     0.999998      1904065    582542.22
   11460.607     0.999998      1904067    655360.00
   11460.607     0.999999      1904067    748982.86
   11460.607     0.999999      1904067    873813.33
   11460.607     0.999999      1904067   1048576.00
   11460.607     0.999999      1904067   1165084.44
   11460.607     0.999999      1904067   1310720.00
   11460.607     0.999999      1904067   1497965.71
   11460.607     0.999999      1904067   1747626.67
   11468.799     1.000000      1904068   2097152.00
   11468.799     1.000000      1904068          inf
#[Mean    =     3386.360, StdDeviation   =     2064.617]
#[Max     =    11460.608, Total count    =      1904068]
#[Buckets =           27, SubBuckets     =         2048]
----------------------------------------------------------
  2880358 requests in 30.00s, 475.22MB read
Requests/sec:  96012.97
Transfer/sec:     15.84MB
