Linux 6.8.0-142-generic (cafeai-bench-server) 	10/01/26 	_x86_64_	(4 CPU)

21:17:58     CPU    %usr   %nice    %sys %iowait    %irq   %soft  %steal  %guest  %gnice   %idle
21:17:59     all   62.50    0.00    6.25    0.00    0.00    2.00    0.00    0.00    0.00   29.25
21:18:00     all   79.45    0.00   13.28    0.00    0.00    6.77    0.00    0.00    0.00    0.50
21:18:01     all   73.57    0.00   16.71    0.00    0.00    9.48    0.00    0.00    0.00    0.25
21:18:02     all   67.25    0.00   16.50    0.00    0.00   12.75    0.00    0.00    0.00    3.50
21:18:03     all   64.10    0.00   13.25    0.00    0.00   11.57    0.00    0.00    0.00   11.08
21:18:04     all   52.59    0.00   12.84    0.00    0.00   11.85    0.25    0.00    0.00   22.47
21:18:05     all   17.78    0.00   13.86    0.00    0.00    9.70    0.00    0.00    0.00   58.66
21:18:06     all   14.63    0.00   11.75    0.00    0.00   10.07    0.48    0.00    0.00   63.07
21:18:07     all   13.45    0.00   12.22    0.00    0.00   10.02    0.24    0.00    0.00   64.06
21:18:08     all   14.39    0.00   13.68    0.00    0.00    9.43    0.00    0.00    0.00   62.50
21:18:09     all   14.88    0.00   13.26    0.00    0.00    9.77    0.00    0.00    0.00   62.09
21:18:10     all   14.25    0.00   13.79    0.00    0.00    9.58    0.00    0.00    0.00   62.38
21:18:11     all   13.38    0.00   14.08    0.00    0.00    9.39    0.00    0.00    0.00   63.15
21:18:12     all   14.61    0.00   14.16    0.00    0.00    8.90    0.68    0.00    0.00   61.64
21:18:13     all   12.94    0.00   14.12    0.00    0.00    8.71    0.00    0.00    0.00   64.24
21:18:14     all   14.32    0.00   13.38    0.00    0.00    8.45    0.23    0.00    0.00   63.62
21:18:15     all   14.15    0.00   13.68    0.00    0.00    8.96    0.00    0.00    0.00   63.21
21:18:16     all   14.66    0.00   13.00    0.00    0.00    8.04    0.00    0.00    0.00   64.30
21:18:17     all   10.73    0.00   11.71    0.00    0.00    9.27    0.00    0.00    0.00   68.29
21:18:18     all   14.39    0.00   12.97    0.00    0.00    8.49    0.00    0.00    0.00   64.15
21:18:19     all   10.89    0.00   10.89    0.00    0.00    9.41    0.50    0.00    0.00   68.32
21:18:20     all   13.32    0.00   13.79    0.00    0.00    9.11    0.47    0.00    0.00   63.32
21:18:21     all   11.90    0.00   13.10    0.00    0.00    8.33    0.00    0.00    0.00   66.67
21:18:22     all   14.19    0.00   14.65    0.00    0.00    8.60    0.00    0.00    0.00   62.56
21:18:23     all   12.89    0.00   11.46    0.00    0.00   10.02    0.00    0.00    0.00   65.63
21:18:24     all   12.00    0.00   13.65    0.00    0.00    9.18    0.00    0.00    0.00   65.18
21:18:25     all   13.48    0.00   13.95    0.00    0.00    7.80    0.24    0.00    0.00   64.54
21:18:26     all   12.74    0.00   12.97    0.00    0.00    9.20    0.24    0.00    0.00   64.86
21:18:27     all   12.91    0.00   13.38    0.00    0.00    9.15    0.47    0.00    0.00   64.08
21:18:28     all   13.38    0.00   14.08    0.00    0.00    8.92    0.00    0.00    0.00   63.62
21:18:29     all    3.95    0.00    4.44    0.00    0.00    3.21    0.00    0.00    0.00   88.40
21:18:30     all   41.52    0.00    7.85    0.00    0.00    3.80    0.00    0.00    0.00   46.84
21:18:31     all   29.77    0.00    8.91    0.00    0.00    4.07    0.00    0.00    0.00   57.25
21:18:32     all   11.93    0.00   10.91    0.00    0.00    3.30    0.00    0.00    0.00   73.86
21:18:33     all    9.64    0.00   10.66    0.00    0.00    3.05    0.00    0.00    0.00   76.65
21:18:34     all   12.15    0.00   10.63    0.00    0.00    3.29    0.00    0.00    0.00   73.92
21:18:35     all   13.52    0.00    9.95    0.00    0.00    3.06    0.26    0.00    0.00   73.21
21:18:36     all    9.39    0.00   11.17    0.00    0.00    3.05    0.00    0.00    0.00   76.40
21:18:37     all    9.41    0.00   11.45    0.00    0.00    2.80    0.00    0.00    0.00   76.34
21:18:38     all   10.38    0.00   10.38    0.00    0.00    2.78    0.00    0.00    0.00   76.46
21:18:39     all    9.34    0.00   11.11    0.00    0.00    3.03    0.25    0.00    0.00   76.26
21:18:40     all    9.18    0.00   10.46    0.00    0.00    3.32    0.00    0.00    0.00   77.04
21:18:41     all    8.70    0.00   10.74    0.00    0.00    3.58    0.00    0.00    0.00   76.98
21:18:42     all   10.18    0.00   10.69    0.00    0.00    3.05    0.25    0.00    0.00   75.83
21:18:43     all   12.12    0.00   10.61    0.00    0.00    3.28    0.25    0.00    0.00   73.74
21:18:44     all    9.21    0.00   10.23    0.00    0.00    3.32    0.00    0.00    0.00   77.24
21:18:45     all    9.37    0.00   10.63    0.00    0.00    3.54    0.25    0.00    0.00   76.20
21:18:46     all   10.35    0.00   10.61    0.00    0.00    2.78    0.00    0.00    0.00   76.26
21:18:47     all    9.14    0.00   11.17    0.00    0.00    3.30    0.00    0.00    0.00   76.40
21:18:48     all    9.87    0.00   10.63    0.00    0.00    3.04    0.00    0.00    0.00   76.46
21:18:49     all    9.21    0.00   10.49    0.00    0.00    3.07    0.00    0.00    0.00   77.24
21:18:50     all    9.02    0.00   11.08    0.00    0.00    3.09    0.00    0.00    0.00   76.80
21:18:51     all    9.11    0.00   10.63    0.00    0.00    3.29    0.00    0.00    0.00   76.96
21:18:52     all    9.18    0.00    9.44    0.00    0.00    3.32    0.26    0.00    0.00   77.81
21:18:53     all    8.70    0.00   11.25    0.00    0.00    3.07    0.00    0.00    0.00   76.98
21:18:54     all    9.18    0.00   10.20    0.00    0.00    3.57    0.00    0.00    0.00   77.04
21:18:55     all    9.37    0.00   10.63    0.00    0.00    3.29    0.25    0.00    0.00   76.46
21:18:56     all    9.46    0.00   10.49    0.00    0.00    3.32    0.00    0.00    0.00   76.73
21:18:57     all    9.51    0.00   10.28    0.00    0.00    2.83    0.00    0.00    0.00   77.38
21:18:58     all    8.88    0.00   11.17    0.00    0.00    3.05    0.25    0.00    0.00   76.65
21:18:59     all    9.70    0.00    8.96    0.00    0.00    4.23    0.00    0.00    0.00   77.11
21:19:00     all   11.03    0.00   11.51    0.00    0.00    6.47    0.00    0.00    0.00   70.98
21:19:01     all   11.79    0.00   10.57    0.00    0.00    8.11    0.49    0.00    0.00   69.04
21:19:02     all    9.45    0.00   11.69    0.00    0.00    7.96    0.00    0.00    0.00   70.90
21:19:03     all   10.62    0.00   11.11    0.25    0.00    7.90    0.00    0.00    0.00   70.12
21:19:04     all   11.25    0.00   12.22    0.00    0.00    7.09    0.00    0.00    0.00   69.44
21:19:05     all    9.77    0.00   10.78    0.00    0.00    7.52    0.00    0.00    0.00   71.93
21:19:06     all    9.83    0.00   10.81    0.00    0.00    7.86    0.25    0.00    0.00   71.25
21:19:07     all   10.90    0.00   12.35    0.00    0.00    8.23    0.00    0.00    0.00   68.52
21:19:08     all   10.57    0.00   11.06    0.00    0.00    8.60    0.25    0.00    0.00   69.53
21:19:09     all   11.11    0.00   10.86    0.00    0.00    7.16    0.25    0.00    0.00   70.62
21:19:10     all    9.88    0.00   10.37    0.25    0.00    8.40    0.00    0.00    0.00   71.11
21:19:11     all    9.77    0.00   10.03    0.00    0.00    8.52    0.00    0.00    0.00   71.68
21:19:12     all   10.34    0.00   11.08    0.00    0.00    7.64    0.25    0.00    0.00   70.69
21:19:13     all   10.42    0.00   11.41    0.00    0.00    8.19    0.00    0.00    0.00   69.98
21:19:14     all   11.46    0.00   12.20    0.00    0.00    7.07    0.24    0.00    0.00   69.02
21:19:15     all   11.08    0.00   11.33    0.00    0.00    7.39    0.00    0.00    0.00   70.20
21:19:16     all    9.63    0.00   10.12    0.00    0.00    8.15    0.49    0.00    0.00   71.60
21:19:17     all   10.72    0.00   10.97    0.00    0.00    7.23    0.00    0.00    0.00   71.07
21:19:18     all   10.54    0.00   11.52    0.00    0.00    8.58    0.00    0.00    0.00   69.36
21:19:19     all   10.05    0.00    9.55    0.00    0.00    8.04    0.00    0.00    0.00   72.36
21:19:20     all   10.54    0.00   11.52    0.00    0.00    8.33    0.00    0.00    0.00   69.61
21:19:21     all   10.59    0.00   11.08    0.00    0.00    8.13    0.00    0.00    0.00   70.20
21:19:22     all   10.50    0.00   11.00    0.00    0.00    7.50    0.25    0.00    0.00   70.75
21:19:23     all   10.29    0.00   11.03    0.00    0.00    8.58    0.49    0.00    0.00   69.61
21:19:24     all    9.98    0.00   11.47    0.00    0.00    7.73    0.00    0.00    0.00   70.82
21:19:25     all   10.29    0.00   12.99    0.00    0.00    7.11    0.25    0.00    0.00   69.36
21:19:26     all   10.58    0.00   11.34    0.00    0.00    7.56    0.00    0.00    0.00   70.53
21:19:27     all   10.98    0.00   12.44    0.00    0.00    7.56    0.00    0.00    0.00   69.02
21:19:28     all   11.00    0.00   11.74    0.00    0.00    7.33    0.00    0.00    0.00   69.93
21:19:29     all    8.95    0.00    9.97    0.00    0.00    7.42    0.00    0.00    0.00   73.66
21:19:30     all   15.62    0.00   15.62    0.00    0.00    9.64    0.00    0.00    0.00   59.11
21:19:31     all   17.48    0.00   17.74    0.00    0.00   10.80    0.51    0.00    0.00   53.47
21:19:32     all   17.92    0.00   17.66    0.00    0.00    9.87    0.26    0.00    0.00   54.29
21:19:33     all   17.97    0.00   18.73    0.00    0.00   10.63    0.00    0.00    0.00   52.66
21:19:34     all   18.07    0.00   17.05    0.00    0.00    9.92    0.25    0.00    0.00   54.71
21:19:35     all   17.57    0.00   18.35    0.00    0.00    9.82    0.26    0.00    0.00   54.01
21:19:36     all   17.78    0.00   19.07    0.00    0.00    9.54    0.00    0.00    0.00   53.61
21:19:37     all   15.90    0.00   17.79    0.00    0.00   11.32    0.27    0.00    0.00   54.72
21:19:38     all   16.04    0.00   17.65    0.00    0.00   10.16    0.27    0.00    0.00   55.88
21:19:39     all   17.05    0.00   19.12    0.00    0.00    9.82    0.26    0.00    0.00   53.75
21:19:40     all   17.39    0.00   18.93    0.00    0.00    9.46    0.26    0.00    0.00   53.96
21:19:41     all   16.93    0.00   19.27    0.00    0.00   10.16    0.00    0.00    0.00   53.65
21:19:42     all   17.23    0.00   17.75    0.00    0.00   10.44    0.26    0.00    0.00   54.31
21:19:43     all   17.14    0.00   18.96    0.00    0.00    9.35    0.26    0.00    0.00   54.29
21:19:44     all   16.45    0.00   18.28    0.00    0.00   10.18    0.52    0.00    0.00   54.57
21:19:45     all   16.93    0.00   18.52    0.00    0.00    8.99    0.00    0.00    0.00   55.56
21:19:46     all   17.02    0.00   19.90    0.00    0.00    8.90    0.00    0.00    0.00   54.19
21:19:47     all   17.72    0.00   18.73    0.00    0.00    9.62    0.76    0.00    0.00   53.16
21:19:48     all   17.19    0.00   17.97    0.00    0.00    9.64    0.26    0.00    0.00   54.95
21:19:49     all   17.57    0.00   18.86    0.00    0.00   11.11    0.00    0.00    0.00   52.45
21:19:50     all   16.58    0.00   19.47    0.00    0.00    9.47    0.00    0.00    0.00   54.47
21:19:51     all   17.22    0.00   18.25    0.00    0.00   10.03    0.51    0.00    0.00   53.98
21:19:52     all   17.47    0.00   19.24    0.00    0.00    9.11    0.25    0.00    0.00   53.92
21:19:53     all   17.46    0.00   19.05    0.00    0.00    9.79    0.26    0.00    0.00   53.44
21:19:54     all   17.40    0.00   19.74    0.00    0.00    9.35    0.00    0.00    0.00   53.51
21:19:55     all   17.53    0.00   19.85    0.00    0.00    9.28    0.00    0.00    0.00   53.35
21:19:56     all   16.62    0.00   19.00    0.00    0.00   10.03    0.26    0.00    0.00   54.09
21:19:57     all   17.06    0.00   19.16    0.00    0.00    9.45    0.52    0.00    0.00   53.81
21:19:58     all   17.49    0.00   19.58    0.00    0.00    9.40    0.00    0.00    0.00   53.52
21:19:59     all   14.18    0.00   15.17    0.00    0.00    7.21    0.25    0.00    0.00   63.18
21:20:00     all   22.14    0.00   22.63    0.00    0.00    9.25    0.00    0.00    0.00   45.99
21:20:01     all   24.75    0.00   28.54    0.00    0.00   13.64    0.51    0.00    0.00   32.58
21:20:02     all   24.94    0.00   27.01    0.00    0.00   12.47    0.52    0.00    0.00   35.06
21:20:03     all   26.42    0.00   26.94    0.00    0.00   13.21    1.04    0.00    0.00   32.38
21:20:04     all   26.45    0.00   28.97    0.00    0.00   12.59    0.25    0.00    0.00   31.74
21:20:05     all   25.26    0.00   28.57    0.00    0.00   12.76    0.00    0.00    0.00   33.42
21:20:06     all   25.74    0.00   28.47    0.00    0.00   12.62    0.50    0.00    0.00   32.67
21:20:07     all   25.85    0.00   28.74    0.00    0.00   13.77    0.00    0.00    0.00   31.64
21:20:08     all   26.09    0.00   28.13    0.00    0.00   13.30    0.26    0.00    0.00   32.23
21:20:09     all   26.61    0.00   27.65    0.00    0.00   13.18    0.00    0.00    0.00   32.56
21:20:10     all   26.03    0.00   26.29    0.00    0.00   13.66    0.52    0.00    0.00   33.51
21:20:11     all   24.37    0.00   28.17    0.00    0.00   13.71    0.25    0.00    0.00   33.50
21:20:12     all   24.17    0.00   27.48    0.00    0.00   13.49    0.25    0.00    0.00   34.61
21:20:13     all   26.43    0.00   27.18    0.00    0.00   12.97    0.25    0.00    0.00   33.17
21:20:14     all   26.05    0.00   27.30    0.00    0.00   13.15    0.25    0.00    0.00   33.25
21:20:15     all   26.28    0.00   28.22    0.00    0.00   13.63    0.00    0.00    0.00   31.87
21:20:16     all   26.79    0.00   26.28    0.00    0.00   12.76    0.26    0.00    0.00   33.93
21:20:17     all   25.00    0.00   28.54    0.00    0.00   12.37    0.51    0.00    0.00   33.59
21:20:18     all   26.84    0.00   27.59    0.00    0.00   12.91    0.25    0.00    0.00   32.41
21:20:19     all   26.33    0.00   27.39    0.00    0.00   12.50    0.00    0.00    0.00   33.78
21:20:20     all   26.21    0.00   27.99    0.00    0.00   12.98    0.25    0.00    0.00   32.57
21:20:21     all   25.79    0.00   28.16    0.00    0.00   12.11    0.26    0.00    0.00   33.68
21:20:22     all   25.72    0.00   27.56    0.00    0.00   12.86    0.26    0.00    0.00   33.60
21:20:23     all   26.77    0.00   27.78    0.00    0.00   12.88    0.00    0.00    0.00   32.58
21:20:24     all   27.05    0.00   27.79    0.00    0.00   12.66    0.25    0.00    0.00   32.26
21:20:25     all   25.12    0.00   29.56    0.00    0.00   13.30    0.49    0.00    0.00   31.53
21:20:26     all   25.00    0.00   28.83    0.00    0.00   13.27    0.00    0.00    0.00   32.91
21:20:27     all   26.99    0.00   28.02    0.00    0.00   12.08    0.26    0.00    0.00   32.65
21:20:28     all   24.88    0.00   29.10    0.00    0.00   13.18    0.25    0.00    0.00   32.59
21:20:29     all   20.76    0.00   20.76    0.00    0.00    7.85    0.00    0.00    0.00   50.63
21:20:30     all   28.73    0.00   28.73    0.00    0.00    8.40    0.27    0.00    0.00   33.88
21:20:31     all   38.59    0.00   35.49    0.00    0.00   13.52    0.00    0.00    0.00   12.39
21:20:32     all   38.16    0.00   35.65    0.00    0.00   12.26    0.28    0.00    0.00   13.65
21:20:33     all   34.19    0.00   35.33    0.00    0.00   11.68    0.28    0.00    0.00   18.52
21:20:34     all   33.43    0.00   35.76    0.00    0.00   12.79    0.58    0.00    0.00   17.44
21:20:35     all   32.84    0.00   35.52    0.00    0.00   13.13    0.00    0.00    0.00   18.51
21:20:36     all   32.61    0.00   35.40    0.00    0.00   11.80    0.00    0.00    0.00   20.19
21:20:37     all   32.33    0.00   35.65    0.00    0.00    9.37    0.30    0.00    0.00   22.36
21:20:38     all   35.44    0.00   35.71    0.00    0.00    8.24    0.27    0.00    0.00   20.33
21:20:39     all   32.28    0.00   34.18    0.00    0.00   11.71    0.00    0.00    0.00   21.84
21:20:40     all   33.43    0.00   36.09    0.00    0.00   12.72    0.30    0.00    0.00   17.46
21:20:41     all   32.93    0.00   35.98    0.00    0.00   12.50    0.00    0.00    0.00   18.60
21:20:42     all   32.82    0.00   35.58    0.00    0.00   12.88    0.00    0.00    0.00   18.71
21:20:43     all   33.03    0.00   35.17    0.00    0.00   11.62    0.00    0.00    0.00   20.18
21:20:44     all   32.92    0.00   33.54    0.00    0.00   13.85    1.23    0.00    0.00   18.46
21:20:45     all   33.33    0.00   36.49    0.00    0.00   12.07    0.00    0.00    0.00   18.10
21:20:46     all   34.44    0.00   34.44    0.00    0.00   12.99    0.00    0.00    0.00   18.13
21:20:47     all   32.94    0.00   35.59    0.00    0.00   10.88    0.00    0.00    0.00   20.59
21:20:48     all   31.61    0.00   35.56    0.00    0.00   13.37    0.30    0.00    0.00   19.15
21:20:49     all   33.24    0.00   35.51    0.00    0.00   10.51    0.57    0.00    0.00   20.17
21:20:50     all   33.52    0.00   35.75    0.00    0.00    9.78    0.00    0.00    0.00   20.95
21:20:51     all   30.72    0.00   34.17    0.00    0.00   12.85    0.31    0.00    0.00   21.94
21:20:52     all   34.18    0.00   35.59    0.00    0.00   10.17    0.28    0.00    0.00   19.77
21:20:53     all   33.89    0.00   36.67    0.00    0.00    8.89    0.28    0.00    0.00   20.28
21:20:54     all   33.24    0.00   36.87    0.00    0.00    9.50    0.56    0.00    0.00   19.83
21:20:55     all   33.72    0.00   37.18    0.00    0.00   11.53    0.00    0.00    0.00   17.58
21:20:56     all   35.15    0.00   35.97    0.00    0.00    8.99    0.54    0.00    0.00   19.35
21:20:57     all   34.65    0.00   36.90    0.00    0.00    8.17    0.00    0.00    0.00   20.28
21:20:58     all   32.77    0.00   36.16    0.00    0.00   10.73    0.00    0.00    0.00   20.34
21:20:59     all   21.20    0.00   21.99    0.00    0.00    6.28    0.00    0.00    0.00   50.52
21:21:00     all   23.58    0.00   22.02    0.00    0.00   12.69    0.26    0.00    0.00   41.45
21:21:01     all   38.10    0.00   38.35    0.00    0.00   21.55    0.00    0.00    0.00    2.01
21:21:02     all   38.75    0.00   38.25    0.00    0.00   20.50    0.25    0.00    0.00    2.25
21:21:03     all   36.68    0.00   40.70    0.00    0.00   22.61    0.00    0.00    0.00    0.00
21:21:04     all   37.56    0.00   39.05    0.00    0.00   22.64    0.25    0.00    0.00    0.50
21:21:05     all   38.65    0.00   38.65    0.00    0.00   21.45    0.25    0.00    0.00    1.00
21:21:06     all   38.44    0.00   38.44    0.00    0.00   22.11    0.00    0.00    0.00    1.01
21:21:07     all   39.25    0.00   39.00    0.00    0.00   21.25    0.00    0.00    0.00    0.50
21:21:08     all   37.91    0.00   41.40    0.00    0.00   19.70    0.00    0.00    0.00    1.00
21:21:09     all   39.95    0.00   43.22    0.00    0.00   16.83    0.00    0.00    0.00    0.00
21:21:10     all   40.20    0.00   41.46    0.00    0.00   17.34    0.00    0.00    0.00    1.01
21:21:11     all   38.40    0.00   43.64    0.00    0.00   16.96    0.00    0.00    0.00    1.00
21:21:12     all   40.35    0.00   43.86    0.00    0.00   15.29    0.00    0.00    0.00    0.50
21:21:13     all   38.56    0.00   42.04    0.00    0.00   18.66    0.00    0.00    0.00    0.75
21:21:14     all   40.80    0.00   42.29    0.00    0.00   15.42    0.75    0.00    0.00    0.75
21:21:15     all   39.45    0.00   43.92    0.00    0.00   15.88    0.00    0.00    0.00    0.74
21:21:16     all   38.90    0.00   43.89    0.00    0.00   15.96    0.25    0.00    0.00    1.00
21:21:17     all   40.60    0.00   43.11    0.00    0.00   15.29    0.00    0.00    0.00    1.00
21:21:18     all   41.21    0.00   41.96    0.00    0.00   16.08    0.00    0.00    0.00    0.75
21:21:19     all   40.90    0.00   42.64    0.00    0.00   15.46    0.00    0.00    0.00    1.00
21:21:20     all   41.10    0.00   41.60    0.00    0.00   16.79    0.00    0.00    0.00    0.50
21:21:21     all   39.60    0.00   42.36    0.00    0.00   17.29    0.00    0.00    0.00    0.75
21:21:22     all   39.15    0.00   42.64    0.00    0.00   16.71    0.25    0.00    0.00    1.25
21:21:23     all   39.85    0.00   43.36    0.00    0.00   16.29    0.00    0.00    0.00    0.50
21:21:24     all   39.45    0.00   43.18    0.00    0.00   15.38    0.25    0.00    0.00    1.74
21:21:25     all   39.35    0.00   42.36    0.00    0.00   17.04    0.00    0.00    0.00    1.25
21:21:26     all   39.65    0.00   39.90    0.00    0.00   18.70    0.25    0.00    0.00    1.50
21:21:27     all   40.65    0.00   42.14    0.00    0.00   16.71    0.00    0.00    0.00    0.50
21:21:28     all   39.29    0.00   42.82    0.00    0.00   16.88    0.00    0.00    0.00    1.01
21:21:29     all   35.66    0.00   34.91    0.00    0.00   14.21    0.00    0.00    0.00   15.21
21:21:30     all   36.84    0.00   40.35    0.00    0.00   21.55    0.25    0.00    0.00    1.00
21:21:31     all   37.59    0.00   39.10    0.00    0.00   22.81    0.00    0.00    0.00    0.50
21:21:32     all   34.84    0.00   41.60    0.00    0.00   23.06    0.00    0.00    0.00    0.50
21:21:33     all   36.91    0.00   39.65    0.00    0.00   22.69    0.25    0.00    0.00    0.50
21:21:34     all   38.10    0.00   39.35    0.00    0.00   22.06    0.00    0.00    0.00    0.50
21:21:35     all   35.68    0.00   40.70    0.00    0.00   22.86    0.00    0.00    0.00    0.75
21:21:36     all   35.32    0.00   39.80    0.00    0.00   23.13    0.25    0.00    0.00    1.49
21:21:37     all   37.25    0.00   38.75    0.00    0.00   23.25    0.25    0.00    0.00    0.50
21:21:38     all   35.84    0.00   39.85    0.00    0.00   22.56    0.00    0.00    0.00    1.75
21:21:39     all   36.75    0.00   40.00    0.00    0.00   22.75    0.00    0.00    0.00    0.50
21:21:40     all   35.84    0.00   41.10    0.00    0.00   21.55    0.00    0.00    0.00    1.50
21:21:41     all   37.66    0.00   38.65    0.00    0.00   22.69    0.50    0.00    0.00    0.50
21:21:42     all   35.73    0.00   39.70    0.00    0.00   23.08    0.00    0.00    0.00    1.49
21:21:43     all   36.43    0.00   39.95    0.00    0.00   23.12    0.00    0.00    0.00    0.50
21:21:44     all   37.03    0.00   39.29    0.00    0.00   23.17    0.00    0.00    0.00    0.50
21:21:45     all   36.66    0.00   39.90    0.00    0.00   22.69    0.00    0.00    0.00    0.75
21:21:46     all   37.00    0.00   39.00    0.00    0.00   23.50    0.00    0.00    0.00    0.50
21:21:47     all   36.50    0.00   39.75    0.00    0.00   22.25    0.25    0.00    0.00    1.25
21:21:48     all   36.97    0.00   38.96    0.00    0.00   23.08    0.25    0.00    0.00    0.74
21:21:49     all   36.59    0.00   39.10    0.00    0.00   23.31    0.00    0.00    0.00    1.00
21:21:50     all   36.59    0.00   39.35    0.00    0.00   23.31    0.00    0.00    0.00    0.75
21:21:51     all   37.09    0.00   39.60    0.00    0.00   22.56    0.25    0.00    0.00    0.50
21:21:52     all   36.93    0.00   39.20    0.00    0.00   22.61    0.00    0.00    0.00    1.26
21:21:53     all   37.41    0.00   38.90    0.00    0.00   23.19    0.00    0.00    0.00    0.50
21:21:54     all   37.75    0.00   39.50    0.00    0.00   22.00    0.00    0.00    0.00    0.75
21:21:55     all   37.53    0.00   39.55    0.00    0.00   22.67    0.00    0.00    0.00    0.25
21:21:56     all   36.57    0.00   39.05    0.00    0.00   23.13    0.25    0.00    0.00    1.00
21:21:57     all   37.00    0.00   39.25    0.00    0.00   23.25    0.25    0.00    0.00    0.25
21:21:58     all   36.43    0.00   39.95    0.00    0.00   22.86    0.00    0.00    0.00    0.75
21:21:59     all   21.64    0.00   21.39    0.00    0.00   12.69    0.00    0.00    0.00   44.28
21:22:00     all    5.06    0.00    4.05    0.00    0.00    2.28    0.00    0.00    0.00   88.61
21:22:01     all   10.23    0.00    8.70    0.00    0.00    3.84    0.00    0.00    0.00   77.24
21:22:02     all    7.01    0.00    9.87    0.00    0.00    3.38    0.00    0.00    0.00   79.74
21:22:03     all    8.16    0.00    9.95    0.00    0.00    2.81    0.26    0.00    0.00   78.83
21:22:04     all    9.30    0.00   10.30    0.00    0.00    4.02    0.25    0.00    0.00   76.13
21:22:05     all    7.47    0.00   10.05    0.26    0.00    3.09    0.00    0.00    0.00   79.12
21:22:06     all    9.21    0.00   10.23    0.00    0.00    2.30    0.00    0.00    0.00   78.26
21:22:07     all    9.34    0.00   10.86    0.00    0.00    2.78    0.00    0.00    0.00   77.02
21:22:08     all    8.72    0.00    9.74    0.00    0.00    2.56    0.26    0.00    0.00   78.72
21:22:09     all    7.95    0.00    9.74    0.00    0.00    2.31    0.26    0.00    0.00   79.74
21:22:10     all    8.61    0.00   10.38    0.00    0.00    2.53    0.00    0.00    0.00   78.48
21:22:11     all    7.95    0.00    9.49    0.00    0.00    2.56    0.00    0.00    0.00   80.00
21:22:12     all    7.93    0.00    9.97    0.00    0.00    2.81    0.00    0.00    0.00   79.28
21:22:13     all    9.14    0.00    9.39    0.00    0.00    2.28    0.00    0.00    0.00   79.19
21:22:14     all    8.42    0.00    9.18    0.00    0.00    2.81    0.00    0.00    0.00   79.59
21:22:15     all    8.46    0.00   10.00    0.00    0.00    2.31    0.26    0.00    0.00   78.97
21:22:16     all    8.70    0.00    9.72    0.00    0.00    2.81    0.00    0.00    0.00   78.77
21:22:17     all    7.89    0.00   10.94    0.00    0.00    3.05    0.00    0.00    0.00   78.12
21:22:18     all    8.25    0.00   11.75    0.00    0.00    3.25    0.25    0.00    0.00   76.50
21:22:19     all    8.65    0.00   10.43    0.00    0.00    2.54    0.25    0.00    0.00   78.12
21:22:20     all    8.72    0.00   10.26    0.00    0.00    2.56    0.00    0.00    0.00   78.46
21:22:21     all    8.93    0.00   10.71    0.00    0.00    2.81    0.00    0.00    0.00   77.55
21:22:22     all    8.95    0.00   10.49    0.00    0.00    2.81    0.00    0.00    0.00   77.75
21:22:23     all    8.16    0.00   11.22    0.00    0.00    2.55    0.26    0.00    0.00   77.81
21:22:24     all   10.23    0.00   10.49    0.00    0.00    3.32    0.00    0.00    0.00   75.96
21:22:25     all    8.38    0.00    9.42    0.00    0.00    2.36    0.00    0.00    0.00   79.84
21:22:26     all    8.25    0.00    9.54    0.00    0.00    2.58    0.00    0.00    0.00   79.64
21:22:27     all    9.32    0.00    9.82    0.00    0.00    2.52    0.00    0.00    0.00   78.34
21:22:28     all    8.51    0.00    9.28    0.00    0.00    2.58    0.00    0.00    0.00   79.64
21:22:29     all    6.35    0.00    6.85    0.00    0.00    1.52    0.00    0.00    0.00   85.28
21:22:30     all    5.50    0.00    4.25    0.00    0.00    2.00    0.25    0.00    0.00   88.00
21:22:31     all   17.02    0.00   14.66    0.00    0.00    6.02    0.26    0.00    0.00   62.04
21:22:32     all   25.66    0.00   18.52    0.00    0.00    6.35    0.00    0.00    0.00   49.47
21:22:33     all   18.92    0.00   19.46    0.00    0.00    5.68    0.27    0.00    0.00   55.68
21:22:34     all   23.26    0.00   21.12    0.00    0.00    5.88    0.27    0.00    0.00   49.47
21:22:35     all   19.30    0.00   21.72    0.00    0.00    5.36    0.00    0.00    0.00   53.62
21:22:36     all   19.58    0.00   21.96    0.00    0.00    4.76    0.26    0.00    0.00   53.44
21:22:37     all   23.81    0.00   21.16    0.00    0.00    5.29    0.00    0.00    0.00   49.74
21:22:38     all   20.05    0.00   21.68    0.00    0.00    5.42    0.00    0.00    0.00   52.85
21:22:39     all   20.32    0.00   21.66    0.00    0.00    5.08    0.00    0.00    0.00   52.94
21:22:40     all   22.75    0.00   21.43    0.00    0.00    5.56    0.00    0.00    0.00   50.26
21:22:41     all   19.47    0.00   20.53    0.00    0.00    4.80    0.00    0.00    0.00   55.20
21:22:42     all   22.40    0.00   21.33    0.00    0.00    4.27    0.27    0.00    0.00   51.73
21:22:43     all   18.47    0.00   21.37    0.00    0.00    5.28    0.53    0.00    0.00   54.35
21:22:44     all   23.06    0.00   20.38    0.00    0.00    4.56    0.27    0.00    0.00   51.74
21:22:45     all   19.52    0.00   20.59    0.00    0.00    4.55    0.00    0.00    0.00   55.35
21:22:46     all   23.34    0.00   21.75    0.00    0.00    5.31    0.00    0.00    0.00   49.60
21:22:47     all   23.81    0.00   22.22    0.00    0.00    5.03    0.00    0.00    0.00   48.94
21:22:48     all   18.98    0.00   21.12    0.00    0.00    4.81    0.00    0.00    0.00   55.08
21:22:49     all   24.08    0.00   21.73    0.00    0.00    5.50    0.00    0.00    0.00   48.69
21:22:50     all   19.89    0.00   20.69    0.00    0.00    5.57    0.00    0.00    0.00   53.85
21:22:51     all   17.82    0.00   22.61    0.00    0.00    5.59    0.27    0.00    0.00   53.72
21:22:52     all   23.08    0.00   20.69    0.00    0.00    5.31    0.27    0.00    0.00   50.66
21:22:53     all   18.87    0.00   21.56    0.00    0.00    5.66    0.00    0.00    0.00   53.91
21:22:54     all   17.82    0.00   21.54    0.00    0.00    5.05    0.00    0.00    0.00   55.59
21:22:55     all   23.22    0.00   21.90    0.00    0.00    4.49    0.26    0.00    0.00   50.13
21:22:56     all   18.72    0.00   21.66    0.00    0.00    5.35    0.27    0.00    0.00   54.01
21:22:57     all   19.30    0.00   21.18    0.00    0.00    5.09    0.00    0.00    0.00   54.42
21:22:58     all   20.74    0.00   22.07    0.00    0.00    4.26    0.00    0.00    0.00   52.93
21:22:59     all   14.47    0.00   15.26    0.00    0.00    4.47    0.00    0.00    0.00   65.79
21:23:00     all    3.78    0.00    3.02    0.00    0.00    1.76    0.00    0.00    0.00   91.44
21:23:01     all   26.56    0.00   14.84    0.00    0.00    6.51    0.26    0.00    0.00   51.82
21:23:02     all   34.99    0.00   22.45    0.00    0.00    7.05    0.26    0.00    0.00   35.25
21:23:03     all   41.19    0.00   29.79    0.00    0.00    7.77    0.00    0.00    0.00   21.24
21:23:04     all   42.49    0.00   30.79    0.00    0.00    8.65    0.25    0.00    0.00   17.81
21:23:05     all   33.42    0.00   29.87    0.00    0.00    7.59    0.00    0.00    0.00   29.11
21:23:06     all   35.93    0.00   36.18    0.00    0.00    9.55    0.00    0.00    0.00   18.34
21:23:07     all   36.73    0.00   37.76    0.00    0.00   11.22    0.00    0.00    0.00   14.29
21:23:08     all   38.60    0.00   38.85    0.00    0.00   10.03    0.00    0.00    0.00   12.53
21:23:09     all   38.79    0.00   40.30    0.00    0.00    9.82    0.25    0.00    0.00   10.83
21:23:10     all   35.28    0.00   40.36    0.00    0.00   10.91    0.00    0.00    0.00   13.45
21:23:11     all   34.34    0.00   37.88    0.00    0.00   11.11    0.00    0.00    0.00   16.67
21:23:12     all   37.56    0.00   40.36    0.00    0.00   10.66    0.00    0.00    0.00   11.42
21:23:13     all   33.25    0.00   41.31    0.00    0.00   10.58    0.00    0.00    0.00   14.86
21:23:14     all   39.04    0.00   38.29    0.00    0.00   11.59    0.00    0.00    0.00   11.08
21:23:15     all   32.91    0.00   38.73    0.00    0.00   10.63    0.25    0.00    0.00   17.47
21:23:16     all   37.97    0.00   40.25    0.00    0.00   10.89    0.00    0.00    0.00   10.89
21:23:17     all   36.25    0.00   38.50    0.00    0.00   10.00    0.00    0.00    0.00   15.25
21:23:18     all   31.55    0.00   35.62    0.00    0.00    9.92    0.00    0.00    0.00   22.90
21:23:19     all   33.84    0.00   35.61    0.00    0.00   11.36    0.00    0.00    0.00   19.19
21:23:20     all   33.00    0.00   38.04    0.00    0.00    9.32    0.25    0.00    0.00   19.40
21:23:21     all   38.42    0.00   39.69    0.00    0.00   10.43    0.00    0.00    0.00   11.45
21:23:22     all   31.04    0.00   37.91    0.00    0.00    9.67    0.00    0.00    0.00   21.37
21:23:23     all   39.40    0.00   38.90    0.00    0.00    9.73    0.00    0.00    0.00   11.97
21:23:24     all   36.46    0.00   39.24    0.00    0.00   10.89    0.25    0.00    0.00   13.16
21:23:25     all   37.12    0.00   38.13    0.00    0.00   10.10    0.00    0.00    0.00   14.65
21:23:26     all   39.23    0.00   38.21    0.00    0.00   11.79    0.00    0.00    0.00   10.77
21:23:27     all   34.85    0.00   39.14    0.00    0.00   10.86    0.00    0.00    0.00   15.15
21:23:28     all   38.15    0.00   38.90    0.00    0.00   10.72    0.00    0.00    0.00   12.22
21:23:29     all   28.28    0.00   33.84    0.00    0.00    9.34    0.25    0.00    0.00   28.28
21:23:30     all    2.03    0.00    2.28    0.00    0.00    1.01    0.00    0.00    0.00   94.68
21:23:31     all   17.89    0.00   13.42    0.00    0.00    6.05    0.26    0.00    0.00   62.37
21:23:32     all   22.01    0.00   20.38    0.00    0.00    7.34    0.00    0.00    0.00   50.27
21:23:33     all   27.49    0.00   25.34    0.00    0.00    7.55    0.00    0.00    0.00   39.62
21:23:34     all   35.93    0.00   27.64    0.00    0.00    8.79    0.00    0.00    0.00   27.64
21:23:35     all   39.85    0.00   38.85    0.00    0.00   11.78    0.00    0.00    0.00    9.52
21:23:36     all   44.89    0.00   40.40    0.00    0.00   12.47    0.25    0.00    0.00    2.00
21:23:37     all   52.14    0.00   35.77    0.00    0.00   10.83    0.00    0.00    0.00    1.26
21:23:38     all   51.13    0.00   32.83    0.00    0.00   14.79    0.00    0.00    0.00    1.25
21:23:39     all   52.50    0.00   31.00    0.00    0.00   13.00    0.00    0.00    0.00    3.50
21:23:40     all   58.08    0.00   29.04    0.00    0.00   11.36    0.00    0.00    0.00    1.52
21:23:41     all   54.86    0.00   31.92    0.00    0.00   12.72    0.00    0.00    0.00    0.50
21:23:42     all   55.39    0.00   31.08    0.00    0.00   12.28    0.00    0.00    0.00    1.25
21:23:43     all   56.22    0.00   28.11    0.00    0.00   12.19    0.00    0.00    0.00    3.48
21:23:44     all   58.65    0.00   26.32    0.00    0.00   11.78    0.25    0.00    0.00    3.01
21:23:45     all   52.63    0.00   31.83    0.00    0.00   14.04    0.00    0.00    0.00    1.50
21:23:46     all   52.13    0.00   31.83    0.00    0.00   13.53    0.00    0.00    0.00    2.51
21:23:47     all   58.79    0.00   28.39    0.00    0.00   11.56    0.00    0.00    0.00    1.26
21:23:48     all   54.64    0.00   31.83    0.00    0.00   12.53    0.00    0.00    0.00    1.00
21:23:49     all   53.38    0.00   30.08    0.00    0.00   12.28    0.00    0.00    0.00    4.26
21:23:50     all   53.88    0.00   31.08    0.00    0.00   13.78    0.00    0.00    0.00    1.25
21:23:51     all   55.64    0.00   29.57    0.00    0.00   12.78    0.00    0.00    0.00    2.01
21:23:52     all   56.89    0.00   28.57    0.00    0.00   11.28    0.00    0.00    0.00    3.26
21:23:53     all   53.85    0.00   31.02    0.00    0.00   14.39    0.50    0.00    0.00    0.25
21:23:54     all   54.64    0.00   31.33    0.00    0.00   12.53    0.00    0.00    0.00    1.50
21:23:55     all   55.50    0.00   30.75    0.00    0.00   11.75    0.00    0.00    0.00    2.00
21:23:56     all   58.15    0.00   27.57    0.00    0.00   11.53    0.00    0.00    0.00    2.76
21:23:57     all   53.13    0.00   32.83    0.00    0.00   13.03    0.00    0.00    0.00    1.00
21:23:58     all   53.75    0.00   31.75    0.00    0.00   12.75    0.00    0.00    0.00    1.75
21:23:59     all   56.17    0.00   28.97    0.00    0.00   13.10    0.00    0.00    0.00    1.76
