Running 30s test @ http://10.116.0.2:8080/json
  4 threads and 64 connections
  Thread calibration: mean lat.: 47.910ms, rate sampling interval: 248ms
  Thread calibration: mean lat.: 67.994ms, rate sampling interval: 472ms
  Thread calibration: mean lat.: 37.939ms, rate sampling interval: 297ms
  Thread calibration: mean lat.: 61.498ms, rate sampling interval: 388ms
  Thread Stats   Avg      Stdev     Max   +/- Stdev
    Latency     1.10ms  462.07us   9.63ms   61.83%
    Req/Sec     5.01k    11.49     5.04k    80.00%
  Latency Distribution (HdrHistogram - Recorded Latency)
 50.000%    1.08ms
 75.000%    1.45ms
 90.000%    1.72ms
 99.000%    2.07ms
 99.900%    3.00ms
 99.990%    5.02ms
 99.999%    6.61ms
100.000%    9.64ms

  Detailed Percentile spectrum:
       Value   Percentile   TotalCount 1/(1-Percentile)

       0.189     0.000000            1         1.00
       0.503     0.100000        39950         1.11
       0.643     0.200000        79772         1.25
       0.781     0.300000       119779         1.43
       0.932     0.400000       159368         1.67
       1.077     0.500000       199390         2.00
       1.146     0.550000       219266         2.22
       1.217     0.600000       239274         2.50
       1.288     0.650000       258980         2.86
       1.364     0.700000       278843         3.33
       1.447     0.750000       298894         4.00
       1.492     0.775000       308854         4.44
       1.538     0.800000       318715         5.00
       1.585     0.825000       328722         5.71
       1.631     0.850000       338632         6.67
       1.677     0.875000       348618         8.00
       1.700     0.887500       353600         8.89
       1.724     0.900000       358688        10.00
       1.748     0.912500       363511        11.43
       1.774     0.925000       368470        13.33
       1.804     0.937500       373545        16.00
       1.820     0.943750       376030        17.78
       1.837     0.950000       378434        20.00
       1.858     0.956250       380989        22.86
       1.882     0.962500       383512        26.67
       1.908     0.968750       385964        32.00
       1.923     0.971875       387144        35.56
       1.940     0.975000       388391        40.00
       1.959     0.978125       389640        45.71
       1.980     0.981250       390880        53.33
       2.006     0.984375       392147        64.00
       2.021     0.985938       392767        71.11
       2.037     0.987500       393370        80.00
       2.057     0.989062       394025        91.43
       2.079     0.990625       394651       106.67
       2.105     0.992188       395251       128.00
       2.121     0.992969       395574       142.22
       2.137     0.993750       395853       160.00
       2.159     0.994531       396194       182.86
       2.183     0.995313       396476       213.33
       2.219     0.996094       396787       256.00
       2.243     0.996484       396947       284.44
       2.273     0.996875       397106       320.00
       2.309     0.997266       397252       365.71
       2.369     0.997656       397407       426.67
       2.467     0.998047       397568       512.00
       2.533     0.998242       397641       568.89
       2.615     0.998437       397722       640.00
       2.731     0.998633       397797       731.43
       2.863     0.998828       397875       853.33
       3.023     0.999023       397951      1024.00
       3.139     0.999121       397990      1137.78
       3.253     0.999219       398029      1280.00
       3.373     0.999316       398069      1462.86
       3.505     0.999414       398108      1706.67
       3.655     0.999512       398147      2048.00
       3.735     0.999561       398165      2275.56
       3.815     0.999609       398185      2560.00
       3.875     0.999658       398204      2925.71
       4.015     0.999707       398224      3413.33
       4.167     0.999756       398243      4096.00
       4.255     0.999780       398253      4551.11
       4.347     0.999805       398263      5120.00
       4.475     0.999829       398272      5851.43
       4.591     0.999854       398282      6826.67
       4.839     0.999878       398292      8192.00
       4.935     0.999890       398297      9102.22
       5.091     0.999902       398302     10240.00
       5.199     0.999915       398306     11702.86
       5.351     0.999927       398311     13653.33
       5.443     0.999939       398316     16384.00
       5.615     0.999945       398319     18204.44
       5.763     0.999951       398321     20480.00
       5.991     0.999957       398323     23405.71
       6.143     0.999963       398326     27306.67
       6.383     0.999969       398328     32768.00
       6.451     0.999973       398330     36408.89
       6.459     0.999976       398332     40960.00
       6.459     0.999979       398332     46811.43
       6.475     0.999982       398333     54613.33
       6.495     0.999985       398334     65536.00
       6.503     0.999986       398335     72817.78
       6.615     0.999988       398336     81920.00
       6.615     0.999989       398336     93622.86
       6.707     0.999991       398337    109226.67
       6.707     0.999992       398337    131072.00
       6.715     0.999993       398338    145635.56
       6.715     0.999994       398338    163840.00
       6.715     0.999995       398338    187245.71
       6.763     0.999995       398339    218453.33
       6.763     0.999996       398339    262144.00
       6.763     0.999997       398339    291271.11
       6.763     0.999997       398339    327680.00
       6.763     0.999997       398339    374491.43
       9.639     0.999998       398340    436906.67
       9.639     1.000000       398340          inf
#[Mean    =        1.097, StdDeviation   =        0.462]
#[Max     =        9.632, Total count    =       398340]
#[Buckets =           27, SubBuckets     =         2048]
----------------------------------------------------------
  594385 requests in 29.99s, 98.06MB read
Requests/sec:  19817.33
Transfer/sec:      3.27MB
