Running 30s test @ http://10.116.0.2:8080/json
  4 threads and 256 connections
  Thread calibration: mean lat.: 33.146ms, rate sampling interval: 170ms
  Thread calibration: mean lat.: 404.660ms, rate sampling interval: 1693ms
  Thread calibration: mean lat.: 30.190ms, rate sampling interval: 164ms
  Thread calibration: mean lat.: 31.450ms, rate sampling interval: 169ms
  Thread Stats   Avg      Stdev     Max   +/- Stdev
    Latency   494.92ms  494.46ms   2.06s    81.54%
    Req/Sec    24.18k     2.07k   35.67k    78.12%
  Latency Distribution (HdrHistogram - Recorded Latency)
 50.000%  350.72ms
 75.000%  832.51ms
 90.000%    1.20s 
 99.000%    1.86s 
 99.900%    1.98s 
 99.990%    2.04s 
 99.999%    2.05s 
100.000%    2.06s 

  Detailed Percentile spectrum:
       Value   Percentile   TotalCount 1/(1-Percentile)

       0.257     0.000000            1         1.00
       2.929     0.100000       191874         1.11
      21.039     0.200000       383672         1.25
      77.887     0.300000       575556         1.43
     187.007     0.400000       767304         1.67
     350.719     0.500000       959317         2.00
     434.431     0.550000      1055095         2.22
     536.063     0.600000      1151196         2.50
     625.663     0.650000      1246976         2.86
     737.279     0.700000      1342809         3.33
     832.511     0.750000      1438677         4.00
     888.831     0.775000      1486593         4.44
     953.343     0.800000      1534692         5.00
    1012.223     0.825000      1582833         5.71
    1098.751     0.850000      1630580         6.67
    1127.423     0.875000      1679569         8.00
    1156.095     0.887500      1702584         8.89
    1204.223     0.900000      1726653        10.00
    1251.327     0.912500      1750714        11.43
    1312.767     0.925000      1774354        13.33
    1397.759     0.937500      1798333        16.00
    1442.815     0.943750      1810269        17.78
    1484.799     0.950000      1822261        20.00
    1535.999     0.956250      1834358        22.86
    1573.887     0.962500      1846341        26.67
    1609.727     0.968750      1858445        32.00
    1628.159     0.971875      1864464        35.56
    1648.639     0.975000      1870303        40.00
    1683.455     0.978125      1876210        45.71
    1729.535     0.981250      1882249        53.33
    1776.639     0.984375      1888279        64.00
    1796.095     0.985938      1891207        71.11
    1818.623     0.987500      1894277        80.00
    1842.175     0.989062      1897193        91.43
    1873.919     0.990625      1900173       106.67
    1896.447     0.992188      1903343       128.00
    1902.591     0.992969      1904756       142.22
    1908.735     0.993750      1906187       160.00
    1914.879     0.994531      1907678       182.86
    1921.023     0.995313      1909199       213.33
    1929.215     0.996094      1910702       256.00
    1934.335     0.996484      1911551       284.44
    1938.431     0.996875      1912154       320.00
    1944.575     0.997266      1912972       365.71
    1950.719     0.997656      1913670       426.67
    1957.887     0.998047      1914487       512.00
    1961.983     0.998242      1914828       568.89
    1967.103     0.998437      1915154       640.00
    1973.247     0.998633      1915581       731.43
    1978.367     0.998828      1915948       853.33
    1983.487     0.999023      1916290      1024.00
    1987.583     0.999121      1916507      1137.78
    1990.655     0.999219      1916666      1280.00
    1996.799     0.999316      1916850      1462.86
    2003.967     0.999414      1917028      1706.67
    2012.159     0.999512      1917234      2048.00
    2015.231     0.999561      1917320      2275.56
    2018.303     0.999609      1917402      2560.00
    2022.399     0.999658      1917514      2925.71
    2025.471     0.999707      1917591      3413.33
    2028.543     0.999756      1917680      4096.00
    2030.591     0.999780      1917738      4551.11
    2031.615     0.999805      1917777      5120.00
    2033.663     0.999829      1917836      5851.43
    2035.711     0.999854      1917889      6826.67
    2036.735     0.999878      1917921      8192.00
    2037.759     0.999890      1917950      9102.22
    2038.783     0.999902      1917974     10240.00
    2039.807     0.999915      1917996     11702.86
    2040.831     0.999927      1918015     13653.33
    2041.855     0.999939      1918035     16384.00
    2042.879     0.999945      1918048     18204.44
    2043.903     0.999951      1918064     20480.00
    2044.927     0.999957      1918078     23405.71
    2044.927     0.999963      1918078     27306.67
    2046.975     0.999969      1918103     32768.00
    2046.975     0.999973      1918103     36408.89
    2046.975     0.999976      1918103     40960.00
    2047.999     0.999979      1918112     46811.43
    2049.023     0.999982      1918120     54613.33
    2049.023     0.999985      1918120     65536.00
    2050.047     0.999986      1918129     72817.78
    2050.047     0.999988      1918129     81920.00
    2050.047     0.999989      1918129     93622.86
    2051.071     0.999991      1918135    109226.67
    2051.071     0.999992      1918135    131072.00
    2051.071     0.999993      1918135    145635.56
    2052.095     0.999994      1918140    163840.00
    2052.095     0.999995      1918140    187245.71
    2052.095     0.999995      1918140    218453.33
    2053.119     0.999996      1918142    262144.00
    2053.119     0.999997      1918142    291271.11
    2054.143     0.999997      1918145    327680.00
    2054.143     0.999997      1918145    374491.43
    2054.143     0.999998      1918145    436906.67
    2054.143     0.999998      1918145    524288.00
    2054.143     0.999998      1918145    582542.22
    2055.167     0.999998      1918146    655360.00
    2055.167     0.999999      1918146    748982.86
    2055.167     0.999999      1918146    873813.33
    2056.191     0.999999      1918148   1048576.00
    2056.191     1.000000      1918148          inf
#[Mean    =      494.922, StdDeviation   =      494.465]
#[Max     =     2055.168, Total count    =      1918148]
#[Buckets =           27, SubBuckets     =         2048]
----------------------------------------------------------
  2888953 requests in 30.00s, 476.64MB read
Requests/sec:  96299.75
Transfer/sec:     15.89MB
