Running 30s test @ http://10.116.0.2:8080/json
  4 threads and 256 connections
  Thread calibration: mean lat.: 1.144ms, rate sampling interval: 10ms
  Thread calibration: mean lat.: 1.150ms, rate sampling interval: 10ms
  Thread calibration: mean lat.: 1.316ms, rate sampling interval: 10ms
  Thread calibration: mean lat.: 1.164ms, rate sampling interval: 10ms
  Thread Stats   Avg      Stdev     Max   +/- Stdev
    Latency     1.19ms  498.23us   6.77ms   63.75%
    Req/Sec     5.27k     1.09k    7.11k    81.16%
  Latency Distribution (HdrHistogram - Recorded Latency)
 50.000%    1.15ms
 75.000%    1.56ms
 90.000%    1.85ms
 99.000%    2.34ms
 99.900%    3.06ms
 99.990%    4.43ms
 99.999%    5.01ms
100.000%    6.78ms

  Detailed Percentile spectrum:
       Value   Percentile   TotalCount 1/(1-Percentile)

       0.185     0.000000            1         1.00
       0.549     0.100000        39444         1.11
       0.710     0.200000        78901         1.25
       0.858     0.300000       118262         1.43
       1.001     0.400000       157593         1.67
       1.152     0.500000       196966         2.00
       1.231     0.550000       216740         2.22
       1.310     0.600000       236391         2.50
       1.392     0.650000       255903         2.86
       1.475     0.700000       275757         3.33
       1.559     0.750000       295253         4.00
       1.603     0.775000       305227         4.44
       1.647     0.800000       315095         5.00
       1.691     0.825000       324784         5.71
       1.739     0.850000       334750         6.67
       1.790     0.875000       344534         8.00
       1.818     0.887500       349410         8.89
       1.849     0.900000       354331        10.00
       1.883     0.912500       359228        11.43
       1.922     0.925000       364162        13.33
       1.966     0.937500       369042        16.00
       1.992     0.943750       371509        17.78
       2.020     0.950000       374007        20.00
       2.051     0.956250       376500        22.86
       2.085     0.962500       378927        26.67
       2.123     0.968750       381321        32.00
       2.147     0.971875       382633        35.56
       2.171     0.975000       383848        40.00
       2.195     0.978125       385002        45.71
       2.227     0.981250       386270        53.33
       2.261     0.984375       387474        64.00
       2.283     0.985938       388126        71.11
       2.303     0.987500       388695        80.00
       2.327     0.989062       389351        91.43
       2.353     0.990625       389940       106.67
       2.381     0.992188       390530       128.00
       2.399     0.992969       390849       142.22
       2.419     0.993750       391171       160.00
       2.441     0.994531       391455       182.86
       2.469     0.995313       391760       213.33
       2.505     0.996094       392073       256.00
       2.527     0.996484       392232       284.44
       2.551     0.996875       392374       320.00
       2.583     0.997266       392534       365.71
       2.625     0.997656       392684       426.67
       2.681     0.998047       392837       512.00
       2.723     0.998242       392913       568.89
       2.785     0.998437       392991       640.00
       2.859     0.998633       393067       731.43
       2.949     0.998828       393143       853.33
       3.077     0.999023       393221      1024.00
       3.161     0.999121       393259      1137.78
       3.247     0.999219       393297      1280.00
       3.363     0.999316       393335      1462.86
       3.481     0.999414       393374      1706.67
       3.597     0.999512       393413      2048.00
       3.673     0.999561       393433      2275.56
       3.731     0.999609       393451      2560.00
       3.797     0.999658       393471      2925.71
       3.913     0.999707       393489      3413.33
       4.013     0.999756       393508      4096.00
       4.081     0.999780       393519      4551.11
       4.155     0.999805       393528      5120.00
       4.235     0.999829       393538      5851.43
       4.299     0.999854       393547      6826.67
       4.363     0.999878       393556      8192.00
       4.383     0.999890       393561      9102.22
       4.447     0.999902       393566     10240.00
       4.511     0.999915       393571     11702.86
       4.603     0.999927       393576     13653.33
       4.655     0.999939       393580     16384.00
       4.707     0.999945       393583     18204.44
       4.739     0.999951       393585     20480.00
       4.819     0.999957       393589     23405.71
       4.843     0.999963       393590     27306.67
       4.855     0.999969       393592     32768.00
       4.879     0.999973       393594     36408.89
       4.883     0.999976       393596     40960.00
       4.883     0.999979       393596     46811.43
       4.907     0.999982       393597     54613.33
       4.951     0.999985       393598     65536.00
       4.967     0.999986       393599     72817.78
       5.011     0.999988       393600     81920.00
       5.011     0.999989       393600     93622.86
       5.019     0.999991       393601    109226.67
       5.019     0.999992       393601    131072.00
       5.059     0.999993       393602    145635.56
       5.059     0.999994       393602    163840.00
       5.059     0.999995       393602    187245.71
       5.291     0.999995       393603    218453.33
       5.291     0.999996       393603    262144.00
       5.291     0.999997       393603    291271.11
       5.291     0.999997       393603    327680.00
       5.291     0.999997       393603    374491.43
       6.775     0.999998       393604    436906.67
       6.775     1.000000       393604          inf
#[Mean    =        1.187, StdDeviation   =        0.498]
#[Max     =        6.772, Total count    =       393604]
#[Buckets =           27, SubBuckets     =         2048]
----------------------------------------------------------
  592715 requests in 30.00s, 97.79MB read
Requests/sec:  19757.06
Transfer/sec:      3.26MB
