Running 30s test @ http://10.116.0.2:8080/json
  4 threads and 256 connections
  Thread calibration: mean lat.: 1.793ms, rate sampling interval: 10ms
  Thread calibration: mean lat.: 1.895ms, rate sampling interval: 10ms
  Thread calibration: mean lat.: 1.789ms, rate sampling interval: 10ms
  Thread calibration: mean lat.: 1.926ms, rate sampling interval: 10ms
  Thread Stats   Avg      Stdev     Max   +/- Stdev
    Latency     1.84ms    1.19ms  22.29ms   87.13%
    Req/Sec    21.10k     2.20k   32.89k    72.12%
  Latency Distribution (HdrHistogram - Recorded Latency)
 50.000%    1.57ms
 75.000%    2.18ms
 90.000%    2.97ms
 99.000%    6.58ms
 99.900%   11.93ms
 99.990%   18.94ms
 99.999%   21.07ms
100.000%   22.30ms

  Detailed Percentile spectrum:
       Value   Percentile   TotalCount 1/(1-Percentile)

       0.205     0.000000            1         1.00
       0.849     0.100000       157511         1.11
       1.053     0.200000       314998         1.25
       1.229     0.300000       472956         1.43
       1.397     0.400000       630529         1.67
       1.572     0.500000       787292         2.00
       1.668     0.550000       866462         2.22
       1.770     0.600000       944568         2.50
       1.889     0.650000      1023895         2.86
       2.026     0.700000      1102237         3.33
       2.179     0.750000      1180939         4.00
       2.267     0.775000      1220661         4.44
       2.367     0.800000      1259972         5.00
       2.481     0.825000      1298867         5.71
       2.613     0.850000      1338133         6.67
       2.769     0.875000      1377557         8.00
       2.863     0.887500      1397445         8.89
       2.969     0.900000      1416874        10.00
       3.095     0.912500      1436803        11.43
       3.237     0.925000      1456268        13.33
       3.435     0.937500      1475964        16.00
       3.571     0.943750      1485735        17.78
       3.737     0.950000      1495642        20.00
       3.929     0.956250      1505477        22.86
       4.155     0.962500      1515263        26.67
       4.451     0.968750      1525115        32.00
       4.635     0.971875      1530058        35.56
       4.843     0.975000      1534917        40.00
       5.083     0.978125      1539827        45.71
       5.363     0.981250      1544746        53.33
       5.703     0.984375      1549695        64.00
       5.903     0.985938      1552159        71.11
       6.119     0.987500      1554590        80.00
       6.391     0.989062      1557053        91.43
       6.719     0.990625      1559515       106.67
       7.099     0.992188      1561976       128.00
       7.315     0.992969      1563195       142.22
       7.575     0.993750      1564437       160.00
       7.871     0.994531      1565654       182.86
       8.223     0.995313      1566892       213.33
       8.647     0.996094      1568125       256.00
       8.895     0.996484      1568745       284.44
       9.159     0.996875      1569339       320.00
       9.463     0.997266      1569972       365.71
       9.823     0.997656      1570580       426.67
      10.279     0.998047      1571191       512.00
      10.535     0.998242      1571494       568.89
      10.823     0.998437      1571801       640.00
      11.151     0.998633      1572113       731.43
      11.519     0.998828      1572415       853.33
      11.999     0.999023      1572723      1024.00
      12.327     0.999121      1572877      1137.78
      12.743     0.999219      1573029      1280.00
      13.239     0.999316      1573182      1462.86
      13.831     0.999414      1573336      1706.67
      14.519     0.999512      1573494      2048.00
      14.903     0.999561      1573570      2275.56
      15.335     0.999609      1573644      2560.00
      15.783     0.999658      1573720      2925.71
      16.279     0.999707      1573798      3413.33
      16.735     0.999756      1573876      4096.00
      17.071     0.999780      1573913      4551.11
      17.423     0.999805      1573952      5120.00
      17.791     0.999829      1573990      5851.43
      18.143     0.999854      1574028      6826.67
      18.575     0.999878      1574066      8192.00
      18.767     0.999890      1574087      9102.22
      18.975     0.999902      1574108     10240.00
      19.151     0.999915      1574125     11702.86
      19.343     0.999927      1574143     13653.33
      19.551     0.999939      1574162     16384.00
      19.679     0.999945      1574172     18204.44
      19.791     0.999951      1574182     20480.00
      19.903     0.999957      1574191     23405.71
      20.047     0.999963      1574203     27306.67
      20.271     0.999969      1574211     32768.00
      20.335     0.999973      1574216     36408.89
      20.431     0.999976      1574220     40960.00
      20.575     0.999979      1574226     46811.43
      20.671     0.999982      1574230     54613.33
      20.735     0.999985      1574234     65536.00
      20.831     0.999986      1574238     72817.78
      20.879     0.999988      1574239     81920.00
      21.071     0.999989      1574242     93622.86
      21.135     0.999991      1574245    109226.67
      21.151     0.999992      1574246    131072.00
      21.167     0.999993      1574248    145635.56
      21.279     0.999994      1574249    163840.00
      21.375     0.999995      1574250    187245.71
      21.391     0.999995      1574251    218453.33
      21.455     0.999996      1574252    262144.00
      21.599     0.999997      1574253    291271.11
      21.663     0.999997      1574254    327680.00
      21.663     0.999997      1574254    374491.43
      21.903     0.999998      1574255    436906.67
      21.903     0.999998      1574255    524288.00
      22.079     0.999998      1574256    582542.22
      22.079     0.999998      1574256    655360.00
      22.079     0.999999      1574256    748982.86
      22.143     0.999999      1574257    873813.33
      22.143     0.999999      1574257   1048576.00
      22.143     0.999999      1574257   1165084.44
      22.143     0.999999      1574257   1310720.00
      22.143     0.999999      1574257   1497965.71
      22.303     0.999999      1574258   1747626.67
      22.303     1.000000      1574258          inf
#[Mean    =        1.837, StdDeviation   =        1.186]
#[Max     =       22.288, Total count    =      1574258]
#[Buckets =           27, SubBuckets     =         2048]
----------------------------------------------------------
  2353507 requests in 30.00s, 388.29MB read
Requests/sec:  78451.46
Transfer/sec:     12.94MB
