Running 30s test @ http://10.116.0.2:8080/json
  4 threads and 256 connections
  Thread calibration: mean lat.: 578.792ms, rate sampling interval: 2459ms
  Thread calibration: mean lat.: 800.120ms, rate sampling interval: 3176ms
  Thread calibration: mean lat.: 1041.565ms, rate sampling interval: 3276ms
  Thread calibration: mean lat.: 707.987ms, rate sampling interval: 3188ms
  Thread Stats   Avg      Stdev     Max   +/- Stdev
    Latency     2.52s     2.55s   16.22s    90.30%
    Req/Sec    24.87k     9.48k   32.20k    80.77%
  Latency Distribution (HdrHistogram - Recorded Latency)
 50.000%    1.55s 
 75.000%    4.35s 
 90.000%    5.05s 
 99.000%   13.52s 
 99.900%   15.86s 
 99.990%   16.11s 
 99.999%   16.16s 
100.000%   16.23s 

  Detailed Percentile spectrum:
       Value   Percentile   TotalCount 1/(1-Percentile)

       0.289     0.000000            1         1.00
     221.823     0.100000       192561         1.11
     530.943     0.200000       385200         1.25
     847.871     0.300000       577734         1.43
    1214.463     0.400000       770516         1.67
    1554.431     0.500000       963187         2.00
    1678.335     0.550000      1059716         2.22
    1917.951     0.600000      1155667         2.50
    3608.575     0.650000      1251709         2.86
    4044.799     0.700000      1348251         3.33
    4354.047     0.750000      1446490         4.00
    4415.487     0.775000      1492449         4.44
    4521.983     0.800000      1542125         5.00
    4640.767     0.825000      1589357         5.71
    4804.607     0.850000      1637858         6.67
    4964.351     0.875000      1686255         8.00
    5005.311     0.887500      1710055         8.89
    5054.463     0.900000      1733457        10.00
    5128.191     0.912500      1757394        11.43
    5226.495     0.925000      1781583        13.33
    5324.799     0.937500      1805481        16.00
    5378.047     0.943750      1817871        17.78
    5423.103     0.950000      1829475        20.00
    5480.447     0.956250      1841782        22.86
    6832.127     0.962500      1853362        26.67
    8302.591     0.968750      1865404        32.00
    9142.271     0.971875      1871415        35.56
   10067.967     0.975000      1877491        40.00
   10838.015     0.978125      1883754        45.71
   11386.879     0.981250      1889526        53.33
   11993.087     0.984375      1895543        64.00
   12394.495     0.985938      1898496        71.11
   12845.055     0.987500      1901512        80.00
   13271.039     0.989062      1904553        91.43
   13705.215     0.990625      1907563       106.67
   14139.391     0.992188      1910550       128.00
   14368.767     0.992969      1912079       142.22
   14589.951     0.993750      1913545       160.00
   14794.751     0.994531      1915042       182.86
   15024.127     0.995313      1916556       213.33
   15261.695     0.996094      1918071       256.00
   15368.191     0.996484      1918807       284.44
   15474.687     0.996875      1919563       320.00
   15523.839     0.997266      1920329       365.71
   15564.799     0.997656      1921213       426.67
   15605.759     0.998047      1921889       512.00
   15646.719     0.998242      1922236       568.89
   15695.871     0.998437      1922591       640.00
   15753.215     0.998633      1922972       731.43
   15810.559     0.998828      1923357       853.33
   15859.711     0.999023      1923687      1024.00
   15892.479     0.999121      1923921      1137.78
   15917.055     0.999219      1924080      1280.00
   15941.631     0.999316      1924255      1462.86
   15974.399     0.999414      1924484      1706.67
   15998.975     0.999512      1924651      2048.00
   16015.359     0.999561      1924762      2275.56
   16023.551     0.999609      1924819      2560.00
   16039.935     0.999658      1924928      2925.71
   16056.319     0.999707      1925042      3413.33
   16064.511     0.999756      1925102      4096.00
   16072.703     0.999780      1925163      4551.11
   16080.895     0.999805      1925219      5120.00
   16089.087     0.999829      1925275      5851.43
   16097.279     0.999854      1925331      6826.67
   16105.471     0.999878      1925384      8192.00
   16105.471     0.999890      1925384      9102.22
   16105.471     0.999902      1925384     10240.00
   16113.663     0.999915      1925433     11702.86
   16113.663     0.999927      1925433     13653.33
   16121.855     0.999939      1925471     16384.00
   16121.855     0.999945      1925471     18204.44
   16130.047     0.999951      1925504     20480.00
   16130.047     0.999957      1925504     23405.71
   16130.047     0.999963      1925504     27306.67
   16138.239     0.999969      1925521     32768.00
   16138.239     0.999973      1925521     36408.89
   16138.239     0.999976      1925521     40960.00
   16146.431     0.999979      1925535     46811.43
   16146.431     0.999982      1925535     54613.33
   16154.623     0.999985      1925542     65536.00
   16154.623     0.999986      1925542     72817.78
   16162.815     0.999988      1925549     81920.00
   16162.815     0.999989      1925549     93622.86
   16171.007     0.999991      1925553    109226.67
   16171.007     0.999992      1925553    131072.00
   16179.199     0.999993      1925556    145635.56
   16179.199     0.999994      1925556    163840.00
   16187.391     0.999995      1925560    187245.71
   16187.391     0.999995      1925560    218453.33
   16187.391     0.999996      1925560    262144.00
   16195.583     0.999997      1925561    291271.11
   16203.775     0.999997      1925563    327680.00
   16203.775     0.999997      1925563    374491.43
   16203.775     0.999998      1925563    436906.67
   16211.967     0.999998      1925565    524288.00
   16211.967     0.999998      1925565    582542.22
   16211.967     0.999998      1925565    655360.00
   16211.967     0.999999      1925565    748982.86
   16211.967     0.999999      1925565    873813.33
   16220.159     0.999999      1925566   1048576.00
   16220.159     0.999999      1925566   1165084.44
   16220.159     0.999999      1925566   1310720.00
   16220.159     0.999999      1925566   1497965.71
   16220.159     0.999999      1925566   1747626.67
   16228.351     1.000000      1925567   2097152.00
   16228.351     1.000000      1925567          inf
#[Mean    =     2515.104, StdDeviation   =     2554.642]
#[Max     =    16220.160, Total count    =      1925567]
#[Buckets =           27, SubBuckets     =         2048]
----------------------------------------------------------
  2923920 requests in 30.00s, 482.40MB read
Requests/sec:  97465.04
Transfer/sec:     16.08MB
