1790889478 116092
1790889479 192904
1790889480 215708
1790889481 216104
1790889483 230348
1790889484 239868
1790889485 242180
1790889486 242204
1790889487 242296
1790889488 246516
1790889489 246716
1790889490 246760
1790889491 246780
1790889492 246792
1790889493 246808
1790889494 246812
1790889495 246812
1790889496 246816
1790889497 246828
1790889498 246828
1790889499 246836
1790889500 246836
1790889501 246836
1790889502 246856
1790889503 246884
1790889504 246884
1790889505 246884
1790889506 246884
1790889508 246884
1790889509 246892
1790889510 247096
1790889511 282328
1790889512 287348
1790889513 287416
1790889514 287432
1790889515 287480
1790889516 287512
1790889517 287512
1790889518 287528
1790889519 287536
1790889520 287540
1790889521 287540
1790889522 287544
1790889523 288356
1790889524 289708
1790889525 290588
1790889526 290604
1790889527 290724
1790889528 290728
1790889529 290740
1790889530 290740
1790889531 290856
1790889532 290860
1790889533 291204
1790889534 291932
1790889535 291936
1790889537 291944
1790889538 291944
1790889539 291956
1790889540 292268
1790889541 292280
1790889542 257128
1790889543 257348
1790889544 257348
1790889545 257348
1790889546 257348
1790889547 257348
1790889548 257348
1790889549 257348
1790889550 257348
1790889551 257348
1790889552 257348
1790889553 257348
1790889554 257348
1790889555 257348
1790889556 257348
1790889557 257348
1790889558 257348
1790889559 257352
1790889560 257352
1790889561 257356
1790889562 257356
1790889564 257356
1790889565 257356
1790889566 257356
1790889567 257360
1790889568 257360
1790889569 257360
1790889570 257372
1790889571 257372
1790889572 257372
1790889573 257380
1790889574 257388
1790889575 257388
1790889576 257388
1790889577 257388
1790889578 257388
1790889579 257388
1790889580 257388
1790889581 257388
1790889582 257388
1790889583 257400
1790889584 257400
1790889585 257400
1790889586 257400
1790889588 257400
1790889589 257400
1790889590 257400
1790889591 257400
1790889592 257400
1790889593 257400
1790889594 257404
1790889595 257408
1790889596 257408
1790889597 257408
1790889598 257448
1790889599 257452
1790889600 257468
1790889601 257468
1790889602 257468
1790889603 257468
1790889604 257476
1790889605 257476
1790889606 257480
1790889607 257480
1790889609 257484
1790889610 257488
1790889611 257488
1790889612 257496
1790889613 257496
1790889614 257496
1790889615 257496
1790889616 257500
1790889617 257504
1790889618 257504
1790889619 257508
1790889620 257508
1790889621 257508
1790889622 257508
1790889623 257516
1790889624 257524
1790889625 257524
1790889627 257524
1790889628 257524
1790889629 257524
1790889630 257532
1790889631 238016
1790889632 222900
1790889633 234192
1790889634 234196
1790889635 234200
1790889636 234208
1790889637 234208
1790889638 234208
1790889640 234208
1790889641 234216
1790889642 234216
1790889643 234216
1790889644 234224
1790889645 234224
1790889646 234232
1790889647 234232
1790889648 234232
1790889649 234232
1790889650 234236
1790889651 234236
1790889652 234236
1790889654 234240
1790889655 234244
1790889656 234244
1790889657 234248
1790889658 234252
1790889659 234252
1790889660 236288
1790889661 225672
1790889662 286316
1790889663 312844
1790889664 312872
1790889666 312876
1790889667 312880
1790889668 312880
1790889669 312884
1790889670 312884
1790889671 312884
1790889672 312884
1790889673 312884
1790889674 312884
1790889676 312892
1790889677 312892
1790889678 312892
1790889679 312896
1790889680 312900
1790889681 312908
1790889682 312908
1790889683 312908
1790889685 312908
1790889686 312908
1790889687 312908
1790889688 312908
1790889689 312908
1790889690 321164
1790889691 321164
1790889692 321180
1790889693 321180
1790889695 321180
1790889696 321184
1790889697 321184
1790889698 321184
1790889699 321184
1790889700 321184
1790889701 321184
1790889702 321188
1790889704 321192
1790889705 321192
1790889706 321192
1790889707 321192
1790889708 321192
1790889709 321192
1790889710 321192
1790889711 321192
1790889713 321192
1790889714 321196
1790889715 321200
1790889716 321200
1790889717 321200
1790889718 321200
1790889719 321200
1790889720 322944
1790889721 331492
1790889722 331492
1790889723 337632
1790889724 337636
1790889726 337636
1790889727 337636
1790889728 337636
1790889729 337640
1790889730 337644
1790889731 337644
1790889732 337644
1790889733 337648
1790889734 337656
1790889735 337656
1790889736 337656
1790889737 337660
1790889738 337664
1790889739 337664
1790889740 337664
1790889741 337664
1790889742 337668
1790889743 337668
1790889744 339428
1790889745 339432
1790889746 339432
1790889747 339480
1790889748 339480
1790889749 339500
1790889750 350420
1790889751 350504
1790889752 350792
1790889753 350796
1790889755 350812
1790889756 351444
1790889757 351448
1790889758 351460
1790889759 351476
1790889760 351712
1790889761 351780
1790889762 351792
1790889763 351800
1790889764 351808
1790889765 351808
1790889766 351816
1790889767 351820
1790889768 351828
1790889769 351828
1790889770 351832
1790889771 351840
1790889772 351872
1790889773 351872
1790889774 351872
1790889775 351876
1790889777 351884
1790889778 351892
1790889779 351896
1790889780 351900
1790889781 351908
1790889782 364184
1790889783 393844
1790889784 454504
1790889785 521744
1790889786 531092
1790889787 531100
1790889788 531112
1790889789 531120
1790889790 531128
1790889791 531128
1790889792 531128
1790889793 531136
1790889794 531192
1790889795 531336
1790889797 531360
1790889798 531364
1790889799 531368
1790889800 531368
1790889801 531368
1790889802 531368
1790889803 531372
1790889804 531372
1790889805 531372
1790889806 531372
1790889807 531376
1790889808 531376
1790889809 531392
1790889810 531392
1790889811 531412
1790889812 531420
1790889814 531432
1790889815 531432
1790889816 567184
1790889817 608560
1790889818 692632
1790889819 695992
1790889820 697772
1790889821 697852
1790889822 697892
1790889823 697892
1790889824 697924
1790889825 698084
1790889826 698084
1790889828 698308
1790889829 698652
1790889830 698716
1790889831 698724
1790889832 698724
1790889833 698996
1790889834 699000
1790889835 699008
1790889836 699012
1790889837 699036
1790889838 699040
1790889839 699040
