Running 30s test @ http://10.116.0.2:8080/json
  4 threads and 256 connections
  Thread calibration: mean lat.: 1.384ms, rate sampling interval: 10ms
  Thread calibration: mean lat.: 1.352ms, rate sampling interval: 10ms
  Thread calibration: mean lat.: 1.513ms, rate sampling interval: 10ms
  Thread calibration: mean lat.: 1.355ms, rate sampling interval: 10ms
  Thread Stats   Avg      Stdev     Max   +/- Stdev
    Latency     1.40ms  618.30us   9.97ms   66.27%
    Req/Sec    10.52k     1.28k   15.40k    78.09%
  Latency Distribution (HdrHistogram - Recorded Latency)
 50.000%    1.33ms
 75.000%    1.82ms
 90.000%    2.22ms
 99.000%    2.99ms
 99.900%    4.36ms
 99.990%    7.08ms
 99.999%    8.33ms
100.000%    9.98ms

  Detailed Percentile spectrum:
       Value   Percentile   TotalCount 1/(1-Percentile)

       0.216     0.000000            1         1.00
       0.655     0.100000        78733         1.11
       0.837     0.200000       157586         1.25
       1.005     0.300000       236163         1.43
       1.169     0.400000       314932         1.67
       1.332     0.500000       393692         2.00
       1.418     0.550000       433300         2.22
       1.509     0.600000       472550         2.50
       1.606     0.650000       511972         2.86
       1.710     0.700000       551085         3.33
       1.823     0.750000       590704         4.00
       1.881     0.775000       610278         4.44
       1.942     0.800000       629914         5.00
       2.005     0.825000       649652         5.71
       2.071     0.850000       669150         6.67
       2.143     0.875000       688924         8.00
       2.183     0.887500       698981         8.89
       2.225     0.900000       708791        10.00
       2.271     0.912500       718488        11.43
       2.323     0.925000       728146        13.33
       2.383     0.937500       738025        16.00
       2.417     0.943750       743069        17.78
       2.455     0.950000       747943        20.00
       2.497     0.956250       752806        22.86
       2.545     0.962500       757687        26.67
       2.603     0.968750       762674        32.00
       2.637     0.971875       765155        35.56
       2.675     0.975000       767544        40.00
       2.719     0.978125       770021        45.71
       2.771     0.981250       772475        53.33
       2.833     0.984375       774924        64.00
       2.867     0.985938       776098        71.11
       2.911     0.987500       777361        80.00
       2.959     0.989062       778575        91.43
       3.015     0.990625       779790       106.67
       3.081     0.992188       781019       128.00
       3.123     0.992969       781644       142.22
       3.167     0.993750       782250       160.00
       3.219     0.994531       782870       182.86
       3.287     0.995313       783496       213.33
       3.371     0.996094       784102       256.00
       3.427     0.996484       784408       284.44
       3.483     0.996875       784710       320.00
       3.547     0.997266       785016       365.71
       3.649     0.997656       785326       426.67
       3.765     0.998047       785631       512.00
       3.847     0.998242       785785       568.89
       3.941     0.998437       785942       640.00
       4.047     0.998633       786091       731.43
       4.199     0.998828       786246       853.33
       4.387     0.999023       786399      1024.00
       4.507     0.999121       786477      1137.78
       4.607     0.999219       786554      1280.00
       4.743     0.999316       786629      1462.86
       4.907     0.999414       786706      1706.67
       5.083     0.999512       786783      2048.00
       5.219     0.999561       786822      2275.56
       5.379     0.999609       786862      2560.00
       5.543     0.999658       786898      2925.71
       5.787     0.999707       786937      3413.33
       6.039     0.999756       786976      4096.00
       6.199     0.999780       786995      4551.11
       6.359     0.999805       787014      5120.00
       6.587     0.999829       787033      5851.43
       6.703     0.999854       787052      6826.67
       6.907     0.999878       787071      8192.00
       6.979     0.999890       787082      9102.22
       7.139     0.999902       787091     10240.00
       7.243     0.999915       787100     11702.86
       7.359     0.999927       787110     13653.33
       7.511     0.999939       787119     16384.00
       7.539     0.999945       787124     18204.44
       7.651     0.999951       787129     20480.00
       7.711     0.999957       787134     23405.71
       7.815     0.999963       787139     27306.67
       7.947     0.999969       787143     32768.00
       7.963     0.999973       787147     36408.89
       7.975     0.999976       787148     40960.00
       7.999     0.999979       787151     46811.43
       8.039     0.999982       787153     54613.33
       8.239     0.999985       787156     65536.00
       8.303     0.999986       787157     72817.78
       8.311     0.999988       787158     81920.00
       8.327     0.999989       787159     93622.86
       8.423     0.999991       787160    109226.67
       8.487     0.999992       787161    131072.00
       8.535     0.999993       787162    145635.56
       8.575     0.999994       787163    163840.00
       8.575     0.999995       787163    187245.71
       8.623     0.999995       787164    218453.33
       8.623     0.999996       787164    262144.00
       8.719     0.999997       787165    291271.11
       8.719     0.999997       787165    327680.00
       8.719     0.999997       787165    374491.43
       9.463     0.999998       787166    436906.67
       9.463     0.999998       787166    524288.00
       9.463     0.999998       787166    582542.22
       9.463     0.999998       787166    655360.00
       9.463     0.999999       787166    748982.86
       9.975     0.999999       787167    873813.33
       9.975     1.000000       787167          inf
#[Mean    =        1.404, StdDeviation   =        0.618]
#[Max     =        9.968, Total count    =       787167]
#[Buckets =           27, SubBuckets     =         2048]
----------------------------------------------------------
  1185276 requests in 30.00s, 195.55MB read
Requests/sec:  39508.30
Transfer/sec:      6.52MB
