Running 30s test @ http://10.116.0.2:8080/block?ms=100
  4 threads and 1000 connections
  Thread calibration: mean lat.: 103.133ms, rate sampling interval: 210ms
  Thread calibration: mean lat.: 103.188ms, rate sampling interval: 210ms
  Thread calibration: mean lat.: 103.046ms, rate sampling interval: 210ms
  Thread calibration: mean lat.: 102.655ms, rate sampling interval: 208ms
  Thread Stats   Avg      Stdev     Max   +/- Stdev
    Latency   102.81ms    1.78ms 118.53ms   75.36%
    Req/Sec     2.25k   202.46     2.40k    82.63%
  Latency Distribution (HdrHistogram - Recorded Latency)
 50.000%  102.46ms
 75.000%  103.68ms
 90.000%  105.09ms
 99.000%  108.93ms
 99.900%  113.66ms
 99.990%  117.25ms
 99.999%  118.33ms
100.000%  118.59ms

  Detailed Percentile spectrum:
       Value   Percentile   TotalCount 1/(1-Percentile)

     100.351     0.000000           28         1.00
     101.055     0.100000        19462         1.11
     101.375     0.200000        35535         1.25
     101.695     0.300000        51518         1.43
     102.079     0.400000        68720         1.67
     102.463     0.500000        84954         2.00
     102.655     0.550000        92650         2.22
     102.911     0.600000       102298         2.50
     103.167     0.650000       111248         2.86
     103.423     0.700000       119475         3.33
     103.679     0.750000       126702         4.00
     103.871     0.775000       131554         4.44
     104.063     0.800000       135919         5.00
     104.255     0.825000       139787         5.71
     104.447     0.850000       143288         6.67
     104.767     0.875000       148208         8.00
     104.895     0.887500       149923         8.89
     105.087     0.900000       152328        10.00
     105.215     0.912500       153775        11.43
     105.471     0.925000       156283        13.33
     105.727     0.937500       158320        16.00
     105.855     0.943750       159181        17.78
     106.047     0.950000       160258        20.00
     106.239     0.956250       161183        22.86
     106.495     0.962500       162292        26.67
     106.815     0.968750       163306        32.00
     107.007     0.971875       163824        35.56
     107.199     0.975000       164266        40.00
     107.455     0.978125       164792        45.71
     107.775     0.981250       165323        53.33
     108.159     0.984375       165827        64.00
     108.351     0.985938       166072        71.11
     108.543     0.987500       166334        80.00
     108.799     0.989062       166629        91.43
     109.055     0.990625       166857       106.67
     109.311     0.992188       167114       128.00
     109.503     0.992969       167233       142.22
     109.695     0.993750       167365       160.00
     110.015     0.994531       167493       182.86
     110.399     0.995313       167625       213.33
     110.975     0.996094       167761       256.00
     111.231     0.996484       167829       284.44
     111.551     0.996875       167899       320.00
     111.935     0.997266       167956       365.71
     112.383     0.997656       168024       426.67
     112.831     0.998047       168087       512.00
     113.087     0.998242       168131       568.89
     113.215     0.998437       168155       640.00
     113.343     0.998633       168187       731.43
     113.535     0.998828       168226       853.33
     113.663     0.999023       168251      1024.00
     113.791     0.999121       168269      1137.78
     113.855     0.999219       168281      1280.00
     114.047     0.999316       168299      1462.86
     114.239     0.999414       168316      1706.67
     114.559     0.999512       168332      2048.00
     115.903     0.999561       168338      2275.56
     116.159     0.999609       168347      2560.00
     116.287     0.999658       168355      2925.71
     116.479     0.999707       168366      3413.33
     116.671     0.999756       168375      4096.00
     116.671     0.999780       168375      4551.11
     116.735     0.999805       168380      5120.00
     116.799     0.999829       168384      5851.43
     116.927     0.999854       168388      6826.67
     117.183     0.999878       168392      8192.00
     117.247     0.999890       168395      9102.22
     117.311     0.999902       168396     10240.00
     117.439     0.999915       168398     11702.86
     117.503     0.999927       168400     13653.33
     117.567     0.999939       168402     16384.00
     117.631     0.999945       168403     18204.44
     117.759     0.999951       168404     20480.00
     117.887     0.999957       168407     23405.71
     117.887     0.999963       168407     27306.67
     117.887     0.999969       168407     32768.00
     117.951     0.999973       168408     36408.89
     117.951     0.999976       168408     40960.00
     118.335     0.999979       168410     46811.43
     118.335     0.999982       168410     54613.33
     118.335     0.999985       168410     65536.00
     118.335     0.999986       168410     72817.78
     118.335     0.999988       168410     81920.00
     118.527     0.999989       168411     93622.86
     118.527     0.999991       168411    109226.67
     118.527     0.999992       168411    131072.00
     118.527     0.999993       168411    145635.56
     118.527     0.999994       168411    163840.00
     118.591     0.999995       168412    187245.71
     118.591     1.000000       168412          inf
#[Mean    =      102.809, StdDeviation   =        1.777]
#[Max     =      118.528, Total count    =       168412]
#[Buckets =           27, SubBuckets     =         2048]
----------------------------------------------------------
  260174 requests in 30.00s, 39.70MB read
Requests/sec:   8672.43
Transfer/sec:      1.32MB
