Running 30s test @ http://10.116.0.2:8080/json
  4 threads and 256 connections
  Thread calibration: mean lat.: 1.653ms, rate sampling interval: 10ms
  Thread calibration: mean lat.: 1.648ms, rate sampling interval: 10ms
  Thread calibration: mean lat.: 1.887ms, rate sampling interval: 10ms
  Thread calibration: mean lat.: 1.708ms, rate sampling interval: 10ms
  Thread Stats   Avg      Stdev     Max   +/- Stdev
    Latency     1.71ms    0.96ms  18.30ms   81.75%
    Req/Sec    21.09k     2.03k   34.22k    73.82%
  Latency Distribution (HdrHistogram - Recorded Latency)
 50.000%    1.51ms
 75.000%    2.08ms
 90.000%    2.76ms
 99.000%    5.30ms
 99.900%    9.71ms
 99.990%   13.04ms
 99.999%   14.73ms
100.000%   18.32ms

  Detailed Percentile spectrum:
       Value   Percentile   TotalCount 1/(1-Percentile)

       0.198     0.000000            1         1.00
       0.825     0.100000       157769         1.11
       1.019     0.200000       315632         1.25
       1.181     0.300000       472845         1.43
       1.341     0.400000       629979         1.67
       1.511     0.500000       787613         2.00
       1.603     0.550000       866119         2.22
       1.701     0.600000       945017         2.50
       1.809     0.650000      1023754         2.86
       1.935     0.700000      1102451         3.33
       2.083     0.750000      1181098         4.00
       2.163     0.775000      1220403         4.44
       2.249     0.800000      1260184         5.00
       2.347     0.825000      1298998         5.71
       2.463     0.850000      1338263         6.67
       2.599     0.875000      1377879         8.00
       2.675     0.887500      1397723         8.89
       2.757     0.900000      1417035        10.00
       2.853     0.912500      1436858        11.43
       2.967     0.925000      1456361        13.33
       3.101     0.937500      1476065        16.00
       3.175     0.943750      1485936        17.78
       3.255     0.950000      1495719        20.00
       3.357     0.956250      1505575        22.86
       3.493     0.962500      1515459        26.67
       3.675     0.968750      1525265        32.00
       3.789     0.971875      1530133        35.56
       3.923     0.975000      1535043        40.00
       4.081     0.978125      1540001        45.71
       4.275     0.981250      1544971        53.33
       4.547     0.984375      1549823        64.00
       4.719     0.985938      1552303        71.11
       4.911     0.987500      1554727        80.00
       5.147     0.989062      1557208        91.43
       5.411     0.990625      1559665       106.67
       5.735     0.992188      1562122       128.00
       5.911     0.992969      1563333       142.22
       6.127     0.993750      1564568       160.00
       6.359     0.994531      1565797       182.86
       6.647     0.995313      1567032       213.33
       6.999     0.996094      1568265       256.00
       7.223     0.996484      1568872       284.44
       7.463     0.996875      1569489       320.00
       7.731     0.997266      1570102       365.71
       8.063     0.997656      1570721       426.67
       8.423     0.998047      1571340       512.00
       8.639     0.998242      1571646       568.89
       8.863     0.998437      1571954       640.00
       9.103     0.998633      1572261       731.43
       9.407     0.998828      1572564       853.33
       9.751     0.999023      1572870      1024.00
       9.951     0.999121      1573022      1137.78
      10.175     0.999219      1573175      1280.00
      10.399     0.999316      1573331      1462.86
      10.647     0.999414      1573482      1706.67
      10.951     0.999512      1573637      2048.00
      11.127     0.999561      1573713      2275.56
      11.303     0.999609      1573789      2560.00
      11.495     0.999658      1573867      2925.71
      11.703     0.999707      1573945      3413.33
      11.975     0.999756      1574021      4096.00
      12.111     0.999780      1574060      4551.11
      12.279     0.999805      1574097      5120.00
      12.431     0.999829      1574135      5851.43
      12.671     0.999854      1574175      6826.67
      12.815     0.999878      1574211      8192.00
      12.927     0.999890      1574232      9102.22
      13.063     0.999902      1574252     10240.00
      13.151     0.999915      1574269     11702.86
      13.255     0.999927      1574291     13653.33
      13.351     0.999939      1574307     16384.00
      13.479     0.999945      1574318     18204.44
      13.631     0.999951      1574327     20480.00
      13.695     0.999957      1574336     23405.71
      13.799     0.999963      1574347     27306.67
      14.031     0.999969      1574355     32768.00
      14.103     0.999973      1574360     36408.89
      14.231     0.999976      1574365     40960.00
      14.271     0.999979      1574370     46811.43
      14.359     0.999982      1574375     54613.33
      14.591     0.999985      1574381     65536.00
      14.599     0.999986      1574382     72817.78
      14.663     0.999988      1574384     81920.00
      14.735     0.999989      1574388     93622.86
      14.847     0.999991      1574389    109226.67
      15.175     0.999992      1574391    131072.00
      15.287     0.999993      1574393    145635.56
      15.303     0.999994      1574394    163840.00
      15.311     0.999995      1574395    187245.71
      15.343     0.999995      1574396    218453.33
      15.415     0.999996      1574397    262144.00
      16.215     0.999997      1574398    291271.11
      16.591     0.999997      1574399    327680.00
      16.591     0.999997      1574399    374491.43
      16.975     0.999998      1574400    436906.67
      16.975     0.999998      1574400    524288.00
      16.991     0.999998      1574401    582542.22
      16.991     0.999998      1574401    655360.00
      16.991     0.999999      1574401    748982.86
      17.903     0.999999      1574402    873813.33
      17.903     0.999999      1574402   1048576.00
      17.903     0.999999      1574402   1165084.44
      17.903     0.999999      1574402   1310720.00
      17.903     0.999999      1574402   1497965.71
      18.319     0.999999      1574403   1747626.67
      18.319     1.000000      1574403          inf
#[Mean    =        1.712, StdDeviation   =        0.959]
#[Max     =       18.304, Total count    =      1574403]
#[Buckets =           27, SubBuckets     =         2048]
----------------------------------------------------------
  2387303 requests in 30.00s, 393.87MB read
Requests/sec:  79577.73
Transfer/sec:     13.13MB
