Running 30s test @ http://10.116.0.2:8080/block?ms=100
  4 threads and 1000 connections
  Thread calibration: mean lat.: 102.752ms, rate sampling interval: 208ms
  Thread calibration: mean lat.: 102.816ms, rate sampling interval: 209ms
  Thread calibration: mean lat.: 102.294ms, rate sampling interval: 206ms
  Thread calibration: mean lat.: 102.395ms, rate sampling interval: 207ms
  Thread Stats   Avg      Stdev     Max   +/- Stdev
    Latency   102.33ms    1.29ms 113.79ms   73.37%
    Req/Sec     2.25k   221.58     2.41k    81.62%
  Latency Distribution (HdrHistogram - Recorded Latency)
 50.000%  102.14ms
 75.000%  103.04ms
 90.000%  104.00ms
 99.000%  106.43ms
 99.900%  110.40ms
 99.990%  111.87ms
 99.999%  113.34ms
100.000%  113.86ms

  Detailed Percentile spectrum:
       Value   Percentile   TotalCount 1/(1-Percentile)

     100.351     0.000000           31         1.00
     100.991     0.100000        19123         1.11
     101.311     0.200000        37458         1.25
     101.567     0.300000        53969         1.43
     101.823     0.400000        69400         1.67
     102.143     0.500000        87138         2.00
     102.271     0.550000        93533         2.22
     102.463     0.600000       102585         2.50
     102.655     0.650000       111161         2.86
     102.847     0.700000       119057         3.33
     103.039     0.750000       126344         4.00
     103.167     0.775000       130901         4.44
     103.295     0.800000       135207         5.00
     103.423     0.825000       139282         5.71
     103.615     0.850000       144532         6.67
     103.743     0.875000       147508         8.00
     103.871     0.887500       150226         8.89
     103.999     0.900000       152642        10.00
     104.063     0.912500       153720        11.43
     104.191     0.925000       155772        13.33
     104.383     0.937500       158253        16.00
     104.447     0.943750       158989        17.78
     104.575     0.950000       160329        20.00
     104.703     0.956250       161480        22.86
     104.831     0.962500       162460        26.67
     104.959     0.968750       163254        32.00
     105.087     0.971875       163872        35.56
     105.215     0.975000       164421        40.00
     105.343     0.978125       164886        45.71
     105.471     0.981250       165283        53.33
     105.663     0.984375       165787        64.00
     105.791     0.985938       166055        71.11
     105.983     0.987500       166317        80.00
     106.239     0.989062       166570        91.43
     106.623     0.990625       166831       106.67
     107.263     0.992188       167083       128.00
     107.647     0.992969       167226       142.22
     107.903     0.993750       167332       160.00
     108.223     0.994531       167482       182.86
     108.479     0.995313       167608       213.33
     108.735     0.996094       167740       256.00
     108.863     0.996484       167798       284.44
     109.055     0.996875       167866       320.00
     109.247     0.997266       167931       365.71
     109.503     0.997656       168003       426.67
     109.695     0.998047       168063       512.00
     109.823     0.998242       168095       568.89
     109.951     0.998437       168124       640.00
     110.143     0.998633       168164       731.43
     110.271     0.998828       168195       853.33
     110.399     0.999023       168219      1024.00
     110.527     0.999121       168236      1137.78
     110.655     0.999219       168260      1280.00
     110.719     0.999316       168269      1462.86
     110.911     0.999414       168293      1706.67
     110.975     0.999512       168301      2048.00
     111.103     0.999561       168318      2275.56
     111.103     0.999609       168318      2560.00
     111.231     0.999658       168328      2925.71
     111.295     0.999707       168334      3413.33
     111.423     0.999756       168342      4096.00
     111.551     0.999780       168350      4551.11
     111.615     0.999805       168351      5120.00
     111.743     0.999829       168358      5851.43
     111.807     0.999854       168364      6826.67
     111.807     0.999878       168364      8192.00
     111.871     0.999890       168366      9102.22
     111.935     0.999902       168367     10240.00
     112.127     0.999915       168372     11702.86
     112.127     0.999927       168372     13653.33
     112.191     0.999939       168373     16384.00
     112.319     0.999945       168374     18204.44
     112.383     0.999951       168375     20480.00
     112.447     0.999957       168377     23405.71
     112.447     0.999963       168377     27306.67
     112.511     0.999969       168378     32768.00
     112.767     0.999973       168379     36408.89
     112.767     0.999976       168379     40960.00
     112.895     0.999979       168380     46811.43
     112.895     0.999982       168380     54613.33
     113.343     0.999985       168381     65536.00
     113.343     0.999986       168381     72817.78
     113.343     0.999988       168381     81920.00
     113.663     0.999989       168382     93622.86
     113.663     0.999991       168382    109226.67
     113.663     0.999992       168382    131072.00
     113.663     0.999993       168382    145635.56
     113.663     0.999994       168382    163840.00
     113.855     0.999995       168383    187245.71
     113.855     1.000000       168383          inf
#[Mean    =      102.328, StdDeviation   =        1.294]
#[Max     =      113.792, Total count    =       168383]
#[Buckets =           27, SubBuckets     =         2048]
----------------------------------------------------------
  260139 requests in 30.00s, 39.69MB read
Requests/sec:   8670.99
Transfer/sec:      1.32MB
