1790890209 127612
1790890210 141400
1790890211 177768
1790890212 191176
1790890213 201272
1790890214 201776
1790890215 212388
1790890216 212536
1790890217 212588
1790890218 212588
1790890219 212588
1790890220 212596
1790890221 212600
1790890222 212604
1790890223 212632
1790890224 212656
1790890225 212664
1790890226 212668
1790890228 212672
1790890229 212676
1790890230 212676
1790890231 212676
1790890232 212680
1790890233 212688
1790890234 212696
1790890235 212700
1790890236 212700
1790890237 212700
1790890238 212712
1790890239 212728
1790890240 212844
1790890241 224616
1790890242 346344
1790890243 332424
1790890244 278812
1790890245 302512
1790890246 260720
1790890247 258844
1790890248 252004
1790890249 252012
1790890251 252044
1790890252 252084
1790890253 248992
1790890254 244872
1790890255 245152
1790890256 245180
1790890257 249380
1790890258 265032
1790890259 245556
1790890260 245588
1790890261 242492
1790890262 251660
1790890263 258976
1790890264 274392
1790890265 274408
1790890266 274444
1790890267 274484
1790890268 274252
1790890269 274284
1790890270 282820
1790890271 282820
1790890272 282820
1790890273 282808
1790890274 282808
1790890275 282808
1790890276 282812
1790890277 282816
1790890279 282816
1790890280 282816
1790890281 282816
1790890282 282816
1790890283 282816
1790890284 282816
1790890285 282816
1790890286 282816
1790890287 282820
1790890288 282856
1790890289 282856
1790890290 282856
1790890291 282860
1790890292 282860
1790890293 282860
1790890294 282860
1790890295 282860
1790890296 282860
1790890297 282860
1790890298 282860
1790890299 282864
1790890300 282680
1790890301 282680
1790890302 282684
1790890303 282684
1790890304 282684
1790890306 282684
1790890307 282684
1790890308 282684
1790890309 282684
1790890310 282684
1790890311 282684
1790890312 282688
1790890313 282688
1790890314 282692
1790890315 282692
1790890316 282692
1790890317 282692
1790890318 282692
1790890319 282692
1790890320 282692
1790890321 282692
1790890322 282692
1790890323 282692
1790890324 282692
1790890325 282692
1790890326 282692
1790890327 282692
1790890328 282700
1790890330 282700
1790890331 282744
1790890332 282760
1790890333 282760
1790890334 282768
1790890335 282772
1790890336 282776
1790890337 282780
1790890338 282780
1790890339 282780
1790890340 282780
1790890341 282784
1790890342 282784
1790890343 282784
1790890344 282784
1790890345 282784
1790890346 282808
1790890347 282808
1790890348 282808
1790890350 282808
1790890351 282812
1790890352 282812
1790890353 282812
1790890354 282812
1790890355 282812
1790890356 282816
1790890357 282816
1790890358 282816
1790890359 282816
1790890360 282840
1790890361 282844
1790890362 282848
1790890363 282848
1790890364 282848
1790890365 282848
1790890367 282848
1790890368 282848
1790890369 282848
1790890370 282856
1790890371 282856
1790890372 282856
1790890373 282860
1790890374 282860
1790890375 282876
1790890376 282904
1790890377 282904
1790890378 282904
1790890379 282904
1790890380 282904
1790890381 282904
1790890383 282904
1790890384 282908
1790890385 282908
1790890386 282908
1790890387 282912
1790890388 282912
1790890389 282912
1790890390 282928
1790890391 282940
1790890392 282944
1790890393 282968
1790890394 282972
1790890395 282972
1790890396 282976
1790890397 282976
1790890399 282976
1790890400 282976
1790890401 282976
1790890402 282980
1790890403 282984
1790890404 282992
1790890405 282992
1790890406 282992
1790890407 282996
1790890408 283004
1790890409 283004
1790890410 283008
1790890411 283008
1790890413 283008
1790890414 283008
1790890415 283008
1790890416 283036
1790890417 283048
1790890418 283052
1790890419 283052
1790890420 283072
1790890421 283088
1790890422 283092
1790890423 283092
1790890424 283092
1790890425 283092
1790890426 283092
1790890427 283092
1790890428 283112
1790890430 283116
1790890431 283120
1790890432 283152
1790890433 283156
1790890434 283156
1790890435 283156
1790890436 283156
1790890437 283164
1790890438 283164
1790890439 283164
1790890440 283164
1790890441 283164
1790890442 283168
1790890443 283168
1790890445 283168
1790890446 283172
1790890447 283176
1790890448 283176
1790890449 283176
1790890450 283188
1790890451 284108
1790890452 288340
1790890453 288340
1790890454 288356
1790890455 288388
1790890456 288408
1790890457 288436
1790890458 288460
1790890459 288496
1790890460 288520
1790890461 288548
1790890462 288576
1790890463 288596
1790890464 288628
1790890465 288652
1790890466 288672
1790890468 288692
1790890469 288716
1790890470 288992
1790890471 289020
1790890472 289044
1790890473 289056
1790890474 289080
1790890475 289112
1790890476 289144
1790890477 289160
1790890478 289180
1790890479 289204
1790890480 305096
1790890481 309352
1790890482 333024
1790890483 370300
1790890484 385712
1790890485 385780
1790890486 385784
1790890487 385800
1790890488 385820
1790890489 385840
1790890490 385892
1790890491 385912
1790890493 385932
1790890494 386464
1790890495 386492
1790890496 386520
1790890497 386540
1790890498 386560
1790890499 386564
1790890500 386608
1790890501 386612
1790890502 386908
1790890503 386924
1790890504 386944
1790890505 386984
1790890506 387260
1790890507 387296
1790890508 387320
1790890509 387340
1790890510 390232
1790890511 390276
1790890512 390332
1790890513 408912
1790890515 443800
1790890516 480476
1790890517 480596
1790890518 492168
1790890519 492804
1790890520 492820
1790890521 494072
1790890522 497184
1790890523 497460
1790890524 508768
1790890525 508816
1790890526 508836
1790890527 508860
1790890528 508876
1790890529 508884
1790890530 508912
1790890531 508936
1790890533 508948
1790890534 508972
1790890535 508984
1790890536 509012
1790890537 509044
1790890538 509072
1790890539 509088
1790890540 509124
1790890541 518960
1790890542 518992
1790890543 519016
1790890544 519032
1790890545 519060
1790890546 519796
1790890547 545548
1790890548 566764
1790890549 757444
1790890550 676736
1790890551 552292
1790890553 775696
1790890554 462084
1790890555 771900
1790890556 679172
1790890557 700040
1790890558 750072
1790890559 559448
1790890560 780488
1790890561 827744
1790890562 696332
1790890563 820324
1790890564 750376
1790890565 581564
1790890566 809816
1790890567 702424
1790890568 817368
1790890569 744056
1790890570 816012
