Running 30s test @ http://10.116.0.2:8080/json
  4 threads and 256 connections
  Thread calibration: mean lat.: 181.525ms, rate sampling interval: 1382ms
  Thread calibration: mean lat.: 284.263ms, rate sampling interval: 1681ms
  Thread calibration: mean lat.: 368.813ms, rate sampling interval: 3278ms
  Thread calibration: mean lat.: 314.434ms, rate sampling interval: 2533ms
  Thread Stats   Avg      Stdev     Max   +/- Stdev
    Latency     1.45s     1.80s   12.04s    87.35%
    Req/Sec    22.73k     3.00k   29.42k    73.68%
  Latency Distribution (HdrHistogram - Recorded Latency)
 50.000%  904.70ms
 75.000%    2.14s 
 90.000%    3.54s 
 99.000%    8.61s 
 99.900%   10.96s 
 99.990%   11.81s 
 99.999%   12.03s 
100.000%   12.05s 

  Detailed Percentile spectrum:
       Value   Percentile   TotalCount 1/(1-Percentile)

       0.202     0.000000            1         1.00
       1.449     0.100000       180976         1.11
       2.875     0.200000       362037         1.25
      23.359     0.300000       542898         1.43
     416.767     0.400000       723906         1.67
     904.703     0.500000       904796         2.00
    1188.863     0.550000       995348         2.22
    1435.647     0.600000      1085973         2.50
    1688.575     0.650000      1176528         2.86
    1882.111     0.700000      1266741         3.33
    2138.111     0.750000      1357651         4.00
    2299.903     0.775000      1402497         4.44
    2533.375     0.800000      1447697         5.00
    2772.991     0.825000      1492972         5.71
    3000.319     0.850000      1538350         6.67
    3270.655     0.875000      1583405         8.00
    3430.399     0.887500      1606207         8.89
    3536.895     0.900000      1628697        10.00
    3614.719     0.912500      1651361        11.43
    3987.455     0.925000      1673879        13.33
    4497.407     0.937500      1696533        16.00
    4775.935     0.943750      1707933        17.78
    5103.615     0.950000      1719219        20.00
    5439.487     0.956250      1730515        22.86
    5709.823     0.962500      1741791        26.67
    6033.407     0.968750      1753087        32.00
    6270.975     0.971875      1758690        35.56
    6533.119     0.975000      1764357        40.00
    6975.487     0.978125      1770086        45.71
    7290.879     0.981250      1775674        53.33
    7729.151     0.984375      1781319        64.00
    7946.239     0.985938      1784143        71.11
    8179.711     0.987500      1786981        80.00
    8445.951     0.989062      1789809        91.43
    8699.903     0.990625      1792648       106.67
    8962.047     0.992188      1795479       128.00
    9109.503     0.992969      1796955       142.22
    9265.151     0.993750      1798326       160.00
    9453.567     0.994531      1799717       182.86
    9658.367     0.995313      1801108       213.33
    9904.127     0.996094      1802533       256.00
   10018.815     0.996484      1803243       284.44
   10133.503     0.996875      1803963       320.00
   10272.767     0.997266      1804663       365.71
   10403.839     0.997656      1805355       426.67
   10534.911     0.998047      1806069       512.00
   10625.023     0.998242      1806426       568.89
   10715.135     0.998437      1806776       640.00
   10797.055     0.998633      1807127       731.43
   10870.783     0.998828      1807488       853.33
   10969.087     0.999023      1807833      1024.00
   11018.239     0.999121      1807996      1137.78
   11067.391     0.999219      1808179      1280.00
   11141.119     0.999316      1808365      1462.86
   11198.463     0.999414      1808532      1706.67
   11288.575     0.999512      1808714      2048.00
   11321.343     0.999561      1808806      2275.56
   11354.111     0.999609      1808876      2560.00
   11395.071     0.999658      1808976      2925.71
   11444.223     0.999707      1809065      3413.33
   11501.567     0.999756      1809153      4096.00
   11526.143     0.999780      1809186      4551.11
   11567.103     0.999805      1809229      5120.00
   11657.215     0.999829      1809275      5851.43
   11706.367     0.999854      1809317      6826.67
   11755.519     0.999878      1809362      8192.00
   11796.479     0.999890      1809392      9102.22
   11812.863     0.999902      1809422     10240.00
   11821.055     0.999915      1809436     11702.86
   11837.439     0.999927      1809451     13653.33
   11870.207     0.999939      1809475     16384.00
   11894.783     0.999945      1809488     18204.44
   11911.167     0.999951      1809494     20480.00
   11935.743     0.999957      1809506     23405.71
   11952.127     0.999963      1809517     27306.67
   11984.895     0.999969      1809529     32768.00
   11993.087     0.999973      1809533     36408.89
   12009.471     0.999976      1809549     40960.00
   12009.471     0.999979      1809549     46811.43
   12009.471     0.999982      1809549     54613.33
   12017.663     0.999985      1809555     65536.00
   12025.855     0.999986      1809571     72817.78
   12025.855     0.999988      1809571     81920.00
   12025.855     0.999989      1809571     93622.86
   12025.855     0.999991      1809571    109226.67
   12025.855     0.999992      1809571    131072.00
   12025.855     0.999993      1809571    145635.56
   12025.855     0.999994      1809571    163840.00
   12034.047     0.999995      1809574    187245.71
   12034.047     0.999995      1809574    218453.33
   12042.239     0.999996      1809579    262144.00
   12042.239     0.999997      1809579    291271.11
   12042.239     0.999997      1809579    327680.00
   12042.239     0.999997      1809579    374491.43
   12042.239     0.999998      1809579    436906.67
   12042.239     0.999998      1809579    524288.00
   12042.239     0.999998      1809579    582542.22
   12050.431     0.999998      1809582    655360.00
   12050.431     1.000000      1809582          inf
#[Mean    =     1447.527, StdDeviation   =     1802.645]
#[Max     =    12042.240, Total count    =      1809582]
#[Buckets =           27, SubBuckets     =         2048]
----------------------------------------------------------
  2703853 requests in 30.00s, 345.53MB read
Requests/sec:  90129.52
Transfer/sec:     11.52MB
