Running 30s test @ http://10.116.0.2:8080/block?ms=100
  4 threads and 1000 connections
  Thread calibration: mean lat.: 104.643ms, rate sampling interval: 221ms
  Thread calibration: mean lat.: 104.778ms, rate sampling interval: 221ms
  Thread calibration: mean lat.: 104.076ms, rate sampling interval: 218ms
  Thread calibration: mean lat.: 104.195ms, rate sampling interval: 219ms
  Thread Stats   Avg      Stdev     Max   +/- Stdev
    Latency   103.38ms    2.62ms 129.22ms   81.77%
    Req/Sec     2.25k    99.85     2.70k    89.64%
  Latency Distribution (HdrHistogram - Recorded Latency)
 50.000%  102.53ms
 75.000%  104.45ms
 90.000%  107.01ms
 99.000%  112.70ms
 99.900%  119.23ms
 99.990%  127.10ms
 99.999%  128.70ms
100.000%  129.28ms

  Detailed Percentile spectrum:
       Value   Percentile   TotalCount 1/(1-Percentile)

     100.351     0.000000            2         1.00
     101.119     0.100000        18448         1.11
     101.439     0.200000        34655         1.25
     101.759     0.300000        51699         1.43
     102.079     0.400000        67370         1.67
     102.527     0.500000        85269         2.00
     102.783     0.550000        93711         2.22
     103.103     0.600000       102511         2.50
     103.423     0.650000       109738         2.86
     103.871     0.700000       118374         3.33
     104.447     0.750000       127120         4.00
     104.767     0.775000       131055         4.44
     105.087     0.800000       134727         5.00
     105.535     0.825000       139315         5.71
     105.983     0.850000       143543         6.67
     106.431     0.875000       147346         8.00
     106.751     0.887500       149940         8.89
     107.007     0.900000       151829        10.00
     107.327     0.912500       153978        11.43
     107.647     0.925000       155831        13.33
     108.095     0.937500       158164        16.00
     108.287     0.943750       159064        17.78
     108.543     0.950000       160100        20.00
     108.863     0.956250       161236        22.86
     109.183     0.962500       162199        26.67
     109.567     0.968750       163193        32.00
     109.823     0.971875       163775        35.56
     110.079     0.975000       164252        40.00
     110.399     0.978125       164725        45.71
     110.847     0.981250       165277        53.33
     111.487     0.984375       165812        64.00
     111.807     0.985938       166057        71.11
     112.127     0.987500       166307        80.00
     112.511     0.989062       166561        91.43
     112.895     0.990625       166844       106.67
     113.343     0.992188       167079       128.00
     113.663     0.992969       167233       142.22
     114.047     0.993750       167367       160.00
     114.303     0.994531       167475       182.86
     114.687     0.995313       167606       213.33
     115.135     0.996094       167737       256.00
     115.455     0.996484       167816       284.44
     115.775     0.996875       167879       320.00
     116.095     0.997266       167938       365.71
     116.479     0.997656       168006       426.67
     116.991     0.998047       168069       512.00
     117.375     0.998242       168100       568.89
     117.951     0.998437       168137       640.00
     118.399     0.998633       168165       731.43
     118.911     0.998828       168200       853.33
     119.359     0.999023       168230      1024.00
     119.871     0.999121       168247      1137.78
     120.127     0.999219       168263      1280.00
     120.511     0.999316       168279      1462.86
     120.959     0.999414       168298      1706.67
     121.983     0.999512       168312      2048.00
     122.495     0.999561       168320      2275.56
     123.007     0.999609       168330      2560.00
     123.583     0.999658       168337      2925.71
     124.543     0.999707       168348      3413.33
     124.799     0.999756       168353      4096.00
     125.439     0.999780       168358      4551.11
     125.695     0.999805       168362      5120.00
     125.951     0.999829       168366      5851.43
     126.399     0.999854       168371      6826.67
     126.975     0.999878       168374      8192.00
     127.103     0.999890       168377      9102.22
     127.167     0.999902       168378     10240.00
     127.487     0.999915       168380     11702.86
     127.615     0.999927       168382     13653.33
     127.871     0.999939       168384     16384.00
     127.999     0.999945       168385     18204.44
     128.127     0.999951       168386     20480.00
     128.383     0.999957       168388     23405.71
     128.383     0.999963       168388     27306.67
     128.511     0.999969       168389     32768.00
     128.575     0.999973       168390     36408.89
     128.575     0.999976       168390     40960.00
     128.639     0.999979       168391     46811.43
     128.639     0.999982       168391     54613.33
     128.703     0.999985       168392     65536.00
     128.703     0.999986       168392     72817.78
     128.703     0.999988       168392     81920.00
     128.767     0.999989       168393     93622.86
     128.767     0.999991       168393    109226.67
     128.767     0.999992       168393    131072.00
     128.767     0.999993       168393    145635.56
     128.767     0.999994       168393    163840.00
     129.279     0.999995       168394    187245.71
     129.279     1.000000       168394          inf
#[Mean    =      103.377, StdDeviation   =        2.623]
#[Max     =      129.216, Total count    =       168394]
#[Buckets =           27, SubBuckets     =         2048]
----------------------------------------------------------
  260152 requests in 30.00s, 30.02MB read
Requests/sec:   8671.70
Transfer/sec:      1.00MB
