Running 30s test @ http://10.116.0.2:8080/json
  4 threads and 64 connections
  Thread calibration: mean lat.: 396.337ms, rate sampling interval: 2084ms
  Thread calibration: mean lat.: 176.298ms, rate sampling interval: 979ms
  Thread calibration: mean lat.: 409.089ms, rate sampling interval: 2258ms
  Thread calibration: mean lat.: 528.517ms, rate sampling interval: 2832ms
  Thread Stats   Avg      Stdev     Max   +/- Stdev
    Latency     1.07ms  466.65us  11.95ms   64.98%
    Req/Sec     5.00k     3.61     5.01k    81.82%
  Latency Distribution (HdrHistogram - Recorded Latency)
 50.000%    1.05ms
 75.000%    1.40ms
 90.000%    1.67ms
 99.000%    2.07ms
 99.900%    3.82ms
 99.990%    6.97ms
 99.999%    8.99ms
100.000%   11.96ms

  Detailed Percentile spectrum:
       Value   Percentile   TotalCount 1/(1-Percentile)

       0.194     0.000000            2         1.00
       0.482     0.100000        39876         1.11
       0.629     0.200000        79762         1.25
       0.771     0.300000       119563         1.43
       0.913     0.400000       159480         1.67
       1.050     0.500000       199405         2.00
       1.116     0.550000       219382         2.22
       1.181     0.600000       239038         2.50
       1.250     0.650000       259152         2.86
       1.321     0.700000       278986         3.33
       1.398     0.750000       298861         4.00
       1.440     0.775000       308832         4.44
       1.483     0.800000       318843         5.00
       1.527     0.825000       328657         5.71
       1.573     0.850000       338752         6.67
       1.618     0.875000       348586         8.00
       1.642     0.887500       353586         8.89
       1.667     0.900000       358588        10.00
       1.694     0.912500       363592        11.43
       1.723     0.925000       368502        13.33
       1.757     0.937500       373545        16.00
       1.775     0.943750       375979        17.78
       1.795     0.950000       378522        20.00
       1.818     0.956250       381009        22.86
       1.844     0.962500       383497        26.67
       1.876     0.968750       385933        32.00
       1.894     0.971875       387222        35.56
       1.913     0.975000       388434        40.00
       1.935     0.978125       389683        45.71
       1.961     0.981250       390907        53.33
       1.992     0.984375       392147        64.00
       2.011     0.985938       392772        71.11
       2.032     0.987500       393395        80.00
       2.057     0.989062       394042        91.43
       2.087     0.990625       394642       106.67
       2.125     0.992188       395258       128.00
       2.149     0.992969       395565       142.22
       2.177     0.993750       395883       160.00
       2.213     0.994531       396188       182.86
       2.265     0.995313       396508       213.33
       2.339     0.996094       396818       256.00
       2.387     0.996484       396970       284.44
       2.451     0.996875       397125       320.00
       2.535     0.997266       397277       365.71
       2.663     0.997656       397435       426.67
       2.831     0.998047       397588       512.00
       2.955     0.998242       397665       568.89
       3.125     0.998437       397743       640.00
       3.335     0.998633       397822       731.43
       3.589     0.998828       397899       853.33
       3.853     0.999023       397978      1024.00
       3.999     0.999121       398015      1137.78
       4.175     0.999219       398054      1280.00
       4.319     0.999316       398093      1462.86
       4.515     0.999414       398132      1706.67
       4.723     0.999512       398171      2048.00
       4.819     0.999561       398190      2275.56
       5.051     0.999609       398210      2560.00
       5.235     0.999658       398230      2925.71
       5.419     0.999707       398249      3413.33
       5.627     0.999756       398268      4096.00
       5.767     0.999780       398278      4551.11
       5.919     0.999805       398288      5120.00
       6.159     0.999829       398297      5851.43
       6.423     0.999854       398307      6826.67
       6.735     0.999878       398317      8192.00
       6.895     0.999890       398322      9102.22
       7.035     0.999902       398327     10240.00
       7.155     0.999915       398331     11702.86
       7.491     0.999927       398336     13653.33
       7.611     0.999939       398341     16384.00
       7.755     0.999945       398344     18204.44
       7.815     0.999951       398346     20480.00
       7.911     0.999957       398348     23405.71
       8.187     0.999963       398351     27306.67
       8.431     0.999969       398353     32768.00
       8.575     0.999973       398355     36408.89
       8.687     0.999976       398356     40960.00
       8.735     0.999979       398357     46811.43
       8.847     0.999982       398358     54613.33
       8.855     0.999985       398359     65536.00
       8.879     0.999986       398360     72817.78
       8.991     0.999988       398361     81920.00
       8.991     0.999989       398361     93622.86
       9.263     0.999991       398362    109226.67
       9.263     0.999992       398362    131072.00
      11.095     0.999993       398363    145635.56
      11.095     0.999994       398363    163840.00
      11.095     0.999995       398363    187245.71
      11.703     0.999995       398364    218453.33
      11.703     0.999996       398364    262144.00
      11.703     0.999997       398364    291271.11
      11.703     0.999997       398364    327680.00
      11.703     0.999997       398364    374491.43
      11.959     0.999998       398365    436906.67
      11.959     1.000000       398365          inf
#[Mean    =        1.069, StdDeviation   =        0.467]
#[Max     =       11.952, Total count    =       398365]
#[Buckets =           27, SubBuckets     =         2048]
----------------------------------------------------------
  594422 requests in 30.00s, 75.96MB read
Requests/sec:  19814.04
Transfer/sec:      2.53MB
