Running 30s test @ http://10.116.0.2:8080/block?ms=100
  4 threads and 4000 connections
  Thread calibration: mean lat.: 2345.766ms, rate sampling interval: 9330ms
  Thread calibration: mean lat.: 2437.622ms, rate sampling interval: 9707ms
  Thread calibration: mean lat.: 2498.384ms, rate sampling interval: 10412ms
  Thread calibration: mean lat.: 2561.151ms, rate sampling interval: 10256ms
  Thread Stats   Avg      Stdev     Max   +/- Stdev
    Latency     8.91s     2.28s   14.47s    62.81%
    Req/Sec     4.82k    67.20     4.91k    50.00%
  Latency Distribution (HdrHistogram - Recorded Latency)
 50.000%    8.77s 
 75.000%   10.65s 
 90.000%   12.17s 
 99.000%   13.54s 
 99.900%   13.95s 
 99.990%   14.18s 
 99.999%   14.38s 
100.000%   14.48s 

  Detailed Percentile spectrum:
       Value   Percentile   TotalCount 1/(1-Percentile)

    3155.967     0.000000            1         1.00
    6045.695     0.100000        28359         1.11
    6746.111     0.200000        56632         1.25
    7409.663     0.300000        84869         1.43
    8065.023     0.400000       113175         1.67
    8765.439     0.500000       141502         2.00
    9134.079     0.550000       155608         2.22
    9494.527     0.600000       169699         2.50
    9854.975     0.650000       183950         2.86
   10239.999     0.700000       197977         3.33
   10649.599     0.750000       212101         4.00
   10862.591     0.775000       219102         4.44
   11083.775     0.800000       226109         5.00
   11337.727     0.825000       233216         5.71
   11591.679     0.850000       240379         6.67
   11870.207     0.875000       247322         8.00
   12017.663     0.887500       250834         8.89
   12165.119     0.900000       254439        10.00
   12328.959     0.912500       258039        11.43
   12484.607     0.925000       261481        13.33
   12656.639     0.937500       265036        16.00
   12746.751     0.943750       266818        17.78
   12836.863     0.950000       268677        20.00
   12918.783     0.956250       270373        22.86
   13008.895     0.962500       272150        26.67
   13090.815     0.968750       273799        32.00
   13148.159     0.971875       274730        35.56
   13205.503     0.975000       275640        40.00
   13262.847     0.978125       276454        45.71
   13328.383     0.981250       277424        53.33
   13385.727     0.984375       278247        64.00
   13426.687     0.985938       278718        71.11
   13467.647     0.987500       279144        80.00
   13516.799     0.989062       279623        91.43
   13565.951     0.990625       280014       106.67
   13615.103     0.992188       280437       128.00
   13639.679     0.992969       280654       142.22
   13672.447     0.993750       280877       160.00
   13713.407     0.994531       281087       182.86
   13746.175     0.995313       281306       213.33
   13778.943     0.996094       281543       256.00
   13803.519     0.996484       281667       284.44
   13819.903     0.996875       281752       320.00
   13852.671     0.997266       281894       365.71
   13869.055     0.997656       281986       426.67
   13893.631     0.998047       282080       512.00
   13910.015     0.998242       282165       568.89
   13918.207     0.998437       282214       640.00
   13926.399     0.998633       282256       731.43
   13942.783     0.998828       282328       853.33
   13950.975     0.999023       282354      1024.00
   13967.359     0.999121       282403      1137.78
   13975.551     0.999219       282426      1280.00
   13983.743     0.999316       282448      1462.86
   13991.935     0.999414       282464      1706.67
   14016.511     0.999512       282491      2048.00
   14049.279     0.999561       282508      2275.56
   14065.663     0.999609       282522      2560.00
   14073.855     0.999658       282534      2925.71
   14090.239     0.999707       282548      3413.33
   14106.623     0.999756       282561      4096.00
   14114.815     0.999780       282567      4551.11
   14155.775     0.999805       282585      5120.00
   14155.775     0.999829       282585      5851.43
   14163.967     0.999854       282595      6826.67
   14163.967     0.999878       282595      8192.00
   14172.159     0.999890       282599      9102.22
   14180.351     0.999902       282602     10240.00
   14204.927     0.999915       282608     11702.86
   14213.119     0.999927       282611     13653.33
   14221.311     0.999939       282612     16384.00
   14245.887     0.999945       282614     18204.44
   14254.079     0.999951       282616     20480.00
   14270.463     0.999957       282617     23405.71
   14295.039     0.999963       282624     27306.67
   14295.039     0.999969       282624     32768.00
   14295.039     0.999973       282624     36408.89
   14295.039     0.999976       282624     40960.00
   14295.039     0.999979       282624     46811.43
   14295.039     0.999982       282624     54613.33
   14335.999     0.999985       282625     65536.00
   14376.959     0.999986       282626     72817.78
   14376.959     0.999988       282626     81920.00
   14376.959     0.999989       282626     93622.86
   14385.151     0.999991       282628    109226.67
   14385.151     0.999992       282628    131072.00
   14385.151     0.999993       282628    145635.56
   14385.151     0.999994       282628    163840.00
   14385.151     0.999995       282628    187245.71
   14385.151     0.999995       282628    218453.33
   14385.151     0.999996       282628    262144.00
   14475.263     0.999997       282629    291271.11
   14475.263     1.000000       282629          inf
#[Mean    =     8907.780, StdDeviation   =     2276.288]
#[Max     =    14467.072, Total count    =       282629]
#[Buckets =           27, SubBuckets     =         2048]
----------------------------------------------------------
  532460 requests in 30.00s, 61.44MB read
Requests/sec:  17748.27
Transfer/sec:      2.05MB
