Running 30s test @ http://10.116.0.2:8080/block?ms=100
  4 threads and 2000 connections
  Thread calibration: mean lat.: 296.718ms, rate sampling interval: 1174ms
  Thread calibration: mean lat.: 315.845ms, rate sampling interval: 1268ms
  Thread calibration: mean lat.: 290.144ms, rate sampling interval: 1090ms
  Thread calibration: mean lat.: 275.761ms, rate sampling interval: 1074ms
  Thread Stats   Avg      Stdev     Max   +/- Stdev
    Latency   745.69ms  522.11ms   2.71s    66.35%
    Req/Sec     4.34k   123.04     4.58k    69.49%
  Latency Distribution (HdrHistogram - Recorded Latency)
 50.000%  641.02ms
 75.000%    1.07s 
 90.000%    1.48s 
 99.000%    2.28s 
 99.900%    2.56s 
 99.990%    2.69s 
 99.999%    2.71s 
100.000%    2.72s 

  Detailed Percentile spectrum:
       Value   Percentile   TotalCount 1/(1-Percentile)

     100.415     0.000000            8         1.00
     155.263     0.100000        30420         1.11
     255.615     0.200000        60776         1.25
     371.455     0.300000        91189         1.43
     509.439     0.400000       121558         1.67
     641.023     0.500000       151980         2.00
     713.727     0.550000       167089         2.22
     794.623     0.600000       182317         2.50
     877.055     0.650000       197513         2.86
     973.823     0.700000       212664         3.33
    1072.127     0.750000       227947         4.00
    1118.207     0.775000       235482         4.44
    1171.455     0.800000       243083         5.00
    1238.015     0.825000       250643         5.71
    1311.743     0.850000       258261         6.67
    1384.447     0.875000       265848         8.00
    1431.551     0.887500       269662         8.89
    1482.751     0.900000       273421        10.00
    1540.095     0.912500       277281        11.43
    1593.343     0.925000       281070        13.33
    1658.879     0.937500       284842        16.00
    1699.839     0.943750       286735        17.78
    1754.111     0.950000       288631        20.00
    1804.287     0.956250       290530        22.86
    1868.799     0.962500       292417        26.67
    1935.359     0.968750       294309        32.00
    1979.391     0.971875       295259        35.56
    2022.399     0.975000       296223        40.00
    2070.527     0.978125       297156        45.71
    2121.727     0.981250       298116        53.33
    2168.831     0.984375       299081        64.00
    2209.791     0.985938       299561        71.11
    2238.463     0.987500       300027        80.00
    2260.991     0.989062       300482        91.43
    2295.807     0.990625       300976       106.67
    2332.671     0.992188       301437       128.00
    2351.103     0.992969       301691       142.22
    2365.439     0.993750       301914       160.00
    2385.919     0.994531       302142       182.86
    2410.495     0.995313       302389       213.33
    2445.311     0.996094       302635       256.00
    2453.503     0.996484       302740       284.44
    2459.647     0.996875       302854       320.00
    2467.839     0.997266       302988       365.71
    2478.079     0.997656       303099       426.67
    2494.463     0.998047       303211       512.00
    2504.703     0.998242       303278       568.89
    2512.895     0.998437       303333       640.00
    2521.087     0.998633       303386       731.43
    2537.471     0.998828       303444       853.33
    2566.143     0.999023       303508      1024.00
    2570.239     0.999121       303531      1137.78
    2574.335     0.999219       303563      1280.00
    2578.431     0.999316       303591      1462.86
    2584.575     0.999414       303640      1706.67
    2586.623     0.999512       303652      2048.00
    2588.671     0.999561       303665      2275.56
    2590.719     0.999609       303680      2560.00
    2594.815     0.999658       303698      2925.71
    2598.911     0.999707       303713      3413.33
    2605.055     0.999756       303727      4096.00
    2611.199     0.999780       303734      4551.11
    2617.343     0.999805       303739      5120.00
    2637.823     0.999829       303747      5851.43
    2668.543     0.999854       303754      6826.67
    2680.831     0.999878       303761      8192.00
    2684.927     0.999890       303766      9102.22
    2689.023     0.999902       303773     10240.00
    2689.023     0.999915       303773     11702.86
    2691.071     0.999927       303778     13653.33
    2693.119     0.999939       303782     16384.00
    2693.119     0.999945       303782     18204.44
    2697.215     0.999951       303785     20480.00
    2699.263     0.999957       303787     23405.71
    2699.263     0.999963       303787     27306.67
    2701.311     0.999969       303790     32768.00
    2701.311     0.999973       303790     36408.89
    2703.359     0.999976       303791     40960.00
    2705.407     0.999979       303792     46811.43
    2707.455     0.999982       303793     54613.33
    2709.503     0.999985       303795     65536.00
    2709.503     0.999986       303795     72817.78
    2709.503     0.999988       303795     81920.00
    2709.503     0.999989       303795     93622.86
    2711.551     0.999991       303797    109226.67
    2711.551     0.999992       303797    131072.00
    2711.551     0.999993       303797    145635.56
    2711.551     0.999994       303797    163840.00
    2711.551     0.999995       303797    187245.71
    2711.551     0.999995       303797    218453.33
    2711.551     0.999996       303797    262144.00
    2711.551     0.999997       303797    291271.11
    2715.647     0.999997       303798    327680.00
    2715.647     1.000000       303798          inf
#[Mean    =      745.686, StdDeviation   =      522.106]
#[Max     =     2713.600, Total count    =       303798]
#[Buckets =           27, SubBuckets     =         2048]
----------------------------------------------------------
  495729 requests in 30.00s, 57.20MB read
Requests/sec:  16524.16
Transfer/sec:      1.91MB
