Running 30s test @ http://10.116.0.2:8080/json
  4 threads and 256 connections
  Thread calibration: mean lat.: 1.125ms, rate sampling interval: 10ms
  Thread calibration: mean lat.: 1.334ms, rate sampling interval: 10ms
  Thread calibration: mean lat.: 1.117ms, rate sampling interval: 10ms
  Thread calibration: mean lat.: 1.137ms, rate sampling interval: 10ms
  Thread Stats   Avg      Stdev     Max   +/- Stdev
    Latency     1.19ms  515.67us  13.16ms   65.33%
    Req/Sec     5.27k     1.12k    7.44k    80.30%
  Latency Distribution (HdrHistogram - Recorded Latency)
 50.000%    1.16ms
 75.000%    1.56ms
 90.000%    1.86ms
 99.000%    2.42ms
 99.900%    3.26ms
 99.990%    5.42ms
 99.999%    9.04ms
100.000%   13.17ms

  Detailed Percentile spectrum:
       Value   Percentile   TotalCount 1/(1-Percentile)

       0.190     0.000000            1         1.00
       0.531     0.100000        39372         1.11
       0.704     0.200000        78878         1.25
       0.858     0.300000       118284         1.43
       1.007     0.400000       157542         1.67
       1.159     0.500000       197069         2.00
       1.234     0.550000       216713         2.22
       1.310     0.600000       236240         2.50
       1.389     0.650000       255910         2.86
       1.472     0.700000       275580         3.33
       1.558     0.750000       295346         4.00
       1.600     0.775000       305141         4.44
       1.644     0.800000       315069         5.00
       1.689     0.825000       324808         5.71
       1.738     0.850000       334787         6.67
       1.793     0.875000       344542         8.00
       1.824     0.887500       349467         8.89
       1.858     0.900000       354390        10.00
       1.898     0.912500       359246        11.43
       1.943     0.925000       364182        13.33
       1.994     0.937500       369029        16.00
       2.024     0.943750       371536        17.78
       2.059     0.950000       374060        20.00
       2.095     0.956250       376521        22.86
       2.135     0.962500       378921        26.67
       2.181     0.968750       381400        32.00
       2.207     0.971875       382603        35.56
       2.233     0.975000       383787        40.00
       2.263     0.978125       385033        45.71
       2.299     0.981250       386316        53.33
       2.335     0.984375       387524        64.00
       2.355     0.985938       388124        71.11
       2.377     0.987500       388703        80.00
       2.403     0.989062       389341        91.43
       2.435     0.990625       389958       106.67
       2.469     0.992188       390568       128.00
       2.489     0.992969       390862       142.22
       2.511     0.993750       391172       160.00
       2.541     0.994531       391487       182.86
       2.571     0.995313       391789       213.33
       2.611     0.996094       392092       256.00
       2.633     0.996484       392240       284.44
       2.665     0.996875       392393       320.00
       2.703     0.997266       392546       365.71
       2.747     0.997656       392704       426.67
       2.821     0.998047       392853       512.00
       2.875     0.998242       392930       568.89
       2.937     0.998437       393008       640.00
       3.027     0.998633       393085       731.43
       3.125     0.998828       393161       853.33
       3.275     0.999023       393237      1024.00
       3.389     0.999121       393277      1137.78
       3.513     0.999219       393315      1280.00
       3.647     0.999316       393352      1462.86
       3.843     0.999414       393391      1706.67
       4.003     0.999512       393429      2048.00
       4.131     0.999561       393449      2275.56
       4.247     0.999609       393468      2560.00
       4.339     0.999658       393487      2925.71
       4.427     0.999707       393506      3413.33
       4.607     0.999756       393525      4096.00
       4.763     0.999780       393535      4551.11
       4.847     0.999805       393545      5120.00
       4.983     0.999829       393554      5851.43
       5.099     0.999854       393564      6826.67
       5.235     0.999878       393573      8192.00
       5.355     0.999890       393578      9102.22
       5.435     0.999902       393583     10240.00
       5.579     0.999915       393588     11702.86
       5.903     0.999927       393593     13653.33
       6.667     0.999939       393597     16384.00
       6.771     0.999945       393600     18204.44
       6.859     0.999951       393602     20480.00
       7.039     0.999957       393605     23405.71
       7.175     0.999963       393607     27306.67
       7.251     0.999969       393610     32768.00
       7.259     0.999973       393611     36408.89
       7.295     0.999976       393612     40960.00
       7.531     0.999979       393613     46811.43
       7.791     0.999982       393614     54613.33
       8.083     0.999985       393615     65536.00
       9.031     0.999986       393616     72817.78
       9.039     0.999988       393617     81920.00
       9.039     0.999989       393617     93622.86
       9.487     0.999991       393618    109226.67
       9.487     0.999992       393618    131072.00
       9.831     0.999993       393619    145635.56
       9.831     0.999994       393619    163840.00
       9.831     0.999995       393619    187245.71
      11.935     0.999995       393620    218453.33
      11.935     0.999996       393620    262144.00
      11.935     0.999997       393620    291271.11
      11.935     0.999997       393620    327680.00
      11.935     0.999997       393620    374491.43
      13.167     0.999998       393621    436906.67
      13.167     1.000000       393621          inf
#[Mean    =        1.190, StdDeviation   =        0.516]
#[Max     =       13.160, Total count    =       393621]
#[Buckets =           27, SubBuckets     =         2048]
----------------------------------------------------------
  592728 requests in 30.00s, 75.75MB read
Requests/sec:  19756.74
Transfer/sec:      2.52MB
