Running 30s test @ http://10.116.0.2:8080/block?ms=100
  4 threads and 2000 connections
  Thread calibration: mean lat.: 104.170ms, rate sampling interval: 219ms
  Thread calibration: mean lat.: 104.701ms, rate sampling interval: 223ms
  Thread calibration: mean lat.: 104.559ms, rate sampling interval: 221ms
  Thread calibration: mean lat.: 104.605ms, rate sampling interval: 222ms
  Thread Stats   Avg      Stdev     Max   +/- Stdev
    Latency   103.02ms    3.08ms 139.26ms   89.20%
    Req/Sec     4.51k    77.48     4.91k    87.90%
  Latency Distribution (HdrHistogram - Recorded Latency)
 50.000%  101.95ms
 75.000%  103.68ms
 90.000%  106.43ms
 99.000%  115.52ms
 99.900%  124.61ms
 99.990%  135.42ms
 99.999%  138.62ms
100.000%  139.39ms

  Detailed Percentile spectrum:
       Value   Percentile   TotalCount 1/(1-Percentile)

     100.351     0.000000           25         1.00
     100.863     0.100000        32960         1.11
     101.119     0.200000        64431         1.25
     101.375     0.300000        98886         1.43
     101.631     0.400000       131274         1.67
     101.951     0.500000       161294         2.00
     102.143     0.550000       175068         2.22
     102.399     0.600000       189668         2.50
     102.783     0.650000       206962         2.86
     103.167     0.700000       221474         3.33
     103.679     0.750000       237928         4.00
     103.935     0.775000       244986         4.44
     104.255     0.800000       252784         5.00
     104.575     0.825000       259689         5.71
     105.023     0.850000       267536         6.67
     105.599     0.875000       275461         8.00
     105.983     0.887500       279525         8.89
     106.431     0.900000       283415        10.00
     106.943     0.912500       287169        11.43
     107.647     0.925000       291419        13.33
     108.415     0.937500       295111        16.00
     108.927     0.943750       297155        17.78
     109.439     0.950000       298972        20.00
     110.079     0.956250       300994        22.86
     110.783     0.962500       302962        26.67
     111.615     0.968750       305009        32.00
     111.999     0.971875       305839        35.56
     112.511     0.975000       306900        40.00
     112.959     0.978125       307810        45.71
     113.535     0.981250       308845        53.33
     114.175     0.984375       309844        64.00
     114.495     0.985938       310296        71.11
     114.879     0.987500       310818        80.00
     115.199     0.989062       311245        91.43
     115.711     0.990625       311774       106.67
     116.223     0.992188       312276       128.00
     116.543     0.992969       312505       142.22
     116.863     0.993750       312735       160.00
     117.375     0.994531       312985       182.86
     117.951     0.995313       313224       213.33
     118.655     0.996094       313475       256.00
     119.039     0.996484       313579       284.44
     119.551     0.996875       313712       320.00
     120.127     0.997266       313832       365.71
     120.895     0.997656       313962       426.67
     121.599     0.998047       314075       512.00
     121.983     0.998242       314135       568.89
     122.623     0.998437       314199       640.00
     123.263     0.998633       314259       731.43
     124.031     0.998828       314321       853.33
     124.735     0.999023       314378      1024.00
     125.183     0.999121       314411      1137.78
     125.759     0.999219       314441      1280.00
     126.271     0.999316       314472      1462.86
     126.847     0.999414       314504      1706.67
     127.487     0.999512       314532      2048.00
     127.999     0.999561       314547      2275.56
     128.383     0.999609       314563      2560.00
     128.767     0.999658       314579      2925.71
     129.215     0.999707       314594      3413.33
     130.047     0.999756       314610      4096.00
     130.687     0.999780       314617      4551.11
     131.455     0.999805       314625      5120.00
     132.735     0.999829       314633      5851.43
     133.375     0.999854       314641      6826.67
     134.399     0.999878       314648      8192.00
     134.783     0.999890       314651      9102.22
     135.679     0.999902       314657     10240.00
     136.191     0.999915       314660     11702.86
     136.447     0.999927       314663     13653.33
     136.575     0.999939       314666     16384.00
     136.831     0.999945       314668     18204.44
     136.959     0.999951       314672     20480.00
     136.959     0.999957       314672     23405.71
     137.343     0.999963       314675     27306.67
     137.471     0.999969       314676     32768.00
     137.727     0.999973       314678     36408.89
     137.727     0.999976       314678     40960.00
     137.855     0.999979       314681     46811.43
     137.855     0.999982       314681     54613.33
     137.855     0.999985       314681     65536.00
     137.855     0.999986       314681     72817.78
     138.623     0.999988       314682     81920.00
     138.623     0.999989       314682     93622.86
     138.879     0.999991       314684    109226.67
     138.879     0.999992       314684    131072.00
     138.879     0.999993       314684    145635.56
     138.879     0.999994       314684    163840.00
     138.879     0.999995       314684    187245.71
     138.879     0.999995       314684    218453.33
     138.879     0.999996       314684    262144.00
     138.879     0.999997       314684    291271.11
     139.391     0.999997       314685    327680.00
     139.391     1.000000       314685          inf
#[Mean    =      103.023, StdDeviation   =        3.081]
#[Max     =      139.264, Total count    =       314685]
#[Buckets =           27, SubBuckets     =         2048]
----------------------------------------------------------
  512738 requests in 30.00s, 59.17MB read
Requests/sec:  17088.60
Transfer/sec:      1.97MB
