Running 30s test @ http://10.116.0.2:8080/json
  4 threads and 256 connections
  Thread calibration: mean lat.: 1.322ms, rate sampling interval: 10ms
  Thread calibration: mean lat.: 1.329ms, rate sampling interval: 10ms
  Thread calibration: mean lat.: 1.307ms, rate sampling interval: 10ms
  Thread calibration: mean lat.: 1.235ms, rate sampling interval: 10ms
  Thread Stats   Avg      Stdev     Max   +/- Stdev
    Latency     1.29ms  575.74us   8.28ms   64.68%
    Req/Sec    10.55k   708.66    15.00k    71.99%
  Latency Distribution (HdrHistogram - Recorded Latency)
 50.000%    1.22ms
 75.000%    1.71ms
 90.000%    2.08ms
 99.000%    2.68ms
 99.900%    3.65ms
 99.990%    5.65ms
 99.999%    7.44ms
100.000%    8.29ms

  Detailed Percentile spectrum:
       Value   Percentile   TotalCount 1/(1-Percentile)

       0.213     0.000000            1         1.00
       0.589     0.100000        78998         1.11
       0.755     0.200000       157575         1.25
       0.910     0.300000       236194         1.43
       1.064     0.400000       315215         1.67
       1.219     0.500000       393684         2.00
       1.302     0.550000       433255         2.22
       1.390     0.600000       472556         2.50
       1.488     0.650000       511817         2.86
       1.594     0.700000       551086         3.33
       1.707     0.750000       590670         4.00
       1.763     0.775000       610342         4.44
       1.819     0.800000       629787         5.00
       1.878     0.825000       649525         5.71
       1.939     0.850000       669217         6.67
       2.005     0.875000       688775         8.00
       2.042     0.887500       698872         8.89
       2.081     0.900000       708817        10.00
       2.123     0.912500       718488        11.43
       2.173     0.925000       728409        13.33
       2.231     0.937500       738242        16.00
       2.263     0.943750       743054        17.78
       2.299     0.950000       748090        20.00
       2.337     0.956250       752950        22.86
       2.377     0.962500       757711        26.67
       2.425     0.968750       762740        32.00
       2.451     0.971875       765165        35.56
       2.479     0.975000       767586        40.00
       2.511     0.978125       770039        45.71
       2.547     0.981250       772523        53.33
       2.587     0.984375       774941        64.00
       2.609     0.985938       776175        71.11
       2.633     0.987500       777383        80.00
       2.661     0.989062       778610        91.43
       2.693     0.990625       779822       106.67
       2.729     0.992188       781030       128.00
       2.753     0.992969       781684       142.22
       2.775     0.993750       782280       160.00
       2.803     0.994531       782868       182.86
       2.841     0.995313       783493       213.33
       2.891     0.996094       784109       256.00
       2.917     0.996484       784402       284.44
       2.955     0.996875       784715       320.00
       3.001     0.997266       785021       365.71
       3.071     0.997656       785333       426.67
       3.153     0.998047       785638       512.00
       3.217     0.998242       785786       568.89
       3.315     0.998437       785945       640.00
       3.413     0.998633       786093       731.43
       3.527     0.998828       786247       853.33
       3.663     0.999023       786401      1024.00
       3.741     0.999121       786481      1137.78
       3.835     0.999219       786555      1280.00
       3.947     0.999316       786631      1462.86
       4.081     0.999414       786708      1706.67
       4.255     0.999512       786785      2048.00
       4.351     0.999561       786825      2275.56
       4.463     0.999609       786863      2560.00
       4.555     0.999658       786900      2925.71
       4.687     0.999707       786939      3413.33
       4.919     0.999756       786977      4096.00
       4.991     0.999780       786998      4551.11
       5.059     0.999805       787016      5120.00
       5.163     0.999829       787035      5851.43
       5.303     0.999854       787054      6826.67
       5.443     0.999878       787073      8192.00
       5.591     0.999890       787084      9102.22
       5.663     0.999902       787093     10240.00
       5.755     0.999915       787102     11702.86
       5.871     0.999927       787112     13653.33
       5.991     0.999939       787121     16384.00
       6.103     0.999945       787126     18204.44
       6.231     0.999951       787131     20480.00
       6.339     0.999957       787136     23405.71
       6.559     0.999963       787141     27306.67
       6.591     0.999969       787145     32768.00
       6.751     0.999973       787148     36408.89
       6.791     0.999976       787150     40960.00
       6.943     0.999979       787153     46811.43
       7.135     0.999982       787155     54613.33
       7.195     0.999985       787157     65536.00
       7.283     0.999986       787159     72817.78
       7.395     0.999988       787160     81920.00
       7.443     0.999989       787161     93622.86
       7.519     0.999991       787162    109226.67
       7.599     0.999992       787163    131072.00
       7.799     0.999993       787164    145635.56
       7.851     0.999994       787165    163840.00
       7.851     0.999995       787165    187245.71
       7.899     0.999995       787166    218453.33
       7.899     0.999996       787166    262144.00
       7.955     0.999997       787167    291271.11
       7.955     0.999997       787167    327680.00
       7.955     0.999997       787167    374491.43
       7.995     0.999998       787168    436906.67
       7.995     0.999998       787168    524288.00
       7.995     0.999998       787168    582542.22
       7.995     0.999998       787168    655360.00
       7.995     0.999999       787168    748982.86
       8.287     0.999999       787169    873813.33
       8.287     1.000000       787169          inf
#[Mean    =        1.292, StdDeviation   =        0.576]
#[Max     =        8.280, Total count    =       787169]
#[Buckets =           27, SubBuckets     =         2048]
----------------------------------------------------------
  1193731 requests in 30.00s, 152.55MB read
Requests/sec:  39790.06
Transfer/sec:      5.08MB
