Running 30s test @ http://10.116.0.2:8080/json
  4 threads and 256 connections
  Thread calibration: mean lat.: 79.073ms, rate sampling interval: 508ms
  Thread calibration: mean lat.: 62.096ms, rate sampling interval: 410ms
  Thread calibration: mean lat.: 81.141ms, rate sampling interval: 510ms
  Thread calibration: mean lat.: 37.437ms, rate sampling interval: 421ms
  Thread Stats   Avg      Stdev     Max   +/- Stdev
    Latency    78.50ms  221.96ms   2.71s    94.16%
    Req/Sec    20.10k     1.66k   32.24k    82.84%
  Latency Distribution (HdrHistogram - Recorded Latency)
 50.000%    1.58ms
 75.000%   22.98ms
 90.000%  243.84ms
 99.000%    1.17s 
 99.900%    2.31s 
 99.990%    2.64s 
 99.999%    2.71s 
100.000%    2.71s 

  Detailed Percentile spectrum:
       Value   Percentile   TotalCount 1/(1-Percentile)

       0.214     0.000000            1         1.00
       0.737     0.100000       158475         1.11
       0.944     0.200000       316056         1.25
       1.124     0.300000       473845         1.43
       1.325     0.400000       632102         1.67
       1.577     0.500000       789560         2.00
       1.733     0.550000       868601         2.22
       1.955     0.600000       947628         2.50
       2.385     0.650000      1026461         2.86
       3.995     0.700000      1105384         3.33
      22.975     0.750000      1184345         4.00
      60.831     0.775000      1223813         4.44
     113.343     0.800000      1263287         5.00
     140.927     0.825000      1302809         5.71
     174.463     0.850000      1342334         6.67
     212.991     0.875000      1381731         8.00
     229.631     0.887500      1401513         8.89
     243.839     0.900000      1421340        10.00
     261.247     0.912500      1440948        11.43
     273.407     0.925000      1460887        13.33
     291.839     0.937500      1480592        16.00
     307.199     0.943750      1490368        17.78
     349.183     0.950000      1500136        20.00
     411.903     0.956250      1510003        22.86
     482.815     0.962500      1519885        26.67
     566.783     0.968750      1529749        32.00
     619.007     0.971875      1534681        35.56
     676.351     0.975000      1539617        40.00
     742.399     0.978125      1544571        45.71
     819.199     0.981250      1549483        53.33
     903.679     0.984375      1554420        64.00
     955.391     0.985938      1556893        71.11
    1016.319     0.987500      1559356        80.00
    1098.751     0.989062      1561818        91.43
    1212.415     0.990625      1564296       106.67
    1344.511     0.992188      1566755       128.00
    1412.095     0.992969      1567996       142.22
    1481.727     0.993750      1569222       160.00
    1554.431     0.994531      1570459       182.86
    1642.495     0.995313      1571695       213.33
    1728.511     0.996094      1572919       256.00
    1774.591     0.996484      1573539       284.44
    1833.983     0.996875      1574153       320.00
    1909.759     0.997266      1574774       365.71
    1984.511     0.997656      1575388       426.67
    2057.215     0.998047      1576005       512.00
    2105.343     0.998242      1576320       568.89
    2152.447     0.998437      1576623       640.00
    2199.551     0.998633      1576933       731.43
    2258.943     0.998828      1577237       853.33
    2316.287     0.999023      1577547      1024.00
    2342.911     0.999121      1577707      1137.78
    2363.391     0.999219      1577853      1280.00
    2385.919     0.999316      1578008      1462.86
    2428.927     0.999414      1578166      1706.67
    2469.887     0.999512      1578319      2048.00
    2492.415     0.999561      1578402      2275.56
    2510.847     0.999609      1578506      2560.00
    2519.039     0.999658      1578551      2925.71
    2545.663     0.999707      1578625      3413.33
    2572.287     0.999756      1578701      4096.00
    2586.623     0.999780      1578743      4551.11
    2592.767     0.999805      1578814      5120.00
    2594.815     0.999829      1578818      5851.43
    2617.343     0.999854      1578857      6826.67
    2633.727     0.999878      1578895      8192.00
    2641.919     0.999890      1578934      9102.22
    2641.919     0.999902      1578934     10240.00
    2643.967     0.999915      1578964     11702.86
    2652.159     0.999927      1578971     13653.33
    2668.543     0.999939      1578991     16384.00
    2680.831     0.999945      1579002     18204.44
    2689.023     0.999951      1579011     20480.00
    2695.167     0.999957      1579019     23405.71
    2705.407     0.999963      1579029     27306.67
    2709.503     0.999969      1579042     32768.00
    2711.551     0.999973      1579081     36408.89
    2711.551     0.999976      1579081     40960.00
    2711.551     0.999979      1579081     46811.43
    2711.551     0.999982      1579081     54613.33
    2711.551     0.999985      1579081     65536.00
    2711.551     0.999986      1579081     72817.78
    2711.551     0.999988      1579081     81920.00
    2711.551     0.999989      1579081     93622.86
    2711.551     0.999991      1579081    109226.67
    2711.551     0.999992      1579081    131072.00
    2711.551     0.999993      1579081    145635.56
    2711.551     0.999994      1579081    163840.00
    2711.551     0.999995      1579081    187245.71
    2711.551     0.999995      1579081    218453.33
    2711.551     0.999996      1579081    262144.00
    2711.551     0.999997      1579081    291271.11
    2713.599     0.999997      1579086    327680.00
    2713.599     1.000000      1579086          inf
#[Mean    =       78.503, StdDeviation   =      221.959]
#[Max     =     2711.552, Total count    =      1579086]
#[Buckets =           27, SubBuckets     =         2048]
----------------------------------------------------------
  2383715 requests in 30.00s, 304.62MB read
Requests/sec:  79457.91
Transfer/sec:     10.15MB
