1790889113 149608
1790889114 177972
1790889115 187980
1790889116 194644
1790889117 194908
1790889118 195280
1790889119 195296
1790889120 195288
1790889121 195288
1790889122 195288
1790889123 195304
1790889125 195308
1790889126 195308
1790889127 195312
1790889128 195320
1790889129 195324
1790889130 195328
1790889131 195332
1790889132 195336
1790889133 195336
1790889134 195336
1790889135 195336
1790889136 195340
1790889137 195344
1790889138 195344
1790889139 195348
1790889140 195348
1790889141 195368
1790889142 195368
1790889143 195368
1790889144 195800
1790889145 266236
1790889146 369968
1790889147 530092
1790889148 328752
1790889149 296192
1790889151 268380
1790889152 254888
1790889153 255052
1790889154 256064
1790889155 251876
1790889156 247740
1790889157 251940
1790889158 247804
1790889159 247832
1790889160 247860
1790889161 257952
1790889162 247924
1790889163 247956
1790889164 252156
1790889165 248012
1790889166 252200
1790889167 285052
1790889168 305588
1790889169 305600
1790889170 330236
1790889171 330252
1790889172 330012
1790889173 359924
1790889174 370216
1790889175 370216
1790889177 370220
1790889178 370220
1790889179 370220
1790889180 370224
1790889181 370224
1790889182 370224
1790889183 370224
1790889184 370224
1790889185 370224
1790889186 370224
1790889187 370224
1790889188 370224
1790889189 370224
1790889190 370224
1790889191 370224
1790889192 370224
1790889193 370224
1790889194 370224
1790889195 370224
1790889196 370224
1790889197 370224
1790889198 370224
1790889199 370224
1790889200 370224
1790889201 370224
1790889202 370224
1790889203 370360
1790889205 371108
1790889206 371108
1790889207 371108
1790889208 371108
1790889209 371096
1790889210 371100
1790889211 371104
1790889212 371104
1790889213 371104
1790889214 371104
1790889215 371104
1790889216 371104
1790889217 371104
1790889218 371104
1790889219 371104
1790889220 371104
1790889221 371104
1790889222 371104
1790889223 371104
1790889224 371104
1790889225 371104
1790889226 371104
1790889227 371104
1790889228 371104
1790889230 371112
1790889231 371112
1790889232 371116
1790889233 371116
1790889234 376204
1790889235 376248
1790889236 376248
1790889237 376248
1790889238 376252
1790889239 376256
1790889240 376260
1790889241 376260
1790889242 376260
1790889243 376260
1790889244 376260
1790889245 376260
1790889246 376260
1790889247 376260
1790889248 376260
1790889249 376260
1790889250 376260
1790889251 376260
1790889253 376260
1790889254 376260
1790889255 376260
1790889256 376260
1790889257 376260
1790889258 376260
1790889259 376260
1790889260 376260
1790889261 376260
1790889262 376260
1790889263 376260
1790889264 376276
1790889265 376288
1790889266 376288
1790889267 376292
1790889268 376292
1790889269 376292
1790889270 376292
1790889272 376292
1790889273 376292
1790889274 376292
1790889275 376292
1790889276 376292
1790889277 376292
1790889278 376292
1790889279 376292
1790889280 376292
1790889281 376292
1790889282 376292
1790889283 376292
1790889284 376300
1790889285 376300
1790889287 376304
1790889288 376304
1790889289 376304
1790889290 376304
1790889291 376304
1790889292 376304
1790889293 376304
1790889294 376344
1790889295 376348
1790889296 376356
1790889297 376356
1790889298 376360
1790889299 376360
1790889300 376360
1790889302 376360
1790889303 376360
1790889304 376360
1790889305 376360
1790889306 376360
1790889307 376360
1790889308 376360
1790889309 376360
1790889310 376360
1790889311 376360
1790889313 376360
1790889314 376364
1790889315 376364
1790889316 376368
1790889317 376372
1790889318 376372
1790889319 376372
1790889320 376372
1790889322 376372
1790889323 376372
1790889324 376380
1790889325 376384
1790889326 376392
1790889327 376392
1790889328 376396
1790889329 376396
1790889330 376396
1790889331 376396
1790889332 376396
1790889334 376396
1790889335 376396
1790889336 376400
1790889337 376400
1790889338 376400
1790889339 376400
1790889340 376400
1790889341 376400
1790889343 376400
1790889344 376400
1790889345 376400
1790889346 376400
1790889347 376400
1790889348 376400
1790889349 376400
1790889350 376400
1790889352 376404
1790889353 376408
1790889354 376420
1790889355 376716
1790889356 376768
1790889357 376776
1790889358 376788
1790889359 376788
1790889360 376792
1790889361 376792
1790889362 376808
1790889363 376812
1790889364 376820
1790889365 376824
1790889366 376832
1790889367 376844
1790889368 376848
1790889369 376856
1790889370 376876
1790889372 376892
1790889373 376896
1790889374 376904
1790889375 376912
1790889376 376912
1790889377 376920
1790889378 376932
1790889379 376940
1790889380 376944
1790889381 376948
1790889382 376952
1790889383 376952
1790889384 377044
1790889385 377084
1790889386 377132
1790889387 424416
1790889388 469564
1790889389 522788
1790889390 523988
1790889391 524064
1790889392 524096
1790889393 524112
1790889394 524144
1790889395 524156
1790889396 524200
1790889398 524212
1790889399 524248
1790889400 524276
1790889401 524292
1790889402 524316
1790889403 524344
1790889404 524364
1790889405 524392
1790889406 524404
1790889407 524912
1790889408 524932
1790889409 524964
1790889410 524988
1790889411 525020
1790889412 525040
1790889413 525068
1790889414 525104
1790889415 525140
1790889416 525244
1790889417 525348
1790889419 620060
1790889420 705040
1790889421 768148
1790889422 768672
1790889423 827844
1790889424 829124
1790889425 829164
1790889426 829204
1790889427 829484
1790889428 829524
1790889429 829536
1790889430 829560
1790889431 829568
1790889432 829604
1790889433 829632
1790889435 830456
1790889436 830468
1790889437 830988
1790889438 831008
1790889439 831028
1790889440 831052
1790889441 831084
1790889442 831120
1790889443 831148
1790889444 831216
1790889445 831216
1790889446 831220
1790889447 831220
1790889448 831244
1790889449 832592
1790889450 893388
1790889451 894776
1790889453 956764
1790889454 966692
1790889455 1023884
1790889456 1078168
1790889457 1078920
1790889458 1084120
1790889459 1084156
1790889460 1091596
1790889461 1091624
1790889462 1091636
1790889463 1091648
1790889464 1091648
1790889465 1092440
1790889466 1092452
1790889468 1092460
1790889469 1092476
1790889470 1092488
1790889471 1092488
1790889472 1092496
1790889473 1092500
1790889474 1092508
