Linux 6.8.0-142-generic (cafeai-bench-loadgen) 	10/01/26 	_x86_64_	(4 CPU)

21:30:09     CPU    %usr   %nice    %sys %iowait    %irq   %soft  %steal  %guest  %gnice   %idle
21:30:10     all    0.51    0.00    2.03    0.25    0.00    1.02    0.00    0.00    0.00   96.19
21:30:11     all    2.53    0.00    5.81    0.00    0.00    3.79    0.00    0.00    0.00   87.88
21:30:12     all    1.76    0.00    6.28    0.00    0.00    5.53    0.00    0.00    0.00   86.43
21:30:13     all    2.53    0.00    7.07    0.00    0.00    4.04    0.00    0.00    0.00   86.36
21:30:14     all    3.87    0.00   10.82    0.00    0.00    6.96    0.00    0.00    0.00   78.35
21:30:15     all    6.12    0.00   13.03    0.00    0.00    8.51    0.00    0.00    0.00   72.34
21:30:16     all    3.57    0.00    7.14    0.00    0.00    3.83    0.00    0.00    0.00   85.46
21:30:17     all    4.03    0.00    7.30    0.00    0.00    4.28    0.00    0.00    0.00   84.38
21:30:18     all    3.30    0.00    7.11    0.00    0.00    4.57    0.00    0.00    0.00   85.03
21:30:19     all    3.80    0.00    7.34    0.25    0.00    3.80    0.00    0.00    0.00   84.81
21:30:20     all    3.85    0.00    6.15    0.00    0.00    3.59    0.00    0.00    0.00   86.41
21:30:21     all    3.32    0.00    7.67    0.00    0.00    3.58    0.00    0.00    0.00   85.42
21:30:22     all    3.29    0.00    7.09    0.00    0.00    4.56    0.00    0.00    0.00   85.06
21:30:23     all    4.56    0.00    6.58    0.00    0.00    4.05    0.00    0.00    0.00   84.81
21:30:24     all    4.05    0.00    7.09    0.00    0.00    3.54    0.00    0.00    0.00   85.32
21:30:25     all    3.80    0.00    7.59    0.00    0.00    4.05    0.00    0.00    0.00   84.56
21:30:26     all    4.55    0.00    7.07    0.00    0.00    3.79    0.00    0.00    0.00   84.60
21:30:27     all    4.08    0.00    6.63    0.00    0.00    4.08    0.00    0.00    0.00   85.20
21:30:28     all    2.59    0.00    7.25    0.00    0.00    3.37    0.00    0.00    0.00   86.79
21:30:29     all    4.27    0.00    7.29    0.00    0.00    4.77    0.00    0.00    0.00   83.67
21:30:30     all    3.58    0.00    6.65    0.00    0.00    3.84    0.00    0.00    0.00   85.93
21:30:31     all    3.55    0.00    7.11    0.00    0.00    4.31    0.00    0.00    0.00   85.03
21:30:32     all    4.24    0.00    7.73    0.00    0.00    3.99    0.00    0.00    0.00   84.04
21:30:33     all    4.33    0.00    6.87    0.00    0.00    4.07    0.00    0.00    0.00   84.73
21:30:34     all    4.07    0.00    7.12    0.00    0.00    3.56    0.00    0.00    0.00   85.24
21:30:35     all    3.56    0.00    7.38    0.00    0.00    3.82    0.00    0.00    0.00   85.24
21:30:36     all    4.02    0.00    7.29    0.00    0.00    4.77    0.25    0.00    0.00   83.67
21:30:37     all    3.31    0.00    6.87    0.00    0.00    4.07    0.00    0.00    0.00   85.75
21:30:38     all    4.26    0.00    7.27    0.00    0.00    4.76    0.00    0.00    0.00   83.71
21:30:39     all    3.80    0.00    7.59    0.00    0.00    4.05    0.51    0.00    0.00   84.05
21:30:40     all    0.50    0.00    1.00    0.00    0.00    0.00    0.00    0.00    0.00   98.51
21:30:41     all    1.01    0.00    2.53    0.00    0.00    2.28    0.00    0.00    0.00   94.18
21:30:42     all    1.76    0.00    2.76    0.00    0.00    2.76    0.00    0.00    0.00   92.71
21:30:43     all    1.51    0.00    4.02    0.00    0.00    3.52    0.00    0.00    0.00   90.95
21:30:44     all    1.52    0.00    3.54    0.00    0.00    3.54    0.00    0.00    0.00   91.39
21:30:45     all    1.26    0.00    4.03    0.00    0.00    3.53    0.00    0.00    0.00   91.18
21:30:46     all    1.02    0.00    3.81    0.00    0.00    3.30    0.00    0.00    0.00   91.88
21:30:47     all    1.52    0.00    3.54    0.00    0.00    3.54    0.00    0.00    0.00   91.39
21:30:48     all    1.76    0.00    4.03    0.00    0.00    3.27    0.00    0.00    0.00   90.93
21:30:49     all    1.27    0.00    3.81    0.00    0.00    3.30    0.25    0.00    0.00   91.37
21:30:50     all    2.02    0.00    3.53    0.00    0.00    3.53    0.00    0.00    0.00   90.93
21:30:51     all    2.28    0.00    3.54    0.00    0.00    3.04    0.00    0.00    0.00   91.14
21:30:52     all    1.78    0.00    3.56    0.00    0.00    2.80    0.00    0.00    0.00   91.86
21:30:53     all    2.02    0.00    3.54    0.00    0.00    3.03    0.00    0.00    0.00   91.41
21:30:54     all    2.77    0.00    3.27    0.00    0.00    2.77    0.00    0.00    0.00   91.18
21:30:55     all    2.30    0.00    3.32    0.00    0.00    2.30    0.00    0.00    0.00   92.09
21:30:56     all    2.28    0.00    3.54    0.00    0.00    3.29    0.00    0.00    0.00   90.89
21:30:57     all    2.31    0.00    2.82    0.00    0.00    2.31    0.00    0.00    0.00   92.56
21:30:58     all    2.77    0.00    3.27    0.00    0.00    3.02    0.00    0.00    0.00   90.93
21:30:59     all    2.29    0.00    2.80    0.00    0.00    2.80    0.00    0.00    0.00   92.11
21:31:00     all    2.05    0.00    3.07    0.00    0.00    2.56    0.00    0.00    0.00   92.33
21:31:01     all    2.28    0.00    3.80    0.00    0.00    3.04    0.00    0.00    0.00   90.89
21:31:02     all    3.54    0.00    4.55    0.00    0.00    2.78    0.00    0.00    0.00   89.14
21:31:03     all    2.28    0.00    3.05    0.00    0.00    3.05    0.00    0.00    0.00   91.62
21:31:04     all    2.53    0.00    3.04    0.00    0.00    2.78    0.00    0.00    0.00   91.65
21:31:05     all    1.54    0.00    3.08    0.00    0.00    2.56    0.00    0.00    0.00   92.82
21:31:06     all    2.77    0.00    3.27    0.00    0.00    3.02    0.00    0.00    0.00   90.93
21:31:07     all    1.79    0.00    3.07    0.26    0.00    2.81    0.00    0.00    0.00   92.07
21:31:08     all    2.29    0.00    3.05    0.00    0.00    3.05    0.00    0.00    0.00   91.60
21:31:09     all    3.02    0.00    3.02    0.00    0.00    2.77    0.00    0.00    0.00   91.18
21:31:10     all    5.76    0.00    7.27    0.00    0.00    4.01    0.00    0.00    0.00   82.96
21:31:11     all    6.80    0.00    7.56    0.00    0.00    4.28    0.00    0.00    0.00   81.36
21:31:12     all    6.44    0.00    7.92    0.00    0.00    4.46    0.00    0.00    0.00   81.19
21:31:13     all    6.75    0.00    7.75    0.00    0.00    4.50    0.00    0.00    0.00   81.00
21:31:14     all    7.44    0.00    7.94    0.00    0.00    3.97    0.00    0.00    0.00   80.65
21:31:15     all    6.28    0.00    8.04    0.00    0.00    4.52    0.00    0.00    0.00   81.16
21:31:16     all    6.77    0.00    8.02    0.00    0.00    4.26    0.00    0.00    0.00   80.95
21:31:17     all    6.72    0.00    8.46    0.00    0.00    3.98    0.00    0.00    0.00   80.85
21:31:18     all    6.27    0.00    7.77    0.00    0.00    4.76    0.00    0.00    0.00   81.20
21:31:19     all    8.44    0.00    7.69    0.00    0.00    3.97    0.00    0.00    0.00   79.90
21:31:20     all    6.70    0.00    8.19    0.00    0.00    4.47    0.00    0.00    0.00   80.65
21:31:21     all    7.39    0.00    7.88    0.00    0.00    4.68    0.25    0.00    0.00   79.80
21:31:22     all    6.97    0.00    8.71    0.00    0.00    3.98    0.00    0.00    0.00   80.35
21:31:23     all    6.98    0.00    7.48    0.00    0.00    4.74    0.00    0.00    0.00   80.80
21:31:24     all    6.78    0.00    7.54    0.00    0.00    4.52    0.00    0.00    0.00   81.16
21:31:25     all    7.27    0.00    7.77    0.00    0.00    3.51    0.25    0.00    0.00   81.20
21:31:26     all    6.97    0.00    7.96    0.00    0.00    4.48    0.00    0.00    0.00   80.60
21:31:27     all    7.02    0.00    7.52    0.00    0.00    4.01    0.00    0.00    0.00   81.45
21:31:28     all    7.20    0.00    7.69    0.00    0.00    4.47    0.00    0.00    0.00   80.65
21:31:29     all    6.93    0.00    7.67    0.00    0.00    5.20    0.00    0.00    0.00   80.20
21:31:30     all    7.05    0.00    7.30    0.00    0.00    4.03    0.00    0.00    0.00   81.61
21:31:31     all    6.67    0.00    8.64    0.00    0.00    4.20    0.25    0.00    0.00   80.25
21:31:32     all    7.96    0.00    7.21    0.00    0.00    4.48    0.00    0.00    0.00   80.35
21:31:33     all    7.04    0.00    7.29    0.00    0.00    4.77    0.00    0.00    0.00   80.90
21:31:34     all    7.46    0.00    7.21    0.00    0.00    4.48    0.00    0.00    0.00   80.85
21:31:35     all    6.67    0.00    8.15    0.00    0.00    4.94    0.00    0.00    0.00   80.25
21:31:36     all    7.27    0.00    7.77    0.00    0.00    4.01    0.00    0.00    0.00   80.95
21:31:37     all    6.93    0.00    8.17    0.00    0.00    4.70    0.00    0.00    0.00   80.20
21:31:38     all    7.65    0.00    7.90    0.00    0.00    3.95    0.00    0.00    0.00   80.49
21:31:39     all    6.22    0.00    9.20    0.00    0.00    4.23    0.00    0.00    0.00   80.35
21:31:40     all    8.82    0.00   12.09    0.00    0.00    6.80    0.00    0.00    0.00   72.29
21:31:41     all   10.11    0.00   12.77    0.00    0.00    7.18    0.00    0.00    0.00   69.95
21:31:42     all   10.28    0.00   14.14    0.00    0.00    7.97    0.26    0.00    0.00   67.35
21:31:43     all   11.08    0.00   13.14    0.00    0.00    8.51    0.00    0.00    0.00   67.27
21:31:44     all   10.68    0.00   12.76    0.00    0.00    8.33    0.00    0.00    0.00   68.23
21:31:45     all   11.40    0.00   13.21    0.00    0.00    8.03    0.00    0.00    0.00   67.36
21:31:46     all   12.15    0.00   12.41    0.00    0.00    9.11    0.00    0.00    0.00   66.33
21:31:47     all   11.34    0.00   11.86    0.00    0.00    9.79    0.00    0.00    0.00   67.01
21:31:48     all   11.83    0.00   13.62    0.00    0.00    7.71    0.00    0.00    0.00   66.84
21:31:49     all   11.89    0.00   11.89    0.00    0.00    8.53    0.00    0.00    0.00   67.70
21:31:50     all   11.14    0.00   11.92    0.26    0.00    8.55    0.00    0.00    0.00   68.13
21:31:51     all   10.65    0.00   12.47    0.00    0.00    8.57    0.00    0.00    0.00   68.31
21:31:52     all   10.39    0.00   11.95    0.00    0.00    8.83    0.00    0.00    0.00   68.83
21:31:53     all   11.60    0.00   12.11    0.00    0.00    8.51    0.00    0.00    0.00   67.78
21:31:54     all    9.42    0.00   13.61    0.00    0.00    9.16    0.00    0.00    0.00   67.80
21:31:55     all   11.02    0.00   12.07    0.00    0.00    8.14    0.26    0.00    0.00   68.50
21:31:56     all   10.23    0.00   13.55    0.00    0.00    8.44    0.00    0.00    0.00   67.77
21:31:57     all   10.26    0.00   12.56    0.00    0.00    8.97    0.00    0.00    0.00   68.21
21:31:58     all   11.05    0.00   13.16    0.00    0.00    7.37    0.00    0.00    0.00   68.42
21:31:59     all   11.75    0.00   12.27    0.00    0.00    7.83    0.00    0.00    0.00   68.15
21:32:00     all   10.39    0.00   13.77    0.00    0.00    7.79    0.00    0.00    0.00   68.05
21:32:01     all   11.14    0.00   12.18    0.00    0.00    8.55    0.00    0.00    0.00   68.13
21:32:02     all   11.20    0.00   12.72    0.00    0.00    9.67    0.51    0.00    0.00   65.90
21:32:03     all   23.83    0.00   17.36    0.00    0.00    8.03    0.00    0.00    0.00   50.78
21:32:04     all   10.49    0.00   12.02    0.00    0.00    8.70    0.26    0.00    0.00   68.54
21:32:05     all   12.05    0.00   11.79    0.00    0.00    8.21    0.00    0.00    0.00   67.95
21:32:06     all   11.37    0.00   13.18    0.00    0.00    8.53    0.00    0.00    0.00   66.93
21:32:07     all   11.93    0.00   13.20    0.00    0.00    8.88    0.00    0.00    0.00   65.99
21:32:08     all   11.43    0.00   11.69    0.00    0.00    7.79    0.00    0.00    0.00   69.09
21:32:09     all   10.80    0.00   12.60    0.00    0.00    8.74    0.00    0.00    0.00   67.87
21:32:10     all    6.44    0.00    9.79    0.00    0.00    2.32    0.00    0.00    0.00   81.44
21:32:11     all   13.91    0.00   17.59    0.00    0.00    7.87    0.00    0.00    0.00   60.63
21:32:12     all   15.67    0.00   20.63    0.00    0.00    9.66    0.00    0.00    0.00   54.05
21:32:13     all   15.34    0.00   19.84    0.00    0.00    9.26    0.00    0.00    0.00   55.56
21:32:14     all   15.69    0.00   19.15    0.00    0.00   10.11    0.00    0.00    0.00   55.05
21:32:15     all   16.45    0.00   19.63    0.00    0.00    8.75    0.27    0.00    0.00   54.91
21:32:16     all   16.22    0.00   19.68    0.00    0.00    9.04    0.00    0.00    0.00   55.05
21:32:17     all   15.83    0.00   19.26    0.00    0.00    9.50    0.00    0.00    0.00   55.41
21:32:18     all   17.47    0.00   17.74    0.00    0.00    9.41    0.00    0.00    0.00   55.38
21:32:19     all   15.73    0.00   18.93    0.00    0.00    9.87    0.00    0.00    0.00   55.47
21:32:20     all   16.49    0.00   18.11    0.00    0.00    9.73    0.00    0.00    0.00   55.68
21:32:21     all   16.94    0.00   18.55    0.00    0.00    9.41    0.00    0.00    0.00   55.11
21:32:22     all   16.31    0.00   18.45    0.00    0.00   10.43    0.00    0.00    0.00   54.81
21:32:23     all   17.15    0.00   19.53    0.00    0.00    9.23    0.00    0.00    0.00   54.09
21:32:24     all   16.36    0.00   18.47    0.00    0.00    9.50    0.00    0.00    0.00   55.67
21:32:25     all   15.87    0.00   19.84    0.00    0.00    8.99    0.00    0.00    0.00   55.29
21:32:26     all   14.89    0.00   18.35    0.00    0.00   10.64    0.53    0.00    0.00   55.59
21:32:27     all   15.28    0.00   19.84    0.00    0.00    9.92    0.00    0.00    0.00   54.96
21:32:28     all   15.83    0.00   19.53    0.00    0.00    9.50    0.26    0.00    0.00   54.88
21:32:29     all   16.13    0.00   18.28    0.00    0.00   10.48    0.00    0.00    0.00   55.11
21:32:30     all   14.36    0.00   18.16    0.00    0.00   11.38    0.00    0.00    0.00   56.10
21:32:31     all   16.35    0.00   19.03    0.00    0.00    9.38    0.00    0.00    0.00   55.23
21:32:32     all   18.35    0.00   17.29    0.00    0.00    9.84    0.00    0.00    0.00   54.52
21:32:33     all   16.80    0.00   18.93    0.00    0.00    9.60    0.00    0.00    0.00   54.67
21:32:34     all   16.62    0.00   18.23    0.00    0.00    9.65    0.00    0.00    0.00   55.50
21:32:35     all   16.40    0.00   18.28    0.00    0.00    9.68    0.00    0.00    0.00   55.65
21:32:36     all   17.29    0.00   19.15    0.00    0.00    8.51    0.00    0.00    0.00   55.05
21:32:37     all   16.89    0.00   18.23    0.00    0.00    9.38    0.00    0.00    0.00   55.50
21:32:38     all   16.35    0.00   18.50    0.00    0.00    9.65    0.00    0.00    0.00   55.50
21:32:39     all   17.46    0.00   19.05    0.00    0.00    8.99    0.00    0.00    0.00   54.50
21:32:40     all   15.59    0.00   18.82    0.00    0.00   12.10    0.00    0.00    0.00   53.49
21:32:41     all   19.05    0.00   22.97    0.00    0.00   14.57    0.00    0.00    0.00   43.42
21:32:42     all   18.93    0.00   25.60    0.00    0.00   14.93    0.00    0.00    0.00   40.53
21:32:43     all   18.59    0.00   23.38    0.00    0.00   15.77    0.00    0.00    0.00   42.25
21:32:44     all   19.72    0.00   25.28    0.00    0.00   15.83    0.00    0.00    0.00   39.17
21:32:45     all   19.71    0.00   24.57    0.00    0.00   16.00    0.00    0.00    0.00   39.71
21:32:46     all   19.27    0.00   26.26    0.00    0.00   15.08    0.00    0.00    0.00   39.39
21:32:47     all   17.63    0.00   24.28    0.00    0.00   14.45    0.00    0.00    0.00   43.64
21:32:48     all   18.42    0.00   23.98    0.00    0.00   14.91    0.00    0.00    0.00   42.69
21:32:49     all   19.89    0.00   25.00    0.00    0.00   16.13    0.00    0.00    0.00   38.98
21:32:50     all   16.34    0.00   25.21    0.00    0.00   14.96    0.00    0.00    0.00   43.49
21:32:51     all   17.95    0.00   26.50    0.00    0.00   15.38    0.00    0.00    0.00   40.17
21:32:52     all   17.05    0.00   24.72    0.00    0.00   14.77    0.00    0.00    0.00   43.47
21:32:53     all   19.10    0.00   24.16    0.00    0.00   14.61    0.00    0.00    0.00   42.13
21:32:54     all   18.64    0.00   25.14    0.00    0.00   15.54    0.00    0.00    0.00   40.68
21:32:55     all   20.06    0.00   25.99    0.00    0.00   14.41    0.00    0.00    0.00   39.55
21:32:56     all   19.27    0.00   27.93    0.00    0.00   17.60    0.00    0.00    0.00   35.20
21:32:57     all   18.98    0.00   23.80    0.00    0.00   15.58    0.00    0.00    0.00   41.64
21:32:58     all   17.88    0.00   25.42    0.00    0.00   15.64    0.00    0.00    0.00   41.06
21:32:59     all   17.93    0.00   26.36    0.00    0.00   16.30    0.00    0.00    0.00   39.40
21:33:00     all   17.15    0.00   26.39    0.00    0.00   12.40    0.00    0.00    0.00   44.06
21:33:01     all   18.04    0.00   24.14    0.00    0.00   13.79    0.00    0.00    0.00   44.03
21:33:02     all   19.06    0.00   27.07    0.00    0.00   14.64    0.28    0.00    0.00   38.95
21:33:03     all   18.56    0.00   27.15    0.00    0.00   15.79    0.00    0.00    0.00   38.50
21:33:04     all   34.06    0.00   27.79    0.00    0.00   15.26    0.00    0.00    0.00   22.89
21:33:05     all   19.83    0.00   25.70    0.00    0.00   16.76    0.00    0.00    0.00   37.71
21:33:06     all   20.33    0.00   24.51    0.00    0.00   16.16    0.00    0.00    0.00   39.00
21:33:07     all   21.14    0.00   23.43    0.00    0.00   16.57    0.29    0.00    0.00   38.57
21:33:08     all   20.06    0.00   23.12    0.00    0.00   15.88    0.00    0.00    0.00   40.95
21:33:09     all   18.66    0.00   23.62    0.00    0.00   15.16    0.00    0.00    0.00   42.57
21:33:10     all   15.36    0.00   23.18    0.00    0.00   12.67    0.00    0.00    0.00   48.79
21:33:11     all   19.55    0.00   26.06    0.00    0.00   17.56    0.00    0.00    0.00   36.83
21:33:12     all   18.49    0.00   25.49    0.00    0.00   19.33    0.28    0.00    0.00   36.41
21:33:13     all   18.82    0.00   26.40    0.00    0.00   17.70    0.00    0.00    0.00   37.08
21:33:14     all   16.80    0.00   26.72    0.00    0.00   16.53    0.00    0.00    0.00   39.94
21:33:15     all   18.73    0.00   26.45    0.00    0.00   17.08    0.00    0.00    0.00   37.74
21:33:16     all   15.30    0.00   28.61    0.00    0.00   18.70    0.00    0.00    0.00   37.39
21:33:17     all   17.36    0.00   27.55    0.00    0.00   17.36    0.00    0.00    0.00   37.74
21:33:18     all   17.06    0.00   31.23    0.00    0.00   17.59    0.00    0.00    0.00   34.12
21:33:19     all   14.44    0.00   33.69    0.00    0.00   17.65    0.00    0.00    0.00   34.22
21:33:20     all   15.90    0.00   32.31    0.00    0.00   17.44    0.00    0.00    0.00   34.36
21:33:21     all   15.97    0.00   31.94    0.00    0.00   18.85    0.00    0.00    0.00   33.25
21:33:22     all   13.88    0.00   33.16    0.00    0.00   16.97    0.00    0.00    0.00   35.99
21:33:23     all   15.18    0.00   30.37    0.00    0.00   17.02    0.00    0.00    0.00   37.43
21:33:24     all   15.26    0.00   30.00    0.00    0.00   17.11    0.00    0.00    0.00   37.63
21:33:25     all   13.28    0.00   31.25    0.00    0.00   16.67    0.00    0.00    0.00   38.80
21:33:26     all   13.59    0.00   30.77    0.00    0.00   16.41    0.00    0.00    0.00   39.23
21:33:27     all   14.29    0.00   31.43    0.00    0.00   17.40    0.00    0.00    0.00   36.88
21:33:28     all   14.50    0.00   34.00    0.00    0.00   17.00    0.00    0.00    0.00   34.50
21:33:29     all   13.99    0.00   31.09    0.00    0.00   17.36    0.00    0.00    0.00   37.56
21:33:30     all   13.28    0.00   32.55    0.00    0.00   17.19    0.00    0.00    0.00   36.98
21:33:31     all   12.95    0.00   32.90    0.00    0.00   16.32    0.00    0.00    0.00   37.82
21:33:32     all   15.30    0.00   29.82    0.00    0.00   16.36    0.00    0.00    0.00   38.52
21:33:33     all   16.10    0.00   32.21    0.00    0.00   16.88    0.00    0.00    0.00   34.81
21:33:34     all   14.62    0.00   32.82    0.00    0.00   16.67    0.00    0.00    0.00   35.90
21:33:35     all   14.58    0.00   33.25    0.00    0.00   17.65    0.00    0.00    0.00   34.53
21:33:36     all   13.55    0.00   33.25    0.00    0.00   17.14    0.00    0.00    0.00   36.06
21:33:37     all   14.07    0.00   33.25    0.00    0.00   17.14    0.00    0.00    0.00   35.55
21:33:38     all   13.40    0.00   33.25    0.00    0.00   17.78    0.00    0.00    0.00   35.57
21:33:39     all   13.49    0.00   33.08    0.00    0.00   17.56    0.00    0.00    0.00   35.88
21:33:40     all   13.55    0.00   22.76    0.00    0.00   13.01    0.00    0.00    0.00   50.68
21:33:41     all   14.40    0.00   28.53    0.00    0.00   17.93    0.00    0.00    0.00   39.13
21:33:42     all   14.96    0.00   30.45    0.00    0.00   18.37    0.00    0.00    0.00   36.22
21:33:43     all   14.51    0.00   32.90    0.00    0.00   16.84    0.00    0.00    0.00   35.75
21:33:44     all   13.72    0.00   32.72    0.00    0.00   17.41    0.00    0.00    0.00   36.15
21:33:45     all   13.44    0.00   32.56    0.00    0.00   18.09    0.00    0.00    0.00   35.92
21:33:46     all   13.66    0.00   31.44    0.00    0.00   18.30    0.00    0.00    0.00   36.60
21:33:47     all   14.84    0.00   31.77    0.00    0.00   17.97    0.00    0.00    0.00   35.42
21:33:48     all   13.99    0.00   32.06    0.00    0.00   17.81    0.00    0.00    0.00   36.13
21:33:49     all   13.95    0.00   32.56    0.00    0.00   18.09    0.00    0.00    0.00   35.40
21:33:50     all   13.09    0.00   33.25    0.00    0.00   17.80    0.00    0.00    0.00   35.86
21:33:51     all   14.77    0.00   32.12    0.00    0.00   17.36    0.00    0.00    0.00   35.75
21:33:52     all   13.92    0.00   32.47    0.00    0.00   18.04    0.00    0.00    0.00   35.57
21:33:53     all   13.02    0.00   33.07    0.00    0.00   17.19    0.00    0.00    0.00   36.72
21:33:54     all   13.30    0.00   32.99    0.00    0.00   17.39    0.00    0.00    0.00   36.32
21:33:55     all   13.81    0.00   32.48    0.00    0.00   17.90    0.00    0.00    0.00   35.81
21:33:56     all   13.04    0.00   33.25    0.00    0.00   17.65    0.00    0.00    0.00   36.06
21:33:57     all   13.37    0.00   33.68    0.00    0.00   16.71    0.00    0.00    0.00   36.25
21:33:58     all   13.23    0.00   34.61    0.00    0.00   17.56    0.00    0.00    0.00   34.61
21:33:59     all   13.42    0.00   33.92    0.00    0.00   16.20    0.00    0.00    0.00   36.46
21:34:00     all   13.40    0.00   32.73    0.00    0.00   16.49    0.00    0.00    0.00   37.37
21:34:01     all   13.33    0.00   33.33    0.00    0.00   17.44    0.00    0.00    0.00   35.90
21:34:02     all   14.29    0.00   32.91    0.00    0.00   16.84    0.00    0.00    0.00   35.97
21:34:03     all   13.23    0.00   32.57    0.00    0.00   17.81    0.00    0.00    0.00   36.39
21:34:04     all   14.65    0.00   32.65    0.00    0.00   16.20    0.00    0.00    0.00   36.50
21:34:05     all   18.21    0.00   34.36    0.00    0.00   17.69    0.00    0.00    0.00   29.74
21:34:06     all   21.52    0.00   34.18    0.00    0.00   18.73    0.00    0.00    0.00   25.57
21:34:07     all   17.99    0.00   34.19    0.00    0.00   17.22    0.00    0.00    0.00   30.59
21:34:08     all   12.63    0.00   32.47    0.00    0.00   17.27    0.00    0.00    0.00   37.63
21:34:09     all   14.50    0.00   31.81    0.00    0.00   16.54    0.00    0.00    0.00   37.15
21:34:10     all    4.58    0.00   10.69    0.25    0.00    5.34    0.00    0.00    0.00   79.13
21:34:11     all    1.51    0.00    2.76    0.00    0.00    1.76    0.00    0.00    0.00   93.97
21:34:12     all    1.79    0.00    3.32    0.00    0.00    2.55    0.00    0.00    0.00   92.35
21:34:13     all    1.78    0.00    3.56    0.00    0.00    2.54    0.00    0.00    0.00   92.11
21:34:14     all    2.04    0.00    2.80    0.00    0.00    3.05    0.00    0.00    0.00   92.11
21:34:15     all    2.54    0.00    3.30    0.00    0.00    2.54    0.00    0.00    0.00   91.62
21:34:16     all    2.04    0.00    3.31    0.00    0.00    2.54    0.25    0.00    0.00   91.86
21:34:17     all    2.52    0.00    3.02    0.00    0.00    3.27    0.00    0.00    0.00   91.18
21:34:18     all    2.02    0.00    3.28    0.25    0.00    3.28    0.00    0.00    0.00   91.16
21:34:19     all    2.03    0.00    3.29    0.00    0.00    3.29    0.00    0.00    0.00   91.39
21:34:20     all    2.04    0.00    3.06    0.00    0.00    2.55    0.00    0.00    0.00   92.35
21:34:21     all    2.52    0.00    3.78    0.00    0.00    2.77    0.00    0.00    0.00   90.93
21:34:22     all    2.28    0.00    3.55    0.00    0.00    2.28    0.00    0.00    0.00   91.88
21:34:23     all    1.80    0.00    3.34    0.00    0.00    2.57    0.00    0.00    0.00   92.29
21:34:24     all    2.29    0.00    3.05    0.00    0.00    2.29    0.00    0.00    0.00   92.37
21:34:25     all    1.78    0.00    3.05    0.00    0.00    3.30    0.00    0.00    0.00   91.88
21:34:26     all    2.28    0.00    3.30    0.00    0.00    2.54    0.25    0.00    0.00   91.62
21:34:27     all    2.27    0.00    3.02    0.00    0.00    3.02    0.25    0.00    0.00   91.44
21:34:28     all    2.29    0.00    3.31    0.00    0.00    2.29    0.00    0.00    0.00   92.11
21:34:29     all    2.03    0.00    3.05    0.00    0.00    3.05    0.00    0.00    0.00   91.88
21:34:30     all    2.03    0.00    3.30    0.00    0.00    3.05    0.00    0.00    0.00   91.62
21:34:31     all    2.03    0.00    3.04    0.00    0.00    3.29    0.00    0.00    0.00   91.65
21:34:32     all    2.56    0.00    2.81    0.00    0.00    2.30    0.00    0.00    0.00   92.33
21:34:33     all    2.49    0.00    3.99    0.00    0.00    3.24    0.00    0.00    0.00   90.27
21:34:34     all    2.83    0.00    2.31    0.00    0.00    2.31    0.00    0.00    0.00   92.54
21:34:35     all    2.28    0.00    3.29    0.00    0.00    3.04    0.00    0.00    0.00   91.39
21:34:36     all    1.78    0.00    3.31    0.00    0.00    3.05    0.00    0.00    0.00   91.86
21:34:37     all    2.30    0.00    3.06    0.00    0.00    2.30    0.00    0.00    0.00   92.35
21:34:38     all    2.52    0.00    3.27    0.25    0.00    2.77    0.00    0.00    0.00   91.18
21:34:39     all    1.79    0.00    3.58    0.00    0.00    2.56    0.00    0.00    0.00   92.07
21:34:40     all    1.25    0.00    2.50    0.00    0.00    1.75    0.25    0.00    0.00   94.25
21:34:41     all    3.29    0.00    2.78    0.00    0.00    1.77    0.00    0.00    0.00   92.15
21:34:42     all    5.08    0.00    6.09    0.00    0.00    5.84    0.00    0.00    0.00   82.99
21:34:43     all    4.58    0.00    6.62    0.00    0.00    6.87    0.00    0.00    0.00   81.93
21:34:44     all    4.62    0.00    5.90    0.00    0.00    6.41    0.00    0.00    0.00   83.08
21:34:45     all    4.43    0.00    6.51    0.00    0.00    5.47    0.00    0.00    0.00   83.59
21:34:46     all    4.85    0.00    6.63    0.00    0.00    6.12    0.00    0.00    0.00   82.40
21:34:47     all    4.37    0.00    6.43    0.00    0.00    6.43    0.00    0.00    0.00   82.78
21:34:48     all    4.18    0.00    5.48    0.00    0.00    6.01    0.00    0.00    0.00   84.33
21:34:49     all    3.92    0.00    6.27    0.00    0.00    5.74    0.00    0.00    0.00   84.07
21:34:50     all    4.40    0.00    6.22    0.00    0.00    5.96    0.00    0.00    0.00   83.42
21:34:51     all    5.12    0.00    6.39    0.00    0.00    5.63    0.00    0.00    0.00   82.86
21:34:52     all    4.15    0.00    5.70    0.00    0.00    6.48    0.00    0.00    0.00   83.68
21:34:53     all    4.16    0.00    5.97    0.00    0.00    5.97    0.00    0.00    0.00   83.90
21:34:54     all    5.33    0.00    7.11    0.00    0.00    5.84    0.00    0.00    0.00   81.73
21:34:55     all    4.45    0.00    5.50    0.00    0.00    6.02    0.00    0.00    0.00   84.03
21:34:56     all    4.45    0.00    6.54    0.00    0.00    5.50    0.00    0.00    0.00   83.51
21:34:57     all    3.90    0.00    6.49    0.00    0.00    5.71    0.00    0.00    0.00   83.90
21:34:58     all    4.90    0.00    5.93    0.00    0.00    6.44    0.00    0.00    0.00   82.73
21:34:59     all    3.87    0.00    6.44    0.00    0.00    6.19    0.00    0.00    0.00   83.51
21:35:00     all    4.88    0.00    5.91    0.00    0.00    5.91    0.00    0.00    0.00   83.29
21:35:01     all    4.18    0.00    6.53    0.00    0.00    5.48    0.00    0.00    0.00   83.81
21:35:02     all    5.40    0.00    6.17    0.00    0.00    5.66    0.00    0.00    0.00   82.78
21:35:03     all    4.64    0.00    5.93    0.00    0.00    6.19    0.26    0.00    0.00   82.99
21:35:04     all    4.65    0.00    5.94    0.00    0.00    5.94    0.00    0.00    0.00   83.46
21:35:05     all    4.63    0.00    5.91    0.00    0.00    6.17    0.00    0.00    0.00   83.29
21:35:06     all    4.34    0.00    6.63    0.00    0.00    6.12    0.26    0.00    0.00   82.65
21:35:07     all    5.67    0.00    6.19    0.00    0.00    6.19    0.00    0.00    0.00   81.96
21:35:08     all   16.45    0.00    9.51    0.00    0.00    7.20    0.00    0.00    0.00   66.84
21:35:09     all    5.32    0.00    6.84    0.00    0.00    5.57    0.25    0.00    0.00   82.03
21:35:10     all    1.79    0.00    4.10    0.00    0.00    2.05    0.00    0.00    0.00   92.05
21:35:11     all    5.29    0.00    2.02    0.00    0.00    2.02    0.00    0.00    0.00   90.68
21:35:12     all   14.87    0.00    4.87    0.00    0.00    5.64    0.00    0.00    0.00   74.62
21:35:13     all   14.87    0.00    7.44    0.00    0.00    6.67    0.00    0.00    0.00   71.03
21:35:14     all   12.34    0.00    9.77    0.00    0.00    9.00    0.00    0.00    0.00   68.89
21:35:15     all    4.56    0.00   11.14    0.00    0.00    9.87    0.00    0.00    0.00   74.43
21:35:16     all    5.06    0.00    9.87    0.00    0.00    8.61    0.00    0.00    0.00   76.46
21:35:17     all    4.52    0.00   11.56    0.00    0.00    9.55    0.25    0.00    0.00   74.12
21:35:18     all    4.03    0.00   11.84    0.00    0.00    8.82    0.00    0.00    0.00   75.31
21:35:19     all    4.49    0.00   11.22    0.00    0.00    9.73    0.00    0.00    0.00   74.56
21:35:20     all    4.52    0.00   11.06    0.00    0.00    9.05    0.00    0.00    0.00   75.38
21:35:21     all    4.99    0.00   12.47    0.00    0.00    9.23    0.00    0.00    0.00   73.32
21:35:22     all    5.26    0.00   11.28    0.00    0.00    8.77    0.00    0.00    0.00   74.69
21:35:23     all    4.30    0.00   11.39    0.00    0.00   10.13    0.00    0.00    0.00   74.18
21:35:24     all    5.01    0.00   11.53    0.00    0.00    9.27    0.00    0.00    0.00   74.19
21:35:25     all    5.01    0.00   12.03    0.00    0.00    9.77    0.00    0.00    0.00   73.18
21:35:26     all    3.99    0.00   12.47    0.00    0.00   10.47    0.00    0.00    0.00   73.07
21:35:27     all    4.77    0.00   12.06    0.00    0.00   10.30    0.00    0.00    0.00   72.86
21:35:28     all    4.29    0.00   11.36    0.00    0.00    9.60    0.00    0.00    0.00   74.75
21:35:29     all    4.75    0.00   13.00    0.00    0.00    9.50    0.00    0.00    0.00   72.75
21:35:30     all    4.79    0.00   12.59    0.00    0.00   10.08    0.00    0.00    0.00   72.54
21:35:31     all    5.04    0.00   12.59    0.00    0.00   10.83    0.00    0.00    0.00   71.54
21:35:32     all    4.75    0.00   12.25    0.00    0.00   10.25    0.00    0.00    0.00   72.75
21:35:33     all    4.81    0.00   12.41    0.00    0.00   10.13    0.00    0.00    0.00   72.66
21:35:34     all    4.06    0.00   12.18    0.00    0.00    9.64    0.00    0.00    0.00   74.11
21:35:35     all    5.47    0.00   12.44    0.00    0.00   10.95    0.00    0.00    0.00   71.14
21:35:36     all    4.76    0.00   13.03    0.00    0.00    9.02    0.00    0.00    0.00   73.18
21:35:37     all    4.22    0.00   12.66    0.00    0.00    9.68    0.00    0.00    0.00   73.45
21:35:38     all    5.01    0.00   11.53    0.00    0.00   10.28    0.00    0.00    0.00   73.18
21:35:39     all    4.81    0.00   12.41    0.00    0.00    9.62    0.00    0.00    0.00   73.16
21:35:40     all    2.99    0.00    8.96    0.00    0.00    6.47    0.00    0.00    0.00   81.59
21:35:41     all    6.06    0.00    2.27    0.00    0.00    1.52    0.00    0.00    0.00   90.15
21:35:42     all   28.24    0.00    4.83    0.00    0.00    5.09    0.00    0.00    0.00   61.83
21:35:43     all   31.14    0.00    7.09    0.00    0.00    6.84    0.00    0.00    0.00   54.94
21:35:44     all   34.78    0.00    8.18    0.00    0.00    7.42    0.00    0.00    0.00   49.62
21:35:45     all   28.68    0.00   10.34    0.00    0.00    9.30    0.00    0.00    0.00   51.68
21:35:46     all   21.63    0.00   11.70    0.00    0.00    8.65    0.25    0.00    0.00   57.76
21:35:47     all   19.19    0.00   11.36    0.00    0.00    9.60    0.00    0.00    0.00   59.85
21:35:48     all   12.78    0.00    9.27    0.00    0.00    8.27    0.00    0.00    0.00   69.67
21:35:49     all    7.93    0.00    8.18    0.00    0.00    6.91    0.00    0.00    0.00   76.98
21:35:50     all    3.79    0.00    7.32    0.00    0.00    5.81    0.00    0.00    0.00   83.08
21:35:51     all    2.73    0.00    6.45    0.00    0.00    5.21    0.00    0.00    0.00   85.61
21:35:52     all    2.84    0.00    7.73    0.00    0.00    5.41    0.00    0.00    0.00   84.02
21:35:53     all    3.34    0.00    7.20    0.00    0.00    4.11    0.26    0.00    0.00   85.09
21:35:54     all    2.84    0.00    7.22    0.00    0.00    4.64    0.00    0.00    0.00   85.31
21:35:55     all    3.28    0.00    7.83    0.00    0.00    5.56    0.00    0.00    0.00   83.33
21:35:56     all    3.05    0.00    8.65    0.00    0.00    5.60    0.00    0.00    0.00   82.70
21:35:57     all    2.81    0.00    5.87    0.00    0.00    3.83    0.00    0.00    0.00   87.50
21:35:58     all    2.74    0.00    6.73    0.00    0.00    5.74    0.00    0.00    0.00   84.79
21:35:59     all    2.78    0.00    7.32    0.00    0.00    6.57    0.00    0.00    0.00   83.33
21:36:00     all    4.26    0.00    9.02    0.00    0.00    6.27    0.00    0.00    0.00   80.45
21:36:01     all    2.76    0.00    7.02    0.00    0.00    6.52    0.00    0.00    0.00   83.71
21:36:02     all    3.49    0.00    8.48    0.00    0.00    6.48    0.00    0.00    0.00   81.55
21:36:03     all    3.07    0.00    7.67    0.00    0.00    5.63    0.00    0.00    0.00   83.63
21:36:04     all    3.27    0.00    8.06    0.00    0.00    6.05    0.00    0.00    0.00   82.62
21:36:05     all    2.30    0.00    6.91    0.00    0.00    4.86    0.00    0.00    0.00   85.93
21:36:06     all    3.51    0.00    8.77    0.00    0.00    6.77    0.00    0.00    0.00   80.95
21:36:07     all    2.77    0.00    6.80    0.25    0.00    5.04    0.00    0.00    0.00   85.14
21:36:08     all    2.55    0.00    7.65    0.00    0.00    5.61    0.00    0.00    0.00   84.18
21:36:09     all   14.50    0.00    9.41    0.00    0.00    5.34    0.00    0.00    0.00   70.74
