Linux 6.8.0-142-generic (cafeai-bench-server) 	10/01/26 	_x86_64_	(4 CPU)

21:11:53     CPU    %usr   %nice    %sys %iowait    %irq   %soft  %steal  %guest  %gnice   %idle
21:11:54     all   62.12    0.00    4.80    0.00    0.00    1.77    0.00    0.00    0.00   31.31
21:11:55     all   84.29    0.00   10.47    0.00    0.00    4.49    0.00    0.00    0.00    0.75
21:11:56     all   81.16    0.00   12.56    0.00    0.00    6.03    0.00    0.00    0.00    0.25
21:11:57     all   75.88    0.00   14.82    0.00    0.00    8.54    0.00    0.00    0.00    0.75
21:11:58     all   66.75    0.00   15.29    0.00    0.00   11.41    0.24    0.00    0.00    6.31
21:11:59     all   23.56    0.00   11.32    0.00    0.00    5.54    0.00    0.00    0.00   59.58
21:12:00     all   11.21    0.00   11.67    0.00    0.00    5.49    0.00    0.00    0.00   71.62
21:12:01     all   11.06    0.00   11.52    0.00    0.00    5.76    0.00    0.00    0.00   71.66
21:12:02     all   10.76    0.00   11.44    0.00    0.00    6.18    0.00    0.00    0.00   71.62
21:12:03     all   11.51    0.00   12.19    0.00    0.00    5.87    0.00    0.00    0.00   70.43
21:12:04     all   11.34    0.00   11.56    0.00    0.00    6.12    0.23    0.00    0.00   70.75
21:12:05     all   10.63    0.00   11.54    0.00    0.00    6.56    0.23    0.00    0.00   71.04
21:12:06     all   10.86    0.00   10.86    0.00    0.00    7.01    0.45    0.00    0.00   70.81
21:12:07     all   11.19    0.00   11.19    0.00    0.00    5.71    0.00    0.00    0.00   71.92
21:12:08     all   12.24    0.00   11.56    0.00    0.00    5.90    0.00    0.00    0.00   70.29
21:12:09     all   11.66    0.00   12.11    0.00    0.00    5.61    0.00    0.00    0.00   70.63
21:12:10     all   10.96    0.00   11.42    0.00    0.00    5.59    0.47    0.00    0.00   71.56
21:12:11     all   11.19    0.00   10.72    0.00    0.00    5.59    0.00    0.00    0.00   72.49
21:12:12     all   10.88    0.00   12.24    0.00    0.00    5.67    0.00    0.00    0.00   71.20
21:12:13     all   11.21    0.00   12.11    0.00    0.00    6.28    0.00    0.00    0.00   70.40
21:12:14     all   10.75    0.00   11.45    0.00    0.00    5.14    0.47    0.00    0.00   72.20
21:12:15     all   11.16    0.00   11.39    0.00    0.00    5.69    0.23    0.00    0.00   71.53
21:12:16     all   10.91    0.00   11.14    0.00    0.00    6.14    0.23    0.00    0.00   71.59
21:12:17     all   10.70    0.00   11.40    0.00    0.00    6.28    0.00    0.00    0.00   71.63
21:12:18     all   10.88    0.00   11.56    0.00    0.00    6.12    0.00    0.00    0.00   71.43
21:12:19     all   11.19    0.00   11.19    0.00    0.00    6.71    0.00    0.00    0.00   70.92
21:12:20     all   11.06    0.00   11.06    0.00    0.00    6.32    0.00    0.00    0.00   71.56
21:12:21     all   10.61    0.00   12.19    0.00    0.00    6.32    0.00    0.00    0.00   70.88
21:12:22     all   11.16    0.00   11.61    0.00    0.00    6.92    0.45    0.00    0.00   69.87
21:12:23     all   11.54    0.00   11.54    0.00    0.00    5.43    0.45    0.00    0.00   71.04
21:12:24     all    5.61    0.00    3.90    0.00    0.00    2.20    0.00    0.00    0.00   88.29
21:12:25     all   57.54    0.00    4.77    0.00    0.00    2.26    0.00    0.00    0.00   35.43
21:12:26     all   78.64    0.00   10.55    0.00    0.00    4.52    0.00    0.00    0.00    6.28
21:12:27     all   75.00    0.00   15.25    0.00    0.00    5.25    0.00    0.00    0.00    4.50
21:12:28     all   73.42    0.00   14.43    0.00    0.00    4.05    0.00    0.00    0.00    8.10
21:12:29     all   68.50    0.00   13.25    0.00    0.00    4.75    0.00    0.00    0.00   13.50
21:12:30     all   64.56    0.00   12.41    0.00    0.00    4.05    0.00    0.00    0.00   18.99
21:12:31     all   28.75    0.00   11.70    0.00    0.00    4.07    0.00    0.00    0.00   55.47
21:12:32     all   29.19    0.00   11.93    0.00    0.00    4.06    0.00    0.00    0.00   54.82
21:12:33     all   18.93    0.00   10.49    0.00    0.00    4.60    0.00    0.00    0.00   65.98
21:12:34     all   17.79    0.00   10.78    0.00    0.00    4.26    0.00    0.00    0.00   67.17
21:12:35     all   16.84    0.00   10.46    0.00    0.00    3.32    0.00    0.00    0.00   69.39
21:12:36     all   18.45    0.00   10.22    0.00    0.00    3.74    0.00    0.00    0.00   67.58
21:12:37     all   15.42    0.00    9.51    0.00    0.00    3.34    0.00    0.00    0.00   71.72
21:12:38     all   15.95    0.00    9.62    0.00    0.00    3.29    0.25    0.00    0.00   70.89
21:12:39     all   16.16    0.00   10.10    0.00    0.00    3.54    0.25    0.00    0.00   69.95
21:12:40     all   17.60    0.00    9.44    0.00    0.00    3.57    0.00    0.00    0.00   69.39
21:12:41     all   16.33    0.00    8.93    0.00    0.00    3.32    0.00    0.00    0.00   71.43
21:12:42     all   16.50    0.00    9.50    0.00    0.00    3.75    0.25    0.00    0.00   70.00
21:12:43     all   15.66    0.00    9.60    0.00    0.00    3.54    0.00    0.00    0.00   71.21
21:12:44     all   16.08    0.00    9.05    0.00    0.00    3.02    0.25    0.00    0.00   71.61
21:12:45     all   17.09    0.00    9.44    0.00    0.00    3.83    0.00    0.00    0.00   69.64
21:12:46     all   15.19    0.00    9.11    0.00    0.00    2.78    0.00    0.00    0.00   72.91
21:12:47     all   12.28    0.00    9.77    0.00    0.00    3.51    0.00    0.00    0.00   74.44
21:12:48     all   11.14    0.00    9.87    0.00    0.00    3.80    0.00    0.00    0.00   75.19
21:12:49     all   10.86    0.00   10.61    0.00    0.00    3.54    0.00    0.00    0.00   75.00
21:12:50     all   11.36    0.00    9.34    0.00    0.00    3.28    0.25    0.00    0.00   75.76
21:12:51     all   10.46    0.00    9.95    0.00    0.00    3.06    0.00    0.00    0.00   76.53
21:12:52     all   11.06    0.00    9.30    0.00    0.00    4.02    0.00    0.00    0.00   75.63
21:12:53     all   10.89    0.00   10.13    0.00    0.00    3.04    0.00    0.00    0.00   75.95
21:12:54     all   34.54    0.00   10.14    0.00    0.00    5.07    0.00    0.00    0.00   50.24
21:12:55     all   14.60    0.00   11.50    0.22    0.00    6.64    0.00    0.00    0.00   67.04
21:12:56     all   13.05    0.00   13.27    0.00    0.00    5.97    0.22    0.00    0.00   67.48
21:12:57     all   13.69    0.00   12.36    0.00    0.00    7.06    0.00    0.00    0.00   66.89
21:12:58     all   14.07    0.00   12.09    0.00    0.00    6.81    0.22    0.00    0.00   66.81
21:12:59     all   12.66    0.00   13.97    0.00    0.00    6.55    0.22    0.00    0.00   66.59
21:13:00     all   13.22    0.00   11.89    0.00    0.00    7.71    0.22    0.00    0.00   66.96
21:13:01     all   13.38    0.00   13.82    0.00    0.00    6.36    0.00    0.00    0.00   66.45
21:13:02     all   12.85    0.00   12.64    0.00    0.00    7.63    0.22    0.00    0.00   66.67
21:13:03     all   13.82    0.00   11.84    0.00    0.00    7.68    0.00    0.00    0.00   66.67
21:13:04     all   12.83    0.00   12.61    0.00    0.00    7.08    0.00    0.00    0.00   67.48
21:13:05     all   13.22    0.00   12.33    0.00    0.00    6.83    0.22    0.00    0.00   67.40
21:13:06     all   12.98    0.00   12.08    0.00    0.00    6.94    0.00    0.00    0.00   68.01
21:13:07     all   13.66    0.00   12.33    0.00    0.00    6.61    0.00    0.00    0.00   67.40
21:13:08     all   12.83    0.00   11.95    0.00    0.00    7.30    0.00    0.00    0.00   67.92
21:13:09     all   12.50    0.00   12.72    0.00    0.00    6.92    0.22    0.00    0.00   67.63
21:13:10     all   13.10    0.00   12.23    0.00    0.00    7.86    0.00    0.00    0.00   66.81
21:13:11     all   13.94    0.00   11.95    0.00    0.00    6.64    0.00    0.00    0.00   67.48
21:13:12     all   12.94    0.00   13.16    0.00    0.00    7.02    0.22    0.00    0.00   66.67
21:13:13     all   14.13    0.00   12.61    0.00    0.00    6.74    0.43    0.00    0.00   66.09
21:13:14     all   13.41    0.00   13.19    0.00    0.00    6.37    0.00    0.00    0.00   67.03
21:13:15     all   13.19    0.00   12.75    0.00    0.00    7.47    0.00    0.00    0.00   66.59
21:13:16     all   13.16    0.00   12.72    0.00    0.00    7.46    0.00    0.00    0.00   66.67
21:13:17     all   13.27    0.00   12.83    0.00    0.00    6.64    0.00    0.00    0.00   67.26
21:13:18     all   13.97    0.00   12.66    0.00    0.00    6.55    0.22    0.00    0.00   66.59
21:13:19     all   12.61    0.00   13.48    0.00    0.00    7.83    0.00    0.00    0.00   66.09
21:13:20     all   13.00    0.00   13.44    0.00    0.00    6.83    0.00    0.00    0.00   66.74
21:13:21     all   12.83    0.00   12.17    0.00    0.00    7.30    0.44    0.00    0.00   67.26
21:13:22     all   13.30    0.00   12.64    0.00    0.00    7.10    0.22    0.00    0.00   66.74
21:13:23     all   12.27    0.00   12.27    0.00    0.00    6.59    0.00    0.00    0.00   68.86
21:13:24     all   20.76    0.00   14.06    0.00    0.00    8.48    0.22    0.00    0.00   56.47
21:13:25     all   17.26    0.00   16.21    0.00    0.00   13.26    0.00    0.00    0.00   53.26
21:13:26     all   18.47    0.00   16.35    0.00    0.00   13.16    0.00    0.00    0.00   52.02
21:13:27     all   17.97    0.00   17.55    0.00    0.00   12.05    0.21    0.00    0.00   52.22
21:13:28     all   17.48    0.00   16.42    0.00    0.00   13.65    0.21    0.00    0.00   52.24
21:13:29     all   16.95    0.00   15.89    0.00    0.00   13.98    0.21    0.00    0.00   52.97
21:13:30     all   17.88    0.00   16.84    0.00    0.00   13.10    0.00    0.00    0.00   52.18
21:13:31     all   16.91    0.00   16.49    0.00    0.00   13.53    0.21    0.00    0.00   52.85
21:13:32     all   18.20    0.00   17.15    0.00    0.00   12.97    0.00    0.00    0.00   51.67
21:13:33     all   17.33    0.00   16.91    0.00    0.00   13.78    0.21    0.00    0.00   51.77
21:13:34     all   18.60    0.00   16.74    0.00    0.00   13.64    0.21    0.00    0.00   50.83
21:13:35     all   18.22    0.00   16.77    0.00    0.00   13.46    0.21    0.00    0.00   51.35
21:13:36     all   17.56    0.00   17.34    0.00    0.00   12.63    0.00    0.00    0.00   52.46
21:13:37     all   17.51    0.00   16.46    0.00    0.00   13.29    0.00    0.00    0.00   52.74
21:13:38     all   17.93    0.00   15.61    0.00    0.00   13.50    0.21    0.00    0.00   52.74
21:13:39     all   17.65    0.00   17.02    0.00    0.00   13.03    0.21    0.00    0.00   52.10
21:13:40     all   17.72    0.00   15.61    0.00    0.00   13.50    0.42    0.00    0.00   52.74
21:13:41     all   17.70    0.00   15.78    0.00    0.00   12.79    0.00    0.00    0.00   53.73
21:13:42     all   17.16    0.00   16.53    0.00    0.00   12.92    0.00    0.00    0.00   53.39
21:13:43     all   19.10    0.00   17.86    0.00    0.00   12.94    0.21    0.00    0.00   49.90
21:13:44     all   17.36    0.00   16.53    0.00    0.00   12.97    0.21    0.00    0.00   52.93
21:13:45     all   17.81    0.00   14.81    0.00    0.00   13.95    0.00    0.00    0.00   53.43
21:13:46     all   17.78    0.00   16.11    0.00    0.00   12.97    0.42    0.00    0.00   52.72
21:13:47     all   18.87    0.00   16.35    0.00    0.00   13.00    0.00    0.00    0.00   51.78
21:13:48     all   18.82    0.00   17.55    0.00    0.00   12.05    0.00    0.00    0.00   51.59
21:13:49     all   18.05    0.00   16.35    0.00    0.00   12.74    0.21    0.00    0.00   52.65
21:13:50     all   18.51    0.00   15.74    0.00    0.00   12.98    0.00    0.00    0.00   52.77
21:13:51     all   18.20    0.00   17.15    0.00    0.00   13.60    0.42    0.00    0.00   50.63
21:13:52     all   16.74    0.00   16.31    0.00    0.00   13.52    0.21    0.00    0.00   53.22
21:13:53     all   16.13    0.00   15.27    0.00    0.00   14.84    0.00    0.00    0.00   53.76
21:13:54     all   26.67    0.00   14.89    0.00    0.00   12.00    0.00    0.00    0.00   46.44
21:13:55     all   20.42    0.00   16.01    0.23    0.00   16.01    0.00    0.00    0.00   47.33
21:13:56     all   18.54    0.00   17.32    0.00    0.00   18.54    0.49    0.00    0.00   45.12
21:13:57     all   19.52    0.00   17.59    0.00    0.00   19.28    0.24    0.00    0.00   43.37
21:13:58     all   20.29    0.00   16.71    0.00    0.00   20.29    0.00    0.00    0.00   42.72
21:13:59     all   19.11    0.00   18.11    0.00    0.00   17.87    0.25    0.00    0.00   44.67
21:14:00     all   16.84    0.00   16.58    0.00    0.00   19.43    0.52    0.00    0.00   46.63
21:14:01     all   17.81    0.00   16.79    0.00    0.00   19.85    0.25    0.00    0.00   45.29
21:14:02     all   16.71    0.00   15.94    0.00    0.00   20.05    0.26    0.00    0.00   47.04
21:14:03     all   18.14    0.00   17.63    0.00    0.00   18.39    0.00    0.00    0.00   45.84
21:14:04     all   18.04    0.00   16.49    0.00    0.00   18.56    0.26    0.00    0.00   46.65
21:14:05     all   19.76    0.00   18.12    0.00    0.00   19.53    0.00    0.00    0.00   42.59
21:14:06     all   18.83    0.00   16.87    0.00    0.00   20.05    0.00    0.00    0.00   44.25
21:14:07     all   19.48    0.00   17.84    0.00    0.00   19.95    0.23    0.00    0.00   42.49
21:14:08     all   17.01    0.00   18.27    0.00    0.00   20.30    0.25    0.00    0.00   44.16
21:14:09     all   18.18    0.00   15.91    0.00    0.00   20.96    0.51    0.00    0.00   44.44
21:14:10     all   18.16    0.00   17.91    0.00    0.00   19.15    0.00    0.00    0.00   44.78
21:14:11     all   18.87    0.00   17.16    0.00    0.00   19.36    0.00    0.00    0.00   44.61
21:14:12     all   17.57    0.00   17.33    0.00    0.00   20.54    0.50    0.00    0.00   44.06
21:14:13     all   18.64    0.00   16.62    0.00    0.00   19.90    0.25    0.00    0.00   44.58
21:14:14     all   18.95    0.00   15.96    0.00    0.00   19.95    0.25    0.00    0.00   44.89
21:14:15     all   17.66    0.00   16.88    0.00    0.00   19.22    0.00    0.00    0.00   46.23
21:14:16     all   18.48    0.00   15.95    0.25    0.00   18.73    0.00    0.00    0.00   46.58
21:14:17     all   17.22    0.00   17.47    0.00    0.00   18.99    0.25    0.00    0.00   46.08
21:14:18     all   18.87    0.00   16.67    0.00    0.00   21.08    0.49    0.00    0.00   42.89
21:14:19     all   17.84    0.00   16.83    0.00    0.00   20.35    0.00    0.00    0.00   44.97
21:14:20     all   17.95    0.00   15.64    0.00    0.00   20.51    0.26    0.00    0.00   45.64
21:14:21     all   18.94    0.00   16.41    0.00    0.00   20.96    0.00    0.00    0.00   43.69
21:14:22     all   17.29    0.00   16.79    0.00    0.00   20.05    0.25    0.00    0.00   45.61
21:14:23     all   19.90    0.00   16.55    0.00    0.00   19.66    0.00    0.00    0.00   43.88
21:14:24     all   14.32    0.00   11.11    0.00    0.00   12.10    0.00    0.00    0.00   62.47
21:14:25     all   14.99    0.00   12.92    0.00    0.00   14.99    0.52    0.00    0.00   56.59
21:14:26     all   23.60    0.00   22.47    0.00    0.00   22.75    0.00    0.00    0.00   31.18
21:14:27     all   24.42    0.00   23.38    0.00    0.00   24.68    0.26    0.00    0.00   27.27
21:14:28     all   26.36    0.00   22.48    0.00    0.00   23.77    0.00    0.00    0.00   27.39
21:14:29     all   26.39    0.00   24.80    0.00    0.00   24.80    0.26    0.00    0.00   23.75
21:14:30     all   26.87    0.00   24.38    0.00    0.00   22.89    0.25    0.00    0.00   25.62
21:14:31     all   25.98    0.00   25.20    0.00    0.00   25.20    0.00    0.00    0.00   23.62
21:14:32     all   26.01    0.00   22.25    0.00    0.00   23.86    0.27    0.00    0.00   27.61
21:14:33     all   27.61    0.00   24.40    0.00    0.00   24.13    0.00    0.00    0.00   23.86
21:14:34     all   25.21    0.00   23.27    0.00    0.00   22.99    0.28    0.00    0.00   28.25
21:14:35     all   23.58    0.00   20.60    0.00    0.00   24.78    0.00    0.00    0.00   31.04
21:14:36     all   24.30    0.00   20.95    0.00    0.00   24.58    0.28    0.00    0.00   29.89
21:14:37     all   25.53    0.00   23.16    0.00    0.00   23.95    0.26    0.00    0.00   27.11
21:14:38     all   23.17    0.00   22.26    0.00    0.00   24.70    0.30    0.00    0.00   29.57
21:14:39     all   26.06    0.00   22.87    0.00    0.00   24.20    0.00    0.00    0.00   26.86
21:14:40     all   23.48    0.00   20.00    0.00    0.00   26.09    0.00    0.00    0.00   30.43
21:14:41     all   23.74    0.00   22.35    0.00    0.00   25.14    0.28    0.00    0.00   28.49
21:14:42     all   23.91    0.00   20.12    0.00    0.00   25.36    0.29    0.00    0.00   30.32
21:14:43     all   26.86    0.00   23.94    0.00    0.00   23.40    0.00    0.00    0.00   25.80
21:14:44     all   27.18    0.00   23.75    0.00    0.00   24.01    0.00    0.00    0.00   25.07
21:14:45     all   23.66    0.00   23.10    0.00    0.00   24.51    0.56    0.00    0.00   28.17
21:14:46     all   23.50    0.00   22.64    0.00    0.00   23.78    0.00    0.00    0.00   30.09
21:14:47     all   23.58    0.00   22.44    0.00    0.00   25.00    0.28    0.00    0.00   28.69
21:14:48     all   22.02    0.00   21.71    0.00    0.00   25.08    0.31    0.00    0.00   30.89
21:14:49     all   23.68    0.00   22.28    0.00    0.00   23.96    0.28    0.00    0.00   29.81
21:14:50     all   25.56    0.00   21.94    0.00    0.00   24.72    0.00    0.00    0.00   27.78
21:14:51     all   24.86    0.00   22.95    0.00    0.00   24.04    0.00    0.00    0.00   28.14
21:14:52     all   20.43    0.00   22.91    0.00    0.00   24.15    0.62    0.00    0.00   31.89
21:14:53     all   24.57    0.00   22.00    0.00    0.00   24.57    0.00    0.00    0.00   28.86
21:14:54     all   25.40    0.00   17.11    0.00    0.00   17.11    0.27    0.00    0.00   40.11
21:14:55     all   21.86    0.00   19.61    0.00    0.00   25.08    0.00    0.00    0.00   33.44
21:14:56     all   27.38    0.00   23.81    0.00    0.00   30.06    0.60    0.00    0.00   18.15
21:14:57     all   29.15    0.00   25.36    0.00    0.00   27.70    0.29    0.00    0.00   17.49
21:14:58     all   28.78    0.00   25.22    0.00    0.00   28.78    0.00    0.00    0.00   17.21
21:14:59     all   27.38    0.00   26.49    0.00    0.00   29.17    0.00    0.00    0.00   16.96
21:15:00     all   32.72    0.00   27.49    0.00    0.00   26.96    0.00    0.00    0.00   12.83
21:15:01     all   31.67    0.00   27.68    0.00    0.00   26.68    0.25    0.00    0.00   13.72
21:15:02     all   31.55    0.00   27.74    0.00    0.00   26.46    0.25    0.00    0.00   13.99
21:15:03     all   30.53    0.00   28.50    0.00    0.00   27.23    0.00    0.00    0.00   13.74
21:15:04     all   33.42    0.00   28.89    0.00    0.00   26.63    0.00    0.00    0.00   11.06
21:15:05     all   33.33    0.00   30.08    0.00    0.00   27.91    0.54    0.00    0.00    8.13
21:15:06     all   31.36    0.00   29.38    0.00    0.00   29.38    0.00    0.00    0.00    9.89
21:15:07     all   31.58    0.00   29.64    0.00    0.00   26.87    0.28    0.00    0.00   11.63
21:15:08     all   34.01    0.00   31.49    0.00    0.00   27.20    0.00    0.00    0.00    7.30
21:15:09     all   36.34    0.00   35.09    0.00    0.00   27.57    0.25    0.00    0.00    0.75
21:15:10     all   32.63    0.00   32.89    0.00    0.00   28.95    0.00    0.00    0.00    5.53
21:15:11     all   29.83    0.00   29.83    0.00    0.00   28.73    0.28    0.00    0.00   11.33
21:15:12     all   32.04    0.00   32.82    0.00    0.00   27.65    0.26    0.00    0.00    7.24
21:15:13     all   33.16    0.00   30.33    0.00    0.00   28.02    0.00    0.00    0.00    8.48
21:15:14     all   33.84    0.00   33.08    0.00    0.00   27.23    0.25    0.00    0.00    5.60
21:15:15     all   35.09    0.00   36.09    0.00    0.00   27.82    0.00    0.00    0.00    1.00
21:15:16     all   34.65    0.00   32.81    0.00    0.00   28.87    0.26    0.00    0.00    3.41
21:15:17     all   32.49    0.00   29.41    0.00    0.00   29.13    0.00    0.00    0.00    8.96
21:15:18     all   35.88    0.00   34.10    0.00    0.00   27.99    0.00    0.00    0.00    2.04
21:15:19     all   36.02    0.00   33.50    0.00    0.00   27.20    0.25    0.00    0.00    3.02
21:15:20     all   35.07    0.00   35.57    0.00    0.00   28.61    0.25    0.00    0.00    0.50
21:15:21     all   35.28    0.00   35.03    0.00    0.00   27.66    0.00    0.00    0.00    2.03
21:15:22     all   32.88    0.00   29.38    0.00    0.00   28.84    0.27    0.00    0.00    8.63
21:15:23     all   33.67    0.00   29.93    0.00    0.00   26.68    0.00    0.00    0.00    9.73
21:15:24     all   23.17    0.00   20.00    0.00    0.00   18.29    0.24    0.00    0.00   38.29
21:15:25     all   15.33    0.00   14.57    0.00    0.00    7.54    0.25    0.00    0.00   62.31
21:15:26     all   22.28    0.00   20.21    0.00    0.00    5.18    0.00    0.00    0.00   52.33
21:15:27     all   22.83    0.00   18.90    0.00    0.00    6.30    0.79    0.00    0.00   51.18
21:15:28     all   38.54    0.00   37.53    0.00    0.00   23.68    0.00    0.00    0.00    0.25
21:15:29     all   38.31    0.00   36.07    0.00    0.00   24.88    0.00    0.00    0.00    0.75
21:15:30     all   36.25    0.00   35.25    0.00    0.00   27.75    0.25    0.00    0.00    0.50
21:15:31     all   35.58    0.00   32.21    0.00    0.00   27.27    0.26    0.00    0.00    4.68
21:15:32     all   33.92    0.00   35.43    0.00    0.00   26.88    0.00    0.00    0.00    3.77
21:15:33     all   34.44    0.00   34.18    0.00    0.00   27.55    0.00    0.00    0.00    3.83
21:15:34     all   33.76    0.00   35.28    0.00    0.00   27.92    0.00    0.00    0.00    3.05
21:15:35     all   33.76    0.00   34.77    0.00    0.00   27.66    0.00    0.00    0.00    3.81
21:15:36     all   35.77    0.00   33.50    0.00    0.00   27.46    0.25    0.00    0.00    3.02
21:15:37     all   34.94    0.00   35.44    0.00    0.00   28.10    0.00    0.00    0.00    1.52
21:15:38     all   35.73    0.00   35.24    0.00    0.00   27.79    0.25    0.00    0.00    0.99
21:15:39     all   35.93    0.00   35.68    0.00    0.00   28.14    0.00    0.00    0.00    0.25
21:15:40     all   34.92    0.00   35.93    0.00    0.00   28.14    0.25    0.00    0.00    0.75
21:15:41     all   34.75    0.00   36.50    0.00    0.00   28.00    0.00    0.00    0.00    0.75
21:15:42     all   35.16    0.00   35.91    0.00    0.00   28.18    0.00    0.00    0.00    0.75
21:15:43     all   36.66    0.00   34.66    0.00    0.00   27.68    0.00    0.00    0.00    1.00
21:15:44     all   36.18    0.00   36.43    0.00    0.00   27.14    0.00    0.00    0.00    0.25
21:15:45     all   36.34    0.00   35.59    0.00    0.00   27.07    0.00    0.00    0.00    1.00
21:15:46     all   35.34    0.00   36.09    0.00    0.00   28.07    0.00    0.00    0.00    0.50
21:15:47     all   35.16    0.00   35.66    0.00    0.00   27.93    0.50    0.00    0.00    0.75
21:15:48     all   35.37    0.00   34.86    0.00    0.00   27.74    0.00    0.00    0.00    2.04
21:15:49     all   34.78    0.00   34.27    0.00    0.00   27.62    0.00    0.00    0.00    3.32
21:15:50     all   35.29    0.00   33.58    0.00    0.00   27.70    0.00    0.00    0.00    3.43
21:15:51     all   35.25    0.00   35.00    0.00    0.00   27.00    0.00    0.00    0.00    2.75
21:15:52     all   37.04    0.00   36.05    0.00    0.00   24.69    0.25    0.00    0.00    1.98
21:15:53     all   38.25    0.00   37.00    0.00    0.00   24.00    0.00    0.00    0.00    0.75
21:15:54     all   23.31    0.00   21.55    0.00    0.00   15.29    0.25    0.00    0.00   39.60
21:15:55     all    9.23    0.00    4.24    0.00    0.00    2.49    0.00    0.00    0.00   84.04
21:15:56     all   12.21    0.00    8.14    0.00    0.00    4.83    0.25    0.00    0.00   74.55
21:15:57     all   10.89    0.00    8.86    0.00    0.00    4.30    0.00    0.00    0.00   75.95
21:15:58     all   10.26    0.00    9.23    0.00    0.00    3.08    0.00    0.00    0.00   77.44
21:15:59     all   11.87    0.00    8.84    0.00    0.00    3.03    0.00    0.00    0.00   76.26
21:16:00     all   10.03    0.00    9.51    0.00    0.00    3.34    0.00    0.00    0.00   77.12
21:16:01     all   11.14    0.00    9.11    0.00    0.00    3.54    0.25    0.00    0.00   75.95
21:16:02     all   10.23    0.00    9.21    0.00    0.00    3.84    0.00    0.00    0.00   76.73
21:16:03     all    9.90    0.00    9.64    0.00    0.00    3.55    0.00    0.00    0.00   76.90
21:16:04     all   11.00    0.00    9.21    0.00    0.00    3.07    0.00    0.00    0.00   76.73
21:16:05     all   10.26    0.00   10.51    0.00    0.00    2.82    0.00    0.00    0.00   76.41
21:16:06     all   11.14    0.00    9.87    0.00    0.00    3.80    0.00    0.00    0.00   75.19
21:16:07     all   10.74    0.00   10.23    0.00    0.00    2.81    0.00    0.00    0.00   76.21
21:16:08     all   10.05    0.00    9.02    0.00    0.00    3.09    0.00    0.00    0.00   77.84
21:16:09     all   10.13    0.00    9.87    0.00    0.00    3.29    0.00    0.00    0.00   76.71
21:16:10     all   11.22    0.00    9.69    0.00    0.00    3.32    0.00    0.00    0.00   75.77
21:16:11     all   13.01    0.00    8.67    0.00    0.00    3.06    0.26    0.00    0.00   75.00
21:16:12     all   11.11    0.00    9.60    0.00    0.00    3.54    0.00    0.00    0.00   75.76
21:16:13     all   11.45    0.00    9.67    0.00    0.00    2.80    0.00    0.00    0.00   76.08
21:16:14     all    9.67    0.00   10.43    0.00    0.00    3.31    0.00    0.00    0.00   76.59
21:16:15     all   10.46    0.00    9.18    0.00    0.00    3.57    0.26    0.00    0.00   76.53
21:16:16     all   10.33    0.00    9.32    0.25    0.00    3.53    0.50    0.00    0.00   76.07
21:16:17     all    9.92    0.00    9.92    0.00    0.00    3.56    0.00    0.00    0.00   76.59
21:16:18     all   11.20    0.00    9.67    0.00    0.00    3.31    0.00    0.00    0.00   75.83
21:16:19     all   10.15    0.00    9.14    0.00    0.00    4.31    0.00    0.00    0.00   76.40
21:16:20     all   11.65    0.00    9.87    0.00    0.00    3.04    0.00    0.00    0.00   75.44
21:16:21     all   11.17    0.00    9.14    0.00    0.00    3.30    0.00    0.00    0.00   76.40
21:16:22     all   10.83    0.00   10.08    0.00    0.00    3.53    0.00    0.00    0.00   75.57
21:16:23     all   10.63    0.00    9.62    0.00    0.00    3.04    0.00    0.00    0.00   76.71
21:16:24     all   11.48    0.00    6.63    0.00    0.00    2.30    0.00    0.00    0.00   79.59
21:16:25     all    7.79    0.00    2.76    0.00    0.00    1.76    0.00    0.00    0.00   87.69
21:16:26     all   21.94    0.00   11.99    0.00    0.00    7.14    0.00    0.00    0.00   58.93
21:16:27     all   30.77    0.00   14.62    0.00    0.00    7.18    0.00    0.00    0.00   47.44
21:16:28     all   21.79    0.00   17.44    0.00    0.00    6.92    0.26    0.00    0.00   53.59
21:16:29     all   23.60    0.00   19.54    0.00    0.00    7.61    0.51    0.00    0.00   48.73
21:16:30     all   24.68    0.00   19.59    0.00    0.00    9.16    0.00    0.00    0.00   46.56
21:16:31     all   24.43    0.00   19.40    0.00    0.00    9.07    0.00    0.00    0.00   47.10
21:16:32     all   22.53    0.00   19.75    0.00    0.00    9.37    0.00    0.00    0.00   48.35
21:16:33     all   23.72    0.00   19.13    0.00    0.00    8.42    0.26    0.00    0.00   48.47
21:16:34     all   22.08    0.00   20.26    0.00    0.00    8.57    0.00    0.00    0.00   49.09
21:16:35     all   23.10    0.00   20.30    0.00    0.00    8.38    0.00    0.00    0.00   48.22
21:16:36     all   24.81    0.00   19.44    0.00    0.00    8.95    0.00    0.00    0.00   46.80
21:16:37     all   22.88    0.00   18.77    0.00    0.00    9.00    0.00    0.00    0.00   49.36
21:16:38     all   24.04    0.00   18.41    0.00    0.00    8.70    0.00    0.00    0.00   48.85
21:16:39     all   23.59    0.00   19.23    0.00    0.00    8.97    0.00    0.00    0.00   48.21
21:16:40     all   22.45    0.00   19.39    0.00    0.00    7.91    0.51    0.00    0.00   49.74
21:16:41     all   22.74    0.00   19.12    0.00    0.00    8.27    0.26    0.00    0.00   49.61
21:16:42     all   23.86    0.00   19.80    0.00    0.00    9.14    0.00    0.00    0.00   47.21
21:16:43     all   23.68    0.00   19.90    0.00    0.00    8.56    0.25    0.00    0.00   47.61
21:16:44     all   24.30    0.00   19.44    0.00    0.00    8.44    0.00    0.00    0.00   47.83
21:16:45     all   22.73    0.00   19.44    0.00    0.00    8.84    0.25    0.00    0.00   48.74
21:16:46     all   24.36    0.00   18.21    0.00    0.00    7.95    0.00    0.00    0.00   49.49
21:16:47     all   23.92    0.00   19.34    0.00    0.00    7.63    0.00    0.00    0.00   49.11
21:16:48     all   22.88    0.00   20.31    0.00    0.00    7.46    0.00    0.00    0.00   49.36
21:16:49     all   24.62    0.00   17.69    0.00    0.00    7.18    0.26    0.00    0.00   50.26
21:16:50     all   23.71    0.00   18.30    0.00    0.00    7.47    0.00    0.00    0.00   50.52
21:16:51     all   22.31    0.00   19.49    0.00    0.00    8.21    0.51    0.00    0.00   49.49
21:16:52     all   22.54    0.00   19.17    0.00    0.00    8.03    0.00    0.00    0.00   50.26
21:16:53     all   22.51    0.00   19.18    0.00    0.00    8.18    0.51    0.00    0.00   49.62
21:16:54     all   19.90    0.00   15.76    0.00    0.00    6.20    0.00    0.00    0.00   58.14
21:16:55     all    4.29    0.00    2.27    0.00    0.00    1.52    0.00    0.00    0.00   91.92
21:16:56     all   26.02    0.00   11.99    0.00    0.00    9.95    0.00    0.00    0.00   52.04
21:16:57     all   31.74    0.00   15.62    0.00    0.00   14.86    0.00    0.00    0.00   37.78
21:16:58     all   36.41    0.00   24.01    0.00    0.00   18.21    0.00    0.00    0.00   21.37
21:16:59     all   34.62    0.00   29.23    0.00    0.00   14.87    0.00    0.00    0.00   21.28
21:17:00     all   39.19    0.00   28.24    0.00    0.00   11.96    0.00    0.00    0.00   20.61
21:17:01     all   40.00    0.00   31.79    0.00    0.00   12.05    0.00    0.00    0.00   16.15
21:17:02     all   38.52    0.00   31.89    0.00    0.00   10.97    0.26    0.00    0.00   18.37
21:17:03     all   38.35    0.00   33.08    0.00    0.00   11.78    0.50    0.00    0.00   16.29
21:17:04     all   39.19    0.00   31.30    0.00    0.00   12.47    0.00    0.00    0.00   17.05
21:17:05     all   40.25    0.00   30.63    0.00    0.00   11.90    0.25    0.00    0.00   16.96
21:17:06     all   38.93    0.00   29.52    0.00    0.00   12.47    0.00    0.00    0.00   19.08
21:17:07     all   37.60    0.00   31.46    0.00    0.00   11.76    0.00    0.00    0.00   19.18
21:17:08     all   38.11    0.00   31.71    0.00    0.00   12.28    0.00    0.00    0.00   17.90
21:17:09     all   38.36    0.00   31.46    0.00    0.00   11.25    0.00    0.00    0.00   18.93
21:17:10     all   39.55    0.00   32.24    0.00    0.00   12.59    0.00    0.00    0.00   15.62
21:17:11     all   40.10    0.00   31.98    0.00    0.00   10.91    0.00    0.00    0.00   17.01
21:17:12     all   39.65    0.00   31.57    0.00    0.00   11.87    0.00    0.00    0.00   16.92
21:17:13     all   39.09    0.00   33.76    0.00    0.00   11.42    0.00    0.00    0.00   15.74
21:17:14     all   38.36    0.00   29.92    0.00    0.00   12.28    0.00    0.00    0.00   19.44
21:17:15     all   37.53    0.00   33.00    0.00    0.00   12.34    0.00    0.00    0.00   17.13
21:17:16     all   37.24    0.00   31.38    0.00    0.00   11.73    0.00    0.00    0.00   19.64
21:17:17     all   39.54    0.00   30.61    0.00    0.00   11.99    0.00    0.00    0.00   17.86
21:17:18     all   36.32    0.00   31.97    0.00    0.00   12.53    0.26    0.00    0.00   18.93
21:17:19     all   39.65    0.00   32.83    0.00    0.00   13.38    0.00    0.00    0.00   14.14
21:17:20     all   38.68    0.00   32.57    0.00    0.00   12.72    0.00    0.00    0.00   16.03
21:17:21     all   37.08    0.00   30.18    0.00    0.00   12.79    0.26    0.00    0.00   19.69
21:17:22     all   38.44    0.00   31.41    0.00    0.00   11.81    0.25    0.00    0.00   18.09
21:17:23     all   35.90    0.00   30.51    0.00    0.00   13.08    0.00    0.00    0.00   20.51
21:17:24     all   36.29    0.00   27.16    0.00    0.00   11.17    0.00    0.00    0.00   25.38
21:17:25     all    2.26    0.00    1.76    0.00    0.00    1.01    0.00    0.00    0.00   94.97
21:17:26     all   17.99    0.00   11.90    0.00    0.00    8.47    0.00    0.00    0.00   61.64
21:17:27     all   24.65    0.00   17.17    0.00    0.00   11.36    0.00    0.00    0.00   46.81
21:17:28     all   33.90    0.00   22.03    0.00    0.00   10.17    0.28    0.00    0.00   33.62
21:17:29     all   37.43    0.00   25.94    0.00    0.00   10.96    0.00    0.00    0.00   25.67
21:17:30     all   42.20    0.00   28.90    0.00    0.00   12.02    0.00    0.00    0.00   16.88
21:17:31     all   45.96    0.00   29.04    0.00    0.00   15.40    0.00    0.00    0.00    9.60
21:17:32     all   47.73    0.00   28.54    0.00    0.00   14.14    0.00    0.00    0.00    9.60
21:17:33     all   46.19    0.00   27.41    0.00    0.00   13.71    0.25    0.00    0.00   12.44
21:17:34     all   47.73    0.00   26.77    0.00    0.00   14.90    0.00    0.00    0.00   10.61
21:17:35     all   46.72    0.00   28.28    0.00    0.00   16.67    0.00    0.00    0.00    8.33
21:17:36     all   46.21    0.00   26.26    0.00    0.00   17.42    0.25    0.00    0.00    9.85
21:17:37     all   43.65    0.00   28.17    0.00    0.00   18.02    0.00    0.00    0.00   10.15
21:17:38     all   42.61    0.00   25.81    0.00    0.00   17.04    0.00    0.00    0.00   14.54
21:17:39     all   43.22    0.00   26.34    0.00    0.00   17.90    0.00    0.00    0.00   12.53
21:17:40     all   42.53    0.00   25.06    0.00    0.00   15.95    0.00    0.00    0.00   16.46
21:17:41     all   43.94    0.00   25.00    0.00    0.00   17.68    0.25    0.00    0.00   13.13
21:17:42     all   44.70    0.00   25.76    0.00    0.00   16.92    0.00    0.00    0.00   12.63
21:17:43     all   43.11    0.00   27.55    0.00    0.00   17.09    0.00    0.00    0.00   12.24
21:17:44     all   41.62    0.00   26.65    0.00    0.00   18.02    0.00    0.00    0.00   13.71
21:17:45     all   44.16    0.00   26.90    0.00    0.00   17.26    0.00    0.00    0.00   11.68
21:17:46     all   41.96    0.00   28.39    0.00    0.00   17.59    0.25    0.00    0.00   11.81
21:17:47     all   44.56    0.00   27.34    0.00    0.00   16.96    0.00    0.00    0.00   11.14
21:17:48     all   43.80    0.00   26.84    0.00    0.00   17.22    0.00    0.00    0.00   12.15
21:17:49     all   43.43    0.00   26.52    0.00    0.00   17.68    0.51    0.00    0.00   11.87
21:17:50     all   45.94    0.00   27.16    0.00    0.00   17.26    0.00    0.00    0.00    9.64
21:17:51     all   43.83    0.00   25.69    0.25    0.00   17.88    0.00    0.00    0.00   12.34
21:17:52     all   43.11    0.00   27.04    0.00    0.00   17.60    0.00    0.00    0.00   12.24
21:17:53     all   42.17    0.00   27.02    0.00    0.00   17.68    0.00    0.00    0.00   13.13
21:17:54     all   44.64    0.00   24.74    0.00    0.00   17.09    0.00    0.00    0.00   13.52
