Running 30s test @ http://10.116.0.2:8080/json
  4 threads and 256 connections
  Thread calibration: mean lat.: 1.305ms, rate sampling interval: 10ms
  Thread calibration: mean lat.: 1.288ms, rate sampling interval: 10ms
  Thread calibration: mean lat.: 1.326ms, rate sampling interval: 10ms
  Thread calibration: mean lat.: 1.329ms, rate sampling interval: 10ms
  Thread Stats   Avg      Stdev     Max   +/- Stdev
    Latency     1.28ms  585.49us  17.14ms   66.04%
    Req/Sec    10.55k   717.66    15.22k    71.94%
  Latency Distribution (HdrHistogram - Recorded Latency)
 50.000%    1.21ms
 75.000%    1.69ms
 90.000%    2.06ms
 99.000%    2.71ms
 99.900%    4.14ms
 99.990%    7.14ms
 99.999%   12.01ms
100.000%   17.15ms

  Detailed Percentile spectrum:
       Value   Percentile   TotalCount 1/(1-Percentile)

       0.208     0.000000            1         1.00
       0.580     0.100000        79096         1.11
       0.745     0.200000       157619         1.25
       0.899     0.300000       236171         1.43
       1.052     0.400000       315047         1.67
       1.207     0.500000       393664         2.00
       1.289     0.550000       433269         2.22
       1.376     0.600000       472297         2.50
       1.473     0.650000       511763         2.86
       1.578     0.700000       551012         3.33
       1.689     0.750000       590670         4.00
       1.744     0.775000       610076         4.44
       1.801     0.800000       629797         5.00
       1.859     0.825000       649520         5.71
       1.920     0.850000       669200         6.67
       1.987     0.875000       688879         8.00
       2.024     0.887500       698673         8.89
       2.063     0.900000       708526        10.00
       2.105     0.912500       718416        11.43
       2.153     0.925000       728366        13.33
       2.211     0.937500       738150        16.00
       2.243     0.943750       742975        17.78
       2.279     0.950000       747862        20.00
       2.321     0.956250       752907        22.86
       2.365     0.962500       757649        26.67
       2.417     0.968750       762589        32.00
       2.445     0.971875       765033        35.56
       2.477     0.975000       767554        40.00
       2.511     0.978125       769980        45.71
       2.551     0.981250       772454        53.33
       2.599     0.984375       774946        64.00
       2.623     0.985938       776105        71.11
       2.653     0.987500       777379        80.00
       2.685     0.989062       778567        91.43
       2.725     0.990625       779786       106.67
       2.771     0.992188       781018       128.00
       2.801     0.992969       781639       142.22
       2.837     0.993750       782268       160.00
       2.877     0.994531       782852       182.86
       2.935     0.995313       783470       213.33
       3.013     0.996094       784089       256.00
       3.061     0.996484       784387       284.44
       3.125     0.996875       784695       320.00
       3.209     0.997266       785001       365.71
       3.335     0.997656       785310       426.67
       3.491     0.998047       785620       512.00
       3.587     0.998242       785771       568.89
       3.685     0.998437       785926       640.00
       3.805     0.998633       786077       731.43
       3.951     0.998828       786231       853.33
       4.167     0.999023       786387      1024.00
       4.291     0.999121       786462      1137.78
       4.431     0.999219       786539      1280.00
       4.587     0.999316       786615      1462.86
       4.735     0.999414       786694      1706.67
       4.935     0.999512       786771      2048.00
       5.027     0.999561       786808      2275.56
       5.171     0.999609       786847      2560.00
       5.347     0.999658       786885      2925.71
       5.555     0.999707       786924      3413.33
       5.851     0.999756       786961      4096.00
       6.059     0.999780       786981      4551.11
       6.275     0.999805       787000      5120.00
       6.423     0.999829       787019      5851.43
       6.627     0.999854       787038      6826.67
       6.863     0.999878       787057      8192.00
       6.975     0.999890       787067      9102.22
       7.147     0.999902       787078     10240.00
       7.331     0.999915       787086     11702.86
       7.631     0.999927       787096     13653.33
       8.151     0.999939       787105     16384.00
       8.311     0.999945       787110     18204.44
       8.455     0.999951       787115     20480.00
       8.679     0.999957       787120     23405.71
       8.855     0.999963       787125     27306.67
       9.087     0.999969       787129     32768.00
       9.247     0.999973       787132     36408.89
       9.455     0.999976       787134     40960.00
       9.759     0.999979       787137     46811.43
      10.135     0.999982       787139     54613.33
      10.639     0.999985       787141     65536.00
      11.479     0.999986       787143     72817.78
      11.543     0.999988       787144     81920.00
      12.007     0.999989       787145     93622.86
      12.183     0.999991       787146    109226.67
      13.399     0.999992       787147    131072.00
      14.215     0.999993       787148    145635.56
      14.247     0.999994       787149    163840.00
      14.247     0.999995       787149    187245.71
      14.527     0.999995       787150    218453.33
      14.527     0.999996       787150    262144.00
      15.055     0.999997       787151    291271.11
      15.055     0.999997       787151    327680.00
      15.055     0.999997       787151    374491.43
      15.455     0.999998       787152    436906.67
      15.455     0.999998       787152    524288.00
      15.455     0.999998       787152    582542.22
      15.455     0.999998       787152    655360.00
      15.455     0.999999       787152    748982.86
      17.151     0.999999       787153    873813.33
      17.151     1.000000       787153          inf
#[Mean    =        1.282, StdDeviation   =        0.585]
#[Max     =       17.136, Total count    =       787153]
#[Buckets =           27, SubBuckets     =         2048]
----------------------------------------------------------
  1193719 requests in 30.00s, 152.55MB read
Requests/sec:  39791.07
Transfer/sec:      5.08MB
