Running 30s test @ http://10.116.0.2:8080/json
  4 threads and 64 connections
  Thread calibration: mean lat.: 490.668ms, rate sampling interval: 2885ms
  Thread calibration: mean lat.: 522.141ms, rate sampling interval: 2940ms
  Thread calibration: mean lat.: 406.308ms, rate sampling interval: 2467ms
  Thread calibration: mean lat.: 549.027ms, rate sampling interval: 2633ms
  Thread Stats   Avg      Stdev     Max   +/- Stdev
    Latency     1.06ms  442.89us   4.70ms   61.40%
    Req/Sec     5.00k     1.05     5.00k    92.59%
  Latency Distribution (HdrHistogram - Recorded Latency)
 50.000%    1.05ms
 75.000%    1.40ms
 90.000%    1.65ms
 99.000%    2.01ms
 99.900%    2.49ms
 99.990%    3.48ms
 99.999%    4.34ms
100.000%    4.70ms

  Detailed Percentile spectrum:
       Value   Percentile   TotalCount 1/(1-Percentile)

       0.188     0.000000            1         1.00
       0.471     0.100000        39981         1.11
       0.618     0.200000        79960         1.25
       0.761     0.300000       119650         1.43
       0.904     0.400000       159389         1.67
       1.046     0.500000       199241         2.00
       1.116     0.550000       219195         2.22
       1.185     0.600000       239047         2.50
       1.256     0.650000       259174         2.86
       1.329     0.700000       279131         3.33
       1.403     0.750000       298845         4.00
       1.443     0.775000       308870         4.44
       1.482     0.800000       318718         5.00
       1.524     0.825000       328690         5.71
       1.566     0.850000       338789         6.67
       1.609     0.875000       348781         8.00
       1.631     0.887500       353750         8.89
       1.654     0.900000       358754        10.00
       1.678     0.912500       363664        11.43
       1.703     0.925000       368534        13.33
       1.732     0.937500       373542        16.00
       1.748     0.943750       376029        17.78
       1.767     0.950000       378571        20.00
       1.786     0.956250       380976        22.86
       1.809     0.962500       383472        26.67
       1.837     0.968750       386000        32.00
       1.854     0.971875       387254        35.56
       1.871     0.975000       388441        40.00
       1.891     0.978125       389700        45.71
       1.914     0.981250       390926        53.33
       1.942     0.984375       392175        64.00
       1.958     0.985938       392822        71.11
       1.976     0.987500       393416        80.00
       1.998     0.989062       394046        91.43
       2.025     0.990625       394670       106.67
       2.053     0.992188       395309       128.00
       2.071     0.992969       395626       142.22
       2.089     0.993750       395914       160.00
       2.113     0.994531       396227       182.86
       2.139     0.995313       396542       213.33
       2.175     0.996094       396844       256.00
       2.195     0.996484       396997       284.44
       2.217     0.996875       397162       320.00
       2.243     0.997266       397318       365.71
       2.271     0.997656       397465       426.67
       2.311     0.998047       397617       512.00
       2.331     0.998242       397697       568.89
       2.353     0.998437       397779       640.00
       2.379     0.998633       397855       731.43
       2.421     0.998828       397927       853.33
       2.503     0.999023       398005      1024.00
       2.539     0.999121       398044      1137.78
       2.589     0.999219       398083      1280.00
       2.659     0.999316       398122      1462.86
       2.715     0.999414       398160      1706.67
       2.799     0.999512       398200      2048.00
       2.821     0.999561       398219      2275.56
       2.905     0.999609       398238      2560.00
       2.979     0.999658       398258      2925.71
       3.095     0.999707       398277      3413.33
       3.159     0.999756       398296      4096.00
       3.207     0.999780       398306      4551.11
       3.257     0.999805       398317      5120.00
       3.293     0.999829       398325      5851.43
       3.367     0.999854       398335      6826.67
       3.439     0.999878       398345      8192.00
       3.453     0.999890       398350      9102.22
       3.489     0.999902       398355     10240.00
       3.533     0.999915       398359     11702.86
       3.591     0.999927       398364     13653.33
       3.681     0.999939       398369     16384.00
       3.705     0.999945       398372     18204.44
       3.731     0.999951       398374     20480.00
       3.761     0.999957       398376     23405.71
       3.769     0.999963       398379     27306.67
       3.833     0.999969       398381     32768.00
       3.863     0.999973       398383     36408.89
       3.941     0.999976       398384     40960.00
       4.035     0.999979       398385     46811.43
       4.179     0.999982       398386     54613.33
       4.215     0.999985       398387     65536.00
       4.311     0.999986       398388     72817.78
       4.339     0.999988       398389     81920.00
       4.339     0.999989       398389     93622.86
       4.355     0.999991       398390    109226.67
       4.355     0.999992       398390    131072.00
       4.419     0.999993       398391    145635.56
       4.419     0.999994       398391    163840.00
       4.419     0.999995       398391    187245.71
       4.495     0.999995       398392    218453.33
       4.495     0.999996       398392    262144.00
       4.495     0.999997       398392    291271.11
       4.495     0.999997       398392    327680.00
       4.495     0.999997       398392    374491.43
       4.699     0.999998       398393    436906.67
       4.699     1.000000       398393          inf
#[Mean    =        1.059, StdDeviation   =        0.443]
#[Max     =        4.696, Total count    =       398393]
#[Buckets =           27, SubBuckets     =         2048]
----------------------------------------------------------
  599252 requests in 30.00s, 76.58MB read
Requests/sec:  19974.81
Transfer/sec:      2.55MB
