Running 30s test @ http://10.116.0.2:8080/json
  4 threads and 256 connections
  Thread calibration: mean lat.: 1.117ms, rate sampling interval: 10ms
  Thread calibration: mean lat.: 1.108ms, rate sampling interval: 10ms
  Thread calibration: mean lat.: 1.125ms, rate sampling interval: 10ms
  Thread calibration: mean lat.: 1.120ms, rate sampling interval: 10ms
  Thread Stats   Avg      Stdev     Max   +/- Stdev
    Latency     1.11ms  471.48us  13.02ms   62.01%
    Req/Sec     5.27k   300.80     6.55k    74.12%
  Latency Distribution (HdrHistogram - Recorded Latency)
 50.000%    1.09ms
 75.000%    1.48ms
 90.000%    1.75ms
 99.000%    2.14ms
 99.900%    2.72ms
 99.990%    3.75ms
 99.999%    8.89ms
100.000%   13.02ms

  Detailed Percentile spectrum:
       Value   Percentile   TotalCount 1/(1-Percentile)

       0.184     0.000000            1         1.00
       0.500     0.100000        39438         1.11
       0.655     0.200000        78845         1.25
       0.800     0.300000       118338         1.43
       0.942     0.400000       157485         1.67
       1.089     0.500000       196811         2.00
       1.165     0.550000       216613         2.22
       1.241     0.600000       236260         2.50
       1.320     0.650000       255876         2.86
       1.401     0.700000       275537         3.33
       1.483     0.750000       295233         4.00
       1.526     0.775000       305189         4.44
       1.567     0.800000       314896         5.00
       1.610     0.825000       324785         5.71
       1.652     0.850000       334610         6.67
       1.697     0.875000       344535         8.00
       1.720     0.887500       349382         8.89
       1.745     0.900000       354292        10.00
       1.772     0.912500       359216        11.43
       1.801     0.925000       364075        13.33
       1.835     0.937500       369079        16.00
       1.854     0.943750       371464        17.78
       1.875     0.950000       374015        20.00
       1.897     0.956250       376372        22.86
       1.924     0.962500       378881        26.67
       1.954     0.968750       381355        32.00
       1.971     0.971875       382563        35.56
       1.990     0.975000       383760        40.00
       2.012     0.978125       385003        45.71
       2.037     0.981250       386228        53.33
       2.067     0.984375       387461        64.00
       2.083     0.985938       388059        71.11
       2.103     0.987500       388686        80.00
       2.125     0.989062       389317        91.43
       2.151     0.990625       389903       106.67
       2.181     0.992188       390518       128.00
       2.199     0.992969       390817       142.22
       2.219     0.993750       391127       160.00
       2.243     0.994531       391454       182.86
       2.269     0.995313       391739       213.33
       2.303     0.996094       392051       256.00
       2.321     0.996484       392209       284.44
       2.345     0.996875       392361       320.00
       2.373     0.997266       392512       365.71
       2.409     0.997656       392665       426.67
       2.453     0.998047       392817       512.00
       2.485     0.998242       392892       568.89
       2.523     0.998437       392969       640.00
       2.571     0.998633       393047       731.43
       2.651     0.998828       393121       853.33
       2.727     0.999023       393199      1024.00
       2.771     0.999121       393237      1137.78
       2.829     0.999219       393275      1280.00
       2.909     0.999316       393313      1462.86
       3.001     0.999414       393353      1706.67
       3.087     0.999512       393390      2048.00
       3.145     0.999561       393410      2275.56
       3.213     0.999609       393429      2560.00
       3.281     0.999658       393449      2925.71
       3.327     0.999707       393467      3413.33
       3.391     0.999756       393486      4096.00
       3.431     0.999780       393496      4551.11
       3.469     0.999805       393506      5120.00
       3.511     0.999829       393515      5851.43
       3.567     0.999854       393525      6826.67
       3.611     0.999878       393534      8192.00
       3.687     0.999890       393539      9102.22
       3.749     0.999902       393544     10240.00
       3.771     0.999915       393549     11702.86
       3.889     0.999927       393554     13653.33
       4.025     0.999939       393558     16384.00
       4.195     0.999945       393561     18204.44
       4.231     0.999951       393563     20480.00
       4.491     0.999957       393566     23405.71
       4.571     0.999963       393568     27306.67
       4.607     0.999969       393570     32768.00
       4.983     0.999973       393572     36408.89
       5.211     0.999976       393573     40960.00
       5.327     0.999979       393574     46811.43
       5.911     0.999982       393575     54613.33
       7.271     0.999985       393576     65536.00
       8.027     0.999986       393577     72817.78
       8.887     0.999988       393578     81920.00
       8.887     0.999989       393578     93622.86
      10.423     0.999991       393579    109226.67
      10.423     0.999992       393579    131072.00
      11.423     0.999993       393580    145635.56
      11.423     0.999994       393580    163840.00
      11.423     0.999995       393580    187245.71
      12.583     0.999995       393581    218453.33
      12.583     0.999996       393581    262144.00
      12.583     0.999997       393581    291271.11
      12.583     0.999997       393581    327680.00
      12.583     0.999997       393581    374491.43
      13.023     0.999998       393582    436906.67
      13.023     1.000000       393582          inf
#[Mean    =        1.115, StdDeviation   =        0.471]
#[Max     =       13.016, Total count    =       393582]
#[Buckets =           27, SubBuckets     =         2048]
----------------------------------------------------------
  596930 requests in 30.00s, 76.28MB read
Requests/sec:  19898.04
Transfer/sec:      2.54MB
