Running 30s test @ http://10.116.0.2:8080/block?ms=100
  4 threads and 1000 connections
  Thread calibration: mean lat.: 103.129ms, rate sampling interval: 210ms
  Thread calibration: mean lat.: 103.378ms, rate sampling interval: 211ms
  Thread calibration: mean lat.: 103.581ms, rate sampling interval: 211ms
  Thread calibration: mean lat.: 103.448ms, rate sampling interval: 211ms
  Thread Stats   Avg      Stdev     Max   +/- Stdev
    Latency   102.88ms    1.83ms 119.87ms   78.22%
    Req/Sec     2.25k   184.09     2.37k    81.87%
  Latency Distribution (HdrHistogram - Recorded Latency)
 50.000%  102.53ms
 75.000%  103.68ms
 90.000%  105.15ms
 99.000%  109.06ms
 99.900%  114.94ms
 99.990%  118.97ms
 99.999%  119.81ms
100.000%  119.93ms

  Detailed Percentile spectrum:
       Value   Percentile   TotalCount 1/(1-Percentile)

     100.351     0.000000            2         1.00
     101.119     0.100000        18865         1.11
     101.439     0.200000        34827         1.25
     101.759     0.300000        51091         1.43
     102.143     0.400000        69455         1.67
     102.527     0.500000        86245         2.00
     102.719     0.550000        94140         2.22
     102.911     0.600000       101458         2.50
     103.167     0.650000       110722         2.86
     103.423     0.700000       119171         3.33
     103.679     0.750000       126760         4.00
     103.871     0.775000       131659         4.44
     104.063     0.800000       135956         5.00
     104.255     0.825000       139800         5.71
     104.447     0.850000       143266         6.67
     104.767     0.875000       147874         8.00
     104.959     0.887500       150076         8.89
     105.151     0.900000       151916        10.00
     105.407     0.912500       153920        11.43
     105.727     0.925000       156133        13.33
     106.047     0.937500       158022        16.00
     106.239     0.943750       158976        17.78
     106.495     0.950000       160166        20.00
     106.751     0.956250       161205        22.86
     107.007     0.962500       162187        26.67
     107.327     0.968750       163217        32.00
     107.519     0.971875       163791        35.56
     107.711     0.975000       164280        40.00
     107.903     0.978125       164749        45.71
     108.159     0.981250       165285        53.33
     108.479     0.984375       165860        64.00
     108.607     0.985938       166081        71.11
     108.799     0.987500       166399        80.00
     108.927     0.989062       166590        91.43
     109.119     0.990625       166832       106.67
     109.375     0.992188       167126       128.00
     109.503     0.992969       167253       142.22
     109.631     0.993750       167361       160.00
     109.823     0.994531       167478       182.86
     110.143     0.995313       167621       213.33
     110.527     0.996094       167742       256.00
     110.847     0.996484       167817       284.44
     111.231     0.996875       167873       320.00
     111.679     0.997266       167940       365.71
     112.191     0.997656       168006       426.67
     112.703     0.998047       168069       512.00
     113.151     0.998242       168102       568.89
     113.663     0.998437       168134       640.00
     114.175     0.998633       168168       731.43
     114.559     0.998828       168204       853.33
     115.007     0.999023       168235      1024.00
     115.263     0.999121       168251      1137.78
     115.519     0.999219       168268      1280.00
     115.775     0.999316       168284      1462.86
     116.031     0.999414       168303      1706.67
     116.287     0.999512       168316      2048.00
     116.415     0.999561       168327      2275.56
     116.671     0.999609       168332      2560.00
     116.927     0.999658       168341      2925.71
     117.311     0.999707       168349      3413.33
     117.695     0.999756       168357      4096.00
     117.887     0.999780       168361      4551.11
     118.207     0.999805       168365      5120.00
     118.463     0.999829       168369      5851.43
     118.655     0.999854       168373      6826.67
     118.911     0.999878       168378      8192.00
     118.975     0.999890       168380      9102.22
     119.039     0.999902       168382     10240.00
     119.103     0.999915       168384     11702.86
     119.167     0.999927       168385     13653.33
     119.359     0.999939       168387     16384.00
     119.423     0.999945       168389     18204.44
     119.423     0.999951       168389     20480.00
     119.487     0.999957       168390     23405.71
     119.551     0.999963       168391     27306.67
     119.743     0.999969       168392     32768.00
     119.807     0.999973       168395     36408.89
     119.807     0.999976       168395     40960.00
     119.807     0.999979       168395     46811.43
     119.807     0.999982       168395     54613.33
     119.807     0.999985       168395     65536.00
     119.807     0.999986       168395     72817.78
     119.807     0.999988       168395     81920.00
     119.871     0.999989       168396     93622.86
     119.871     0.999991       168396    109226.67
     119.871     0.999992       168396    131072.00
     119.871     0.999993       168396    145635.56
     119.871     0.999994       168396    163840.00
     119.935     0.999995       168397    187245.71
     119.935     1.000000       168397          inf
#[Mean    =      102.879, StdDeviation   =        1.827]
#[Max     =      119.872, Total count    =       168397]
#[Buckets =           27, SubBuckets     =         2048]
----------------------------------------------------------
  260153 requests in 30.01s, 30.02MB read
Requests/sec:   8669.73
Transfer/sec:      1.00MB
