Running 30s test @ http://10.116.0.2:8080/block?ms=100
  4 threads and 8000 connections
  Thread calibration: mean lat.: 2961.463ms, rate sampling interval: 15089ms
  Thread calibration: mean lat.: 2850.037ms, rate sampling interval: 15261ms
  Thread calibration: mean lat.: 2937.202ms, rate sampling interval: 15958ms
  Thread calibration: mean lat.: 3046.333ms, rate sampling interval: 16023ms
  Thread Stats   Avg      Stdev     Max   +/- Stdev
    Latency    12.82s     2.25s   18.02s    62.25%
    Req/Sec       -nan      -nan   0.00      0.00%
  Latency Distribution (HdrHistogram - Recorded Latency)
 50.000%   12.80s 
 75.000%   14.61s 
 90.000%   15.95s 
 99.000%   17.30s 
 99.900%   17.87s 
 99.990%   17.96s 
 99.999%   17.99s 
100.000%   18.04s 

  Detailed Percentile spectrum:
       Value   Percentile   TotalCount 1/(1-Percentile)

    6823.935     0.000000            1         1.00
    9887.743     0.100000        19970         1.11
   10657.791     0.200000        39871         1.25
   11345.919     0.300000        59869         1.43
   12075.007     0.400000        79796         1.67
   12795.903     0.500000        99670         2.00
   13148.159     0.550000       109786         2.22
   13508.607     0.600000       119719         2.50
   13869.055     0.650000       129669         2.86
   14221.311     0.700000       139679         3.33
   14606.335     0.750000       149554         4.00
   14802.943     0.775000       154698         4.44
   14991.359     0.800000       159508         5.00
   15212.543     0.825000       164581         5.71
   15425.535     0.850000       169481         6.67
   15679.487     0.875000       174524         8.00
   15810.559     0.887500       176952         8.89
   15949.823     0.900000       179521        10.00
   16072.703     0.912500       181969        11.43
   16220.159     0.925000       184536        13.33
   16367.615     0.937500       186891        16.00
   16441.343     0.943750       188206        17.78
   16506.879     0.950000       189370        20.00
   16596.991     0.956250       190626        22.86
   16687.103     0.962500       191870        26.67
   16793.599     0.968750       193264        32.00
   16842.751     0.971875       193790        35.56
   16908.287     0.975000       194419        40.00
   16973.823     0.978125       195070        45.71
   17022.975     0.981250       195606        53.33
   17121.279     0.984375       196269        64.00
   17170.431     0.985938       196551        71.11
   17219.583     0.987500       196868        80.00
   17268.735     0.989062       197171        91.43
   17334.271     0.990625       197495       106.67
   17399.807     0.992188       197780       128.00
   17448.959     0.992969       197982       142.22
   17481.727     0.993750       198147       160.00
   17514.495     0.994531       198314       182.86
   17530.879     0.995313       198414       213.33
   17563.647     0.996094       198568       256.00
   17580.031     0.996484       198633       284.44
   17612.799     0.996875       198716       320.00
   17645.567     0.997266       198788       365.71
   17694.719     0.997656       198864       426.67
   17793.023     0.998047       198946       512.00
   17825.791     0.998242       199015       568.89
   17825.791     0.998437       199015       640.00
   17842.175     0.998633       199072       731.43
   17858.559     0.998828       199118       853.33
   17874.943     0.999023       199166      1024.00
   17874.943     0.999121       199166      1137.78
   17891.327     0.999219       199207      1280.00
   17891.327     0.999316       199207      1462.86
   17891.327     0.999414       199207      1706.67
   17907.711     0.999512       199249      2048.00
   17907.711     0.999561       199249      2275.56
   17907.711     0.999609       199249      2560.00
   17924.095     0.999658       199286      2925.71
   17924.095     0.999707       199286      3413.33
   17924.095     0.999756       199286      4096.00
   17924.095     0.999780       199286      4551.11
   17924.095     0.999805       199286      5120.00
   17940.479     0.999829       199299      5851.43
   17940.479     0.999854       199299      6826.67
   17940.479     0.999878       199299      8192.00
   17956.863     0.999890       199305      9102.22
   17956.863     0.999902       199305     10240.00
   17973.247     0.999915       199313     11702.86
   17973.247     0.999927       199313     13653.33
   17973.247     0.999939       199313     16384.00
   17973.247     0.999945       199313     18204.44
   17989.631     0.999951       199322     20480.00
   17989.631     0.999957       199322     23405.71
   17989.631     0.999963       199322     27306.67
   17989.631     0.999969       199322     32768.00
   17989.631     0.999973       199322     36408.89
   17989.631     0.999976       199322     40960.00
   17989.631     0.999979       199322     46811.43
   17989.631     0.999982       199322     54613.33
   17989.631     0.999985       199322     65536.00
   17989.631     0.999986       199322     72817.78
   17989.631     0.999988       199322     81920.00
   17989.631     0.999989       199322     93622.86
   17989.631     0.999991       199322    109226.67
   17989.631     0.999992       199322    131072.00
   17989.631     0.999993       199322    145635.56
   17989.631     0.999994       199322    163840.00
   17989.631     0.999995       199322    187245.71
   18038.783     0.999995       199323    218453.33
   18038.783     1.000000       199323          inf
#[Mean    =    12824.682, StdDeviation   =     2252.749]
#[Max     =    18022.400, Total count    =       199323]
#[Buckets =           27, SubBuckets     =         2048]
----------------------------------------------------------
  610451 requests in 30.00s, 70.44MB read
Requests/sec:  20347.20
Transfer/sec:      2.35MB
