Running 30s test @ http://10.116.0.2:8080/json
  4 threads and 256 connections
  Thread calibration: mean lat.: 372.413ms, rate sampling interval: 2081ms
  Thread calibration: mean lat.: 759.522ms, rate sampling interval: 6447ms
  Thread calibration: mean lat.: 1100.182ms, rate sampling interval: 7176ms
  Thread calibration: mean lat.: 1302.260ms, rate sampling interval: 7270ms
  Thread Stats   Avg      Stdev     Max   +/- Stdev
    Latency     4.16s     3.15s   17.14s    69.12%
    Req/Sec    23.13k     2.70k   27.75k    68.75%
  Latency Distribution (HdrHistogram - Recorded Latency)
 50.000%    3.55s 
 75.000%    5.91s 
 90.000%    7.94s 
 99.000%   14.33s 
 99.900%   16.26s 
 99.990%   16.91s 
 99.999%   17.14s 
100.000%   17.15s 

  Detailed Percentile spectrum:
       Value   Percentile   TotalCount 1/(1-Percentile)

       0.245     0.000000            1         1.00
      57.279     0.100000       180139         1.11
    1321.983     0.200000       360373         1.25
    2789.375     0.300000       540887         1.43
    3221.503     0.400000       721174         1.67
    3551.231     0.500000       900769         2.00
    3803.135     0.550000       990758         2.22
    4190.207     0.600000      1080771         2.50
    5115.903     0.650000      1170906         2.86
    5742.591     0.700000      1261276         3.33
    5906.431     0.750000      1351448         4.00
    5955.583     0.775000      1397631         4.44
    6037.503     0.800000      1442522         5.00
    6148.095     0.825000      1486173         5.71
    6414.335     0.850000      1531286         6.67
    7061.503     0.875000      1576080         8.00
    7471.103     0.887500      1598552         8.89
    7942.143     0.900000      1621155        10.00
    8568.831     0.912500      1643762        11.43
    9256.959     0.925000      1666083        13.33
    9977.855     0.937500      1688783        16.00
   10330.111     0.943750      1699970        17.78
   10682.367     0.950000      1711205        20.00
   11051.007     0.956250      1722574        22.86
   11444.223     0.962500      1733831        26.67
   11870.207     0.968750      1744935        32.00
   12115.967     0.971875      1750609        35.56
   12451.839     0.975000      1756211        40.00
   12828.671     0.978125      1761836        45.71
   13213.695     0.981250      1767503        53.33
   13574.143     0.984375      1773134        64.00
   13770.751     0.985938      1775878        71.11
   13975.551     0.987500      1778758        80.00
   14188.543     0.989062      1781497        91.43
   14434.303     0.990625      1784368       106.67
   14680.063     0.992188      1787138       128.00
   14827.519     0.992969      1788564       142.22
   14983.167     0.993750      1789926       160.00
   15147.007     0.994531      1791365       182.86
   15302.655     0.995313      1792730       213.33
   15474.687     0.996094      1794180       256.00
   15556.607     0.996484      1794880       284.44
   15646.719     0.996875      1795566       320.00
   15736.831     0.997266      1796263       365.71
   15835.135     0.997656      1796964       426.67
   15949.823     0.998047      1797692       512.00
   16007.167     0.998242      1798049       568.89
   16056.319     0.998437      1798353       640.00
   16130.047     0.998633      1798711       731.43
   16195.583     0.998828      1799067       853.33
   16269.311     0.999023      1799423      1024.00
   16310.271     0.999121      1799625      1137.78
   16351.231     0.999219      1799776      1280.00
   16400.383     0.999316      1799964      1462.86
   16449.535     0.999414      1800131      1706.67
   16506.879     0.999512      1800296      2048.00
   16547.839     0.999561      1800386      2275.56
   16580.607     0.999609      1800466      2560.00
   16621.567     0.999658      1800562      2925.71
   16662.527     0.999707      1800641      3413.33
   16703.487     0.999756      1800727      4096.00
   16728.063     0.999780      1800775      4551.11
   16760.831     0.999805      1800818      5120.00
   16809.983     0.999829      1800867      5851.43
   16842.751     0.999854      1800917      6826.67
   16875.519     0.999878      1800955      8192.00
   16891.903     0.999890      1800973      9102.22
   16908.287     0.999902      1800992     10240.00
   16924.671     0.999915      1801012     11702.86
   16957.439     0.999927      1801042     13653.33
   16990.207     0.999939      1801061     16384.00
   17006.591     0.999945      1801074     18204.44
   17022.975     0.999951      1801087     20480.00
   17039.359     0.999957      1801096     23405.71
   17055.743     0.999963      1801102     27306.67
   17072.127     0.999969      1801116     32768.00
   17072.127     0.999973      1801116     36408.89
   17088.511     0.999976      1801123     40960.00
   17104.895     0.999979      1801137     46811.43
   17104.895     0.999982      1801137     54613.33
   17104.895     0.999985      1801137     65536.00
   17121.279     0.999986      1801145     72817.78
   17121.279     0.999988      1801145     81920.00
   17121.279     0.999989      1801145     93622.86
   17137.663     0.999991      1801154    109226.67
   17137.663     0.999992      1801154    131072.00
   17137.663     0.999993      1801154    145635.56
   17137.663     0.999994      1801154    163840.00
   17154.047     0.999995      1801164    187245.71
   17154.047     1.000000      1801164          inf
#[Mean    =     4157.487, StdDeviation   =     3153.626]
#[Max     =    17137.664, Total count    =      1801164]
#[Buckets =           27, SubBuckets     =         2048]
----------------------------------------------------------
  2694194 requests in 30.00s, 344.30MB read
Requests/sec:  89807.90
Transfer/sec:     11.48MB
