Running 30s test @ http://10.116.0.2:8080/json
  4 threads and 256 connections
  Thread calibration: mean lat.: 1.439ms, rate sampling interval: 10ms
  Thread calibration: mean lat.: 1.511ms, rate sampling interval: 10ms
  Thread calibration: mean lat.: 1.582ms, rate sampling interval: 10ms
  Thread calibration: mean lat.: 1.491ms, rate sampling interval: 10ms
  Thread Stats   Avg      Stdev     Max   +/- Stdev
    Latency     1.54ms    1.63ms 208.90ms   96.68%
    Req/Sec    15.84k     1.53k   25.78k    69.25%
  Latency Distribution (HdrHistogram - Recorded Latency)
 50.000%    1.38ms
 75.000%    1.93ms
 90.000%    2.53ms
 99.000%    3.96ms
 99.900%    6.79ms
 99.990%   62.17ms
 99.999%  195.33ms
100.000%  209.02ms

  Detailed Percentile spectrum:
       Value   Percentile   TotalCount 1/(1-Percentile)

       0.205     0.000000            1         1.00
       0.701     0.100000       118231         1.11
       0.888     0.200000       236408         1.25
       1.049     0.300000       354742         1.43
       1.215     0.400000       472717         1.67
       1.384     0.500000       590412         2.00
       1.472     0.550000       649491         2.22
       1.567     0.600000       708748         2.50
       1.673     0.650000       767928         2.86
       1.794     0.700000       826806         3.33
       1.932     0.750000       885834         4.00
       2.007     0.775000       915260         4.44
       2.089     0.800000       945190         5.00
       2.177     0.825000       974349         5.71
       2.277     0.850000      1003784         6.67
       2.391     0.875000      1033421         8.00
       2.455     0.887500      1048215         8.89
       2.525     0.900000      1063034        10.00
       2.599     0.912500      1077614        11.43
       2.687     0.925000      1092419        13.33
       2.791     0.937500      1107015        16.00
       2.855     0.943750      1114553        17.78
       2.927     0.950000      1121760        20.00
       3.013     0.956250      1129257        22.86
       3.105     0.962500      1136534        26.67
       3.217     0.968750      1143937        32.00
       3.285     0.971875      1147596        35.56
       3.367     0.975000      1151300        40.00
       3.455     0.978125      1155019        45.71
       3.549     0.981250      1158669        53.33
       3.659     0.984375      1162337        64.00
       3.723     0.985938      1164191        71.11
       3.801     0.987500      1166057        80.00
       3.895     0.989062      1167874        91.43
       4.021     0.990625      1169716       106.67
       4.179     0.992188      1171579       128.00
       4.283     0.992969      1172495       142.22
       4.415     0.993750      1173410       160.00
       4.551     0.994531      1174338       182.86
       4.723     0.995313      1175244       213.33
       4.935     0.996094      1176176       256.00
       5.067     0.996484      1176636       284.44
       5.211     0.996875      1177091       320.00
       5.391     0.997266      1177548       365.71
       5.587     0.997656      1178013       426.67
       5.823     0.998047      1178470       512.00
       5.959     0.998242      1178706       568.89
       6.111     0.998437      1178935       640.00
       6.303     0.998633      1179168       731.43
       6.543     0.998828      1179397       853.33
       6.827     0.999023      1179623      1024.00
       6.987     0.999121      1179739      1137.78
       7.231     0.999219      1179855      1280.00
       7.483     0.999316      1179968      1462.86
       7.755     0.999414      1180085      1706.67
       8.003     0.999512      1180199      2048.00
       8.215     0.999561      1180258      2275.56
       8.447     0.999609      1180316      2560.00
       8.671     0.999658      1180372      2925.71
       9.079     0.999707      1180430      3413.33
       9.495     0.999756      1180487      4096.00
       9.879     0.999780      1180516      4551.11
      10.375     0.999805      1180546      5120.00
      11.015     0.999829      1180574      5851.43
      12.823     0.999854      1180603      6826.67
      29.967     0.999878      1180632      8192.00
      46.975     0.999890      1180646      9102.22
      66.239     0.999902      1180660     10240.00
      84.863     0.999915      1180675     11702.86
     102.719     0.999927      1180689     13653.33
     119.807     0.999939      1180703     16384.00
     129.087     0.999945      1180711     18204.44
     138.495     0.999951      1180718     20480.00
     146.815     0.999957      1180725     23405.71
     155.903     0.999963      1180732     27306.67
     164.735     0.999969      1180739     32768.00
     169.215     0.999973      1180743     36408.89
     174.719     0.999976      1180747     40960.00
     178.687     0.999979      1180750     46811.43
     183.423     0.999982      1180754     54613.33
     187.391     0.999985      1180757     65536.00
     189.567     0.999986      1180759     72817.78
     191.743     0.999988      1180761     81920.00
     195.327     0.999989      1180763     93622.86
     197.119     0.999991      1180765    109226.67
     199.423     0.999992      1180767    131072.00
     199.423     0.999993      1180767    145635.56
     201.215     0.999994      1180768    163840.00
     202.495     0.999995      1180769    187245.71
     203.519     0.999995      1180770    218453.33
     205.183     0.999996      1180771    262144.00
     205.183     0.999997      1180771    291271.11
     205.823     0.999997      1180772    327680.00
     205.823     0.999997      1180772    374491.43
     207.487     0.999998      1180773    436906.67
     207.487     0.999998      1180773    524288.00
     207.487     0.999998      1180773    582542.22
     208.767     0.999998      1180774    655360.00
     208.767     0.999999      1180774    748982.86
     208.767     0.999999      1180774    873813.33
     208.767     0.999999      1180774   1048576.00
     208.767     0.999999      1180774   1165084.44
     209.023     0.999999      1180775   1310720.00
     209.023     1.000000      1180775          inf
#[Mean    =        1.545, StdDeviation   =        1.634]
#[Max     =      208.896, Total count    =      1180775]
#[Buckets =           27, SubBuckets     =         2048]
----------------------------------------------------------
  1777887 requests in 30.00s, 227.20MB read
Requests/sec:  59263.82
Transfer/sec:      7.57MB
