Running 30s test @ http://10.116.0.2:8080/block?ms=100
  4 threads and 4000 connections
  Thread calibration: mean lat.: 288.709ms, rate sampling interval: 1000ms
  Thread calibration: mean lat.: 341.040ms, rate sampling interval: 1360ms
  Thread calibration: mean lat.: 423.455ms, rate sampling interval: 2039ms
  Thread calibration: mean lat.: 482.593ms, rate sampling interval: 1975ms
  Thread Stats   Avg      Stdev     Max   +/- Stdev
    Latency   942.98ms  632.28ms   3.53s    65.99%
    Req/Sec     8.71k   328.06     9.27k    64.10%
  Latency Distribution (HdrHistogram - Recorded Latency)
 50.000%  861.18ms
 75.000%    1.35s 
 90.000%    1.78s 
 99.000%    2.77s 
 99.900%    3.19s 
 99.990%    3.48s 
 99.999%    3.52s 
100.000%    3.53s 

  Detailed Percentile spectrum:
       Value   Percentile   TotalCount 1/(1-Percentile)

     100.415     0.000000           11         1.00
     156.031     0.100000        52361         1.11
     336.383     0.200000       104692         1.25
     521.983     0.300000       157055         1.43
     687.615     0.400000       209358         1.67
     861.183     0.500000       261735         2.00
     941.055     0.550000       287943         2.22
    1029.631     0.600000       314096         2.50
    1148.927     0.650000       340277         2.86
    1256.447     0.700000       366314         3.33
    1353.727     0.750000       392625         4.00
    1397.759     0.775000       405529         4.44
    1451.007     0.800000       418706         5.00
    1516.543     0.825000       431853         5.71
    1594.367     0.850000       444901         6.67
    1678.335     0.875000       457833         8.00
    1729.535     0.887500       464381         8.89
    1784.831     0.900000       471027        10.00
    1853.439     0.912500       477452        11.43
    1922.047     0.925000       484049        13.33
    2015.231     0.937500       490583        16.00
    2057.215     0.943750       493845        17.78
    2107.391     0.950000       497141        20.00
    2174.975     0.956250       500352        22.86
    2246.655     0.962500       503682        26.67
    2353.151     0.968750       506922        32.00
    2410.495     0.971875       508539        35.56
    2453.503     0.975000       510202        40.00
    2496.511     0.978125       511807        45.71
    2570.239     0.981250       513459        53.33
    2654.207     0.984375       515079        64.00
    2682.879     0.985938       515878        71.11
    2711.551     0.987500       516740        80.00
    2744.319     0.989062       517549        91.43
    2785.279     0.990625       518353       106.67
    2842.623     0.992188       519159       128.00
    2871.295     0.992969       519587       142.22
    2893.823     0.993750       519973       160.00
    2916.351     0.994531       520378       182.86
    2936.831     0.995313       520800       213.33
    2961.407     0.996094       521211       256.00
    2977.791     0.996484       521409       284.44
    2998.271     0.996875       521604       320.00
    3026.943     0.997266       521816       365.71
    3051.519     0.997656       522018       426.67
    3080.191     0.998047       522220       512.00
    3096.575     0.998242       522317       568.89
    3112.959     0.998437       522424       640.00
    3131.391     0.998633       522524       731.43
    3158.015     0.998828       522621       853.33
    3190.783     0.999023       522724      1024.00
    3209.215     0.999121       522776      1137.78
    3237.887     0.999219       522830      1280.00
    3256.319     0.999316       522879      1462.86
    3280.895     0.999414       522929      1706.67
    3311.615     0.999512       522981      2048.00
    3334.143     0.999561       523005      2275.56
    3364.863     0.999609       523031      2560.00
    3379.199     0.999658       523057      2925.71
    3395.583     0.999707       523084      3413.33
    3409.919     0.999756       523108      4096.00
    3418.111     0.999780       523124      4551.11
    3422.207     0.999805       523133      5120.00
    3434.495     0.999829       523145      5851.43
    3448.831     0.999854       523159      6826.67
    3467.263     0.999878       523174      8192.00
    3469.311     0.999890       523177      9102.22
    3475.455     0.999902       523183     10240.00
    3481.599     0.999915       523192     11702.86
    3485.695     0.999927       523196     13653.33
    3489.791     0.999939       523204     16384.00
    3493.887     0.999945       523209     18204.44
    3493.887     0.999951       523209     20480.00
    3495.935     0.999957       523212     23405.71
    3497.983     0.999963       523215     27306.67
    3502.079     0.999969       523219     32768.00
    3504.127     0.999973       523222     36408.89
    3504.127     0.999976       523222     40960.00
    3506.175     0.999979       523225     46811.43
    3506.175     0.999982       523225     54613.33
    3512.319     0.999985       523228     65536.00
    3512.319     0.999986       523228     72817.78
    3512.319     0.999988       523228     81920.00
    3516.415     0.999989       523230     93622.86
    3516.415     0.999991       523230    109226.67
    3520.511     0.999992       523231    131072.00
    3520.511     0.999993       523231    145635.56
    3520.511     0.999994       523231    163840.00
    3522.559     0.999995       523232    187245.71
    3522.559     0.999995       523232    218453.33
    3526.655     0.999996       523233    262144.00
    3526.655     0.999997       523233    291271.11
    3526.655     0.999997       523233    327680.00
    3526.655     0.999997       523233    374491.43
    3526.655     0.999998       523233    436906.67
    3530.751     0.999998       523234    524288.00
    3530.751     1.000000       523234          inf
#[Mean    =      942.977, StdDeviation   =      632.280]
#[Max     =     3528.704, Total count    =       523234]
#[Buckets =           27, SubBuckets     =         2048]
----------------------------------------------------------
  946058 requests in 30.00s, 109.17MB read
Requests/sec:  31534.61
Transfer/sec:      3.64MB
