Running 30s test @ http://10.116.0.2:8080/block?ms=100
  4 threads and 1000 connections
  Thread calibration: mean lat.: 104.367ms, rate sampling interval: 215ms
  Thread calibration: mean lat.: 104.167ms, rate sampling interval: 215ms
  Thread calibration: mean lat.: 104.398ms, rate sampling interval: 215ms
  Thread calibration: mean lat.: 104.037ms, rate sampling interval: 214ms
  Thread Stats   Avg      Stdev     Max   +/- Stdev
    Latency   103.41ms    2.24ms 122.05ms   75.10%
    Req/Sec     2.25k   124.32     2.34k    84.48%
  Latency Distribution (HdrHistogram - Recorded Latency)
 50.000%  103.04ms
 75.000%  104.51ms
 90.000%  106.18ms
 99.000%  110.91ms
 99.900%  115.33ms
 99.990%  119.10ms
 99.999%  121.09ms
100.000%  122.11ms

  Detailed Percentile spectrum:
       Value   Percentile   TotalCount 1/(1-Percentile)

     100.351     0.000000            5         1.00
     101.119     0.100000        18086         1.11
     101.503     0.200000        34407         1.25
     101.951     0.300000        50599         1.43
     102.463     0.400000        67407         1.67
     103.039     0.500000        85907         2.00
     103.295     0.550000        93890         2.22
     103.551     0.600000       101550         2.50
     103.871     0.650000       110819         2.86
     104.191     0.700000       119421         3.33
     104.511     0.750000       127301         4.00
     104.703     0.775000       131457         4.44
     104.895     0.800000       135320         5.00
     105.151     0.825000       139775         5.71
     105.407     0.850000       143752         6.67
     105.727     0.875000       147801         8.00
     105.919     0.887500       149839         8.89
     106.175     0.900000       152057        10.00
     106.431     0.912500       153781        11.43
     106.815     0.925000       155826        13.33
     107.327     0.937500       157890        16.00
     107.647     0.943750       159036        17.78
     107.967     0.950000       160076        20.00
     108.287     0.956250       161139        22.86
     108.607     0.962500       162129        26.67
     108.991     0.968750       163208        32.00
     109.183     0.971875       163776        35.56
     109.375     0.975000       164286        40.00
     109.567     0.978125       164757        45.71
     109.823     0.981250       165315        53.33
     110.079     0.984375       165769        64.00
     110.271     0.985938       166044        71.11
     110.527     0.987500       166349        80.00
     110.719     0.989062       166546        91.43
     111.039     0.990625       166851       106.67
     111.359     0.992188       167085       128.00
     111.551     0.992969       167208       142.22
     111.807     0.993750       167347       160.00
     112.063     0.994531       167467       182.86
     112.447     0.995313       167595       213.33
     112.831     0.996094       167726       256.00
     113.023     0.996484       167796       284.44
     113.215     0.996875       167860       320.00
     113.471     0.997266       167929       365.71
     113.791     0.997656       168000       426.67
     114.047     0.998047       168059       512.00
     114.303     0.998242       168095       568.89
     114.559     0.998437       168125       640.00
     114.815     0.998633       168157       731.43
     115.071     0.998828       168187       853.33
     115.391     0.999023       168225      1024.00
     115.519     0.999121       168238      1137.78
     115.647     0.999219       168253      1280.00
     115.839     0.999316       168268      1462.86
     116.031     0.999414       168285      1706.67
     116.287     0.999512       168304      2048.00
     116.415     0.999561       168312      2275.56
     116.543     0.999609       168323      2560.00
     116.607     0.999658       168328      2925.71
     116.735     0.999707       168336      3413.33
     116.991     0.999756       168343      4096.00
     117.183     0.999780       168349      4551.11
     117.247     0.999805       168352      5120.00
     117.567     0.999829       168356      5851.43
     118.527     0.999854       168359      6826.67
     118.911     0.999878       168363      8192.00
     119.103     0.999890       168366      9102.22
     119.167     0.999902       168367     10240.00
     119.231     0.999915       168369     11702.86
     119.551     0.999927       168371     13653.33
     120.063     0.999939       168374     16384.00
     120.063     0.999945       168374     18204.44
     120.191     0.999951       168375     20480.00
     120.383     0.999957       168376     23405.71
     120.575     0.999963       168377     27306.67
     120.703     0.999969       168378     32768.00
     120.831     0.999973       168379     36408.89
     120.831     0.999976       168379     40960.00
     120.895     0.999979       168380     46811.43
     120.895     0.999982       168380     54613.33
     121.087     0.999985       168381     65536.00
     121.087     0.999986       168381     72817.78
     121.087     0.999988       168381     81920.00
     121.535     0.999989       168382     93622.86
     121.535     0.999991       168382    109226.67
     121.535     0.999992       168382    131072.00
     121.535     0.999993       168382    145635.56
     121.535     0.999994       168382    163840.00
     122.111     0.999995       168383    187245.71
     122.111     1.000000       168383          inf
#[Mean    =      103.408, StdDeviation   =        2.239]
#[Max     =      122.048, Total count    =       168383]
#[Buckets =           27, SubBuckets     =         2048]
----------------------------------------------------------
  260140 requests in 30.00s, 30.02MB read
Requests/sec:   8671.13
Transfer/sec:      1.00MB
