Running 30s test @ http://10.116.0.2:8080/json
  4 threads and 256 connections
  Thread calibration: mean lat.: 1.502ms, rate sampling interval: 10ms
  Thread calibration: mean lat.: 1.438ms, rate sampling interval: 10ms
  Thread calibration: mean lat.: 1.444ms, rate sampling interval: 10ms
  Thread calibration: mean lat.: 1.494ms, rate sampling interval: 10ms
  Thread Stats   Avg      Stdev     Max   +/- Stdev
    Latency     1.46ms  714.84us  17.33ms   72.28%
    Req/Sec    15.84k     1.56k   23.11k    69.97%
  Latency Distribution (HdrHistogram - Recorded Latency)
 50.000%    1.34ms
 75.000%    1.86ms
 90.000%    2.38ms
 99.000%    3.54ms
 99.900%    6.22ms
 99.990%   10.77ms
 99.999%   14.92ms
100.000%   17.34ms

  Detailed Percentile spectrum:
       Value   Percentile   TotalCount 1/(1-Percentile)

       0.216     0.000000            1         1.00
       0.688     0.100000       118120         1.11
       0.866     0.200000       236457         1.25
       1.019     0.300000       354244         1.43
       1.177     0.400000       472550         1.67
       1.342     0.500000       590473         2.00
       1.428     0.550000       649829         2.22
       1.518     0.600000       708950         2.50
       1.616     0.650000       767604         2.86
       1.728     0.700000       826863         3.33
       1.856     0.750000       885926         4.00
       1.926     0.775000       915273         4.44
       2.001     0.800000       944849         5.00
       2.081     0.825000       974242         5.71
       2.169     0.850000      1004115         6.67
       2.267     0.875000      1033649         8.00
       2.321     0.887500      1048486         8.89
       2.379     0.900000      1063102        10.00
       2.441     0.912500      1077501        11.43
       2.511     0.925000      1092244        13.33
       2.591     0.937500      1107076        16.00
       2.635     0.943750      1114392        17.78
       2.687     0.950000      1121989        20.00
       2.745     0.956250      1129262        22.86
       2.815     0.962500      1136655        26.67
       2.903     0.968750      1143985        32.00
       2.955     0.971875      1147620        35.56
       3.013     0.975000      1151305        40.00
       3.081     0.978125      1154988        45.71
       3.159     0.981250      1158708        53.33
       3.265     0.984375      1162390        64.00
       3.331     0.985938      1164210        71.11
       3.405     0.987500      1166054        80.00
       3.487     0.989062      1167894        91.43
       3.571     0.990625      1169719       106.67
       3.665     0.992188      1171565       128.00
       3.719     0.992969      1172494       142.22
       3.783     0.993750      1173414       160.00
       3.871     0.994531      1174341       182.86
       3.993     0.995313      1175252       213.33
       4.167     0.996094      1176192       256.00
       4.291     0.996484      1176636       284.44
       4.439     0.996875      1177100       320.00
       4.611     0.997266      1177559       365.71
       4.835     0.997656      1178023       426.67
       5.115     0.998047      1178484       512.00
       5.303     0.998242      1178717       568.89
       5.507     0.998437      1178943       640.00
       5.699     0.998633      1179172       731.43
       5.943     0.998828      1179406       853.33
       6.259     0.999023      1179636      1024.00
       6.411     0.999121      1179749      1137.78
       6.583     0.999219      1179864      1280.00
       6.783     0.999316      1179980      1462.86
       7.027     0.999414      1180095      1706.67
       7.319     0.999512      1180211      2048.00
       7.507     0.999561      1180268      2275.56
       7.703     0.999609      1180326      2560.00
       8.011     0.999658      1180385      2925.71
       8.287     0.999707      1180444      3413.33
       8.711     0.999756      1180499      4096.00
       8.967     0.999780      1180527      4551.11
       9.255     0.999805      1180556      5120.00
       9.559     0.999829      1180586      5851.43
       9.855     0.999854      1180614      6826.67
      10.183     0.999878      1180642      8192.00
      10.455     0.999890      1180657      9102.22
      10.783     0.999902      1180671     10240.00
      11.063     0.999915      1180686     11702.86
      11.559     0.999927      1180700     13653.33
      11.903     0.999939      1180714     16384.00
      12.287     0.999945      1180722     18204.44
      12.727     0.999951      1180729     20480.00
      12.967     0.999957      1180736     23405.71
      13.231     0.999963      1180743     27306.67
      13.655     0.999969      1180750     32768.00
      13.887     0.999973      1180754     36408.89
      14.023     0.999976      1180758     40960.00
      14.263     0.999979      1180761     46811.43
      14.391     0.999982      1180765     54613.33
      14.599     0.999985      1180768     65536.00
      14.775     0.999986      1180771     72817.78
      14.799     0.999988      1180772     81920.00
      14.919     0.999989      1180775     93622.86
      15.111     0.999991      1180776    109226.67
      15.343     0.999992      1180777    131072.00
      15.407     0.999993      1180778    145635.56
      15.495     0.999994      1180779    163840.00
      15.567     0.999995      1180780    187245.71
      15.999     0.999995      1180781    218453.33
      16.215     0.999996      1180782    262144.00
      16.215     0.999997      1180782    291271.11
      16.543     0.999997      1180783    327680.00
      16.543     0.999997      1180783    374491.43
      16.607     0.999998      1180784    436906.67
      16.607     0.999998      1180784    524288.00
      16.607     0.999998      1180784    582542.22
      17.007     0.999998      1180785    655360.00
      17.007     0.999999      1180785    748982.86
      17.007     0.999999      1180785    873813.33
      17.007     0.999999      1180785   1048576.00
      17.007     0.999999      1180785   1165084.44
      17.343     0.999999      1180786   1310720.00
      17.343     1.000000      1180786          inf
#[Mean    =        1.462, StdDeviation   =        0.715]
#[Max     =       17.328, Total count    =      1180786]
#[Buckets =           27, SubBuckets     =         2048]
----------------------------------------------------------
  1777885 requests in 30.00s, 227.20MB read
Requests/sec:  59263.23
Transfer/sec:      7.57MB
