1790891306 151456
1790891307 164040
1790891308 192696
1790891309 196108
1790891310 202948
1790891311 204836
1790891312 205440
1790891313 205660
1790891314 205660
1790891315 205664
1790891316 205684
1790891317 205688
1790891319 205692
1790891320 205724
1790891321 205748
1790891322 205748
1790891323 205748
1790891324 205756
1790891325 205844
1790891326 205844
1790891327 205844
1790891328 205864
1790891329 205868
1790891330 205896
1790891331 205956
1790891332 205960
1790891333 205984
1790891334 205992
1790891335 206000
1790891336 206004
1790891337 206076
1790891338 253020
1790891339 378116
1790891340 406560
1790891341 386852
1790891342 343724
1790891343 271084
1790891345 256540
1790891346 253636
1790891347 253692
1790891348 250604
1790891349 250632
1790891350 243368
1790891351 246520
1790891352 257968
1790891353 243452
1790891354 240360
1790891355 240412
1790891356 240444
1790891357 240492
1790891358 240528
1790891359 241056
1790891360 241092
1790891361 241124
1790891362 250396
1790891363 250420
1790891364 250464
1790891365 250240
1790891366 250268
1790891367 260828
1790891368 260856
1790891369 260856
1790891370 260860
1790891372 260872
1790891373 260872
1790891374 260872
1790891375 260872
1790891376 260872
1790891377 260872
1790891378 260872
1790891379 260872
1790891380 260872
1790891381 260872
1790891382 260872
1790891383 260872
1790891384 260872
1790891385 260876
1790891386 260876
1790891387 260876
1790891388 260876
1790891389 260880
1790891390 260888
1790891391 260888
1790891392 260892
1790891393 260892
1790891394 260892
1790891395 260892
1790891396 260892
1790891397 260688
1790891398 277576
1790891399 277576
1790891401 277588
1790891402 277588
1790891403 277588
1790891404 277592
1790891405 277600
1790891406 277604
1790891407 277604
1790891408 277604
1790891409 277604
1790891410 277604
1790891411 277604
1790891412 277604
1790891413 277604
1790891414 277604
1790891415 277604
1790891416 277608
1790891417 277608
1790891418 277608
1790891419 277612
1790891420 277612
1790891421 277616
1790891422 277616
1790891423 277644
1790891424 277648
1790891426 277648
1790891427 277648
1790891428 277696
1790891429 277712
1790891430 277720
1790891431 277720
1790891432 277720
1790891433 277720
1790891434 277724
1790891435 277724
1790891436 277724
1790891437 277724
1790891438 277728
1790891439 277728
1790891440 277728
1790891441 277732
1790891442 277732
1790891443 277732
1790891444 277732
1790891445 277732
1790891446 277732
1790891448 277776
1790891449 277776
1790891450 277780
1790891451 277780
1790891452 277780
1790891453 277780
1790891454 277780
1790891455 277780
1790891456 277780
1790891457 277796
1790891458 277844
1790891459 277852
1790891460 277852
1790891461 277852
1790891462 277852
1790891463 277852
1790891464 277852
1790891465 277852
1790891467 277852
1790891468 277852
1790891469 277856
1790891470 277860
1790891471 277864
1790891472 277872
1790891473 277876
1790891474 277876
1790891475 277876
1790891476 277876
1790891477 277876
1790891478 277880
1790891479 277880
1790891480 277880
1790891481 277884
1790891483 277888
1790891484 277892
1790891485 277892
1790891486 277892
1790891487 277892
1790891488 277912
1790891489 277920
1790891490 277928
1790891491 277928
1790891492 277932
1790891493 277932
1790891494 277932
1790891495 277932
1790891496 277932
1790891497 277932
1790891498 277936
1790891500 277948
1790891501 277948
1790891502 277948
1790891503 277948
1790891504 277952
1790891505 277952
1790891506 277956
1790891507 277960
1790891508 277960
1790891509 277968
1790891510 277968
1790891511 277972
1790891512 277972
1790891513 277984
1790891514 277984
1790891516 277988
1790891517 277988
1790891518 278020
1790891519 278028
1790891520 278028
1790891521 278028
1790891522 278028
1790891523 278028
1790891524 278032
1790891525 278036
1790891526 278036
1790891527 278040
1790891528 278040
1790891529 278040
1790891530 278044
1790891531 278044
1790891533 278052
1790891534 278052
1790891535 278052
1790891536 278052
1790891537 278052
1790891538 278056
1790891539 278056
1790891540 278060
1790891541 278060
1790891542 278064
1790891543 278068
1790891544 278072
1790891545 278072
1790891546 278076
1790891547 278100
1790891549 287708
1790891550 372496
1790891551 379788
1790891552 381588
1790891553 308596
1790891554 290876
1790891555 290912
1790891556 287816
1790891557 284716
1790891558 280568
1790891559 287268
1790891560 280636
1790891561 280912
1790891562 277824
1790891563 277856
1790891564 274756
1790891565 274780
1790891566 270648
1790891567 274844
1790891568 274892
1790891569 278024
1790891570 281180
1790891571 281204
1790891572 281236
1790891573 281256
1790891574 281272
1790891576 281300
1790891577 281316
1790891578 283624
1790891579 308708
1790891580 483544
1790891581 450488
1790891582 487792
1790891583 490028
1790891584 457020
1790891585 490244
1790891586 445960
1790891587 487840
1790891588 491128
1790891589 452752
1790891590 446960
1790891591 397000
1790891592 478096
1790891593 371708
1790891594 482628
1790891595 460304
1790891596 492536
1790891598 488808
1790891599 474432
1790891600 415620
1790891601 480472
1790891602 461364
1790891603 491020
1790891604 468444
1790891605 396992
1790891606 483740
1790891607 452188
1790891608 463692
1790891609 429780
1790891610 495148
1790891611 488804
1790891612 384752
1790891613 406580
1790891614 379576
1790891615 495020
1790891616 499484
1790891617 493908
1790891618 438156
1790891620 496048
1790891621 393836
1790891622 394464
1790891623 401568
1790891624 475472
1790891625 371592
1790891626 481692
1790891627 402356
1790891628 490508
1790891629 370956
1790891630 460472
1790891631 502680
1790891632 421476
1790891633 500224
1790891634 462768
1790891635 386676
1790891636 487948
1790891637 497328
1790891638 497996
1790891640 506084
1790891641 423836
1790891642 472744
1790891643 425464
1790891644 377752
1790891645 503988
1790891646 458376
1790891647 432196
1790891648 454528
1790891649 445372
1790891650 418312
1790891651 512484
1790891652 513444
1790891653 510672
1790891654 414964
1790891655 510888
1790891656 513524
1790891657 514800
1790891659 513696
1790891660 518256
1790891661 514728
1790891662 514764
1790891663 514068
1790891664 511748
1790891665 475768
1790891666 485032
1790891667 467992
