Running 30s test @ http://10.116.0.2:8080/json
  4 threads and 256 connections
  Thread calibration: mean lat.: 32.484ms, rate sampling interval: 200ms
  Thread calibration: mean lat.: 48.286ms, rate sampling interval: 269ms
  Thread calibration: mean lat.: 48.242ms, rate sampling interval: 260ms
  Thread calibration: mean lat.: 50.014ms, rate sampling interval: 224ms
  Thread Stats   Avg      Stdev     Max   +/- Stdev
    Latency    25.08ms  110.04ms   1.64s    95.99%
    Req/Sec    20.07k   635.40    23.22k    71.47%
  Latency Distribution (HdrHistogram - Recorded Latency)
 50.000%    1.38ms
 75.000%    2.51ms
 90.000%   39.68ms
 99.000%  578.05ms
 99.900%    1.35s 
 99.990%    1.56s 
 99.999%    1.64s 
100.000%    1.64s 

  Detailed Percentile spectrum:
       Value   Percentile   TotalCount 1/(1-Percentile)

       0.219     0.000000            1         1.00
       0.692     0.100000       157678         1.11
       0.878     0.200000       315724         1.25
       1.034     0.300000       473477         1.43
       1.192     0.400000       630541         1.67
       1.381     0.500000       788068         2.00
       1.491     0.550000       866891         2.22
       1.614     0.600000       946163         2.50
       1.759     0.650000      1024945         2.86
       1.990     0.700000      1103358         3.33
       2.513     0.750000      1182215         4.00
       3.113     0.775000      1221588         4.44
       4.431     0.800000      1260911         5.00
       7.323     0.825000      1300331         5.71
      15.079     0.850000      1339716         6.67
      26.911     0.875000      1379154         8.00
      32.959     0.887500      1398903         8.89
      39.679     0.900000      1418609        10.00
      46.751     0.912500      1438237        11.43
      56.127     0.925000      1457953        13.33
      65.791     0.937500      1477765        16.00
      72.063     0.943750      1487478        17.78
      84.735     0.950000      1497379        20.00
     111.743     0.956250      1507177        22.86
     154.367     0.962500      1517053        26.67
     211.967     0.968750      1526877        32.00
     246.783     0.971875      1531807        35.56
     285.439     0.975000      1536744        40.00
     327.679     0.978125      1541667        45.71
     377.599     0.981250      1546583        53.33
     430.335     0.984375      1551510        64.00
     466.687     0.985938      1553972        71.11
     507.391     0.987500      1556439        80.00
     548.863     0.989062      1558919        91.43
     599.039     0.990625      1561373       106.67
     663.551     0.992188      1563830       128.00
     707.583     0.992969      1565054       142.22
     760.831     0.993750      1566281       160.00
     819.199     0.994531      1567517       182.86
     881.151     0.995313      1568749       213.33
     941.055     0.996094      1569976       256.00
     968.703     0.996484      1570594       284.44
    1008.127     0.996875      1571209       320.00
    1073.151     0.997266      1571829       365.71
    1145.855     0.997656      1572440       426.67
    1221.631     0.998047      1573056       512.00
    1250.303     0.998242      1573363       568.89
    1284.095     0.998437      1573676       640.00
    1309.695     0.998633      1573983       731.43
    1329.151     0.998828      1574287       853.33
    1351.679     0.999023      1574596      1024.00
    1361.919     0.999121      1574759      1137.78
    1373.183     0.999219      1574910      1280.00
    1383.423     0.999316      1575056      1462.86
    1399.807     0.999414      1575211      1706.67
    1417.215     0.999512      1575374      2048.00
    1424.383     0.999561      1575444      2275.56
    1432.575     0.999609      1575516      2560.00
    1451.007     0.999658      1575595      2925.71
    1472.511     0.999707      1575672      3413.33
    1492.991     0.999756      1575749      4096.00
    1503.231     0.999780      1575786      4551.11
    1515.519     0.999805      1575824      5120.00
    1526.783     0.999829      1575868      5851.43
    1531.903     0.999854      1575900      6826.67
    1539.071     0.999878      1575938      8192.00
    1549.311     0.999890      1575958      9102.22
    1558.527     0.999902      1575978     10240.00
    1565.695     0.999915      1575999     11702.86
    1572.863     0.999927      1576020     13653.33
    1575.935     0.999939      1576037     16384.00
    1583.103     0.999945      1576045     18204.44
    1590.271     0.999951      1576056     20480.00
    1595.391     0.999957      1576063     23405.71
    1599.487     0.999963      1576077     27306.67
    1600.511     0.999969      1576082     32768.00
    1604.607     0.999973      1576087     36408.89
    1608.703     0.999976      1576092     40960.00
    1614.847     0.999979      1576097     46811.43
    1623.039     0.999982      1576102     54613.33
    1632.255     0.999985      1576106     65536.00
    1634.303     0.999986      1576109     72817.78
    1637.375     0.999988      1576111     81920.00
    1641.471     0.999989      1576116     93622.86
    1641.471     0.999991      1576116    109226.67
    1642.495     0.999992      1576121    131072.00
    1642.495     0.999993      1576121    145635.56
    1642.495     0.999994      1576121    163840.00
    1643.519     0.999995      1576123    187245.71
    1643.519     0.999995      1576123    218453.33
    1644.543     0.999996      1576130    262144.00
    1644.543     1.000000      1576130          inf
#[Mean    =       25.084, StdDeviation   =      110.039]
#[Max     =     1643.520, Total count    =      1576130]
#[Buckets =           27, SubBuckets     =         2048]
----------------------------------------------------------
  2369972 requests in 30.00s, 302.86MB read
Requests/sec:  78999.86
Transfer/sec:     10.10MB
