Linux 6.8.0-142-generic (cafeai-bench-server) 	10/01/26 	_x86_64_	(4 CPU)

21:30:09     CPU    %usr   %nice    %sys %iowait    %irq   %soft  %steal  %guest  %gnice   %idle
21:30:10     all   35.50    0.00    2.50    0.25    0.00    0.75    0.00    0.00    0.00   61.00
21:30:11     all   84.50    0.00    9.25    0.00    0.00    4.75    0.00    0.00    0.00    1.50
21:30:12     all   82.16    0.00   11.31    0.00    0.00    5.78    0.00    0.00    0.00    0.75
21:30:13     all   79.50    0.00   12.25    0.00    0.00    7.00    0.00    0.00    0.00    1.25
21:30:14     all   76.87    0.00   12.44    0.00    0.00    7.71    0.25    0.00    0.00    2.74
21:30:15     all   70.50    0.00   17.50    0.00    0.00   10.00    0.00    0.00    0.00    2.00
21:30:16     all   31.67    0.00   12.97    0.00    0.00    4.49    0.00    0.00    0.00   50.87
21:30:17     all    9.16    0.00    8.90    0.00    0.00    2.09    0.00    0.00    0.00   79.84
21:30:18     all    7.85    0.00    8.38    0.00    0.00    2.62    0.00    0.00    0.00   81.15
21:30:19     all    7.41    0.00    7.67    0.00    0.00    2.65    0.53    0.00    0.00   81.75
21:30:20     all    7.51    0.00    7.77    0.00    0.00    2.68    0.27    0.00    0.00   81.77
21:30:21     all    8.27    0.00    7.47    0.00    0.00    2.40    0.00    0.00    0.00   81.87
21:30:22     all    7.77    0.00    7.24    0.00    0.00    2.41    0.00    0.00    0.00   82.57
21:30:23     all    7.73    0.00    7.47    0.00    0.00    1.87    0.00    0.00    0.00   82.93
21:30:24     all    7.30    0.00    7.57    0.00    0.00    1.89    0.54    0.00    0.00   82.70
21:30:25     all    7.80    0.00    7.53    0.00    0.00    2.42    0.27    0.00    0.00   81.99
21:30:26     all    7.98    0.00    7.71    0.00    0.00    2.13    0.00    0.00    0.00   82.18
21:30:27     all    7.73    0.00    8.00    0.00    0.00    1.87    0.27    0.00    0.00   82.13
21:30:28     all    7.69    0.00    6.59    0.00    0.00    2.20    0.00    0.00    0.00   83.52
21:30:29     all    7.03    0.00    7.84    0.00    0.00    2.16    0.00    0.00    0.00   82.97
21:30:30     all    7.24    0.00    7.24    0.27    0.00    2.14    0.27    0.00    0.00   82.84
21:30:31     all    7.26    0.00    6.99    0.00    0.00    1.88    0.27    0.00    0.00   83.60
21:30:32     all    6.22    0.00    7.84    0.00    0.00    2.16    0.00    0.00    0.00   83.78
21:30:33     all    7.63    0.00    6.27    0.00    0.00    2.18    0.00    0.00    0.00   83.92
21:30:34     all    6.70    0.00    7.51    0.00    0.00    2.41    0.27    0.00    0.00   83.11
21:30:35     all    6.06    0.00    5.79    0.00    0.00    2.20    0.00    0.00    0.00   85.95
21:30:36     all    6.70    0.00    6.70    0.00    0.00    2.95    0.54    0.00    0.00   83.11
21:30:37     all    6.35    0.00    6.08    0.00    0.00    1.93    0.00    0.00    0.00   85.64
21:30:38     all    5.74    0.00    6.83    0.00    0.00    2.73    0.27    0.00    0.00   84.43
21:30:39     all    6.25    0.00    7.34    0.00    0.00    2.17    0.00    0.00    0.00   84.24
21:30:40     all    6.86    0.00    4.49    0.00    0.00    1.06    0.00    0.00    0.00   87.60
21:30:41     all   31.08    0.00    2.26    0.00    0.00    1.50    0.00    0.00    0.00   65.16
21:30:42     all   80.40    0.00   10.30    0.00    0.00    4.77    0.00    0.00    0.00    4.52
21:30:43     all   73.12    0.00   11.31    0.00    0.00    4.52    0.00    0.00    0.00   11.06
21:30:44     all   76.38    0.00   14.82    0.00    0.00    4.27    0.00    0.00    0.00    4.52
21:30:45     all   73.68    0.00   15.29    0.00    0.00    4.51    0.00    0.00    0.00    6.52
21:30:46     all   72.80    0.00   16.37    0.00    0.00    4.28    0.25    0.00    0.00    6.30
21:30:47     all   70.60    0.00   15.33    0.00    0.00    4.27    0.00    0.00    0.00    9.80
21:30:48     all   67.25    0.00   12.85    0.00    0.00    3.78    0.00    0.00    0.00   16.12
21:30:49     all   46.46    0.00   12.63    0.00    0.00    4.04    0.00    0.00    0.00   36.87
21:30:50     all   19.55    0.00   10.78    0.00    0.00    4.26    0.75    0.00    0.00   64.66
21:30:51     all   18.48    0.00   11.14    0.00    0.00    3.29    0.00    0.00    0.00   67.09
21:30:52     all   19.90    0.00    9.57    0.00    0.00    3.78    0.00    0.00    0.00   66.75
21:30:53     all   17.56    0.00    9.16    0.00    0.00    3.31    0.00    0.00    0.00   69.97
21:30:54     all   18.50    0.00    9.75    0.00    0.00    3.25    0.00    0.00    0.00   68.50
21:30:55     all   15.95    0.00   10.13    0.00    0.00    3.04    0.00    0.00    0.00   70.89
21:30:56     all   16.08    0.00   11.06    0.00    0.00    3.27    0.00    0.00    0.00   69.60
21:30:57     all   13.82    0.00   10.05    0.00    0.00    3.27    0.00    0.00    0.00   72.86
21:30:58     all   14.39    0.00    9.34    0.00    0.00    3.54    0.00    0.00    0.00   72.73
21:30:59     all   18.32    0.00    9.67    0.00    0.00    2.80    0.00    0.00    0.00   69.21
21:31:00     all   17.04    0.00   10.03    0.00    0.00    3.26    0.00    0.00    0.00   69.67
21:31:01     all   17.21    0.00   10.47    0.00    0.00    3.49    0.00    0.00    0.00   68.83
21:31:02     all   17.50    0.00    9.25    0.00    0.00    4.00    0.25    0.00    0.00   69.00
21:31:03     all   14.90    0.00   10.35    0.00    0.00    3.03    0.25    0.00    0.00   71.46
21:31:04     all   11.65    0.00    9.11    0.00    0.00    3.80    0.51    0.00    0.00   74.94
21:31:05     all   12.69    0.00    9.45    0.00    0.00    3.48    0.00    0.00    0.00   74.38
21:31:06     all   11.99    0.00    9.44    0.00    0.00    2.81    0.00    0.00    0.00   75.77
21:31:07     all   13.43    0.00    9.70    0.00    0.00    3.48    0.00    0.00    0.00   73.38
21:31:08     all   12.12    0.00    9.60    0.00    0.00    3.54    0.00    0.00    0.00   74.75
21:31:09     all   11.31    0.00    9.80    0.00    0.00    3.77    0.00    0.00    0.00   75.13
21:31:10     all   31.16    0.00    9.30    0.00    0.00    3.77    0.00    0.00    0.00   55.78
21:31:11     all    8.83    0.00    6.27    0.00    0.00    1.99    0.00    0.00    0.00   82.91
21:31:12     all    4.58    0.00    5.44    0.00    0.00    2.01    0.00    0.00    0.00   87.97
21:31:13     all    4.87    0.00    6.02    0.00    0.00    1.43    0.29    0.00    0.00   87.39
21:31:14     all    4.37    0.00    5.25    0.00    0.00    1.17    0.00    0.00    0.00   89.21
21:31:15     all    4.58    0.00    5.73    0.00    0.00    1.43    0.57    0.00    0.00   87.68
21:31:16     all    5.22    0.00    5.22    0.00    0.00    1.45    0.00    0.00    0.00   88.12
21:31:17     all    4.13    0.00    3.83    0.00    0.00    1.77    0.29    0.00    0.00   89.97
21:31:18     all    4.94    0.00    4.94    0.00    0.00    1.45    0.00    0.00    0.00   88.66
21:31:19     all    4.60    0.00    4.89    0.00    0.00    2.01    0.00    0.00    0.00   88.51
21:31:20     all    5.20    0.00    4.91    0.00    0.00    1.16    0.00    0.00    0.00   88.73
21:31:21     all    4.86    0.00    4.86    0.00    0.00    1.14    0.00    0.00    0.00   89.14
21:31:22     all    5.44    0.00    4.58    0.00    0.00    1.43    0.57    0.00    0.00   87.97
21:31:23     all    3.52    0.00    4.99    0.00    0.00    1.17    0.00    0.00    0.00   90.32
21:31:24     all    5.70    0.00    5.13    0.00    0.00    1.71    0.00    0.00    0.00   87.46
21:31:25     all    4.35    0.00    4.93    0.00    0.00    1.16    0.29    0.00    0.00   89.28
21:31:26     all    5.26    0.00    4.09    0.00    0.00    1.46    0.00    0.00    0.00   89.18
21:31:27     all    4.58    0.00    5.16    0.00    0.00    2.01    0.29    0.00    0.00   87.97
21:31:28     all    3.57    0.00    3.87    0.00    0.00    1.19    0.30    0.00    0.00   91.07
21:31:29     all    3.88    0.00    4.18    0.00    0.00    0.90    0.30    0.00    0.00   90.75
21:31:30     all    4.96    0.00    5.25    0.00    0.00    1.17    0.00    0.00    0.00   88.63
21:31:31     all    3.20    0.00    5.23    0.58    0.00    1.74    0.00    0.00    0.00   89.24
21:31:32     all    4.68    0.00    4.39    0.00    0.00    1.46    0.00    0.00    0.00   89.47
21:31:33     all    4.64    0.00    5.22    0.00    0.00    1.16    0.00    0.00    0.00   88.99
21:31:34     all    4.14    0.00    4.14    0.00    0.00    1.48    0.30    0.00    0.00   89.94
21:31:35     all    3.79    0.00    4.96    0.00    0.00    1.46    0.29    0.00    0.00   89.50
21:31:36     all    4.41    0.00    3.82    0.00    0.00    1.18    0.59    0.00    0.00   90.00
21:31:37     all    3.55    0.00    4.44    0.00    0.00    1.78    0.00    0.00    0.00   90.24
21:31:38     all    4.14    0.00    3.85    0.00    0.00    1.48    0.00    0.00    0.00   90.53
21:31:39     all    3.86    0.00    4.45    0.00    0.00    1.19    0.00    0.00    0.00   90.50
21:31:40     all   17.75    0.00    5.35    0.00    0.00    2.25    0.00    0.00    0.00   74.65
21:31:41     all   18.83    0.00   16.63    0.00    0.00    4.16    0.00    0.00    0.00   60.39
21:31:42     all   17.40    0.00   15.93    0.00    0.00    5.39    0.25    0.00    0.00   61.03
21:31:43     all   16.24    0.00   17.27    0.00    0.00    3.61    0.52    0.00    0.00   62.37
21:31:44     all   17.68    0.00   16.67    0.00    0.00    4.80    0.00    0.00    0.00   60.86
21:31:45     all   18.87    0.00   17.16    0.00    0.00    4.90    0.25    0.00    0.00   58.82
21:31:46     all   16.32    0.00   16.32    0.00    0.00    3.95    0.00    0.00    0.00   63.42
21:31:47     all   15.87    0.00   16.40    0.00    0.00    4.23    0.00    0.00    0.00   63.49
21:31:48     all   16.71    0.00   15.90    0.00    0.00    3.23    0.27    0.00    0.00   63.88
21:31:49     all   15.20    0.00   15.20    0.00    0.00    5.07    0.27    0.00    0.00   64.27
21:31:50     all   16.11    0.00   15.28    0.00    0.00    3.89    0.00    0.00    0.00   64.72
21:31:51     all   17.97    0.00   16.46    0.00    0.00    4.05    0.00    0.00    0.00   61.52
21:31:52     all   16.31    0.00   15.51    0.00    0.00    3.74    0.00    0.00    0.00   64.44
21:31:53     all   14.85    0.00   15.13    0.00    0.00    3.92    0.28    0.00    0.00   65.83
21:31:54     all   16.84    0.00   15.51    0.00    0.00    4.01    0.00    0.00    0.00   63.64
21:31:55     all   18.18    0.00   16.10    0.00    0.00    3.90    0.00    0.00    0.00   61.82
21:31:56     all   15.18    0.00   16.53    0.00    0.00    4.07    0.27    0.00    0.00   63.96
21:31:57     all   16.34    0.00   14.68    0.00    0.00    4.43    0.55    0.00    0.00   63.99
21:31:58     all   15.43    0.00   15.98    0.00    0.00    3.58    0.00    0.00    0.00   65.01
21:31:59     all   17.77    0.00   16.75    0.00    0.00    4.31    0.00    0.00    0.00   61.17
21:32:00     all   17.11    0.00   16.05    0.00    0.00    3.68    0.00    0.00    0.00   63.16
21:32:01     all   16.35    0.00   15.01    0.00    0.00    3.75    0.27    0.00    0.00   64.61
21:32:02     all   16.08    0.00   15.80    0.00    0.00    4.09    0.00    0.00    0.00   64.03
21:32:03     all   17.43    0.00   15.01    0.00    0.00    4.83    0.00    0.00    0.00   62.73
21:32:04     all   15.95    0.00   16.49    0.00    0.00    4.32    0.54    0.00    0.00   62.70
21:32:05     all   15.82    0.00   14.69    0.00    0.00    3.39    0.28    0.00    0.00   65.82
21:32:06     all   15.66    0.00   15.11    0.00    0.00    3.57    0.00    0.00    0.00   65.66
21:32:07     all   15.82    0.00   15.82    0.00    0.00    3.49    0.00    0.00    0.00   64.88
21:32:08     all   15.90    0.00   15.63    0.00    0.00    4.04    0.00    0.00    0.00   64.42
21:32:09     all   14.96    0.00   15.24    0.00    0.00    3.60    0.28    0.00    0.00   65.93
21:32:10     all   19.15    0.00   10.99    0.00    0.00    2.54    0.00    0.00    0.00   67.32
21:32:11     all   15.58    0.00   14.82    0.00    0.00    5.78    0.25    0.00    0.00   63.57
21:32:12     all   28.12    0.00   25.16    0.00    0.00   11.63    0.21    0.00    0.00   34.88
21:32:13     all   28.51    0.00   23.90    0.00    0.00   12.06    0.22    0.00    0.00   35.31
21:32:14     all   27.62    0.00   25.05    0.00    0.00   13.06    0.00    0.00    0.00   34.26
21:32:15     all   28.81    0.00   24.43    0.00    0.00   12.32    0.00    0.00    0.00   34.45
21:32:16     all   28.81    0.00   24.79    0.00    0.00   12.08    0.21    0.00    0.00   34.11
21:32:17     all   28.24    0.00   25.48    0.00    0.00   11.89    0.21    0.00    0.00   34.18
21:32:18     all   27.43    0.00   25.11    0.00    0.00   12.87    0.21    0.00    0.00   34.39
21:32:19     all   28.43    0.00   24.95    0.00    0.00   12.88    0.00    0.00    0.00   33.74
21:32:20     all   26.69    0.00   25.26    0.00    0.00   14.37    0.00    0.00    0.00   33.68
21:32:21     all   27.87    0.00   25.74    0.00    0.00   11.70    0.21    0.00    0.00   34.47
21:32:22     all   27.85    0.00   25.20    0.00    0.00   13.62    0.20    0.00    0.00   33.13
21:32:23     all   27.54    0.00   24.43    0.00    0.00   13.25    0.41    0.00    0.00   34.37
21:32:24     all   27.72    0.00   25.16    0.00    0.00   12.58    0.00    0.00    0.00   34.54
21:32:25     all   27.21    0.00   25.27    0.00    0.00   12.53    0.00    0.00    0.00   34.99
21:32:26     all   30.09    0.00   24.24    0.00    0.00   12.55    0.00    0.00    0.00   33.12
21:32:27     all   27.35    0.00   25.16    0.00    0.00   13.13    0.44    0.00    0.00   33.92
21:32:28     all   27.23    0.00   26.17    0.00    0.00   12.13    0.00    0.00    0.00   34.47
21:32:29     all   27.85    0.00   25.11    0.00    0.00   12.66    0.42    0.00    0.00   33.97
21:32:30     all   26.97    0.00   25.66    0.00    0.00   12.94    0.00    0.00    0.00   34.43
21:32:31     all   28.03    0.00   25.48    0.00    0.00   12.10    0.21    0.00    0.00   34.18
21:32:32     all   27.63    0.00   25.15    0.00    0.00   12.78    0.21    0.00    0.00   34.23
21:32:33     all   28.27    0.00   24.74    0.00    0.00   12.89    0.00    0.00    0.00   34.10
21:32:34     all   27.22    0.00   25.36    0.00    0.00   12.58    0.00    0.00    0.00   34.85
21:32:35     all   27.39    0.00   25.10    0.00    0.00   12.45    0.21    0.00    0.00   34.85
21:32:36     all   26.96    0.00   25.48    0.00    0.00   12.53    0.00    0.00    0.00   35.03
21:32:37     all   28.40    0.00   24.69    0.00    0.00   12.35    0.62    0.00    0.00   33.95
21:32:38     all   27.64    0.00   25.11    0.00    0.00   12.24    0.00    0.00    0.00   35.02
21:32:39     all   27.29    0.00   26.25    0.00    0.00   11.88    0.00    0.00    0.00   34.58
21:32:40     all   24.51    0.00   22.13    0.00    0.00   11.06    0.22    0.00    0.00   42.08
21:32:41     all   33.04    0.00   27.57    0.00    0.00   17.07    0.00    0.00    0.00   22.32
21:32:42     all   32.54    0.00   29.28    0.00    0.00   16.70    0.43    0.00    0.00   21.04
21:32:43     all   33.04    0.00   29.69    0.00    0.00   17.41    0.00    0.00    0.00   19.87
21:32:44     all   34.43    0.00   28.51    0.00    0.00   17.11    0.00    0.00    0.00   19.96
21:32:45     all   32.97    0.00   30.13    0.00    0.00   16.81    0.00    0.00    0.00   20.09
21:32:46     all   35.31    0.00   30.26    0.00    0.00   17.32    0.22    0.00    0.00   16.89
21:32:47     all   34.06    0.00   29.93    0.00    0.00   16.05    0.22    0.00    0.00   19.74
21:32:48     all   34.33    0.00   29.83    0.00    0.00   15.67    0.21    0.00    0.00   19.96
21:32:49     all   35.43    0.00   29.82    0.00    0.00   18.39    0.00    0.00    0.00   16.37
21:32:50     all   33.41    0.00   30.73    0.00    0.00   17.82    0.00    0.00    0.00   18.04
21:32:51     all   37.00    0.00   31.61    0.00    0.00   14.57    0.00    0.00    0.00   16.82
21:32:52     all   33.48    0.00   31.10    0.00    0.00   15.55    0.43    0.00    0.00   19.44
21:32:53     all   32.97    0.00   30.15    0.00    0.00   16.27    0.22    0.00    0.00   20.39
21:32:54     all   33.48    0.00   30.65    0.00    0.00   16.30    0.00    0.00    0.00   19.57
21:32:55     all   33.91    0.00   29.59    0.00    0.00   16.20    0.00    0.00    0.00   20.30
21:32:56     all   35.27    0.00   30.80    0.00    0.00   18.08    0.22    0.00    0.00   15.62
21:32:57     all   35.06    0.00   31.46    0.00    0.00   18.43    0.22    0.00    0.00   14.83
21:32:58     all   33.70    0.00   30.62    0.00    0.00   14.54    0.22    0.00    0.00   20.93
21:32:59     all   36.24    0.00   31.10    0.00    0.00   16.33    0.00    0.00    0.00   16.33
21:33:00     all   33.56    0.00   32.43    0.00    0.00   15.87    0.00    0.00    0.00   18.14
21:33:01     all   34.29    0.00   30.31    0.00    0.00   15.71    0.22    0.00    0.00   19.47
21:33:02     all   35.21    0.00   30.47    0.00    0.00   15.58    0.00    0.00    0.00   18.74
21:33:03     all   35.57    0.00   31.10    0.00    0.00   18.34    0.00    0.00    0.00   14.99
21:33:04     all   34.29    0.00   30.31    0.00    0.00   16.81    0.22    0.00    0.00   18.36
21:33:05     all   33.56    0.00   30.14    0.00    0.00   18.26    0.00    0.00    0.00   18.04
21:33:06     all   32.49    0.00   27.88    0.00    0.00   19.92    0.21    0.00    0.00   19.50
21:33:07     all   32.54    0.00   28.88    0.00    0.00   18.10    0.43    0.00    0.00   20.04
21:33:08     all   33.19    0.00   27.77    0.00    0.00   19.31    0.00    0.00    0.00   19.74
21:33:09     all   33.33    0.00   29.17    0.00    0.00   17.54    0.22    0.00    0.00   19.74
21:33:10     all   31.37    0.00   26.14    0.00    0.00   14.38    0.00    0.00    0.00   28.10
21:33:11     all   34.38    0.00   30.51    0.00    0.00   17.68    0.00    0.00    0.00   17.43
21:33:12     all   34.89    0.00   30.44    0.00    0.00   19.91    0.00    0.00    0.00   14.75
21:33:13     all   35.06    0.00   31.29    0.00    0.00   21.41    0.24    0.00    0.00   12.00
21:33:14     all   36.84    0.00   34.21    0.00    0.00   17.46    0.24    0.00    0.00   11.24
21:33:15     all   37.71    0.00   33.17    0.00    0.00   17.66    0.24    0.00    0.00   11.22
21:33:16     all   38.79    0.00   31.78    0.00    0.00   17.99    0.00    0.00    0.00   11.45
21:33:17     all   37.92    0.00   34.54    0.00    0.00   16.91    0.24    0.00    0.00   10.39
21:33:18     all   39.36    0.00   33.50    0.00    0.00   16.14    0.24    0.00    0.00   10.76
21:33:19     all   38.35    0.00   36.17    0.00    0.00   16.99    0.00    0.00    0.00    8.50
21:33:20     all   38.81    0.00   35.07    0.00    0.00   16.67    0.00    0.00    0.00    9.45
21:33:21     all   37.85    0.00   33.50    0.00    0.00   19.95    0.00    0.00    0.00    8.70
21:33:22     all   39.13    0.00   34.53    0.00    0.00   17.65    0.26    0.00    0.00    8.44
21:33:23     all   37.15    0.00   34.10    0.00    0.00   18.32    0.00    0.00    0.00   10.43
21:33:24     all   39.39    0.00   34.60    0.00    0.00   15.91    0.25    0.00    0.00    9.85
21:33:25     all   38.58    0.00   33.50    0.00    0.00   18.02    0.00    0.00    0.00    9.90
21:33:26     all   36.18    0.00   34.63    0.00    0.00   18.60    0.26    0.00    0.00   10.34
21:33:27     all   37.91    0.00   33.08    0.00    0.00   18.58    0.00    0.00    0.00   10.43
21:33:28     all   38.01    0.00   33.16    0.00    0.00   18.88    0.26    0.00    0.00    9.69
21:33:29     all   35.99    0.00   32.90    0.00    0.00   20.31    0.00    0.00    0.00   10.80
21:33:30     all   36.71    0.00   33.67    0.00    0.00   19.49    0.00    0.00    0.00   10.13
21:33:31     all   37.37    0.00   32.47    0.00    0.00   19.59    0.00    0.00    0.00   10.57
21:33:32     all   38.52    0.00   32.91    0.00    0.00   17.35    0.51    0.00    0.00   10.71
21:33:33     all   38.29    0.00   33.00    0.00    0.00   16.88    0.00    0.00    0.00   11.84
21:33:34     all   38.30    0.00   33.16    0.00    0.00   17.99    0.00    0.00    0.00   10.54
21:33:35     all   38.62    0.00   32.48    0.00    0.00   18.41    0.26    0.00    0.00   10.23
21:33:36     all   39.13    0.00   32.48    0.00    0.00   18.41    0.00    0.00    0.00    9.97
21:33:37     all   37.60    0.00   32.23    0.00    0.00   19.95    0.26    0.00    0.00    9.97
21:33:38     all   37.56    0.00   32.99    0.00    0.00   19.29    0.00    0.00    0.00   10.15
21:33:39     all   38.40    0.00   32.22    0.00    0.00   19.85    0.26    0.00    0.00    9.28
21:33:40     all   34.42    0.00   27.64    0.00    0.00   16.33    0.25    0.00    0.00   21.36
21:33:41     all   36.51    0.00   29.71    0.00    0.00   17.91    0.00    0.00    0.00   15.87
21:33:42     all   38.11    0.00   32.74    0.00    0.00   19.44    0.26    0.00    0.00    9.46
21:33:43     all   39.03    0.00   33.67    0.00    0.00   18.37    0.00    0.00    0.00    8.93
21:33:44     all   38.46    0.00   33.08    0.00    0.00   19.23    0.00    0.00    0.00    9.23
21:33:45     all   38.29    0.00   33.25    0.00    0.00   19.40    0.50    0.00    0.00    8.56
21:33:46     all   38.21    0.00   32.82    0.00    0.00   19.49    0.00    0.00    0.00    9.49
21:33:47     all   38.38    0.00   33.33    0.00    0.00   18.69    0.00    0.00    0.00    9.60
21:33:48     all   36.76    0.00   34.19    0.00    0.00   18.51    0.00    0.00    0.00   10.54
21:33:49     all   34.96    0.00   34.70    0.00    0.00   19.54    0.00    0.00    0.00   10.80
21:33:50     all   37.76    0.00   32.14    0.00    0.00   19.13    0.26    0.00    0.00   10.71
21:33:51     all   39.29    0.00   31.38    0.26    0.00   19.90    0.00    0.00    0.00    9.18
21:33:52     all   38.23    0.00   32.66    0.00    0.00   19.49    0.25    0.00    0.00    9.37
21:33:53     all   37.89    0.00   32.99    0.00    0.00   19.07    0.00    0.00    0.00   10.05
21:33:54     all   37.11    0.00   32.73    0.00    0.00   18.81    0.26    0.00    0.00   11.08
21:33:55     all   36.83    0.00   32.48    0.00    0.00   19.95    0.00    0.00    0.00   10.74
21:33:56     all   37.02    0.00   31.88    0.00    0.00   20.31    0.26    0.00    0.00   10.54
21:33:57     all   36.29    0.00   32.99    0.00    0.00   19.54    0.00    0.00    0.00   11.17
21:33:58     all   37.85    0.00   32.48    0.00    0.00   19.95    0.00    0.00    0.00    9.72
21:33:59     all   36.34    0.00   33.51    0.00    0.00   19.85    0.26    0.00    0.00   10.05
21:34:00     all   36.13    0.00   31.30    0.00    0.00   19.59    0.00    0.00    0.00   12.98
21:34:01     all   37.79    0.00   31.11    0.00    0.00   20.31    0.00    0.00    0.00   10.80
21:34:02     all   37.66    0.00   31.81    0.00    0.00   20.10    0.00    0.00    0.00   10.43
21:34:03     all   38.27    0.00   31.89    0.00    0.00   19.13    0.51    0.00    0.00   10.20
21:34:04     all   38.50    0.00   33.07    0.00    0.00   18.35    0.00    0.00    0.00   10.08
21:34:05     all   37.76    0.00   33.16    0.00    0.00   19.39    0.00    0.00    0.00    9.69
21:34:06     all   37.47    0.00   32.41    0.00    0.00   19.49    0.51    0.00    0.00   10.13
21:34:07     all   36.92    0.00   31.54    0.00    0.00   20.26    0.00    0.00    0.00   11.28
21:34:08     all   36.92    0.00   32.82    0.00    0.00   19.74    0.00    0.00    0.00   10.51
21:34:09     all   37.95    0.00   32.31    0.00    0.00   19.49    0.00    0.00    0.00   10.26
21:34:10     all   35.48    0.00   29.05    0.00    0.00   16.20    0.00    0.00    0.00   19.28
21:34:11     all    4.74    0.00    1.25    0.00    0.00    0.75    0.00    0.00    0.00   93.27
21:34:12     all   27.04    0.00    7.65    0.00    0.00    3.83    0.00    0.00    0.00   61.48
21:34:13     all   11.87    0.00    8.59    0.00    0.00    3.28    0.25    0.00    0.00   76.01
21:34:14     all   11.96    0.00    8.40    0.00    0.00    3.31    0.00    0.00    0.00   76.34
21:34:15     all   11.05    0.00    9.00    0.00    0.00    2.83    0.26    0.00    0.00   76.86
21:34:16     all   12.37    0.00    9.85    0.00    0.00    3.54    0.00    0.00    0.00   74.24
21:34:17     all   12.08    0.00    8.48    0.00    0.00    3.08    0.00    0.00    0.00   76.35
21:34:18     all   12.59    0.00    9.57    0.00    0.00    3.27    0.00    0.00    0.00   74.56
21:34:19     all   11.90    0.00    9.62    0.00    0.00    3.29    0.25    0.00    0.00   74.94
21:34:20     all   11.57    0.00    9.25    0.00    0.00    3.08    0.00    0.00    0.00   76.09
21:34:21     all   12.69    0.00    9.14    0.00    0.00    3.30    0.00    0.00    0.00   74.87
21:34:22     all   11.17    0.00    9.14    0.00    0.00    3.81    0.25    0.00    0.00   75.63
21:34:23     all   11.76    0.00   10.23    0.00    0.00    2.81    0.00    0.00    0.00   75.19
21:34:24     all   12.59    0.00    9.32    0.00    0.00    3.53    0.00    0.00    0.00   74.56
21:34:25     all   11.48    0.00    9.69    0.00    0.00    3.32    0.26    0.00    0.00   75.26
21:34:26     all   11.73    0.00    9.95    0.00    0.00    2.81    0.00    0.00    0.00   75.51
21:34:27     all   12.34    0.00    9.82    0.00    0.00    3.78    0.00    0.00    0.00   74.06
21:34:28     all   12.24    0.00    8.67    0.00    0.00    3.06    0.00    0.00    0.00   76.02
21:34:29     all   12.72    0.00    8.91    0.00    0.00    3.31    0.00    0.00    0.00   75.06
21:34:30     all   11.73    0.00    9.44    0.00    0.00    2.81    0.00    0.00    0.00   76.02
21:34:31     all   12.24    0.00    9.44    0.00    0.00    2.81    0.00    0.00    0.00   75.51
21:34:32     all   11.93    0.00    9.39    0.00    0.00    3.30    0.00    0.00    0.00   75.38
21:34:33     all   11.20    0.00    9.67    0.00    0.00    3.56    0.00    0.00    0.00   75.57
21:34:34     all   11.45    0.00    9.16    0.00    0.00    3.56    0.25    0.00    0.00   75.57
21:34:35     all   11.22    0.00    9.69    0.00    0.00    3.32    0.00    0.00    0.00   75.77
21:34:36     all   11.17    0.00    8.88    0.00    0.00    3.55    0.00    0.00    0.00   76.40
21:34:37     all   11.22    0.00    8.93    0.00    0.00    3.32    0.00    0.00    0.00   76.53
21:34:38     all   12.63    0.00    9.34    0.00    0.00    3.54    0.00    0.00    0.00   74.49
21:34:39     all   12.08    0.00    8.74    0.00    0.00    2.83    0.26    0.00    0.00   76.09
21:34:40     all   14.97    0.00    8.88    0.00    0.00    3.55    0.25    0.00    0.00   72.34
21:34:41     all    6.22    0.00    1.24    0.00    0.00    0.50    0.00    0.00    0.00   92.04
21:34:42     all   21.07    0.00   10.91    0.00    0.00    6.85    0.25    0.00    0.00   60.91
21:34:43     all   39.85    0.00   16.75    0.00    0.00    8.12    0.00    0.00    0.00   35.28
21:34:44     all   28.09    0.00   18.30    0.00    0.00    7.73    0.00    0.00    0.00   45.88
21:34:45     all   26.19    0.00   20.37    0.00    0.00    6.35    0.00    0.00    0.00   47.09
21:34:46     all   25.98    0.00   19.42    0.00    0.00    7.61    0.00    0.00    0.00   46.98
21:34:47     all   26.51    0.00   19.42    0.00    0.00    7.09    0.26    0.00    0.00   46.72
21:34:48     all   25.99    0.00   19.89    0.00    0.00    6.10    0.00    0.00    0.00   48.01
21:34:49     all   25.39    0.00   19.37    0.00    0.00    7.59    0.00    0.00    0.00   47.64
21:34:50     all   25.59    0.00   20.89    0.00    0.00    6.53    0.00    0.00    0.00   47.00
21:34:51     all   24.61    0.00   20.94    0.00    0.00    6.81    0.26    0.00    0.00   47.38
21:34:52     all   25.79    0.00   19.74    0.00    0.00    6.58    0.00    0.00    0.00   47.89
21:34:53     all   25.39    0.00   19.90    0.00    0.00    6.81    0.00    0.00    0.00   47.91
21:34:54     all   25.79    0.00   20.00    0.00    0.00    6.84    0.26    0.00    0.00   47.11
21:34:55     all   25.98    0.00   19.42    0.00    0.00    7.09    0.26    0.00    0.00   47.24
21:34:56     all   25.46    0.00   19.95    0.00    0.00    7.09    0.00    0.00    0.00   47.51
21:34:57     all   26.98    0.00   19.05    0.00    0.00    6.61    0.26    0.00    0.00   47.09
21:34:58     all   27.60    0.00   19.53    0.00    0.00    6.77    0.00    0.00    0.00   46.09
21:34:59     all   24.28    0.00   20.63    0.00    0.00    7.05    0.00    0.00    0.00   48.04
21:35:00     all   24.20    0.00   18.88    0.00    0.00    7.71    0.00    0.00    0.00   49.20
21:35:01     all   25.72    0.00   19.95    0.00    0.00    6.82    0.00    0.00    0.00   47.51
21:35:02     all   26.49    0.00   20.00    0.00    0.00    7.27    0.26    0.00    0.00   45.97
21:35:03     all   25.53    0.00   20.00    0.00    0.00    6.58    0.26    0.00    0.00   47.63
21:35:04     all   25.46    0.00   19.95    0.00    0.00    6.82    0.26    0.00    0.00   47.51
21:35:05     all   25.71    0.00   20.00    0.00    0.00    6.75    0.00    0.00    0.00   47.53
21:35:06     all   25.66    0.00   19.05    0.00    0.00    7.14    0.26    0.00    0.00   47.88
21:35:07     all   26.84    0.00   20.26    0.00    0.00    7.11    0.00    0.00    0.00   45.79
21:35:08     all   24.15    0.00   21.00    0.00    0.00    7.09    0.00    0.00    0.00   47.77
21:35:09     all   26.65    0.00   19.00    0.00    0.00    6.60    0.26    0.00    0.00   47.49
21:35:10     all   24.15    0.00   19.42    0.00    0.00    7.61    0.26    0.00    0.00   48.56
21:35:11     all    5.97    0.00    1.99    0.00    0.00    0.00    0.00    0.00    0.00   92.04
21:35:12     all   18.48    0.00   10.89    0.00    0.00    6.08    0.00    0.00    0.00   64.56
21:35:13     all   33.08    0.00   17.17    0.00    0.00    8.84    0.00    0.00    0.00   40.91
21:35:14     all   40.50    0.00   23.25    0.00    0.00    9.50    0.00    0.00    0.00   26.75
21:35:15     all   42.93    0.00   23.99    0.00    0.00    9.60    0.25    0.00    0.00   23.23
21:35:16     all   42.93    0.00   21.85    0.00    0.00   10.80    0.00    0.00    0.00   24.42
21:35:17     all   39.54    0.00   22.70    0.00    0.00   11.73    0.00    0.00    0.00   26.02
21:35:18     all   44.07    0.00   25.77    0.00    0.00   10.82    0.00    0.00    0.00   19.33
21:35:19     all   39.90    0.00   25.25    0.00    0.00    9.85    0.00    0.00    0.00   25.00
21:35:20     all   38.17    0.00   25.95    0.00    0.00   10.43    0.00    0.00    0.00   25.45
21:35:21     all   38.01    0.00   25.77    0.00    0.00   10.20    0.00    0.00    0.00   26.02
21:35:22     all   39.23    0.00   23.33    0.00    0.00   11.28    0.26    0.00    0.00   25.90
21:35:23     all   37.56    0.00   23.86    0.00    0.00   10.91    0.00    0.00    0.00   27.66
21:35:24     all   43.19    0.00   27.25    0.00    0.00   11.57    0.00    0.00    0.00   17.99
21:35:25     all   40.46    0.00   25.19    0.00    0.00   11.96    0.00    0.00    0.00   22.39
21:35:26     all   41.22    0.00   26.72    0.00    0.00   10.18    0.25    0.00    0.00   21.63
21:35:27     all   39.90    0.00   26.85    0.00    0.00   11.00    0.26    0.00    0.00   21.99
21:35:28     all   41.73    0.00   26.21    0.00    0.00   12.21    0.00    0.00    0.00   19.85
21:35:29     all   38.97    0.00   26.41    0.00    0.00   10.00    0.00    0.00    0.00   24.62
21:35:30     all   41.94    0.00   29.67    0.26    0.00   10.74    0.00    0.00    0.00   17.39
21:35:31     all   39.90    0.00   29.92    0.00    0.00   11.25    0.00    0.00    0.00   18.93
21:35:32     all   40.25    0.00   26.84    0.00    0.00   10.89    0.00    0.00    0.00   22.03
21:35:33     all   41.77    0.00   30.63    0.00    0.00   11.65    0.00    0.00    0.00   15.95
21:35:34     all   42.09    0.00   30.61    0.00    0.00   10.46    0.00    0.00    0.00   16.84
21:35:35     all   40.82    0.00   30.10    0.00    0.00   10.71    0.00    0.00    0.00   18.37
21:35:36     all   40.71    0.00   28.75    0.00    0.00   10.69    0.00    0.00    0.00   19.85
21:35:37     all   40.61    0.00   29.44    0.00    0.00    9.64    0.25    0.00    0.00   20.05
21:35:38     all   40.66    0.00   26.85    0.00    0.00   11.25    0.00    0.00    0.00   21.23
21:35:39     all   38.21    0.00   27.69    0.00    0.00   11.54    0.00    0.00    0.00   22.56
21:35:40     all   40.15    0.00   25.06    0.00    0.00   11.51    0.00    0.00    0.00   23.27
21:35:41     all   17.59    0.00    6.03    0.00    0.00    2.26    0.00    0.00    0.00   74.12
21:35:42     all   17.88    0.00   10.33    0.00    0.00    6.30    0.00    0.00    0.00   65.49
21:35:43     all   27.32    0.00   18.80    0.00    0.00    8.02    0.00    0.00    0.00   45.86
21:35:44     all   35.54    0.00   25.25    0.00    0.00    8.82    0.25    0.00    0.00   30.15
21:35:45     all   41.94    0.00   28.54    0.00    0.00   12.41    0.50    0.00    0.00   16.63
21:35:46     all   41.16    0.00   26.26    0.00    0.00   13.13    0.00    0.00    0.00   19.44
21:35:47     all   45.88    0.00   25.00    0.00    0.00   14.43    0.00    0.00    0.00   14.69
21:35:48     all   43.85    0.00   24.36    0.00    0.00   13.85    0.00    0.00    0.00   17.95
21:35:49     all   46.97    0.00   21.21    0.00    0.00   11.87    0.00    0.00    0.00   19.95
21:35:50     all   55.10    0.00   19.39    0.00    0.00   10.20    0.00    0.00    0.00   15.31
21:35:51     all   56.52    0.00   20.72    0.00    0.00    8.95    0.00    0.00    0.00   13.81
21:35:52     all   52.64    0.00   19.40    0.00    0.00    7.30    0.00    0.00    0.00   20.65
21:35:53     all   55.73    0.00   21.12    0.00    0.00   10.43    0.00    0.00    0.00   12.72
21:35:54     all   58.25    0.00   18.04    0.00    0.00    8.51    0.00    0.00    0.00   15.21
21:35:55     all   55.95    0.00   18.73    0.00    0.00   10.13    0.00    0.00    0.00   15.19
21:35:56     all   57.04    0.00   16.58    0.00    0.00    9.55    0.00    0.00    0.00   16.83
21:35:57     all   53.55    0.00   17.77    0.00    0.00    7.87    0.00    0.00    0.00   20.81
21:35:58     all   57.47    0.00   20.00    0.00    0.00    8.61    0.00    0.00    0.00   13.92
21:35:59     all   50.38    0.00   17.30    0.00    0.00    6.87    0.25    0.00    0.00   25.19
21:36:00     all   55.19    0.00   21.52    0.00    0.00    9.62    0.00    0.00    0.00   13.67
21:36:01     all   54.71    0.00   16.79    0.00    0.00    6.87    0.25    0.00    0.00   21.37
21:36:02     all   58.04    0.00   17.84    0.00    0.00    6.03    0.25    0.00    0.00   17.84
21:36:03     all   57.61    0.00   20.05    0.00    0.00    6.85    0.00    0.00    0.00   15.48
21:36:04     all   56.52    0.00   17.14    0.00    0.00    4.35    0.26    0.00    0.00   21.74
21:36:05     all   56.31    0.00   18.69    0.00    0.00    8.84    0.00    0.00    0.00   16.16
21:36:06     all   51.92    0.00   21.23    0.00    0.00    9.21    0.00    0.00    0.00   17.65
21:36:07     all   57.51    0.00   18.07    0.00    0.00    9.41    0.00    0.00    0.00   15.01
21:36:08     all   50.26    0.00   22.96    0.00    0.00    8.67    0.00    0.00    0.00   18.11
21:36:09     all   56.42    0.00   19.65    0.00    0.00    9.07    0.00    0.00    0.00   14.86
21:36:10     all   57.11    0.00   19.80    0.00    0.00    9.64    0.00    0.00    0.00   13.45
