Running 30s test @ http://10.116.0.2:8080/json
  4 threads and 256 connections
  Thread calibration: mean lat.: 1.447ms, rate sampling interval: 10ms
  Thread calibration: mean lat.: 1.286ms, rate sampling interval: 10ms
  Thread calibration: mean lat.: 1.487ms, rate sampling interval: 10ms
  Thread calibration: mean lat.: 1.327ms, rate sampling interval: 10ms
  Thread Stats   Avg      Stdev     Max   +/- Stdev
    Latency     1.33ms  605.50us  12.63ms   68.63%
    Req/Sec    10.55k     1.85k   14.80k    65.59%
  Latency Distribution (HdrHistogram - Recorded Latency)
 50.000%    1.26ms
 75.000%    1.71ms
 90.000%    2.12ms
 99.000%    3.05ms
 99.900%    4.24ms
 99.990%    6.35ms
 99.999%    8.95ms
100.000%   12.64ms

  Detailed Percentile spectrum:
       Value   Percentile   TotalCount 1/(1-Percentile)

       0.197     0.000000            1         1.00
       0.620     0.100000        78853         1.11
       0.795     0.200000       157701         1.25
       0.954     0.300000       236332         1.43
       1.107     0.400000       314892         1.67
       1.259     0.500000       393767         2.00
       1.338     0.550000       433330         2.22
       1.420     0.600000       472634         2.50
       1.507     0.650000       511664         2.86
       1.602     0.700000       551010         3.33
       1.707     0.750000       590651         4.00
       1.762     0.775000       610288         4.44
       1.821     0.800000       630041         5.00
       1.885     0.825000       649696         5.71
       1.955     0.850000       669271         6.67
       2.033     0.875000       688899         8.00
       2.077     0.887500       698734         8.89
       2.125     0.900000       708565        10.00
       2.179     0.912500       718369        11.43
       2.241     0.925000       728206        13.33
       2.313     0.937500       738062        16.00
       2.355     0.943750       743046        17.78
       2.399     0.950000       747818        20.00
       2.453     0.956250       752798        22.86
       2.513     0.962500       757677        26.67
       2.585     0.968750       762677        32.00
       2.627     0.971875       765111        35.56
       2.673     0.975000       767479        40.00
       2.729     0.978125       769991        45.71
       2.791     0.981250       772444        53.33
       2.865     0.984375       774905        64.00
       2.907     0.985938       776092        71.11
       2.957     0.987500       777363        80.00
       3.013     0.989062       778567        91.43
       3.079     0.990625       779786       106.67
       3.163     0.992188       781023       128.00
       3.211     0.992969       781641       142.22
       3.265     0.993750       782240       160.00
       3.325     0.994531       782863       182.86
       3.403     0.995313       783474       213.33
       3.491     0.996094       784091       256.00
       3.545     0.996484       784396       284.44
       3.607     0.996875       784708       320.00
       3.675     0.997266       785011       365.71
       3.753     0.997656       785316       426.67
       3.847     0.998047       785624       512.00
       3.917     0.998242       785775       568.89
       3.981     0.998437       785931       640.00
       4.075     0.998633       786082       731.43
       4.151     0.998828       786236       853.33
       4.255     0.999023       786390      1024.00
       4.311     0.999121       786467      1137.78
       4.383     0.999219       786546      1280.00
       4.451     0.999316       786619      1462.86
       4.551     0.999414       786697      1706.67
       4.663     0.999512       786772      2048.00
       4.731     0.999561       786812      2275.56
       4.795     0.999609       786849      2560.00
       4.895     0.999658       786888      2925.71
       4.999     0.999707       786926      3413.33
       5.139     0.999756       786964      4096.00
       5.207     0.999780       786984      4551.11
       5.315     0.999805       787004      5120.00
       5.479     0.999829       787022      5851.43
       5.703     0.999854       787042      6826.67
       5.935     0.999878       787060      8192.00
       6.119     0.999890       787070      9102.22
       6.351     0.999902       787080     10240.00
       6.587     0.999915       787089     11702.86
       6.827     0.999927       787099     13653.33
       6.995     0.999939       787108     16384.00
       7.095     0.999945       787113     18204.44
       7.247     0.999951       787118     20480.00
       7.327     0.999957       787124     23405.71
       7.583     0.999963       787128     27306.67
       7.883     0.999969       787132     32768.00
       7.999     0.999973       787135     36408.89
       8.075     0.999976       787137     40960.00
       8.199     0.999979       787140     46811.43
       8.647     0.999982       787142     54613.33
       8.679     0.999985       787144     65536.00
       8.783     0.999986       787146     72817.78
       8.807     0.999988       787147     81920.00
       8.951     0.999989       787148     93622.86
       9.055     0.999991       787149    109226.67
       9.359     0.999992       787150    131072.00
       9.367     0.999993       787151    145635.56
       9.527     0.999994       787152    163840.00
       9.527     0.999995       787152    187245.71
       9.903     0.999995       787153    218453.33
       9.903     0.999996       787153    262144.00
      10.023     0.999997       787154    291271.11
      10.023     0.999997       787154    327680.00
      10.023     0.999997       787154    374491.43
      12.311     0.999998       787155    436906.67
      12.311     0.999998       787155    524288.00
      12.311     0.999998       787155    582542.22
      12.311     0.999998       787155    655360.00
      12.311     0.999999       787155    748982.86
      12.639     0.999999       787156    873813.33
      12.639     1.000000       787156          inf
#[Mean    =        1.335, StdDeviation   =        0.606]
#[Max     =       12.632, Total count    =       787156]
#[Buckets =           27, SubBuckets     =         2048]
----------------------------------------------------------
  1176834 requests in 30.00s, 150.39MB read
Requests/sec:  39227.38
Transfer/sec:      5.01MB
