Running 30s test @ http://10.116.0.2:8080/block?ms=100
  4 threads and 4000 connections
  Thread calibration: mean lat.: 866.665ms, rate sampling interval: 3776ms
  Thread calibration: mean lat.: 1049.203ms, rate sampling interval: 4435ms
  Thread calibration: mean lat.: 883.468ms, rate sampling interval: 3745ms
  Thread calibration: mean lat.: 717.247ms, rate sampling interval: 3135ms
  Thread Stats   Avg      Stdev     Max   +/- Stdev
    Latency     2.64s   924.38ms   5.71s    67.14%
    Req/Sec     8.05k   295.16     8.48k    57.14%
  Latency Distribution (HdrHistogram - Recorded Latency)
 50.000%    2.61s 
 75.000%    3.25s 
 90.000%    3.89s 
 99.000%    4.74s 
 99.900%    5.14s 
 99.990%    5.48s 
 99.999%    5.71s 
100.000%    5.71s 

  Detailed Percentile spectrum:
       Value   Percentile   TotalCount 1/(1-Percentile)

     469.759     0.000000            1         1.00
    1401.855     0.100000        48482         1.11
    1851.391     0.200000        96967         1.25
    2109.439     0.300000       145556         1.43
    2367.487     0.400000       193956         1.67
    2611.199     0.500000       242447         2.00
    2734.079     0.550000       266551         2.22
    2865.151     0.600000       290808         2.50
    2979.839     0.650000       314985         2.86
    3108.863     0.700000       339212         3.33
    3254.271     0.750000       363279         4.00
    3344.383     0.775000       375586         4.44
    3442.687     0.800000       387541         5.00
    3536.895     0.825000       399751         5.71
    3641.343     0.850000       411857         6.67
    3756.031     0.875000       423963         8.00
    3817.471     0.887500       429934         8.89
    3891.199     0.900000       435885        10.00
    3971.071     0.912500       442083        11.43
    4057.087     0.925000       448026        13.33
    4151.295     0.937500       454044        16.00
    4198.399     0.943750       457308        17.78
    4247.551     0.950000       460296        20.00
    4300.799     0.956250       463204        22.86
    4358.143     0.962500       466178        26.67
    4419.583     0.968750       469357        32.00
    4448.255     0.971875       470747        35.56
    4489.215     0.975000       472283        40.00
    4534.271     0.978125       473786        45.71
    4579.327     0.981250       475254        53.33
    4632.575     0.984375       476866        64.00
    4657.151     0.985938       477544        71.11
    4685.823     0.987500       478361        80.00
    4714.495     0.989062       479046        91.43
    4759.551     0.990625       479832       106.67
    4796.415     0.992188       480600       128.00
    4820.991     0.992969       480925       142.22
    4849.663     0.993750       481309       160.00
    4878.335     0.994531       481719       182.86
    4902.911     0.995313       482112       213.33
    4927.487     0.996094       482454       256.00
    4952.063     0.996484       482625       284.44
    4976.639     0.996875       482819       320.00
    5001.215     0.997266       483024       365.71
    5021.695     0.997656       483205       426.67
    5038.079     0.998047       483370       512.00
    5050.367     0.998242       483468       568.89
    5074.943     0.998437       483563       640.00
    5099.519     0.998633       483654       731.43
    5124.095     0.998828       483747       853.33
    5144.575     0.999023       483858      1024.00
    5152.767     0.999121       483905      1137.78
    5160.959     0.999219       483947      1280.00
    5173.247     0.999316       483985      1462.86
    5206.015     0.999414       484031      1706.67
    5246.975     0.999512       484082      2048.00
    5255.167     0.999561       484103      2275.56
    5263.359     0.999609       484126      2560.00
    5283.839     0.999658       484148      2925.71
    5320.703     0.999707       484171      3413.33
    5361.663     0.999756       484195      4096.00
    5382.143     0.999780       484207      4551.11
    5406.719     0.999805       484220      5120.00
    5414.911     0.999829       484230      5851.43
    5459.967     0.999854       484243      6826.67
    5476.351     0.999878       484255      8192.00
    5480.447     0.999890       484261      9102.22
    5484.543     0.999902       484266     10240.00
    5496.831     0.999915       484271     11702.86
    5529.599     0.999927       484278     13653.33
    5545.983     0.999939       484284     16384.00
    5550.079     0.999945       484286     18204.44
    5578.751     0.999951       484289     20480.00
    5586.943     0.999957       484292     23405.71
    5599.231     0.999963       484295     27306.67
    5603.327     0.999969       484298     32768.00
    5607.423     0.999973       484299     36408.89
    5648.383     0.999976       484301     40960.00
    5681.151     0.999979       484302     46811.43
    5689.343     0.999982       484304     54613.33
    5693.439     0.999985       484305     65536.00
    5705.727     0.999986       484307     72817.78
    5705.727     0.999988       484307     81920.00
    5705.727     0.999989       484307     93622.86
    5709.823     0.999991       484310    109226.67
    5709.823     0.999992       484310    131072.00
    5709.823     0.999993       484310    145635.56
    5709.823     0.999994       484310    163840.00
    5709.823     0.999995       484310    187245.71
    5709.823     0.999995       484310    218453.33
    5713.919     0.999996       484312    262144.00
    5713.919     1.000000       484312          inf
#[Mean    =     2636.932, StdDeviation   =      924.380]
#[Max     =     5709.824, Total count    =       484312]
#[Buckets =           27, SubBuckets     =         2048]
----------------------------------------------------------
  865933 requests in 30.00s, 99.92MB read
Requests/sec:  28863.67
Transfer/sec:      3.33MB
