Running 30s test @ http://10.116.0.2:8080/block?ms=100
  4 threads and 1000 connections
  Thread calibration: mean lat.: 346.604ms, rate sampling interval: 1229ms
  Thread calibration: mean lat.: 369.000ms, rate sampling interval: 1281ms
  Thread calibration: mean lat.: 344.380ms, rate sampling interval: 1218ms
  Thread calibration: mean lat.: 361.928ms, rate sampling interval: 1274ms
  Thread Stats   Avg      Stdev     Max   +/- Stdev
    Latency   104.04ms    5.63ms 310.53ms   95.89%
    Req/Sec     2.25k    49.08     2.34k    63.79%
  Latency Distribution (HdrHistogram - Recorded Latency)
 50.000%  103.10ms
 75.000%  105.15ms
 90.000%  107.84ms
 99.000%  113.60ms
 99.900%  200.83ms
 99.990%  277.76ms
 99.999%  308.48ms
100.000%  310.78ms

  Detailed Percentile spectrum:
       Value   Percentile   TotalCount 1/(1-Percentile)

     100.351     0.000000            5         1.00
     101.183     0.100000        19310         1.11
     101.567     0.200000        34610         1.25
     102.079     0.300000        52571         1.43
     102.591     0.400000        69178         1.67
     103.103     0.500000        84391         2.00
     103.423     0.550000        92987         2.22
     103.807     0.600000       102432         2.50
     104.191     0.650000       110694         2.86
     104.575     0.700000       118035         3.33
     105.151     0.750000       126943         4.00
     105.471     0.775000       131023         4.44
     105.855     0.800000       135226         5.00
     106.303     0.825000       139351         5.71
     106.751     0.850000       143283         6.67
     107.263     0.875000       147460         8.00
     107.583     0.887500       149957         8.89
     107.839     0.900000       151821        10.00
     108.159     0.912500       154016        11.43
     108.479     0.925000       156056        13.33
     108.863     0.937500       158087        16.00
     109.055     0.943750       159033        17.78
     109.311     0.950000       160136        20.00
     109.567     0.956250       161101        22.86
     109.887     0.962500       162177        26.67
     110.335     0.968750       163321        32.00
     110.527     0.971875       163753        35.56
     110.783     0.975000       164325        40.00
     111.103     0.978125       164833        45.71
     111.487     0.981250       165334        53.33
     112.063     0.984375       165866        64.00
     112.383     0.985938       166086        71.11
     112.767     0.987500       166362        80.00
     113.279     0.989062       166640        91.43
     113.791     0.990625       166882       106.67
     114.431     0.992188       167146       128.00
     114.815     0.992969       167279       142.22
     115.199     0.993750       167419       160.00
     115.583     0.994531       167543       182.86
     116.095     0.995313       167668       213.33
     116.991     0.996094       167802       256.00
     117.439     0.996484       167875       284.44
     117.823     0.996875       167934       320.00
     118.719     0.997266       167994       365.71
     127.295     0.997656       168060       426.67
     143.871     0.998047       168125       512.00
     154.495     0.998242       168158       568.89
     165.759     0.998437       168191       640.00
     177.791     0.998633       168224       731.43
     189.183     0.998828       168257       853.33
     204.415     0.999023       168290      1024.00
     210.175     0.999121       168306      1137.78
     219.007     0.999219       168324      1280.00
     223.615     0.999316       168339      1462.86
     229.247     0.999414       168357      1706.67
     236.159     0.999512       168372      2048.00
     238.591     0.999561       168380      2275.56
     244.863     0.999609       168389      2560.00
     248.191     0.999658       168397      2925.71
     251.263     0.999707       168405      3413.33
     257.151     0.999756       168413      4096.00
     259.327     0.999780       168417      4551.11
     261.375     0.999805       168422      5120.00
     267.263     0.999829       168427      5851.43
     269.823     0.999854       168431      6826.67
     271.871     0.999878       168434      8192.00
     276.479     0.999890       168436      9102.22
     278.527     0.999902       168439     10240.00
     282.111     0.999915       168440     11702.86
     287.231     0.999927       168442     13653.33
     289.279     0.999939       168445     16384.00
     289.279     0.999945       168445     18204.44
     293.375     0.999951       168446     20480.00
     297.983     0.999957       168447     23405.71
     299.263     0.999963       168448     27306.67
     299.775     0.999969       168449     32768.00
     300.031     0.999973       168450     36408.89
     300.031     0.999976       168450     40960.00
     304.127     0.999979       168451     46811.43
     304.127     0.999982       168451     54613.33
     308.479     0.999985       168452     65536.00
     308.479     0.999986       168452     72817.78
     308.479     0.999988       168452     81920.00
     309.759     0.999989       168453     93622.86
     309.759     0.999991       168453    109226.67
     309.759     0.999992       168453    131072.00
     309.759     0.999993       168453    145635.56
     309.759     0.999994       168453    163840.00
     310.783     0.999995       168454    187245.71
     310.783     1.000000       168454          inf
#[Mean    =      104.042, StdDeviation   =        5.634]
#[Max     =      310.528, Total count    =       168454]
#[Buckets =           27, SubBuckets     =         2048]
----------------------------------------------------------
  260142 requests in 30.00s, 30.02MB read
Requests/sec:   8671.34
Transfer/sec:      1.00MB
