Running 30s test @ http://10.116.0.2:8080/json
  4 threads and 256 connections
  Thread calibration: mean lat.: 350.533ms, rate sampling interval: 2756ms
  Thread calibration: mean lat.: 385.011ms, rate sampling interval: 3016ms
  Thread calibration: mean lat.: 409.961ms, rate sampling interval: 3082ms
  Thread calibration: mean lat.: 317.748ms, rate sampling interval: 2641ms
  Thread Stats   Avg      Stdev     Max   +/- Stdev
    Latency   894.98ms    1.41s    8.08s    86.42%
    Req/Sec    25.29k     1.91k   30.48k    65.38%
  Latency Distribution (HdrHistogram - Recorded Latency)
 50.000%   70.21ms
 75.000%    1.37s 
 90.000%    2.89s 
 99.000%    6.38s 
 99.900%    7.71s 
 99.990%    7.99s 
 99.999%    8.08s 
100.000%    8.09s 

  Detailed Percentile spectrum:
       Value   Percentile   TotalCount 1/(1-Percentile)

       0.193     0.000000            1         1.00
       0.879     0.100000       199584         1.11
       1.256     0.200000       399001         1.25
       1.562     0.300000       597839         1.43
       2.145     0.400000       796882         1.67
      70.207     0.500000       996048         2.00
     287.999     0.550000      1095696         2.22
     507.135     0.600000      1195257         2.50
     750.079     0.650000      1294861         2.86
    1052.671     0.700000      1394632         3.33
    1371.135     0.750000      1494369         4.00
    1514.495     0.775000      1544181         4.44
    1697.791     0.800000      1593669         5.00
    1883.135     0.825000      1643550         5.71
    2119.679     0.850000      1693410         6.67
    2469.887     0.875000      1743196         8.00
    2676.735     0.887500      1768068         8.89
    2887.679     0.900000      1793006        10.00
    3104.767     0.912500      1817983        11.43
    3311.615     0.925000      1842685        13.33
    3551.231     0.937500      1867646        16.00
    3731.455     0.943750      1880149        17.78
    3940.351     0.950000      1892571        20.00
    4175.871     0.956250      1904999        22.86
    4395.007     0.962500      1917416        26.67
    4673.535     0.968750      1930010        32.00
    4857.855     0.971875      1936273        35.56
    5046.271     0.975000      1942319        40.00
    5300.223     0.978125      1948636        45.71
    5468.159     0.981250      1954820        53.33
    5689.343     0.984375      1961021        64.00
    5857.279     0.985938      1964076        71.11
    6053.887     0.987500      1967212        80.00
    6270.975     0.989062      1970304        91.43
    6471.679     0.990625      1973474       106.67
    6742.015     0.992188      1976528       128.00
    6889.471     0.992969      1978092       142.22
    7012.351     0.993750      1979668       160.00
    7094.271     0.994531      1981248       182.86
    7159.807     0.995313      1982839       213.33
    7241.727     0.996094      1984371       256.00
    7299.071     0.996484      1985126       284.44
    7380.991     0.996875      1985910       320.00
    7462.911     0.997266      1986658       365.71
    7528.447     0.997656      1987459       426.67
    7585.791     0.998047      1988223       512.00
    7614.463     0.998242      1988603       568.89
    7643.135     0.998437      1988983       640.00
    7675.903     0.998633      1989408       731.43
    7696.383     0.998828      1989825       853.33
    7712.767     0.999023      1990161      1024.00
    7729.151     0.999121      1990421      1137.78
    7737.343     0.999219      1990625      1280.00
    7745.535     0.999316      1990857      1462.86
    7749.631     0.999414      1990918      1706.67
    7766.015     0.999512      1991123      2048.00
    7778.303     0.999561      1991220      2275.56
    7790.591     0.999609      1991330      2560.00
    7802.879     0.999658      1991410      2925.71
    7839.743     0.999707      1991512      3413.33
    7884.799     0.999756      1991603      4096.00
    7905.279     0.999780      1991652      4551.11
    7925.759     0.999805      1991700      5120.00
    7942.143     0.999829      1991748      5851.43
    7958.527     0.999854      1991798      6826.67
    7974.911     0.999878      1991853      8192.00
    7983.103     0.999890      1991876      9102.22
    7991.295     0.999902      1991901     10240.00
    7995.391     0.999915      1991915     11702.86
    8007.679     0.999927      1991942     13653.33
    8024.063     0.999939      1991971     16384.00
    8028.159     0.999945      1991978     18204.44
    8036.351     0.999951      1991988     20480.00
    8040.447     0.999957      1991999     23405.71
    8048.639     0.999963      1992016     27306.67
    8052.735     0.999969      1992025     32768.00
    8056.831     0.999973      1992032     36408.89
    8060.927     0.999976      1992039     40960.00
    8065.023     0.999979      1992046     46811.43
    8069.119     0.999982      1992054     54613.33
    8069.119     0.999985      1992054     65536.00
    8073.215     0.999986      1992061     72817.78
    8073.215     0.999988      1992061     81920.00
    8077.311     0.999989      1992070     93622.86
    8077.311     0.999991      1992070    109226.67
    8077.311     0.999992      1992070    131072.00
    8081.407     0.999993      1992078    145635.56
    8081.407     0.999994      1992078    163840.00
    8081.407     0.999995      1992078    187245.71
    8081.407     0.999995      1992078    218453.33
    8081.407     0.999996      1992078    262144.00
    8081.407     0.999997      1992078    291271.11
    8081.407     0.999997      1992078    327680.00
    8085.503     0.999997      1992084    374491.43
    8085.503     1.000000      1992084          inf
#[Mean    =      894.975, StdDeviation   =     1410.329]
#[Max     =     8081.408, Total count    =      1992084]
#[Buckets =           27, SubBuckets     =         2048]
----------------------------------------------------------
  2895766 requests in 30.00s, 370.06MB read
Requests/sec:  96527.00
Transfer/sec:     12.34MB
