Running 30s test @ http://10.116.0.2:8080/block?ms=100
  4 threads and 1000 connections
  Thread calibration: mean lat.: 383.218ms, rate sampling interval: 1224ms
  Thread calibration: mean lat.: 379.337ms, rate sampling interval: 1209ms
  Thread calibration: mean lat.: 371.975ms, rate sampling interval: 1173ms
  Thread calibration: mean lat.: 376.904ms, rate sampling interval: 1184ms
  Thread Stats   Avg      Stdev     Max   +/- Stdev
    Latency   105.59ms   13.21ms 398.59ms   98.16%
    Req/Sec     2.25k    54.71     2.33k    58.33%
  Latency Distribution (HdrHistogram - Recorded Latency)
 50.000%  103.49ms
 75.000%  106.11ms
 90.000%  108.86ms
 99.000%  154.24ms
 99.900%  287.23ms
 99.990%  366.33ms
 99.999%  388.10ms
100.000%  398.85ms

  Detailed Percentile spectrum:
       Value   Percentile   TotalCount 1/(1-Percentile)

     100.351     0.000000            2         1.00
     101.183     0.100000        17971         1.11
     101.631     0.200000        34757         1.25
     102.207     0.300000        52339         1.43
     102.783     0.400000        67593         1.67
     103.487     0.500000        84473         2.00
     103.935     0.550000        93924         2.22
     104.319     0.600000       101388         2.50
     104.831     0.650000       110275         2.86
     105.407     0.700000       118530         3.33
     106.111     0.750000       127034         4.00
     106.495     0.775000       131128         4.44
     106.879     0.800000       135045         5.00
     107.327     0.825000       139315         5.71
     107.775     0.850000       143524         6.67
     108.287     0.875000       147974         8.00
     108.543     0.887500       149992         8.89
     108.863     0.900000       152272        10.00
     109.183     0.912500       154243        11.43
     109.567     0.925000       156299        13.33
     110.015     0.937500       158273        16.00
     110.335     0.943750       159335        17.78
     110.783     0.950000       160480        20.00
     111.359     0.956250       161464        22.86
     112.191     0.962500       162530        26.67
     113.407     0.968750       163548        32.00
     114.111     0.971875       164096        35.56
     114.943     0.975000       164598        40.00
     116.223     0.978125       165117        45.71
     118.655     0.981250       165652        53.33
     122.815     0.984375       166169        64.00
     126.975     0.985938       166433        71.11
     135.935     0.987500       166696        80.00
     146.559     0.989062       166964        91.43
     158.079     0.990625       167226       106.67
     174.975     0.992188       167488       128.00
     185.087     0.992969       167622       142.22
     195.839     0.993750       167752       160.00
     207.743     0.994531       167883       182.86
     218.495     0.995313       168015       213.33
     228.991     0.996094       168147       256.00
     234.879     0.996484       168213       284.44
     240.383     0.996875       168279       320.00
     245.375     0.997266       168345       365.71
     253.311     0.997656       168412       426.67
     261.631     0.998047       168477       512.00
     265.215     0.998242       168511       568.89
     268.543     0.998437       168545       640.00
     273.919     0.998633       168576       731.43
     279.295     0.998828       168609       853.33
     287.999     0.999023       168642      1024.00
     295.679     0.999121       168658      1137.78
     300.031     0.999219       168676      1280.00
     308.991     0.999316       168691      1462.86
     318.207     0.999414       168708      1706.67
     325.375     0.999512       168724      2048.00
     329.215     0.999561       168732      2275.56
     333.823     0.999609       168741      2560.00
     335.615     0.999658       168749      2925.71
     343.551     0.999707       168758      3413.33
     345.599     0.999756       168766      4096.00
     351.231     0.999780       168769      4551.11
     354.815     0.999805       168774      5120.00
     356.095     0.999829       168780      5851.43
     361.727     0.999854       168782      6826.67
     365.311     0.999878       168786      8192.00
     366.079     0.999890       168788      9102.22
     366.847     0.999902       168790     10240.00
     371.967     0.999915       168792     11702.86
     375.039     0.999927       168794     13653.33
     375.551     0.999939       168796     16384.00
     375.807     0.999945       168797     18204.44
     376.063     0.999951       168798     20480.00
     376.575     0.999957       168799     23405.71
     377.599     0.999963       168800     27306.67
     379.903     0.999969       168801     32768.00
     381.439     0.999973       168802     36408.89
     381.439     0.999976       168802     40960.00
     387.327     0.999979       168803     46811.43
     387.327     0.999982       168803     54613.33
     388.095     0.999985       168804     65536.00
     388.095     0.999986       168804     72817.78
     388.095     0.999988       168804     81920.00
     388.863     0.999989       168805     93622.86
     388.863     0.999991       168805    109226.67
     388.863     0.999992       168805    131072.00
     388.863     0.999993       168805    145635.56
     388.863     0.999994       168805    163840.00
     398.847     0.999995       168806    187245.71
     398.847     1.000000       168806          inf
#[Mean    =      105.588, StdDeviation   =       13.207]
#[Max     =      398.592, Total count    =       168806]
#[Buckets =           27, SubBuckets     =         2048]
----------------------------------------------------------
  260167 requests in 30.00s, 30.02MB read
Requests/sec:   8672.09
Transfer/sec:      1.00MB
