Linux 6.8.0-142-generic (cafeai-bench-loadgen) 	10/01/26 	_x86_64_	(4 CPU)

21:11:53     CPU    %usr   %nice    %sys %iowait    %irq   %soft  %steal  %guest  %gnice   %idle
21:11:54     all    1.01    0.00    2.28    0.00    0.00    1.52    0.00    0.00    0.00   95.19
21:11:55     all    2.27    0.00    6.31    0.00    0.00    4.29    0.00    0.00    0.00   87.12
21:11:56     all    2.31    0.00    7.97    0.00    0.00    4.37    0.00    0.00    0.00   85.35
21:11:57     all    4.38    0.00   11.34    0.00    0.00    6.96    0.00    0.00    0.00   77.32
21:11:58     all    4.46    0.00    9.97    0.00    0.00    6.30    0.00    0.00    0.00   79.27
21:11:59     all    4.04    0.00    7.07    0.00    0.00    4.29    0.00    0.00    0.00   84.60
21:12:00     all    4.30    0.00    7.59    0.00    0.00    3.29    0.00    0.00    0.00   84.81
21:12:01     all    3.55    0.00    7.61    0.00    0.00    3.81    0.00    0.00    0.00   85.03
21:12:02     all    3.85    0.00    6.92    0.00    0.00    3.08    0.00    0.00    0.00   86.15
21:12:03     all    4.29    0.00    6.82    0.00    0.00    4.04    0.00    0.00    0.00   84.85
21:12:04     all    4.06    0.00    7.61    0.00    0.00    3.55    0.00    0.00    0.00   84.77
21:12:05     all    3.32    0.00    6.89    0.00    0.00    3.83    0.51    0.00    0.00   85.46
21:12:06     all    4.03    0.00    7.30    0.00    0.00    4.03    0.00    0.00    0.00   84.63
21:12:07     all    4.31    0.00    7.11    0.00    0.00    3.55    0.00    0.00    0.00   85.03
21:12:08     all    3.78    0.00    7.56    0.00    0.00    4.03    0.00    0.00    0.00   84.63
21:12:09     all    3.56    0.00    7.38    0.00    0.00    4.07    0.00    0.00    0.00   84.99
21:12:10     all    4.60    0.00    6.65    0.00    0.00    3.32    0.00    0.00    0.00   85.42
21:12:11     all    3.78    0.00    7.05    0.00    0.00    4.03    0.00    0.00    0.00   85.14
21:12:12     all    3.84    0.00    6.91    0.00    0.00    3.58    0.00    0.00    0.00   85.68
21:12:13     all    4.76    0.00    7.02    0.00    0.00    3.51    0.00    0.00    0.00   84.71
21:12:14     all    3.06    0.00    7.14    0.00    0.00    4.08    0.00    0.00    0.00   85.71
21:12:15     all    3.80    0.00    7.34    0.00    0.00    4.30    0.00    0.00    0.00   84.56
21:12:16     all    3.82    0.00    6.62    0.00    0.00    3.82    0.00    0.00    0.00   85.75
21:12:17     all    3.81    0.00    6.85    0.00    0.00    4.06    0.00    0.00    0.00   85.28
21:12:18     all    3.79    0.00    7.32    0.00    0.00    3.79    0.25    0.00    0.00   84.85
21:12:19     all    3.80    0.00    7.59    0.51    0.00    3.29    0.00    0.00    0.00   84.81
21:12:20     all    4.28    0.00    6.80    0.00    0.00    4.28    0.00    0.00    0.00   84.63
21:12:21     all    8.70    0.00    9.72    0.00    0.00    3.58    0.00    0.00    0.00   78.01
21:12:22     all   11.08    0.00    8.82    0.00    0.00    4.03    0.00    0.00    0.00   76.07
21:12:23     all    4.07    0.00    6.62    0.00    0.00    4.07    0.00    0.00    0.00   85.24
21:12:24     all    0.25    0.00    1.25    0.00    0.00    0.00    0.00    0.00    0.00   98.50
21:12:25     all    1.01    0.00    2.27    0.00    0.00    1.76    0.00    0.00    0.00   94.96
21:12:26     all    1.27    0.00    3.05    0.00    0.00    2.79    0.00    0.00    0.00   92.89
21:12:27     all    1.51    0.00    4.03    0.25    0.00    3.53    0.00    0.00    0.00   90.68
21:12:28     all    1.01    0.00    4.30    0.00    0.00    3.04    0.00    0.00    0.00   91.65
21:12:29     all    1.52    0.00    3.55    0.00    0.00    3.55    0.00    0.00    0.00   91.37
21:12:30     all    1.26    0.00    3.54    0.00    0.00    3.79    0.00    0.00    0.00   91.41
21:12:31     all    1.76    0.00    3.78    0.00    0.00    3.53    0.00    0.00    0.00   90.93
21:12:32     all    1.28    0.00    3.32    0.00    0.00    3.57    0.00    0.00    0.00   91.84
21:12:33     all    2.54    0.00    3.05    0.00    0.00    3.30    0.00    0.00    0.00   91.12
21:12:34     all    2.02    0.00    3.54    0.00    0.00    3.28    0.00    0.00    0.00   91.16
21:12:35     all    2.04    0.00    3.06    0.00    0.00    2.55    0.26    0.00    0.00   92.09
21:12:36     all    2.03    0.00    3.30    0.00    0.00    3.05    0.00    0.00    0.00   91.62
21:12:37     all    2.05    0.00    3.32    0.00    0.00    2.81    0.00    0.00    0.00   91.82
21:12:38     all    1.79    0.00    3.57    0.00    0.00    2.30    0.00    0.00    0.00   92.35
21:12:39     all    2.80    0.00    2.80    0.00    0.00    2.80    0.00    0.00    0.00   91.60
21:12:40     all    2.04    0.00    3.31    0.00    0.00    2.29    0.00    0.00    0.00   92.37
21:12:41     all    2.78    0.00    3.28    0.00    0.00    3.03    0.00    0.00    0.00   90.91
21:12:42     all    2.30    0.00    2.81    0.00    0.00    2.56    0.00    0.00    0.00   92.33
21:12:43     all    2.28    0.00    3.05    0.00    0.00    2.54    0.00    0.00    0.00   92.13
21:12:44     all    2.27    0.00    3.78    0.00    0.00    3.27    0.00    0.00    0.00   90.68
21:12:45     all    2.30    0.00    3.06    0.00    0.00    2.81    0.00    0.00    0.00   91.84
21:12:46     all    2.04    0.00    2.81    0.00    0.00    2.81    0.00    0.00    0.00   92.35
21:12:47     all    2.03    0.00    3.29    0.00    0.00    3.04    0.00    0.00    0.00   91.65
21:12:48     all    2.04    0.00    3.06    0.00    0.00    2.81    0.00    0.00    0.00   92.09
21:12:49     all    2.28    0.00    2.79    0.00    0.00    3.55    0.00    0.00    0.00   91.37
21:12:50     all    2.53    0.00    3.29    0.00    0.00    2.78    0.00    0.00    0.00   91.39
21:12:51     all    2.78    0.00    3.04    0.00    0.00    2.78    0.00    0.00    0.00   91.39
21:12:52     all    2.29    0.00    2.80    0.00    0.00    3.05    0.00    0.00    0.00   91.86
21:12:53     all    2.04    0.00    3.56    0.00    0.00    2.54    0.00    0.00    0.00   91.86
21:12:54     all    4.52    0.00    5.53    0.00    0.00    2.26    0.00    0.00    0.00   87.69
21:12:55     all    5.54    0.00    7.56    0.00    0.00    4.03    0.00    0.00    0.00   82.87
21:12:56     all    5.78    0.00    7.54    0.00    0.00    3.52    0.00    0.00    0.00   83.17
21:12:57     all    6.52    0.00    7.27    0.00    0.00    3.76    0.00    0.00    0.00   82.46
21:12:58     all    5.34    0.00    7.12    0.00    0.00    3.56    0.00    0.00    0.00   83.97
21:12:59     all    6.28    0.00    7.54    0.00    0.00    3.02    0.00    0.00    0.00   83.17
21:13:00     all    6.06    0.00    7.07    0.00    0.00    3.54    0.00    0.00    0.00   83.33
21:13:01     all    6.55    0.00    6.55    0.00    0.00    3.78    0.00    0.00    0.00   83.12
21:13:02     all    5.75    0.00    7.25    0.00    0.00    4.25    0.25    0.00    0.00   82.50
21:13:03     all    6.25    0.00    8.00    0.00    0.00    3.00    0.00    0.00    0.00   82.75
21:13:04     all    6.77    0.00    6.52    0.00    0.00    4.01    0.00    0.00    0.00   82.71
21:13:05     all    5.79    0.00    8.31    0.00    0.00    3.02    0.00    0.00    0.00   82.87
21:13:06     all    5.75    0.00    8.25    0.00    0.00    3.00    0.25    0.00    0.00   82.75
21:13:07     all    6.05    0.00    7.05    0.00    0.00    3.53    0.00    0.00    0.00   83.38
21:13:08     all    6.02    0.00    7.77    0.00    0.00    3.76    0.00    0.00    0.00   82.46
21:13:09     all    6.06    0.00    8.08    0.00    0.00    3.03    0.00    0.00    0.00   82.83
21:13:10     all    6.52    0.00    7.77    0.00    0.00    2.76    0.00    0.00    0.00   82.96
21:13:11     all    6.52    0.00    7.52    0.00    0.00    3.01    0.25    0.00    0.00   82.71
21:13:12     all    6.11    0.00    7.89    0.00    0.00    2.80    0.00    0.00    0.00   83.21
21:13:13     all    6.25    0.00    7.75    0.00    0.00    3.50    0.00    0.00    0.00   82.50
21:13:14     all    6.58    0.00    7.59    0.00    0.00    2.53    0.00    0.00    0.00   83.29
21:13:15     all    6.12    0.00    7.14    0.00    0.00    3.32    0.26    0.00    0.00   83.16
21:13:16     all    6.53    0.00    7.79    0.00    0.00    2.76    0.00    0.00    0.00   82.91
21:13:17     all    6.14    0.00    7.16    0.00    0.00    2.81    0.00    0.00    0.00   83.89
21:13:18     all    6.62    0.00    6.62    0.00    0.00    2.54    0.00    0.00    0.00   84.22
21:13:19     all    6.09    0.00    7.87    0.00    0.00    2.79    0.00    0.00    0.00   83.25
21:13:20     all    6.15    0.00    7.18    0.00    0.00    2.05    0.26    0.00    0.00   84.36
21:13:21     all    6.58    0.00    7.85    0.00    0.00    2.78    0.00    0.00    0.00   82.78
21:13:22     all    9.02    0.00    8.27    0.00    0.00    3.51    0.00    0.00    0.00   79.20
21:13:23     all   16.24    0.00    9.90    0.00    0.00    3.05    0.00    0.00    0.00   70.81
21:13:24     all    9.23    0.00   11.54    0.00    0.00    5.64    0.00    0.00    0.00   73.59
21:13:25     all   10.36    0.00   13.73    0.00    0.00    8.55    0.00    0.00    0.00   67.36
21:13:26     all   10.99    0.00   13.09    0.00    0.00    7.33    0.00    0.00    0.00   68.59
21:13:27     all   11.17    0.00   12.69    0.25    0.00    7.87    0.00    0.00    0.00   68.02
21:13:28     all   11.02    0.00   12.07    0.00    0.00    7.87    0.00    0.00    0.00   69.03
21:13:29     all   11.68    0.00   13.71    0.00    0.00    8.12    0.00    0.00    0.00   66.50
21:13:30     all   11.48    0.00   12.50    0.00    0.00    8.93    0.00    0.00    0.00   67.09
21:13:31     all   11.05    0.00   12.63    0.00    0.00    7.89    0.00    0.00    0.00   68.42
21:13:32     all   11.11    0.00   12.40    0.00    0.00    8.27    0.00    0.00    0.00   68.22
21:13:33     all   11.73    0.00   13.01    0.00    0.00    8.42    0.00    0.00    0.00   66.84
21:13:34     all   10.88    0.00   13.21    0.00    0.00    8.29    0.00    0.00    0.00   67.62
21:13:35     all   10.55    0.00   12.93    0.00    0.00    7.39    0.26    0.00    0.00   68.87
21:13:36     all   10.03    0.00   13.11    0.00    0.00    9.00    0.00    0.00    0.00   67.87
21:13:37     all   11.57    0.00   13.11    0.00    0.00    7.97    0.26    0.00    0.00   67.10
21:13:38     all   11.08    0.00   12.63    0.00    0.00    8.51    0.00    0.00    0.00   67.78
21:13:39     all   11.23    0.00   13.32    0.00    0.00    7.31    0.00    0.00    0.00   68.15
21:13:40     all   10.05    0.00   15.46    0.00    0.00    6.96    0.00    0.00    0.00   67.53
21:13:41     all   10.59    0.00   14.47    0.00    0.00    6.98    0.26    0.00    0.00   67.70
21:13:42     all   10.76    0.00   13.39    0.00    0.00    7.35    0.00    0.00    0.00   68.50
21:13:43     all   11.43    0.00   10.13    0.00    0.00    9.09    0.00    0.00    0.00   69.35
21:13:44     all   11.34    0.00   13.92    0.00    0.00    7.73    0.00    0.00    0.00   67.01
21:13:45     all   11.11    0.00   13.44    0.00    0.00    8.27    0.00    0.00    0.00   67.18
21:13:46     all   11.20    0.00   13.54    0.00    0.00    7.29    0.00    0.00    0.00   67.97
21:13:47     all   11.34    0.00   11.08    0.00    0.00    9.02    0.00    0.00    0.00   68.56
21:13:48     all   11.20    0.00    9.11    0.00    0.00   10.68    0.00    0.00    0.00   69.01
21:13:49     all   11.28    0.00   13.59    0.00    0.00    8.46    0.00    0.00    0.00   66.67
21:13:50     all   11.83    0.00   11.57    0.00    0.00    8.23    0.26    0.00    0.00   68.12
21:13:51     all   11.63    0.00   12.92    0.00    0.00    7.75    0.00    0.00    0.00   67.70
21:13:52     all   10.82    0.00   13.14    0.00    0.00    8.25    0.00    0.00    0.00   67.78
21:13:53     all   11.40    0.00   14.25    0.26    0.00    6.74    0.00    0.00    0.00   67.36
21:13:54     all    8.76    0.00   13.14    0.00    0.00    4.64    0.00    0.00    0.00   73.45
21:13:55     all   15.20    0.00   17.60    0.00    0.00    8.53    0.00    0.00    0.00   58.67
21:13:56     all   14.71    0.00   19.52    0.00    0.00    8.56    0.00    0.00    0.00   57.22
21:13:57     all   16.09    0.00   17.96    0.00    0.00    8.58    0.00    0.00    0.00   57.37
21:13:58     all   14.86    0.00   19.19    0.00    0.00    8.92    0.00    0.00    0.00   57.03
21:13:59     all   16.49    0.00   18.65    0.00    0.00    8.92    0.00    0.00    0.00   55.95
21:14:00     all   16.89    0.00   17.98    0.00    0.00    9.26    0.00    0.00    0.00   55.86
21:14:01     all   17.16    0.00   18.50    0.00    0.00    9.12    0.00    0.00    0.00   55.23
21:14:02     all   15.76    0.00   19.02    0.00    0.00    9.24    0.00    0.00    0.00   55.98
21:14:03     all   16.67    0.00   18.28    0.00    0.00    9.14    0.00    0.00    0.00   55.91
21:14:04     all   16.98    0.00   18.30    0.00    0.00    9.55    0.00    0.00    0.00   55.17
21:14:05     all   15.82    0.00   20.11    0.00    0.00    7.77    0.00    0.00    0.00   56.30
21:14:06     all   15.36    0.00   18.33    0.00    0.00    9.16    0.00    0.00    0.00   57.14
21:14:07     all   16.18    0.00   18.83    0.00    0.00    7.96    0.80    0.00    0.00   56.23
21:14:08     all   15.57    0.00   18.03    0.00    0.00    9.29    0.00    0.00    0.00   57.10
21:14:09     all   16.31    0.00   18.98    0.00    0.00    8.29    0.00    0.00    0.00   56.42
21:14:10     all   15.16    0.00   20.48    0.00    0.00    9.04    0.00    0.00    0.00   55.32
21:14:11     all   16.08    0.00   17.71    0.00    0.00    8.45    0.00    0.00    0.00   57.77
21:14:12     all   16.09    0.00   19.53    0.00    0.00    8.71    0.00    0.00    0.00   55.67
21:14:13     all   15.45    0.00   19.51    0.00    0.00    8.67    0.00    0.00    0.00   56.37
21:14:14     all   15.51    0.00   19.25    0.00    0.00    8.82    0.00    0.00    0.00   56.42
21:14:15     all   17.16    0.00   18.50    0.00    0.00    8.85    0.00    0.00    0.00   55.50
21:14:16     all   15.28    0.00   19.57    0.00    0.00    9.38    0.00    0.00    0.00   55.76
21:14:17     all   15.80    0.00   18.26    0.00    0.00    8.72    0.00    0.00    0.00   57.22
21:14:18     all   15.63    0.00   18.87    0.00    0.00    8.63    0.00    0.00    0.00   56.87
21:14:19     all   15.53    0.00   19.07    0.00    0.00    8.72    0.00    0.00    0.00   56.68
21:14:20     all   15.53    0.00   18.26    0.00    0.00    9.26    0.00    0.00    0.00   56.95
21:14:21     all   15.86    0.00   18.82    0.00    0.00    9.14    0.00    0.00    0.00   56.18
21:14:22     all   16.09    0.00   19.30    0.00    0.00    8.04    0.00    0.00    0.00   56.57
21:14:23     all   16.17    0.00   18.87    0.00    0.00    8.63    0.00    0.00    0.00   56.33
21:14:24     all   13.51    0.00   10.13    0.00    0.00    3.12    0.00    0.00    0.00   73.25
21:14:25     all   12.78    0.00   17.78    0.00    0.00   11.67    0.00    0.00    0.00   57.78
21:14:26     all   17.09    0.00   20.80    0.00    0.00   14.81    0.28    0.00    0.00   47.01
21:14:27     all   16.48    0.00   22.16    0.00    0.00   14.20    0.00    0.00    0.00   47.16
21:14:28     all   17.00    0.00   22.95    0.00    0.00   14.16    0.00    0.00    0.00   45.89
21:14:29     all   16.91    0.00   24.20    0.29    0.00   14.58    0.00    0.00    0.00   44.02
21:14:30     all   15.52    0.00   22.41    0.00    0.00   14.66    0.00    0.00    0.00   47.41
21:14:31     all   16.86    0.00   24.57    0.00    0.00   15.43    0.00    0.00    0.00   43.14
21:14:32     all   16.76    0.00   22.73    0.00    0.00   14.49    0.00    0.00    0.00   46.02
21:14:33     all   16.33    0.00   25.21    0.00    0.00   16.62    0.00    0.00    0.00   41.83
21:14:34     all   18.26    0.00   20.87    0.00    0.00   16.23    0.00    0.00    0.00   44.64
21:14:35     all   18.02    0.00   21.51    0.00    0.00   15.12    0.00    0.00    0.00   45.35
21:14:36     all   17.66    0.00   21.65    0.00    0.00   13.96    0.57    0.00    0.00   46.15
21:14:37     all   16.47    0.00   22.25    0.00    0.00   15.61    0.00    0.00    0.00   45.66
21:14:38     all   17.73    0.00   23.84    0.00    0.00   14.53    0.00    0.00    0.00   43.90
21:14:39     all   18.03    0.00   22.25    0.00    0.00   14.93    0.00    0.00    0.00   44.79
21:14:40     all   17.87    0.00   22.19    0.00    0.00   15.27    0.00    0.00    0.00   44.67
21:14:41     all   16.67    0.00   22.51    0.00    0.00   16.37    0.00    0.00    0.00   44.44
21:14:42     all   16.91    0.00   21.49    0.00    0.00   16.05    0.00    0.00    0.00   45.56
21:14:43     all   15.70    0.00   22.67    0.00    0.00   14.53    0.00    0.00    0.00   47.09
21:14:44     all   16.67    0.00   22.81    0.00    0.00   15.50    0.00    0.00    0.00   45.03
21:14:45     all   19.14    0.00   21.43    0.00    0.00   16.00    0.00    0.00    0.00   43.43
21:14:46     all   17.20    0.00   21.87    0.00    0.00   14.58    0.00    0.00    0.00   46.36
21:14:47     all   16.28    0.00   21.80    0.00    0.00   15.99    0.29    0.00    0.00   45.64
21:14:48     all   18.48    0.00   20.23    0.00    0.00   16.72    0.00    0.00    0.00   44.57
21:14:49     all   16.22    0.00   22.12    0.00    0.00   14.16    0.00    0.00    0.00   47.49
21:14:50     all   17.24    0.00   21.84    0.00    0.00   16.38    0.00    0.00    0.00   44.54
21:14:51     all   17.28    0.00   21.81    0.00    0.00   16.43    0.00    0.00    0.00   44.48
21:14:52     all   17.63    0.00   21.97    0.00    0.00   15.90    0.00    0.00    0.00   44.51
21:14:53     all   17.70    0.00   22.19    0.00    0.00   14.61    0.00    0.00    0.00   45.51
21:14:54     all   14.01    0.00   15.69    0.00    0.00   10.64    0.28    0.00    0.00   59.38
21:14:55     all   18.95    0.00   24.78    0.00    0.00   15.45    0.00    0.00    0.00   40.82
21:14:56     all   20.45    0.00   26.42    0.00    0.00   17.05    0.00    0.00    0.00   36.08
21:14:57     all   19.77    0.00   25.50    0.00    0.00   18.91    0.00    0.00    0.00   35.82
21:14:58     all   20.63    0.00   26.93    0.00    0.00   16.91    0.00    0.00    0.00   35.53
21:14:59     all   19.71    0.00   26.86    0.00    0.00   17.43    0.00    0.00    0.00   36.00
21:15:00     all   18.23    0.00   30.20    0.00    0.00   17.38    0.00    0.00    0.00   34.19
21:15:01     all   18.60    0.00   27.91    0.00    0.00   17.44    0.00    0.00    0.00   36.05
21:15:02     all   19.55    0.00   28.33    0.00    0.00   17.28    0.00    0.00    0.00   34.84
21:15:03     all   18.79    0.00   28.90    0.00    0.00   16.76    0.00    0.00    0.00   35.55
21:15:04     all   19.05    0.00   32.49    0.00    0.00   18.49    0.00    0.00    0.00   29.97
21:15:05     all   20.56    0.00   30.83    0.00    0.00   19.44    0.00    0.00    0.00   29.17
21:15:06     all   19.10    0.00   30.06    0.00    0.00   17.98    0.00    0.00    0.00   32.87
21:15:07     all   18.03    0.00   30.70    0.00    0.00   18.31    0.00    0.00    0.00   32.96
21:15:08     all   18.94    0.00   33.15    0.00    0.00   20.33    0.00    0.00    0.00   27.58
21:15:09     all   19.57    0.00   34.58    0.00    0.00   20.11    0.00    0.00    0.00   25.74
21:15:10     all   20.78    0.00   30.75    0.00    0.00   18.84    0.00    0.00    0.00   29.64
21:15:11     all   18.79    0.00   28.32    0.00    0.00   17.05    0.00    0.00    0.00   35.84
21:15:12     all   18.89    0.00   33.33    0.00    0.00   19.44    0.00    0.00    0.00   28.33
21:15:13     all   18.70    0.00   32.86    0.00    0.00   17.56    0.00    0.00    0.00   30.88
21:15:14     all   18.43    0.00   35.50    0.00    0.00   18.97    0.00    0.00    0.00   27.10
21:15:15     all   19.24    0.00   35.77    0.00    0.00   20.33    0.00    0.00    0.00   24.66
21:15:16     all   20.56    0.00   30.14    0.00    0.00   20.28    0.00    0.00    0.00   29.01
21:15:17     all   19.61    0.00   31.93    0.00    0.00   19.61    0.00    0.00    0.00   28.85
21:15:18     all   19.51    0.00   33.88    0.00    0.00   19.78    0.00    0.00    0.00   26.83
21:15:19     all   19.35    0.00   34.06    0.00    0.00   19.89    0.00    0.00    0.00   26.70
21:15:20     all   20.22    0.00   35.25    0.00    0.00   20.77    0.00    0.00    0.00   23.77
21:15:21     all   18.68    0.00   32.69    0.00    0.00   21.43    0.00    0.00    0.00   27.20
21:15:22     all   17.65    0.00   31.76    0.00    0.00   17.06    0.00    0.00    0.00   33.53
21:15:23     all   17.55    0.00   33.98    0.00    0.00   18.94    0.00    0.00    0.00   29.53
21:15:24     all    8.56    0.00   14.17    0.00    0.00    4.81    0.00    0.00    0.00   72.46
21:15:25     all   18.90    0.00   22.83    0.00    0.00   11.02    0.00    0.00    0.00   47.24
21:15:26     all   15.94    0.00   27.51    0.00    0.00   13.37    0.00    0.00    0.00   43.19
21:15:27     all   11.84    0.00   30.00    0.00    0.00   16.32    0.00    0.00    0.00   41.84
21:15:28     all   15.84    0.00   37.92    0.00    0.00   18.96    0.00    0.00    0.00   27.27
21:15:29     all   17.60    0.00   34.67    0.00    0.00   20.27    0.00    0.00    0.00   27.47
21:15:30     all   18.53    0.00   32.97    0.00    0.00   20.71    0.00    0.00    0.00   27.79
21:15:31     all   18.61    0.00   31.39    0.00    0.00   19.72    0.28    0.00    0.00   30.00
21:15:32     all   16.48    0.00   36.26    0.00    0.00   19.51    0.00    0.00    0.00   27.75
21:15:33     all   18.18    0.00   33.61    0.00    0.00   20.39    0.00    0.00    0.00   27.82
21:15:34     all   16.53    0.00   35.50    0.00    0.00   20.60    0.00    0.00    0.00   27.37
21:15:35     all   17.44    0.00   34.88    0.00    0.00   19.62    0.00    0.00    0.00   28.07
21:15:36     all   18.38    0.00   34.59    0.00    0.00   18.65    0.00    0.00    0.00   28.38
21:15:37     all   18.13    0.00   33.79    0.00    0.00   20.33    0.00    0.00    0.00   27.75
21:15:38     all   18.70    0.00   34.96    0.00    0.00   20.05    0.00    0.00    0.00   26.29
21:15:39     all   17.74    0.00   35.75    0.00    0.00   20.16    0.00    0.00    0.00   26.34
21:15:40     all   20.05    0.00   34.69    0.00    0.00   19.24    0.00    0.00    0.00   26.02
21:15:41     all   19.57    0.00   34.05    0.00    0.00   20.38    0.00    0.00    0.00   26.01
21:15:42     all   19.95    0.00   35.11    0.00    0.00   19.15    0.00    0.00    0.00   25.80
21:15:43     all   17.63    0.00   37.63    0.00    0.00   18.68    0.00    0.00    0.00   26.05
21:15:44     all   17.94    0.00   37.20    0.00    0.00   19.26    0.00    0.00    0.00   25.59
21:15:45     all   16.98    0.00   36.93    0.00    0.00   19.14    0.00    0.00    0.00   26.95
21:15:46     all   17.89    0.00   35.77    0.00    0.00   18.97    0.00    0.00    0.00   27.37
21:15:47     all   19.67    0.00   33.61    0.00    0.00   19.95    0.00    0.00    0.00   26.78
21:15:48     all   18.38    0.00   33.98    0.00    0.00   19.78    0.00    0.00    0.00   27.86
21:15:49     all   18.98    0.00   32.29    0.00    0.00   20.11    0.00    0.00    0.00   28.61
21:15:50     all   18.21    0.00   34.73    0.00    0.00   19.05    0.00    0.00    0.00   28.01
21:15:51     all   17.25    0.00   36.39    0.00    0.00   18.33    0.00    0.00    0.00   28.03
21:15:52     all   16.76    0.00   36.97    0.00    0.00   18.88    0.00    0.00    0.00   27.39
21:15:53     all   14.88    0.00   38.90    0.00    0.00   19.06    0.00    0.00    0.00   27.15
21:15:54     all    5.33    0.00   12.44    0.00    0.00    6.35    0.00    0.00    0.00   75.89
21:15:55     all    1.02    0.00    3.05    0.00    0.00    2.04    0.00    0.00    0.00   93.89
21:15:56     all    2.53    0.00    3.29    0.00    0.00    2.78    0.00    0.00    0.00   91.39
21:15:57     all    2.55    0.00    3.06    0.00    0.00    2.81    0.00    0.00    0.00   91.58
21:15:58     all    2.05    0.00    2.56    0.00    0.00    3.32    0.00    0.00    0.00   92.07
21:15:59     all    2.28    0.00    2.79    0.00    0.00    3.05    0.00    0.00    0.00   91.88
21:16:00     all    2.02    0.00    3.28    0.00    0.00    3.03    0.00    0.00    0.00   91.67
21:16:01     all    2.30    0.00    3.32    0.00    0.00    2.81    0.00    0.00    0.00   91.58
21:16:02     all    1.79    0.00    3.07    0.00    0.00    2.56    0.00    0.00    0.00   92.58
21:16:03     all    2.78    0.00    3.03    0.00    0.00    2.53    0.25    0.00    0.00   91.41
21:16:04     all    1.78    0.00    3.82    0.00    0.00    2.80    0.25    0.00    0.00   91.35
21:16:05     all    1.54    0.00    2.56    0.00    0.00    3.33    0.00    0.00    0.00   92.56
21:16:06     all    2.28    0.00    3.80    0.00    0.00    2.78    0.00    0.00    0.00   91.14
21:16:07     all    2.30    0.00    2.81    0.00    0.00    2.81    0.00    0.00    0.00   92.07
21:16:08     all    2.04    0.00    3.05    0.00    0.00    3.05    0.00    0.00    0.00   91.86
21:16:09     all    2.30    0.00    3.06    0.00    0.00    2.55    0.00    0.00    0.00   92.09
21:16:10     all    2.03    0.00    3.30    0.00    0.00    3.05    0.00    0.00    0.00   91.62
21:16:11     all    2.79    0.00    2.79    0.00    0.00    2.79    0.00    0.00    0.00   91.62
21:16:12     all    1.79    0.00    2.56    0.00    0.00    3.08    0.00    0.00    0.00   92.56
21:16:13     all    2.05    0.00    3.08    0.00    0.00    2.56    0.00    0.00    0.00   92.31
21:16:14     all    2.30    0.00    2.81    0.00    0.00    2.81    0.00    0.00    0.00   92.09
21:16:15     all    2.03    0.00    3.80    0.00    0.00    2.78    0.00    0.00    0.00   91.39
21:16:16     all    2.03    0.00    3.05    0.00    0.00    3.05    0.00    0.00    0.00   91.88
21:16:17     all    2.81    0.00    3.06    0.00    0.00    2.55    0.00    0.00    0.00   91.58
21:16:18     all    2.78    0.00    3.29    0.00    0.00    2.78    0.00    0.00    0.00   91.14
21:16:19     all    2.03    0.00    3.55    0.00    0.00    2.79    0.00    0.00    0.00   91.62
21:16:20     all    2.28    0.00    3.30    0.00    0.00    2.79    0.00    0.00    0.00   91.62
21:16:21     all    2.29    0.00    2.80    0.00    0.00    3.05    0.00    0.00    0.00   91.86
21:16:22     all    2.28    0.00    3.54    0.00    0.00    3.04    0.00    0.00    0.00   91.14
21:16:23     all    2.05    0.00    2.82    0.00    0.00    2.31    0.00    0.00    0.00   92.82
21:16:24     all    1.51    0.00    2.26    0.25    0.00    1.51    0.00    0.00    0.00   94.47
21:16:25     all    3.03    0.00    3.03    0.00    0.00    2.27    0.00    0.00    0.00   91.67
21:16:26     all    7.49    0.00    6.20    0.00    0.00    4.65    0.00    0.00    0.00   81.65
21:16:27     all   14.96    0.00    8.92    0.00    0.00    5.77    0.00    0.00    0.00   70.34
21:16:28     all    4.88    0.00    6.68    0.00    0.00    5.40    0.26    0.00    0.00   82.78
21:16:29     all    4.66    0.00    5.44    0.00    0.00    6.74    0.00    0.00    0.00   83.16
21:16:30     all    4.46    0.00    5.51    0.00    0.00    5.25    0.00    0.00    0.00   84.78
21:16:31     all    4.42    0.00    6.49    0.00    0.00    5.97    0.00    0.00    0.00   83.12
21:16:32     all    4.95    0.00    5.21    0.52    0.00    5.99    0.00    0.00    0.00   83.33
21:16:33     all    3.66    0.00    6.27    0.00    0.00    5.74    0.00    0.00    0.00   84.33
21:16:34     all    4.66    0.00    4.92    0.00    0.00    6.22    0.00    0.00    0.00   84.20
21:16:35     all    3.94    0.00    5.25    0.00    0.00    6.04    0.26    0.00    0.00   84.51
21:16:36     all    4.63    0.00    6.43    0.00    0.00    6.17    0.00    0.00    0.00   82.78
21:16:37     all    4.43    0.00    5.47    0.00    0.00    5.73    0.00    0.00    0.00   84.38
21:16:38     all    4.16    0.00    5.97    0.00    0.00    6.23    0.00    0.00    0.00   83.64
21:16:39     all    5.19    0.00    5.71    0.00    0.00    5.45    0.00    0.00    0.00   83.64
21:16:40     all    3.92    0.00    6.01    0.00    0.00    5.48    0.00    0.00    0.00   84.60
21:16:41     all    5.15    0.00    6.44    0.00    0.00    5.41    0.00    0.00    0.00   82.99
21:16:42     all    4.69    0.00    5.21    0.00    0.00    5.99    0.00    0.00    0.00   84.11
21:16:43     all    4.87    0.00    6.15    0.00    0.00    6.15    0.00    0.00    0.00   82.82
21:16:44     all    4.46    0.00    6.04    0.00    0.00    4.72    0.00    0.00    0.00   84.78
21:16:45     all    4.17    0.00    5.47    0.00    0.00    6.25    0.00    0.00    0.00   84.11
21:16:46     all    4.71    0.00    5.76    0.00    0.00    4.97    0.00    0.00    0.00   84.55
21:16:47     all    4.39    0.00    6.20    0.00    0.00    5.68    0.00    0.00    0.00   83.72
21:16:48     all    4.17    0.00    5.99    0.00    0.00    6.25    0.00    0.00    0.00   83.59
21:16:49     all    4.65    0.00    5.94    0.00    0.00    5.94    0.00    0.00    0.00   83.46
21:16:50     all    4.13    0.00    6.20    0.00    0.00    5.94    0.52    0.00    0.00   83.20
21:16:51     all    4.71    0.00    6.02    0.00    0.00    5.24    0.00    0.00    0.00   84.03
21:16:52     all    4.11    0.00    6.17    0.00    0.00    5.91    0.00    0.00    0.00   83.80
21:16:53     all    4.91    0.00    5.94    0.00    0.00    5.68    0.00    0.00    0.00   83.46
21:16:54     all    2.04    0.00    4.08    0.00    0.00    3.06    0.00    0.00    0.00   90.82
21:16:55     all    5.81    0.00    2.27    0.00    0.00    1.26    0.00    0.00    0.00   90.66
21:16:56     all   14.40    0.00    5.66    0.00    0.00    5.66    0.00    0.00    0.00   74.29
21:16:57     all   13.88    0.00    8.23    0.00    0.00    6.68    0.00    0.00    0.00   71.21
21:16:58     all   13.08    0.00   10.51    0.00    0.00   10.00    0.00    0.00    0.00   66.41
21:16:59     all    6.05    0.00   12.09    0.00    0.00   10.33    0.00    0.00    0.00   71.54
21:17:00     all    5.30    0.00   11.62    0.00    0.00   10.35    0.25    0.00    0.00   72.47
21:17:01     all    4.81    0.00   12.41    0.00    0.00   11.14    0.00    0.00    0.00   71.65
21:17:02     all    5.30    0.00   12.37    0.00    0.00   10.35    0.00    0.00    0.00   71.97
21:17:03     all    5.01    0.00   12.78    0.00    0.00   11.03    0.00    0.00    0.00   71.18
21:17:04     all    5.78    0.00   13.07    0.00    0.00    9.80    0.00    0.00    0.00   71.36
21:17:05     all    5.00    0.00   13.00    0.00    0.00   10.50    0.00    0.00    0.00   71.50
21:17:06     all    4.60    0.00   13.81    0.00    0.00    9.46    0.00    0.00    0.00   72.12
21:17:07     all    4.80    0.00   12.12    0.00    0.00   10.86    0.00    0.00    0.00   72.22
21:17:08     all    5.82    0.00   12.91    0.00    0.00   10.38    0.00    0.00    0.00   70.89
21:17:09     all    5.12    0.00   13.04    0.00    0.00   10.74    0.00    0.00    0.00   71.10
21:17:10     all    5.67    0.00   12.63    0.00    0.00   10.31    0.00    0.00    0.00   71.39
21:17:11     all    4.57    0.00   13.20    0.00    0.00   10.66    0.00    0.00    0.00   71.57
21:17:12     all    5.85    0.00   12.72    0.00    0.00   10.69    0.00    0.00    0.00   70.74
21:17:13     all    5.78    0.00   12.81    0.00    0.00   10.80    0.25    0.00    0.00   70.35
21:17:14     all    5.81    0.00   12.37    0.00    0.00   10.10    0.00    0.00    0.00   71.72
21:17:15     all    5.90    0.00   12.56    0.00    0.00    9.74    0.00    0.00    0.00   71.79
21:17:16     all    5.26    0.00   12.03    0.00    0.00   11.03    0.00    0.00    0.00   71.68
21:17:17     all    5.28    0.00   13.32    0.00    0.00   10.05    0.25    0.00    0.00   71.11
21:17:18     all    5.37    0.00   12.53    0.00    0.00    9.97    0.00    0.00    0.00   72.12
21:17:19     all    5.84    0.00   13.71    0.00    0.00   10.41    0.00    0.00    0.00   70.05
21:17:20     all    6.78    0.00   12.81    0.00    0.00   11.06    0.00    0.00    0.00   69.35
21:17:21     all    6.00    0.00   13.25    0.00    0.00   10.25    0.00    0.00    0.00   70.50
21:17:22     all    4.50    0.00   13.25    0.00    0.00   11.50    0.00    0.00    0.00   70.75
21:17:23     all    5.29    0.00   12.85    0.00    0.00   10.33    0.00    0.00    0.00   71.54
21:17:24     all    3.53    0.00    9.57    0.50    0.00    5.79    0.00    0.00    0.00   80.60
21:17:25     all    6.78    0.00    2.01    0.00    0.00    1.51    0.00    0.00    0.00   89.70
21:17:26     all   27.81    0.00    5.36    0.00    0.00    4.85    0.00    0.00    0.00   61.99
21:17:27     all   32.75    0.00    7.75    0.00    0.00    5.75    0.00    0.00    0.00   53.75
21:17:28     all   43.04    0.00   12.91    0.00    0.00    8.35    0.00    0.00    0.00   35.70
21:17:29     all   27.02    0.00   11.36    0.00    0.00   10.10    0.00    0.00    0.00   51.52
21:17:30     all   21.07    0.00   13.20    0.00    0.00   11.17    0.00    0.00    0.00   54.57
21:17:31     all   19.49    0.00   14.68    0.00    0.00   10.89    0.00    0.00    0.00   54.94
21:17:32     all   16.20    0.00   14.94    0.00    0.00   11.65    0.00    0.00    0.00   57.22
21:17:33     all   14.10    0.00   14.87    0.00    0.00   12.56    0.00    0.00    0.00   58.46
21:17:34     all    8.65    0.00   17.05    0.00    0.00   13.49    0.00    0.00    0.00   60.81
21:17:35     all    5.91    0.00   15.94    0.00    0.00   11.57    0.00    0.00    0.00   66.58
21:17:36     all    6.04    0.00   16.01    0.00    0.00    8.66    0.00    0.00    0.00   69.29
21:17:37     all    6.15    0.00   14.62    0.00    0.00   10.00    0.00    0.00    0.00   69.23
21:17:38     all    5.87    0.00   14.67    0.00    0.00    8.53    0.27    0.00    0.00   70.67
21:17:39     all    6.02    0.00   17.02    0.00    0.00    8.90    0.00    0.00    0.00   68.06
21:17:40     all    6.31    0.00   14.14    0.00    0.00   10.86    0.00    0.00    0.00   68.69
21:17:41     all    5.09    0.00   15.01    0.00    0.00   11.45    0.00    0.00    0.00   68.45
21:17:42     all    5.12    0.00   14.32    0.00    0.00   12.28    0.00    0.00    0.00   68.29
21:17:43     all    6.00    0.00   15.25    0.00    0.00   12.25    0.00    0.00    0.00   66.50
21:17:44     all    5.33    0.00   13.96    0.00    0.00   11.93    0.00    0.00    0.00   68.78
21:17:45     all    5.90    0.00   13.85    0.00    0.00   11.79    0.00    0.00    0.00   68.46
21:17:46     all    6.14    0.00   15.09    0.00    0.00   11.25    0.00    0.00    0.00   67.52
21:17:47     all    5.67    0.00   14.18    0.00    0.00   10.82    0.00    0.00    0.00   69.33
21:17:48     all    6.27    0.00   16.19    0.00    0.00   10.18    0.00    0.00    0.00   67.36
21:17:49     all    5.97    0.00   15.84    0.00    0.00   11.17    0.00    0.00    0.00   67.01
21:17:50     all    5.91    0.00   14.14    0.00    0.00   11.31    0.26    0.00    0.00   68.38
21:17:51     all    7.31    0.00   15.93    0.00    0.00    9.14    0.00    0.00    0.00   67.62
21:17:52     all    6.56    0.00   16.80    0.00    0.00    9.45    0.00    0.00    0.00   67.19
21:17:53     all    5.50    0.00   14.92    0.00    0.00    8.64    0.00    0.00    0.00   70.94
