Running 30s test @ http://10.116.0.2:8080/block?ms=100
  4 threads and 8000 connections
  Thread calibration: mean lat.: 4344.483ms, rate sampling interval: 18923ms
  Thread calibration: mean lat.: 4322.905ms, rate sampling interval: 18890ms
  Thread calibration: mean lat.: 4280.561ms, rate sampling interval: 18841ms
  Thread calibration: mean lat.: 4106.060ms, rate sampling interval: 18612ms
  Thread Stats   Avg      Stdev     Max   +/- Stdev
    Latency    14.33s     2.56s   20.04s    64.83%
    Req/Sec       -nan      -nan   0.00      0.00%
  Latency Distribution (HdrHistogram - Recorded Latency)
 50.000%   14.33s 
 75.000%   16.29s 
 90.000%   17.79s 
 99.000%   19.30s 
 99.900%   19.76s 
 99.990%   19.92s 
 99.999%   19.99s 
100.000%   20.05s 

  Detailed Percentile spectrum:
       Value   Percentile   TotalCount 1/(1-Percentile)

    7192.575     0.000000            1         1.00
   10960.895     0.100000        17941         1.11
   12050.431     0.200000        35807         1.25
   12820.479     0.300000        53611         1.43
   13582.335     0.400000        71472         1.67
   14327.807     0.500000        89342         2.00
   14721.023     0.550000        98402         2.22
   15089.663     0.600000       107362         2.50
   15466.495     0.650000       116228         2.86
   15867.903     0.700000       125190         3.33
   16285.695     0.750000       134098         4.00
   16498.687     0.775000       138478         4.44
   16728.063     0.800000       143045         5.00
   16973.823     0.825000       147484         5.71
   17235.967     0.850000       152074         6.67
   17498.111     0.875000       156461         8.00
   17645.567     0.887500       158728         8.89
   17793.023     0.900000       160939        10.00
   17956.863     0.912500       163213        11.43
   18120.703     0.925000       165402        13.33
   18284.543     0.937500       167542        16.00
   18382.847     0.943750       168663        17.78
   18481.151     0.950000       169739        20.00
   18595.839     0.956250       170969        22.86
   18710.527     0.962500       172133        26.67
   18808.831     0.968750       173119        32.00
   18874.367     0.971875       173771        35.56
   18923.519     0.975000       174313        40.00
   18972.671     0.978125       174763        45.71
   19038.207     0.981250       175343        53.33
   19120.127     0.984375       175917        64.00
   19169.279     0.985938       176176        71.11
   19218.431     0.987500       176470        80.00
   19267.583     0.989062       176763        91.43
   19316.735     0.990625       177012       106.67
   19382.271     0.992188       177307       128.00
   19415.039     0.992969       177458       142.22
   19447.807     0.993750       177573       160.00
   19480.575     0.994531       177720       182.86
   19513.343     0.995313       177865       213.33
   19546.111     0.996094       177972       256.00
   19578.879     0.996484       178064       284.44
   19611.647     0.996875       178125       320.00
   19644.415     0.997266       178207       365.71
   19660.799     0.997656       178269       426.67
   19693.567     0.998047       178332       512.00
   19709.951     0.998242       178370       568.89
   19726.335     0.998437       178406       640.00
   19742.719     0.998633       178457       731.43
   19742.719     0.998828       178457       853.33
   19759.103     0.999023       178490      1024.00
   19775.487     0.999121       178514      1137.78
   19791.871     0.999219       178527      1280.00
   19808.255     0.999316       178546      1462.86
   19824.639     0.999414       178559      1706.67
   19841.023     0.999512       178575      2048.00
   19857.407     0.999561       178596      2275.56
   19857.407     0.999609       178596      2560.00
   19857.407     0.999658       178596      2925.71
   19873.791     0.999707       178609      3413.33
   19890.175     0.999756       178617      4096.00
   19906.559     0.999780       178627      4551.11
   19906.559     0.999805       178627      5120.00
   19906.559     0.999829       178627      5851.43
   19922.943     0.999854       178640      6826.67
   19922.943     0.999878       178640      8192.00
   19922.943     0.999890       178640      9102.22
   19922.943     0.999902       178640     10240.00
   19939.327     0.999915       178647     11702.86
   19939.327     0.999927       178647     13653.33
   19939.327     0.999939       178647     16384.00
   19955.711     0.999945       178652     18204.44
   19955.711     0.999951       178652     20480.00
   19955.711     0.999957       178652     23405.71
   19955.711     0.999963       178652     27306.67
   19955.711     0.999969       178652     32768.00
   19972.095     0.999973       178653     36408.89
   19972.095     0.999976       178653     40960.00
   19988.479     0.999979       178655     46811.43
   19988.479     0.999982       178655     54613.33
   19988.479     0.999985       178655     65536.00
   19988.479     0.999986       178655     72817.78
   19988.479     0.999988       178655     81920.00
   20021.247     0.999989       178656     93622.86
   20021.247     0.999991       178656    109226.67
   20021.247     0.999992       178656    131072.00
   20021.247     0.999993       178656    145635.56
   20021.247     0.999994       178656    163840.00
   20054.015     0.999995       178657    187245.71
   20054.015     1.000000       178657          inf
#[Mean    =    14325.769, StdDeviation   =     2556.875]
#[Max     =    20037.632, Total count    =       178657]
#[Buckets =           27, SubBuckets     =         2048]
----------------------------------------------------------
  498301 requests in 30.00s, 57.50MB read
Requests/sec:  16608.82
Transfer/sec:      1.92MB
