Linux 6.8.0-142-generic (cafeai-bench-server) 	10/01/26 	_x86_64_	(4 CPU)

21:48:26     CPU    %usr   %nice    %sys %iowait    %irq   %soft  %steal  %guest  %gnice   %idle
21:48:27     all   35.25    0.00    2.50    0.00    0.00    1.00    0.00    0.00    0.00   61.25
21:48:28     all   86.15    0.00    8.82    0.00    0.00    4.03    0.00    0.00    0.00    1.01
21:48:29     all   80.30    0.00   12.47    0.00    0.00    6.23    0.00    0.00    0.00    1.00
21:48:30     all   79.20    0.00   12.03    0.00    0.00    7.02    0.00    0.00    0.00    1.75
21:48:31     all   77.19    0.00   14.29    0.00    0.00    7.02    0.25    0.00    0.00    1.25
21:48:32     all   78.00    0.00   12.25    0.00    0.00    7.00    0.00    0.00    0.00    2.75
21:48:33     all   51.26    0.00   15.15    0.00    0.00    7.32    0.00    0.00    0.00   26.26
21:48:34     all   11.03    0.00    9.52    0.00    0.00    4.01    0.25    0.00    0.00   75.19
21:48:35     all   10.10    0.00    9.34    0.00    0.00    4.29    0.00    0.00    0.00   76.26
21:48:36     all   10.25    0.00   10.75    0.00    0.00    3.50    0.25    0.00    0.00   75.25
21:48:37     all   10.25    0.00   10.25    0.00    0.00    4.25    0.00    0.00    0.00   75.25
21:48:38     all   10.97    0.00   10.72    0.00    0.00    3.24    0.25    0.00    0.00   74.81
21:48:39     all    9.14    0.00    9.90    0.00    0.00    4.31    0.00    0.00    0.00   76.65
21:48:40     all   10.91    0.00    9.64    0.00    0.00    4.31    0.25    0.00    0.00   74.87
21:48:41     all   10.72    0.00    9.48    0.00    0.00    4.74    0.25    0.00    0.00   74.81
21:48:42     all    9.87    0.00    9.37    0.00    0.00    3.54    0.51    0.00    0.00   76.71
21:48:43     all   10.15    0.00   10.15    0.00    0.00    4.70    1.98    0.00    0.00   73.02
21:48:44     all   10.03    0.00   10.03    0.00    0.00    3.76    0.50    0.00    0.00   75.69
21:48:45     all    9.60    0.00   10.35    0.00    0.00    3.54    0.25    0.00    0.00   76.26
21:48:46     all   10.25    0.00   10.00    0.00    0.00    3.75    0.00    0.00    0.00   76.00
21:48:47     all    9.39    0.00    9.64    0.00    0.00    4.06    0.25    0.00    0.00   76.65
21:48:48     all    9.97    0.00    9.21    0.00    0.00    3.58    0.00    0.00    0.00   77.24
21:48:49     all    9.95    0.00   10.45    0.00    0.00    4.23    0.00    0.00    0.00   75.37
21:48:50     all    9.92    0.00    9.67    0.00    0.00    3.31    0.00    0.00    0.00   77.10
21:48:51     all   10.13    0.00    8.86    0.00    0.00    4.30    0.00    0.00    0.00   76.71
21:48:52     all    9.98    0.00    9.73    0.00    0.00    4.49    0.00    0.00    0.00   75.81
21:48:53     all   10.13    0.00    9.87    0.00    0.00    3.80    0.00    0.00    0.00   76.20
21:48:54     all    9.55    0.00    9.80    0.00    0.00    4.27    0.50    0.00    0.00   75.88
21:48:55     all    9.69    0.00    9.18    0.00    0.00    3.57    0.51    0.00    0.00   77.04
21:48:56     all   10.53    0.00    9.77    0.00    0.00    3.76    0.00    0.00    0.00   75.94
21:48:57     all    7.79    0.00    5.78    0.00    0.00    2.51    0.00    0.00    0.00   83.92
21:48:58     all   30.15    0.00    2.76    0.00    0.00    1.51    0.00    0.00    0.00   65.58
21:48:59     all   82.12    0.00   10.08    0.00    0.00    3.53    0.00    0.00    0.00    4.28
21:49:00     all   76.13    0.00   11.31    0.00    0.00    5.03    0.00    0.00    0.00    7.54
21:49:01     all   76.25    0.00   12.25    0.00    0.00    3.50    0.00    0.00    0.00    8.00
21:49:02     all   73.12    0.00   13.07    0.00    0.00    3.52    0.00    0.00    0.00   10.30
21:49:03     all   69.11    0.00   12.15    0.00    0.00    4.05    0.00    0.00    0.00   14.68
21:49:04     all   41.69    0.00   11.00    0.00    0.00    3.84    0.00    0.00    0.00   43.48
21:49:05     all   21.27    0.00   11.90    0.00    0.00    3.80    0.00    0.00    0.00   63.04
21:49:06     all   18.37    0.00   11.99    0.00    0.00    3.83    0.00    0.00    0.00   65.82
21:49:07     all   17.81    0.00   10.94    0.00    0.00    3.82    0.00    0.00    0.00   67.43
21:49:08     all   18.23    0.00   10.38    0.00    0.00    3.29    0.00    0.00    0.00   68.10
21:49:09     all   16.03    0.00    9.41    0.00    0.00    3.31    0.00    0.00    0.00   71.25
21:49:10     all   19.80    0.00    9.14    0.00    0.00    3.55    0.00    0.00    0.00   67.51
21:49:11     all   15.86    0.00    9.46    0.00    0.00    3.32    0.00    0.00    0.00   71.36
21:49:12     all   15.23    0.00    9.64    0.00    0.00    3.81    0.00    0.00    0.00   71.32
21:49:13     all   16.96    0.00    8.86    0.00    0.00    3.04    0.00    0.00    0.00   71.14
21:49:14     all   18.02    0.00    9.90    0.00    0.00    3.30    0.00    0.00    0.00   68.78
21:49:15     all   15.87    0.00   10.33    0.00    0.00    3.53    0.00    0.00    0.00   70.28
21:49:16     all   16.96    0.00    9.37    0.00    0.00    3.54    0.00    0.00    0.00   70.13
21:49:17     all   18.48    0.00    8.61    0.00    0.00    3.54    0.25    0.00    0.00   69.11
21:49:18     all   17.51    0.00    9.90    0.00    0.00    3.05    0.00    0.00    0.00   69.54
21:49:19     all   17.34    0.00   10.55    0.00    0.00    3.02    0.00    0.00    0.00   69.10
21:49:20     all   18.59    0.00    9.55    0.00    0.00    3.02    0.00    0.00    0.00   68.84
21:49:21     all   14.90    0.00    9.60    0.00    0.00    3.54    0.25    0.00    0.00   71.72
21:49:22     all   13.81    0.00    9.97    0.00    0.00    3.07    0.26    0.00    0.00   72.89
21:49:23     all   12.15    0.00    9.11    0.00    0.00    3.29    0.00    0.00    0.00   75.44
21:49:24     all   12.12    0.00    9.09    0.00    0.00    2.78    0.25    0.00    0.00   75.76
21:49:25     all   11.93    0.00    9.14    0.00    0.00    3.30    0.00    0.00    0.00   75.63
21:49:26     all   13.49    0.00    8.91    0.00    0.00    2.54    0.00    0.00    0.00   75.06
21:49:27     all   25.63    0.00    8.88    0.00    0.00    3.55    0.00    0.00    0.00   61.93
21:49:28     all   10.37    0.00    9.88    0.00    0.00    2.96    0.00    0.00    0.00   76.79
21:49:29     all    9.85    0.00   10.61    0.00    0.00    4.55    0.00    0.00    0.00   75.00
21:49:30     all   10.81    0.00   10.81    0.00    0.00    4.91    0.00    0.00    0.00   73.46
21:49:31     all   11.25    0.00   10.50    0.00    0.00    3.50    0.00    0.00    0.00   74.75
21:49:32     all   10.78    0.00   10.28    0.00    0.00    3.76    0.00    0.00    0.00   75.19
21:49:33     all   10.72    0.00    9.73    0.00    0.00    3.99    0.25    0.00    0.00   75.31
21:49:34     all   10.08    0.00   10.08    0.00    0.00    4.53    0.25    0.00    0.00   75.06
21:49:35     all   11.44    0.00   11.44    0.00    0.00    3.65    0.00    0.00    0.00   73.48
21:49:36     all   11.55    0.00   10.81    0.00    0.00    3.93    0.00    0.00    0.00   73.71
21:49:37     all   10.86    0.00   10.12    0.00    0.00    4.44    0.49    0.00    0.00   74.07
21:49:38     all   10.72    0.00   10.47    0.00    0.00    3.99    0.00    0.00    0.00   74.81
21:49:39     all   10.72    0.00   10.22    0.00    0.00    4.24    0.00    0.00    0.00   74.81
21:49:40     all   11.11    0.00    9.34    0.00    0.00    4.04    0.00    0.00    0.00   75.51
21:49:41     all   11.82    0.00   10.84    0.00    0.00    3.69    0.00    0.00    0.00   73.65
21:49:42     all   11.28    0.00    9.02    0.00    0.00    4.51    0.25    0.00    0.00   74.94
21:49:43     all   11.11    0.00   10.62    0.00    0.00    4.20    0.25    0.00    0.00   73.83
21:49:44     all   11.33    0.00   10.34    0.00    0.00    4.19    0.00    0.00    0.00   74.14
21:49:45     all    9.75    0.00   10.50    0.00    0.00    4.00    0.25    0.00    0.00   75.50
21:49:46     all   10.83    0.00    8.56    0.00    0.00    4.28    0.25    0.00    0.00   76.07
21:49:47     all   10.45    0.00   10.95    0.00    0.00    3.98    0.00    0.00    0.00   74.63
21:49:48     all    9.98    0.00    9.98    0.00    0.00    4.24    0.00    0.00    0.00   75.81
21:49:49     all   10.95    0.00    9.95    0.00    0.00    4.23    0.00    0.00    0.00   74.88
21:49:50     all   10.63    0.00    9.37    0.00    0.00    4.30    0.00    0.00    0.00   75.70
21:49:51     all   11.60    0.00   10.37    0.00    0.00    4.20    0.00    0.00    0.00   73.83
21:49:52     all   11.00    0.00    9.75    0.00    0.00    4.00    0.50    0.00    0.00   74.75
21:49:53     all   10.25    0.00   10.75    0.00    0.00    3.75    0.25    0.00    0.00   75.00
21:49:54     all   10.75    0.00   10.50    0.00    0.00    3.75    0.00    0.00    0.00   75.00
21:49:55     all   11.17    0.00   10.92    0.00    0.00    4.47    0.00    0.00    0.00   73.45
21:49:56     all   10.25    0.00   10.50    0.00    0.00    4.25    0.25    0.00    0.00   74.75
21:49:57     all   16.05    0.00    8.64    0.25    0.00    4.20    0.00    0.00    0.00   70.86
21:49:58     all   25.59    0.00   12.56    0.00    0.00    4.74    0.00    0.00    0.00   57.11
21:49:59     all   20.89    0.00   15.67    0.00    0.00    6.53    0.00    0.00    0.00   56.92
21:50:00     all   16.97    0.00   15.40    0.00    0.00    6.27    0.00    0.00    0.00   61.36
21:50:01     all   15.95    0.00   14.59    0.00    0.00    5.95    0.27    0.00    0.00   63.24
21:50:02     all   15.78    0.00   14.44    0.00    0.00    7.22    0.80    0.00    0.00   61.76
21:50:03     all   16.76    0.00   15.16    0.00    0.00    5.85    0.27    0.00    0.00   61.97
21:50:04     all   16.09    0.00   15.57    0.00    0.00    6.60    0.79    0.00    0.00   60.95
21:50:05     all   17.11    0.00   14.21    0.00    0.00    6.58    0.53    0.00    0.00   61.58
21:50:06     all   15.61    0.00   15.34    0.00    0.00    7.14    0.00    0.00    0.00   61.90
21:50:07     all   14.91    0.00   15.72    0.00    0.00    6.50    0.27    0.00    0.00   62.60
21:50:08     all   17.62    0.00   15.03    0.00    0.00    6.74    0.00    0.00    0.00   60.62
21:50:09     all   16.40    0.00   14.81    0.00    0.00    6.35    0.53    0.00    0.00   61.90
21:50:10     all   16.84    0.00   15.00    0.00    0.00    6.05    0.53    0.00    0.00   61.58
21:50:11     all   16.04    0.00   15.24    0.00    0.00    6.15    0.00    0.00    0.00   62.57
21:50:12     all   17.65    0.00   13.10    0.00    0.00    5.35    0.27    0.00    0.00   63.64
21:50:13     all   16.62    0.00   14.75    0.00    0.00    5.63    0.27    0.00    0.00   62.73
21:50:14     all   16.35    0.00   14.48    0.00    0.00    6.43    0.00    0.00    0.00   62.73
21:50:15     all   16.71    0.00   14.32    0.00    0.00    6.37    0.27    0.00    0.00   62.33
21:50:16     all   16.62    0.00   13.94    0.00    0.00    5.90    0.00    0.00    0.00   63.54
21:50:17     all   16.67    0.00   15.36    0.00    0.00    6.51    0.26    0.00    0.00   61.20
21:50:18     all   16.62    0.00   15.30    0.00    0.00    6.33    0.26    0.00    0.00   61.48
21:50:19     all   17.14    0.00   15.32    0.00    0.00    5.97    0.26    0.00    0.00   61.30
21:50:20     all   17.97    0.00   15.70    0.00    0.00    6.84    0.25    0.00    0.00   59.24
21:50:21     all   17.10    0.00   15.28    0.00    0.00    7.77    0.00    0.00    0.00   59.84
21:50:22     all   15.83    0.00   15.83    0.00    0.00    6.60    0.00    0.00    0.00   61.74
21:50:23     all   16.71    0.00   14.32    0.00    0.00    7.43    0.00    0.00    0.00   61.54
21:50:24     all   18.37    0.00   15.75    0.00    0.00    6.82    0.00    0.00    0.00   59.06
21:50:25     all   17.92    0.00   15.32    0.00    0.00    6.23    0.26    0.00    0.00   60.26
21:50:26     all   16.36    0.00   15.32    0.00    0.00    6.23    0.52    0.00    0.00   61.56
21:50:27     all   18.68    0.00   12.89    0.00    0.00    6.05    0.00    0.00    0.00   62.37
21:50:28     all   17.15    0.00   15.41    0.00    0.00    6.10    0.00    0.00    0.00   61.34
21:50:29     all   22.97    0.00   21.80    0.00    0.00    6.40    0.29    0.00    0.00   48.55
21:50:30     all   22.54    0.00   23.12    0.00    0.00    6.36    0.00    0.00    0.00   47.98
21:50:31     all   23.58    0.00   21.88    0.00    0.00    7.95    0.00    0.00    0.00   46.59
21:50:32     all   23.48    0.00   21.45    0.00    0.00    6.96    0.29    0.00    0.00   47.83
21:50:33     all   23.12    0.00   21.39    0.00    0.00    7.51    0.58    0.00    0.00   47.40
21:50:34     all   23.19    0.00   21.74    0.00    0.00    7.54    0.00    0.00    0.00   47.54
21:50:35     all   23.08    0.00   21.94    0.00    0.00    6.55    0.00    0.00    0.00   48.43
21:50:36     all   22.52    0.00   20.12    0.00    0.00    6.31    0.00    0.00    0.00   51.05
21:50:37     all   23.10    0.00   21.93    0.00    0.00    6.43    0.00    0.00    0.00   48.54
21:50:38     all   22.97    0.00   21.22    0.00    0.00    6.98    0.58    0.00    0.00   48.26
21:50:39     all   22.09    0.00   22.38    0.00    0.00    6.40    0.00    0.00    0.00   49.13
21:50:40     all   23.99    0.00   21.39    0.00    0.00    6.07    0.00    0.00    0.00   48.55
21:50:41     all   22.88    0.00   22.60    0.00    0.00    5.93    0.56    0.00    0.00   48.02
21:50:42     all   23.41    0.00   21.97    0.00    0.00    6.94    0.29    0.00    0.00   47.40
21:50:43     all   22.45    0.00   23.62    0.00    0.00    6.12    0.00    0.00    0.00   47.81
21:50:44     all   25.07    0.00   21.41    0.00    0.00    7.04    0.28    0.00    0.00   46.20
21:50:45     all   22.64    0.00   23.21    0.00    0.00    7.16    0.00    0.00    0.00   46.99
21:50:46     all   24.00    0.00   22.86    0.00    0.00    6.86    0.00    0.00    0.00   46.29
21:50:47     all   26.14    0.00   22.44    0.00    0.00    6.53    0.57    0.00    0.00   44.32
21:50:48     all   25.00    0.00   21.26    0.00    0.00    7.18    0.29    0.00    0.00   46.26
21:50:49     all   23.85    0.00   22.41    0.00    0.00    7.18    0.29    0.00    0.00   46.26
21:50:50     all   23.99    0.00   21.39    0.00    0.00    7.51    0.29    0.00    0.00   46.82
21:50:51     all   24.36    0.00   22.66    0.00    0.00    7.08    0.00    0.00    0.00   45.89
21:50:52     all   23.63    0.00   22.48    0.00    0.00    7.49    0.00    0.00    0.00   46.40
21:50:53     all   24.13    0.00   21.22    0.00    0.00    6.98    0.29    0.00    0.00   47.38
21:50:54     all   23.73    0.00   22.60    0.00    0.00    8.19    0.85    0.00    0.00   44.63
21:50:55     all   23.70    0.00   23.70    0.00    0.00    6.36    0.00    0.00    0.00   46.24
21:50:56     all   23.50    0.00   22.35    0.00    0.00    6.88    0.00    0.00    0.00   47.28
21:50:57     all   18.44    0.00   17.87    0.00    0.00    6.34    0.29    0.00    0.00   57.06
21:50:58     all   29.25    0.00   20.89    0.00    0.00    7.52    0.00    0.00    0.00   42.34
21:50:59     all   33.60    0.00   30.11    2.15    0.00   12.10    0.00    0.00    0.00   22.04
21:51:00     all   34.44    0.00   33.42    1.02    0.00   10.46    0.26    0.00    0.00   20.41
21:51:01     all   34.71    0.00   33.74    0.00    0.00    8.74    0.24    0.00    0.00   22.57
21:51:02     all   34.60    0.00   32.83    0.00    0.00    9.09    0.25    0.00    0.00   23.23
21:51:03     all   31.84    0.00   31.84    1.32    0.00   11.05    0.00    0.00    0.00   23.95
21:51:04     all   33.76    0.00   29.64    0.00    0.00   11.34    0.77    0.00    0.00   24.48
21:51:05     all   34.82    0.00   31.94    0.00    0.00   12.83    0.00    0.00    0.00   20.42
21:51:06     all   33.87    0.00   32.00    0.00    0.00   14.13    0.00    0.00    0.00   20.00
21:51:07     all   33.51    0.00   29.97    0.00    0.00   13.35    0.00    0.00    0.00   23.16
21:51:08     all   33.33    0.00   30.45    0.00    0.00   10.76    0.00    0.00    0.00   25.46
21:51:09     all   33.42    0.00   29.18    0.00    0.00   12.47    0.27    0.00    0.00   24.67
21:51:10     all   33.95    0.00   29.74    0.00    0.00   11.58    0.26    0.00    0.00   24.47
21:51:11     all   33.42    0.00   32.64    0.00    0.00   11.49    0.00    0.00    0.00   22.45
21:51:12     all   34.63    0.00   32.04    0.00    0.00   11.37    0.00    0.00    0.00   21.96
21:51:13     all   35.73    0.00   32.85    0.00    0.00    8.39    0.72    0.00    0.00   22.30
21:51:14     all   34.01    0.00   30.96    0.00    0.00   10.41    0.00    0.00    0.00   24.62
21:51:15     all   34.74    0.00   32.01    0.00    0.00    8.44    0.00    0.00    0.00   24.81
21:51:16     all   35.65    0.00   32.78    0.00    0.00    7.18    0.48    0.00    0.00   23.92
21:51:17     all   32.11    0.00   30.00    0.00    0.00   12.89    0.00    0.00    0.00   25.00
21:51:18     all   34.46    0.00   30.83    0.00    0.00   12.95    0.26    0.00    0.00   21.50
21:51:19     all   37.00    0.00   31.50    0.00    0.00    8.75    0.00    0.00    0.00   22.75
21:51:20     all   34.63    0.00   31.52    0.00    0.00    9.56    0.26    0.00    0.00   24.03
21:51:21     all   36.34    0.00   32.20    0.00    0.00    8.05    0.00    0.00    0.00   23.41
21:51:22     all   34.23    0.00   33.25    0.00    0.00    8.80    0.24    0.00    0.00   23.47
21:51:23     all   33.16    0.00   31.33    0.00    0.00   10.44    0.00    0.00    0.00   25.07
21:51:24     all   33.67    0.00   31.63    0.00    0.00   10.46    0.26    0.00    0.00   23.98
21:51:25     all   32.80    0.00   30.67    0.00    0.00   11.47    0.00    0.00    0.00   25.07
21:51:26     all   36.43    0.00   33.42    0.00    0.00    9.30    0.25    0.00    0.00   20.60
21:51:27     all   29.49    0.00   27.69    0.00    0.00    7.95    0.00    0.00    0.00   34.87
21:51:28     all   18.77    0.00   17.37    0.00    0.00    6.16    0.00    0.00    0.00   57.70
21:51:29     all   37.85    0.00   32.48    0.00    0.00   14.58    0.51    0.00    0.00   14.58
21:51:30     all   36.67    0.00   34.10    0.00    0.00   14.36    0.00    0.00    0.00   14.87
21:51:31     all   36.62    0.00   34.85    0.00    0.00   14.90    0.51    0.00    0.00   13.13
21:51:32     all   38.46    0.00   33.85    0.00    0.00   18.21    0.00    0.00    0.00    9.49
21:51:33     all   37.76    0.00   34.69    0.00    0.00   16.07    0.00    0.00    0.00   11.48
21:51:34     all   40.95    0.00   34.17    0.00    0.00   13.82    0.00    0.00    0.00   11.06
21:51:35     all   40.25    0.00   36.54    0.00    0.00   12.59    0.00    0.00    0.00   10.62
21:51:36     all   38.19    0.00   35.68    0.00    0.00   13.32    0.00    0.00    0.00   12.81
21:51:37     all   38.38    0.00   33.68    0.00    0.00   12.27    0.00    0.00    0.00   15.67
21:51:38     all   37.89    0.00   34.54    0.00    0.00   15.98    0.00    0.00    0.00   11.60
21:51:39     all   36.80    0.00   33.25    0.00    0.00   18.78    0.25    0.00    0.00   10.91
21:51:40     all   38.78    0.00   32.65    0.00    0.00   18.62    0.00    0.00    0.00    9.95
21:51:41     all   39.24    0.00   35.19    0.00    0.00   15.44    0.00    0.00    0.00   10.13
21:51:42     all   37.92    0.00   34.29    0.00    0.00   15.32    0.00    0.00    0.00   12.47
21:51:43     all   38.62    0.00   32.99    0.00    0.00   17.90    0.26    0.00    0.00   10.23
21:51:44     all   37.97    0.00   33.42    0.00    0.00   16.96    0.00    0.00    0.00   11.65
21:51:45     all   39.14    0.00   34.60    0.00    0.00   15.66    0.00    0.00    0.00   10.61
21:51:46     all   37.92    0.00   34.03    0.00    0.00   17.40    0.00    0.00    0.00   10.65
21:51:47     all   37.24    0.00   32.40    0.00    0.00   18.11    0.26    0.00    0.00   11.99
21:51:48     all   38.87    0.00   34.02    0.00    0.00   16.62    0.00    0.00    0.00   10.49
21:51:49     all   36.76    0.00   33.68    0.00    0.00   18.25    0.26    0.00    0.00   11.05
21:51:50     all   38.21    0.00   32.56    0.00    0.00   19.23    0.00    0.00    0.00   10.00
21:51:51     all   38.42    0.00   32.57    0.00    0.00   20.10    0.25    0.00    0.00    8.65
21:51:52     all   38.23    0.00   32.41    0.00    0.00   19.49    0.00    0.00    0.00    9.87
21:51:53     all   37.31    0.00   33.76    0.00    0.00   20.05    0.00    0.00    0.00    8.88
21:51:54     all   38.78    0.00   32.14    0.00    0.00   20.41    0.00    0.00    0.00    8.67
21:51:55     all   37.56    0.00   32.99    0.00    0.00   19.80    0.00    0.00    0.00    9.64
21:51:56     all   38.78    0.00   31.63    0.00    0.00   20.66    0.00    0.00    0.00    8.93
21:51:57     all   32.48    0.00   28.90    0.00    0.00   16.62    0.26    0.00    0.00   21.74
21:51:58     all   24.23    0.00   20.06    0.00    0.00    6.69    0.00    0.00    0.00   49.03
21:51:59     all   38.73    0.00   32.41    0.00    0.00   19.49    0.51    0.00    0.00    8.86
21:52:00     all   37.69    0.00   33.59    0.00    0.00   19.49    0.00    0.00    0.00    9.23
21:52:01     all   37.15    0.00   34.35    0.00    0.00   19.08    0.00    0.00    0.00    9.41
21:52:02     all   37.24    0.00   32.14    0.00    0.00   20.15    0.00    0.00    0.00   10.46
21:52:03     all   36.15    0.00   33.59    0.00    0.00   19.74    0.00    0.00    0.00   10.51
21:52:04     all   36.18    0.00   34.11    0.00    0.00   19.90    0.26    0.00    0.00    9.56
21:52:05     all   36.22    0.00   33.67    0.00    0.00   19.90    0.00    0.00    0.00   10.20
21:52:06     all   39.34    0.00   31.73    0.00    0.00   19.29    0.25    0.00    0.00    9.39
21:52:07     all   36.50    0.00   33.16    0.00    0.00   20.57    0.00    0.00    0.00    9.77
21:52:08     all   34.96    0.00   33.42    0.00    0.00   19.54    0.26    0.00    0.00   11.83
21:52:09     all   38.17    0.00   33.33    0.00    0.00   18.58    0.00    0.00    0.00    9.92
21:52:10     all   39.49    0.00   32.31    0.00    0.00   18.97    0.00    0.00    0.00    9.23
21:52:11     all   37.31    0.00   34.26    0.00    0.00   19.29    0.25    0.00    0.00    8.88
21:52:12     all   37.97    0.00   32.66    0.00    0.00   19.75    0.00    0.00    0.00    9.62
21:52:13     all   38.30    0.00   31.62    0.00    0.00   20.05    0.26    0.00    0.00    9.77
21:52:14     all   37.37    0.00   34.60    0.00    0.00   19.19    0.00    0.00    0.00    8.84
21:52:15     all   36.41    0.00   32.82    0.00    0.00   20.77    0.00    0.00    0.00   10.00
21:52:16     all   37.24    0.00   32.14    0.00    0.00   20.66    0.26    0.00    0.00    9.69
21:52:17     all   37.31    0.00   31.98    0.00    0.00   20.81    0.00    0.00    0.00    9.90
21:52:18     all   36.34    0.00   33.76    0.00    0.00   20.36    0.00    0.00    0.00    9.54
21:52:19     all   36.50    0.00   31.36    0.00    0.00   20.57    0.00    0.00    0.00   11.57
21:52:20     all   37.40    0.00   32.06    0.00    0.00   19.59    0.25    0.00    0.00   10.69
21:52:21     all   37.21    0.00   31.78    0.00    0.00   20.93    0.00    0.00    0.00   10.08
21:52:22     all   37.91    0.00   33.08    0.00    0.00   18.83    0.00    0.00    0.00   10.18
21:52:23     all   36.92    0.00   32.56    0.00    0.00   20.00    0.00    0.00    0.00   10.51
21:52:24     all   36.57    0.00   32.74    0.00    0.00   20.72    0.26    0.00    0.00    9.72
21:52:25     all   37.56    0.00   32.99    0.00    0.00   20.30    0.25    0.00    0.00    8.88
21:52:26     all   37.44    0.00   32.31    0.00    0.00   19.74    0.26    0.00    0.00   10.26
21:52:27     all   33.25    0.00   28.93    0.00    0.00   17.77    0.00    0.00    0.00   20.05
21:52:28     all    4.04    0.00    0.76    0.00    0.00    0.76    0.00    0.00    0.00   94.44
21:52:29     all   26.28    0.00    8.16    0.00    0.00    3.57    0.00    0.00    0.00   61.99
21:52:30     all   23.04    0.00    9.11    0.00    0.00    4.05    0.00    0.00    0.00   63.80
21:52:31     all   16.62    0.00    8.70    0.00    0.00    3.58    0.00    0.00    0.00   71.10
21:52:32     all   13.45    0.00   11.42    0.00    0.00    3.55    0.00    0.00    0.00   71.57
21:52:33     all   13.99    0.00   10.18    0.00    0.00    3.56    0.00    0.00    0.00   72.26
21:52:34     all   15.56    0.00    9.69    0.00    0.00    3.57    0.00    0.00    0.00   71.17
21:52:35     all   17.29    0.00   10.03    0.00    0.00    3.51    0.00    0.00    0.00   69.17
21:52:36     all   16.20    0.00    9.62    0.00    0.00    3.80    0.00    0.00    0.00   70.38
21:52:37     all   15.09    0.00    9.46    0.00    0.00    3.84    0.26    0.00    0.00   71.36
21:52:38     all   16.41    0.00   10.35    0.00    0.00    3.54    0.00    0.00    0.00   69.70
21:52:39     all   15.90    0.00    9.74    0.26    0.00    3.59    0.51    0.00    0.00   70.00
21:52:40     all   18.09    0.00   10.55    0.00    0.00    3.52    0.00    0.00    0.00   67.84
21:52:41     all   16.88    0.00    9.82    0.00    0.00    3.78    0.00    0.00    0.00   69.52
21:52:42     all   15.74    0.00    9.39    0.00    0.00    3.30    0.00    0.00    0.00   71.57
21:52:43     all   17.50    0.00   11.00    0.00    0.00    3.75    0.00    0.00    0.00   67.75
21:52:44     all   18.53    0.00    9.14    0.00    0.00    3.05    0.25    0.00    0.00   69.04
21:52:45     all   17.26    0.00    9.64    0.00    0.00    3.55    0.00    0.00    0.00   69.54
21:52:46     all   15.90    0.00    9.23    0.00    0.00    3.33    0.00    0.00    0.00   71.54
21:52:47     all   18.88    0.00    9.95    0.00    0.00    3.32    0.00    0.00    0.00   67.86
21:52:48     all   16.84    0.00    9.95    0.00    0.00    3.06    0.00    0.00    0.00   70.15
21:52:49     all   19.29    0.00    9.90    0.00    0.00    3.55    0.25    0.00    0.00   67.01
21:52:50     all   16.46    0.00    9.37    0.00    0.00    3.29    0.00    0.00    0.00   70.89
21:52:51     all   14.94    0.00    9.37    0.00    0.00    3.54    0.25    0.00    0.00   71.90
21:52:52     all   12.94    0.00    9.64    0.00    0.00    3.55    0.00    0.00    0.00   73.86
21:52:53     all   13.64    0.00    9.34    0.00    0.00    3.28    0.00    0.00    0.00   73.74
21:52:54     all   13.16    0.00   10.13    0.00    0.00    3.54    0.00    0.00    0.00   73.16
21:52:55     all   13.85    0.00    9.57    0.00    0.00    3.53    0.00    0.00    0.00   73.05
21:52:56     all   12.94    0.00    9.90    0.00    0.00    3.05    0.00    0.00    0.00   74.11
21:52:57     all   15.99    0.00    9.90    0.00    0.00    3.55    0.00    0.00    0.00   70.56
21:52:58     all    2.50    0.00    1.00    0.00    0.00    0.50    0.00    0.00    0.00   96.00
21:52:59     all   31.57    0.00   12.37    0.00    0.00    5.81    0.00    0.00    0.00   50.25
21:53:00     all   49.87    0.00   13.49    0.00    0.00    7.12    0.00    0.00    0.00   29.52
21:53:01     all   46.19    0.00   17.51    0.00    0.00    5.84    0.00    0.00    0.00   30.46
21:53:02     all   39.19    0.00   17.05    0.00    0.00    5.60    0.25    0.00    0.00   37.91
21:53:03     all   46.65    0.00   17.01    0.00    0.00    5.41    0.26    0.00    0.00   30.67
21:53:04     all   45.80    0.00   18.07    0.00    0.00    5.60    0.00    0.00    0.00   30.53
21:53:05     all   41.10    0.00   16.54    0.00    0.00    6.02    0.25    0.00    0.00   36.09
21:53:06     all   46.94    0.00   17.09    0.00    0.00    5.10    0.00    0.00    0.00   30.87
21:53:07     all   43.33    0.00   17.44    0.00    0.00    5.38    0.00    0.00    0.00   33.85
21:53:08     all   40.25    0.00   15.95    0.00    0.00    6.58    0.25    0.00    0.00   36.96
21:53:09     all   50.51    0.00   18.78    0.00    0.00    5.33    0.00    0.00    0.00   25.38
21:53:10     all   49.24    0.00   17.01    0.00    0.00    6.60    0.00    0.00    0.00   27.16
21:53:11     all   49.49    0.00   18.97    0.00    0.00    5.64    0.00    0.00    0.00   25.90
21:53:12     all   43.51    0.00   17.56    0.00    0.00    5.34    0.00    0.00    0.00   33.59
21:53:13     all   43.48    0.00   17.90    0.00    0.00    6.14    0.00    0.00    0.00   32.48
21:53:14     all   49.74    0.00   18.37    0.00    0.00    6.12    0.00    0.00    0.00   25.77
21:53:15     all   50.13    0.00   18.07    0.00    0.00    5.85    0.00    0.00    0.00   25.95
21:53:16     all   45.57    0.00   17.47    0.00    0.00    6.08    0.00    0.00    0.00   30.89
21:53:17     all   44.64    0.00   17.09    0.00    0.00    5.10    0.00    0.00    0.00   33.16
21:53:18     all   46.19    0.00   18.02    0.00    0.00    4.82    0.00    0.00    0.00   30.96
21:53:19     all   44.90    0.00   17.86    0.00    0.00    5.87    0.00    0.00    0.00   31.38
21:53:20     all   47.69    0.00   16.92    0.00    0.00    5.38    0.00    0.00    0.00   30.00
21:53:21     all   47.30    0.00   16.97    0.00    0.00    5.66    0.00    0.00    0.00   30.08
21:53:22     all   43.73    0.00   18.67    0.00    0.00    4.86    0.00    0.00    0.00   32.74
21:53:23     all   47.72    0.00   16.50    0.00    0.00    5.84    0.00    0.00    0.00   29.95
21:53:24     all   40.98    0.00   19.59    0.00    0.00    5.15    0.00    0.00    0.00   34.28
21:53:25     all   47.72    0.00   17.77    0.00    0.00    5.58    0.00    0.00    0.00   28.93
21:53:26     all   45.80    0.00   17.30    0.25    0.00    6.11    0.00    0.00    0.00   30.53
21:53:27     all   43.00    0.00   16.79    0.00    0.00    6.36    0.25    0.00    0.00   33.59
21:53:28     all    6.50    0.00    2.00    0.00    0.00    0.25    0.00    0.00    0.00   91.25
21:53:29     all   35.97    0.00   10.46    0.00    0.00    6.12    0.26    0.00    0.00   47.19
21:53:30     all   50.90    0.00   13.55    0.00    0.00    8.95    0.00    0.00    0.00   26.60
21:53:31     all   53.28    0.00   18.69    0.00    0.00    7.83    0.00    0.00    0.00   20.20
21:53:32     all   56.85    0.00   16.75    0.00    0.00    7.11    0.25    0.00    0.00   19.04
21:53:33     all   59.55    0.00   16.58    0.00    0.00    6.78    0.25    0.00    0.00   16.83
21:53:34     all   52.82    0.00   19.49    0.00    0.00    5.13    0.00    0.00    0.00   22.56
21:53:35     all   54.18    0.00   17.72    0.00    0.00    5.57    0.00    0.00    0.00   22.53
21:53:36     all   59.80    0.00   20.10    0.00    0.00    5.34    0.00    0.00    0.00   14.76
21:53:37     all   55.75    0.00   19.69    0.00    0.00    6.39    0.00    0.00    0.00   18.16
21:53:38     all   52.90    0.00   19.40    0.00    0.00    8.31    0.00    0.00    0.00   19.40
21:53:39     all   57.87    0.00   16.75    0.00    0.00    8.12    0.00    0.00    0.00   17.26
21:53:40     all   56.60    0.00   18.02    0.00    0.00    8.38    0.00    0.00    0.00   17.01
21:53:41     all   57.40    0.00   17.35    0.00    0.00    8.67    0.00    0.00    0.00   16.58
21:53:42     all   59.95    0.00   19.39    0.00    0.00    8.67    0.00    0.00    0.00   11.99
21:53:43     all   56.06    0.00   18.69    0.00    0.00    8.59    0.00    0.00    0.00   16.67
21:53:44     all   55.50    0.00   15.60    0.00    0.00    8.18    0.00    0.00    0.00   20.72
21:53:45     all   56.35    0.00   18.78    0.00    0.00    8.38    0.00    0.00    0.00   16.50
21:53:46     all   56.89    0.00   18.88    0.00    0.00    8.42    0.00    0.00    0.00   15.82
21:53:47     all   56.74    0.00   18.07    0.00    0.00    7.89    0.00    0.00    0.00   17.30
21:53:48     all   54.85    0.00   17.35    0.00    0.00    8.16    0.00    0.00    0.00   19.64
21:53:49     all   57.97    0.00   16.46    0.00    0.00    8.35    0.00    0.00    0.00   17.22
21:53:50     all   57.58    0.00   18.94    0.00    0.00    8.33    0.00    0.00    0.00   15.15
21:53:51     all   56.46    0.00   20.25    0.00    0.00    9.37    0.00    0.00    0.00   13.92
21:53:52     all   56.46    0.00   16.71    0.00    0.00    8.10    0.25    0.00    0.00   18.48
21:53:53     all   53.94    0.00   16.79    0.00    0.00    7.38    0.25    0.00    0.00   21.63
21:53:54     all   54.91    0.00   18.39    0.00    0.00    8.31    0.00    0.00    0.00   18.39
21:53:55     all   51.03    0.00   18.21    0.00    0.00    7.69    0.00    0.00    0.00   23.08
21:53:56     all   56.38    0.00   15.56    0.00    0.00    8.67    0.00    0.00    0.00   19.39
21:53:57     all   57.18    0.00   18.46    0.00    0.00    7.44    0.00    0.00    0.00   16.92
21:53:58     all   18.09    0.00    4.77    0.00    0.00    2.01    0.00    0.00    0.00   75.13
21:53:59     all   18.58    0.00    9.67    0.00    0.00    6.11    0.25    0.00    0.00   65.39
21:54:00     all   39.02    0.00   16.02    0.00    0.00    8.53    0.00    0.00    0.00   36.43
21:54:01     all   50.38    0.00   19.65    0.00    0.00    8.31    0.25    0.00    0.00   21.41
21:54:02     all   53.21    0.00   17.48    0.00    0.00    8.74    0.00    0.00    0.00   20.57
21:54:03     all   56.03    0.00   19.10    0.00    0.00    9.30    0.00    0.00    0.00   15.58
21:54:04     all   62.28    0.00   18.23    0.00    0.00    8.61    0.00    0.00    0.00   10.89
21:54:05     all   57.68    0.00   17.13    0.00    0.00    8.56    0.00    0.00    0.00   16.62
21:54:06     all   53.59    0.00   18.46    0.00    0.00    9.23    0.00    0.00    0.00   18.72
21:54:07     all   60.35    0.00   16.92    0.00    0.00    8.84    0.00    0.00    0.00   13.89
21:54:08     all   60.00    0.00   16.71    0.00    0.00    8.35    0.00    0.00    0.00   14.94
21:54:09     all   59.54    0.00   17.30    0.00    0.00    7.63    0.00    0.00    0.00   15.52
21:54:10     all   59.03    0.00   16.28    0.00    0.00    7.63    0.00    0.00    0.00   17.05
21:54:11     all   61.71    0.00   17.38    0.00    0.00    7.81    0.00    0.00    0.00   13.10
21:54:12     all   61.87    0.00   17.68    0.00    0.00    7.07    0.00    0.00    0.00   13.38
21:54:13     all   55.87    0.00   18.11    0.00    0.00    8.16    0.00    0.00    0.00   17.86
21:54:14     all   61.06    0.00   15.83    0.00    0.00    7.54    0.25    0.00    0.00   15.33
21:54:15     all   56.20    0.00   17.47    0.00    0.00    8.35    0.25    0.00    0.00   17.72
21:54:16     all   59.39    0.00   16.50    0.00    0.00    8.12    0.00    0.00    0.00   15.99
21:54:17     all   55.70    0.00   16.46    0.00    0.00    8.10    0.00    0.00    0.00   19.75
21:54:18     all   58.08    0.00   16.67    0.00    0.00    7.58    0.00    0.00    0.00   17.68
21:54:19     all   57.54    0.00   17.14    0.00    0.00    7.67    0.00    0.00    0.00   17.65
21:54:20     all   63.45    0.00   15.99    0.00    0.00    8.12    0.00    0.00    0.00   12.44
21:54:21     all   59.80    0.00   18.34    0.00    0.00    8.29    0.00    0.00    0.00   13.57
21:54:22     all   57.87    0.00   15.99    0.00    0.00    6.85    0.00    0.00    0.00   19.29
21:54:23     all   62.63    0.00   16.41    0.00    0.00    5.56    0.25    0.00    0.00   15.15
21:54:24     all   59.18    0.00   15.56    0.00    0.00    6.12    0.00    0.00    0.00   19.13
21:54:25     all   61.46    0.00   15.62    0.00    0.00    5.29    0.00    0.00    0.00   17.63
21:54:26     all   61.13    0.00   16.37    0.00    0.00    5.88    0.00    0.00    0.00   16.62
21:54:27     all   53.69    0.00   19.08    0.00    0.00    8.65    0.00    0.00    0.00   18.58
