Running 30s test @ http://10.116.0.2:8080/block?ms=100
  4 threads and 1000 connections
  Thread calibration: mean lat.: 378.316ms, rate sampling interval: 1252ms
  Thread calibration: mean lat.: 394.159ms, rate sampling interval: 1304ms
  Thread calibration: mean lat.: 411.418ms, rate sampling interval: 1336ms
  Thread calibration: mean lat.: 386.474ms, rate sampling interval: 1300ms
  Thread Stats   Avg      Stdev     Max   +/- Stdev
    Latency   104.86ms    7.77ms 391.42ms   96.95%
    Req/Sec     2.25k    45.87     2.36k    76.79%
  Latency Distribution (HdrHistogram - Recorded Latency)
 50.000%  103.61ms
 75.000%  106.05ms
 90.000%  108.93ms
 99.000%  120.13ms
 99.900%  225.92ms
 99.990%  320.77ms
 99.999%  381.18ms
100.000%  391.68ms

  Detailed Percentile spectrum:
       Value   Percentile   TotalCount 1/(1-Percentile)

     100.351     0.000000            5         1.00
     101.183     0.100000        17410         1.11
     101.695     0.200000        35223         1.25
     102.271     0.300000        51232         1.43
     102.911     0.400000        67792         1.67
     103.615     0.500000        85801         2.00
     103.935     0.550000        93299         2.22
     104.319     0.600000       101425         2.50
     104.767     0.650000       109746         2.86
     105.343     0.700000       118611         3.33
     106.047     0.750000       127147         4.00
     106.431     0.775000       130984         4.44
     106.879     0.800000       134935         5.00
     107.391     0.825000       139387         5.71
     107.903     0.850000       143722         6.67
     108.415     0.875000       147875         8.00
     108.671     0.887500       149983         8.89
     108.927     0.900000       151939        10.00
     109.247     0.912500       154149        11.43
     109.567     0.925000       156035        13.33
     110.015     0.937500       158191        16.00
     110.335     0.943750       159302        17.78
     110.655     0.950000       160289        20.00
     111.039     0.956250       161245        22.86
     111.615     0.962500       162267        26.67
     112.511     0.968750       163302        32.00
     113.087     0.971875       163858        35.56
     113.599     0.975000       164379        40.00
     114.239     0.978125       164919        45.71
     115.199     0.981250       165416        53.33
     116.607     0.984375       165945        64.00
     117.375     0.985938       166216        71.11
     118.335     0.987500       166469        80.00
     119.487     0.989062       166734        91.43
     120.511     0.990625       166994       106.67
     123.007     0.992188       167253       128.00
     125.695     0.992969       167389       142.22
     128.575     0.993750       167517       160.00
     132.223     0.994531       167648       182.86
     141.311     0.995313       167781       213.33
     154.495     0.996094       167911       256.00
     159.871     0.996484       167977       284.44
     166.399     0.996875       168044       320.00
     174.079     0.997266       168109       365.71
     179.199     0.997656       168174       426.67
     189.823     0.998047       168240       512.00
     197.759     0.998242       168273       568.89
     204.415     0.998437       168306       640.00
     209.791     0.998633       168339       731.43
     219.135     0.998828       168372       853.33
     226.943     0.999023       168405      1024.00
     231.295     0.999121       168421      1137.78
     238.079     0.999219       168438      1280.00
     246.143     0.999316       168454      1462.86
     251.903     0.999414       168473      1706.67
     259.199     0.999512       168487      2048.00
     262.015     0.999561       168495      2275.56
     267.519     0.999609       168504      2560.00
     270.847     0.999658       168512      2925.71
     273.663     0.999707       168520      3413.33
     279.807     0.999756       168528      4096.00
     283.135     0.999780       168532      4551.11
     289.791     0.999805       168537      5120.00
     295.423     0.999829       168541      5851.43
     300.799     0.999854       168545      6826.67
     311.295     0.999878       168549      8192.00
     319.487     0.999890       168551      9102.22
     322.047     0.999902       168553     10240.00
     326.911     0.999915       168555     11702.86
     328.447     0.999927       168557     13653.33
     338.431     0.999939       168559     16384.00
     348.159     0.999945       168560     18204.44
     348.927     0.999951       168561     20480.00
     358.911     0.999957       168562     23405.71
     359.679     0.999963       168563     27306.67
     369.663     0.999969       168564     32768.00
     370.431     0.999973       168565     36408.89
     370.431     0.999976       168565     40960.00
     379.903     0.999979       168566     46811.43
     379.903     0.999982       168566     54613.33
     381.183     0.999985       168567     65536.00
     381.183     0.999986       168567     72817.78
     381.183     0.999988       168567     81920.00
     390.399     0.999989       168568     93622.86
     390.399     0.999991       168568    109226.67
     390.399     0.999992       168568    131072.00
     390.399     0.999993       168568    145635.56
     390.399     0.999994       168568    163840.00
     391.679     0.999995       168569    187245.71
     391.679     1.000000       168569          inf
#[Mean    =      104.857, StdDeviation   =        7.772]
#[Max     =      391.424, Total count    =       168569]
#[Buckets =           27, SubBuckets     =         2048]
----------------------------------------------------------
  260178 requests in 30.00s, 30.02MB read
Requests/sec:   8672.35
Transfer/sec:      1.00MB
