Running 30s test @ http://10.116.0.2:8080/json
  4 threads and 256 connections
  Thread calibration: mean lat.: 1023.733ms, rate sampling interval: 6602ms
  Thread calibration: mean lat.: 703.251ms, rate sampling interval: 4861ms
  Thread calibration: mean lat.: 939.361ms, rate sampling interval: 7294ms
  Thread calibration: mean lat.: 690.655ms, rate sampling interval: 4956ms
  Thread Stats   Avg      Stdev     Max   +/- Stdev
    Latency     4.42s     3.16s   17.79s    75.21%
    Req/Sec    22.13k     1.05k   23.70k    63.64%
  Latency Distribution (HdrHistogram - Recorded Latency)
 50.000%    3.82s 
 75.000%    6.49s 
 90.000%    8.25s 
 99.000%   14.24s 
 99.900%   16.79s 
 99.990%   17.55s 
 99.999%   17.76s 
100.000%   17.81s 

  Detailed Percentile spectrum:
       Value   Percentile   TotalCount 1/(1-Percentile)

       0.352     0.000000            1         1.00
    1124.351     0.100000       175204         1.11
    1644.543     0.200000       350219         1.25
    2195.455     0.300000       525275         1.43
    2920.447     0.400000       700450         1.67
    3823.615     0.500000       875401         2.00
    4395.007     0.550000       964257         2.22
    4673.535     0.600000      1051852         2.50
    5066.751     0.650000      1138141         2.86
    5918.719     0.700000      1225474         3.33
    6492.159     0.750000      1313362         4.00
    6651.903     0.775000      1357759         4.44
    6742.015     0.800000      1400671         5.00
    6885.375     0.825000      1444562         5.71
    7143.423     0.850000      1488229         6.67
    7577.599     0.875000      1532024         8.00
    7884.799     0.887500      1553695         8.89
    8245.247     0.900000      1575632        10.00
    8790.015     0.912500      1597520        11.43
    9445.375     0.925000      1619435        13.33
   10166.271     0.937500      1641202        16.00
   10534.911     0.943750      1652109        17.78
   10919.935     0.950000      1663173        20.00
   11345.919     0.956250      1674074        22.86
   11796.479     0.962500      1684992        26.67
   12304.383     0.968750      1695993        32.00
   12558.335     0.971875      1701419        35.56
   12820.479     0.975000      1706934        40.00
   13099.007     0.978125      1712390        45.71
   13377.535     0.981250      1717877        53.33
   13664.255     0.984375      1723352        64.00
   13811.711     0.985938      1725996        71.11
   13967.359     0.987500      1728740        80.00
   14131.199     0.989062      1731518        91.43
   14327.807     0.990625      1734159       106.67
   14589.951     0.992188      1736942       128.00
   14753.791     0.992969      1738290       142.22
   14942.207     0.993750      1739656       160.00
   15122.431     0.994531      1741018       182.86
   15319.039     0.995313      1742362       213.33
   15548.415     0.996094      1743762       256.00
   15663.103     0.996484      1744408       284.44
   15802.367     0.996875      1745108       320.00
   15949.823     0.997266      1745783       365.71
   16097.279     0.997656      1746467       426.67
   16269.311     0.998047      1747162       512.00
   16359.423     0.998242      1747496       568.89
   16449.535     0.998437      1747825       640.00
   16556.031     0.998633      1748169       731.43
   16670.719     0.998828      1748510       853.33
   16809.983     0.999023      1748881      1024.00
   16875.519     0.999121      1749054      1137.78
   16941.055     0.999219      1749220      1280.00
   17006.591     0.999316      1749368      1462.86
   17088.511     0.999414      1749556      1706.67
   17154.047     0.999512      1749713      2048.00
   17203.199     0.999561      1749821      2275.56
   17235.967     0.999609      1749899      2560.00
   17268.735     0.999658      1749967      2925.71
   17317.887     0.999707      1750067      3413.33
   17350.655     0.999756      1750131      4096.00
   17383.423     0.999780      1750186      4551.11
   17399.807     0.999805      1750215      5120.00
   17432.575     0.999829      1750270      5851.43
   17465.343     0.999854      1750312      6826.67
   17498.111     0.999878      1750350      8192.00
   17514.495     0.999890      1750366      9102.22
   17547.263     0.999902      1750396     10240.00
   17563.647     0.999915      1750410     11702.86
   17596.415     0.999927      1750437     13653.33
   17612.799     0.999939      1750450     16384.00
   17629.183     0.999945      1750465     18204.44
   17645.567     0.999951      1750476     20480.00
   17661.951     0.999957      1750489     23405.71
   17678.335     0.999963      1750502     27306.67
   17678.335     0.999969      1750502     32768.00
   17694.719     0.999973      1750510     36408.89
   17711.103     0.999976      1750522     40960.00
   17711.103     0.999979      1750522     46811.43
   17727.487     0.999982      1750528     54613.33
   17743.871     0.999985      1750534     65536.00
   17743.871     0.999986      1750534     72817.78
   17743.871     0.999988      1750534     81920.00
   17760.255     0.999989      1750540     93622.86
   17760.255     0.999991      1750540    109226.67
   17776.639     0.999992      1750546    131072.00
   17776.639     0.999993      1750546    145635.56
   17776.639     0.999994      1750546    163840.00
   17776.639     0.999995      1750546    187245.71
   17793.023     0.999995      1750550    218453.33
   17793.023     0.999996      1750550    262144.00
   17793.023     0.999997      1750550    291271.11
   17793.023     0.999997      1750550    327680.00
   17809.407     0.999997      1750555    374491.43
   17809.407     1.000000      1750555          inf
#[Mean    =     4416.797, StdDeviation   =     3162.147]
#[Max     =    17793.024, Total count    =      1750555]
#[Buckets =           27, SubBuckets     =         2048]
----------------------------------------------------------
  2659705 requests in 30.00s, 339.89MB read
Requests/sec:  88657.79
Transfer/sec:     11.33MB
