Running 30s test @ http://10.116.0.2:8080/block?ms=100
  4 threads and 2000 connections
  Thread calibration: mean lat.: 105.528ms, rate sampling interval: 226ms
  Thread calibration: mean lat.: 105.977ms, rate sampling interval: 227ms
  Thread calibration: mean lat.: 106.160ms, rate sampling interval: 229ms
  Thread calibration: mean lat.: 106.735ms, rate sampling interval: 231ms
  Thread Stats   Avg      Stdev     Max   +/- Stdev
    Latency   104.59ms    5.23ms 148.22ms   86.09%
    Req/Sec     4.51k   132.37     5.09k    80.66%
  Latency Distribution (HdrHistogram - Recorded Latency)
 50.000%  102.27ms
 75.000%  105.86ms
 90.000%  112.00ms
 99.000%  124.35ms
 99.900%  135.17ms
 99.990%  142.08ms
 99.999%  147.58ms
100.000%  148.35ms

  Detailed Percentile spectrum:
       Value   Percentile   TotalCount 1/(1-Percentile)

     100.351     0.000000           19         1.00
     100.927     0.100000        35373         1.11
     101.183     0.200000        64087         1.25
     101.503     0.300000       101421         1.43
     101.759     0.400000       126133         1.67
     102.271     0.500000       157884         2.00
     102.719     0.550000       174196         2.22
     103.295     0.600000       190393         2.50
     103.935     0.650000       205151         2.86
     104.767     0.700000       220617         3.33
     105.855     0.750000       236393         4.00
     106.495     0.775000       243958         4.44
     107.327     0.800000       251978         5.00
     108.287     0.825000       259733         5.71
     109.375     0.850000       267694         6.67
     110.527     0.875000       275396         8.00
     111.231     0.887500       279381         8.89
     111.999     0.900000       283365        10.00
     112.831     0.912500       287397        11.43
     113.599     0.925000       291055        13.33
     114.623     0.937500       295177        16.00
     115.135     0.943750       297037        17.78
     115.711     0.950000       298998        20.00
     116.415     0.956250       301005        22.86
     117.183     0.962500       302824        26.67
     118.207     0.968750       304796        32.00
     118.847     0.971875       305818        35.56
     119.487     0.975000       306780        40.00
     120.255     0.978125       307782        45.71
     121.087     0.981250       308776        53.33
     121.983     0.984375       309728        64.00
     122.495     0.985938       310204        71.11
     123.135     0.987500       310701        80.00
     123.839     0.989062       311179        91.43
     124.671     0.990625       311680       106.67
     125.631     0.992188       312158       128.00
     126.143     0.992969       312404       142.22
     126.783     0.993750       312650       160.00
     127.551     0.994531       312919       182.86
     128.319     0.995313       313143       213.33
     129.215     0.996094       313391       256.00
     129.663     0.996484       313508       284.44
     130.239     0.996875       313633       320.00
     130.815     0.997266       313760       365.71
     131.583     0.997656       313892       426.67
     132.479     0.998047       314013       512.00
     132.863     0.998242       314068       568.89
     133.503     0.998437       314126       640.00
     134.015     0.998633       314186       731.43
     134.655     0.998828       314254       853.33
     135.295     0.999023       314313      1024.00
     135.551     0.999121       314338      1137.78
     136.191     0.999219       314372      1280.00
     136.575     0.999316       314400      1462.86
     137.215     0.999414       314432      1706.67
     137.983     0.999512       314462      2048.00
     138.495     0.999561       314480      2275.56
     138.879     0.999609       314501      2560.00
     139.007     0.999658       314507      2925.71
     139.647     0.999707       314525      3413.33
     140.031     0.999756       314540      4096.00
     140.159     0.999780       314545      4551.11
     140.415     0.999805       314554      5120.00
     140.799     0.999829       314563      5851.43
     141.183     0.999854       314570      6826.67
     141.695     0.999878       314576      8192.00
     142.079     0.999890       314584      9102.22
     142.079     0.999902       314584     10240.00
     142.335     0.999915       314588     11702.86
     142.463     0.999927       314591     13653.33
     143.231     0.999939       314596     16384.00
     143.487     0.999945       314598     18204.44
     143.615     0.999951       314600     20480.00
     144.127     0.999957       314601     23405.71
     145.535     0.999963       314603     27306.67
     145.791     0.999969       314606     32768.00
     145.791     0.999973       314606     36408.89
     145.919     0.999976       314607     40960.00
     146.431     0.999979       314608     46811.43
     146.815     0.999982       314609     54613.33
     147.199     0.999985       314610     65536.00
     147.199     0.999986       314610     72817.78
     147.583     0.999988       314611     81920.00
     147.583     0.999989       314611     93622.86
     147.711     0.999991       314613    109226.67
     147.711     0.999992       314613    131072.00
     147.711     0.999993       314613    145635.56
     147.711     0.999994       314613    163840.00
     147.711     0.999995       314613    187245.71
     147.711     0.999995       314613    218453.33
     147.711     0.999996       314613    262144.00
     147.711     0.999997       314613    291271.11
     148.351     0.999997       314614    327680.00
     148.351     1.000000       314614          inf
#[Mean    =      104.587, StdDeviation   =        5.232]
#[Max     =      148.224, Total count    =       314614]
#[Buckets =           27, SubBuckets     =         2048]
----------------------------------------------------------
  512668 requests in 30.00s, 59.16MB read
Requests/sec:  17088.51
Transfer/sec:      1.97MB
