Running 30s test @ http://10.116.0.2:8080/block?ms=100
  4 threads and 2000 connections
  Thread calibration: mean lat.: 102.293ms, rate sampling interval: 209ms
  Thread calibration: mean lat.: 102.482ms, rate sampling interval: 209ms
  Thread calibration: mean lat.: 102.131ms, rate sampling interval: 208ms
  Thread calibration: mean lat.: 102.171ms, rate sampling interval: 208ms
  Thread Stats   Avg      Stdev     Max   +/- Stdev
    Latency   101.61ms    1.09ms 116.42ms   81.28%
    Req/Sec     4.51k   191.18     4.67k    78.44%
  Latency Distribution (HdrHistogram - Recorded Latency)
 50.000%  101.38ms
 75.000%  101.89ms
 90.000%  103.04ms
 99.000%  105.66ms
 99.900%  107.97ms
 99.990%  113.66ms
 99.999%  114.69ms
100.000%  116.48ms

  Detailed Percentile spectrum:
       Value   Percentile   TotalCount 1/(1-Percentile)

     100.223     0.000000           13         1.00
     100.671     0.100000        37363         1.11
     100.863     0.200000        68706         1.25
     101.055     0.300000       103578         1.43
     101.183     0.400000       127910         1.67
     101.375     0.500000       164129         2.00
     101.439     0.550000       175531         2.22
     101.567     0.600000       196741         2.50
     101.631     0.650000       206412         2.86
     101.759     0.700000       223302         3.33
     101.887     0.750000       236772         4.00
     102.015     0.775000       247089         4.44
     102.143     0.800000       255012         5.00
     102.271     0.825000       261228         5.71
     102.463     0.850000       268619         6.67
     102.719     0.875000       276201         8.00
     102.847     0.887500       279467         8.89
     103.039     0.900000       283863        10.00
     103.231     0.912500       287804        11.43
     103.423     0.925000       291445        13.33
     103.679     0.937500       295783        16.00
     103.807     0.943750       297698        17.78
     103.935     0.950000       299436        20.00
     104.063     0.956250       301093        22.86
     104.255     0.962500       303245        26.67
     104.447     0.968750       305203        32.00
     104.575     0.971875       306262        35.56
     104.703     0.975000       307202        40.00
     104.831     0.978125       308033        45.71
     105.023     0.981250       309119        53.33
     105.215     0.984375       310039        64.00
     105.343     0.985938       310598        71.11
     105.407     0.987500       310876        80.00
     105.535     0.989062       311363        91.43
     105.727     0.990625       311977       106.67
     105.919     0.992188       312473       128.00
     105.983     0.992969       312634       142.22
     106.111     0.993750       312904       160.00
     106.239     0.994531       313139       182.86
     106.367     0.995313       313359       213.33
     106.495     0.996094       313560       256.00
     106.623     0.996484       313702       284.44
     106.751     0.996875       313837       320.00
     106.879     0.997266       313935       365.71
     107.071     0.997656       314082       426.67
     107.263     0.998047       314200       512.00
     107.327     0.998242       314247       568.89
     107.455     0.998437       314300       640.00
     107.583     0.998633       314362       731.43
     107.775     0.998828       314421       853.33
     107.967     0.999023       314487      1024.00
     108.095     0.999121       314519      1137.78
     108.287     0.999219       314560      1280.00
     108.351     0.999316       314575      1462.86
     108.607     0.999414       314606      1706.67
     108.863     0.999512       314635      2048.00
     108.991     0.999561       314651      2275.56
     109.311     0.999609       314668      2560.00
     109.567     0.999658       314681      2925.71
     110.207     0.999707       314696      3413.33
     111.231     0.999756       314712      4096.00
     112.319     0.999780       314721      4551.11
     112.767     0.999805       314730      5120.00
     112.959     0.999829       314738      5851.43
     113.023     0.999854       314742      6826.67
     113.407     0.999878       314751      8192.00
     113.471     0.999890       314754      9102.22
     113.663     0.999902       314758     10240.00
     113.855     0.999915       314763     11702.86
     113.919     0.999927       314765     13653.33
     114.047     0.999939       314770     16384.00
     114.111     0.999945       314771     18204.44
     114.175     0.999951       314776     20480.00
     114.175     0.999957       314776     23405.71
     114.239     0.999963       314777     27306.67
     114.431     0.999969       314780     32768.00
     114.431     0.999973       314780     36408.89
     114.495     0.999976       314783     40960.00
     114.495     0.999979       314783     46811.43
     114.495     0.999982       314783     54613.33
     114.559     0.999985       314784     65536.00
     114.559     0.999986       314784     72817.78
     114.687     0.999988       314785     81920.00
     114.687     0.999989       314785     93622.86
     115.135     0.999991       314786    109226.67
     115.135     0.999992       314786    131072.00
     115.135     0.999993       314786    145635.56
     115.391     0.999994       314787    163840.00
     115.391     0.999995       314787    187245.71
     115.391     0.999995       314787    218453.33
     115.391     0.999996       314787    262144.00
     115.391     0.999997       314787    291271.11
     116.479     0.999997       314788    327680.00
     116.479     1.000000       314788          inf
#[Mean    =      101.611, StdDeviation   =        1.090]
#[Max     =      116.416, Total count    =       314788]
#[Buckets =           27, SubBuckets     =         2048]
----------------------------------------------------------
  512843 requests in 30.00s, 41.57MB read
Requests/sec:  17094.52
Transfer/sec:      1.39MB
