Running 30s test @ http://10.116.0.2:8080/json
  4 threads and 256 connections
  Thread calibration: mean lat.: 1.744ms, rate sampling interval: 10ms
  Thread calibration: mean lat.: 1.485ms, rate sampling interval: 10ms
  Thread calibration: mean lat.: 1.693ms, rate sampling interval: 10ms
  Thread calibration: mean lat.: 1.628ms, rate sampling interval: 10ms
  Thread Stats   Avg      Stdev     Max   +/- Stdev
    Latency     1.59ms    0.90ms  33.54ms   77.28%
    Req/Sec    21.12k     1.81k   27.67k    70.03%
  Latency Distribution (HdrHistogram - Recorded Latency)
 50.000%    1.39ms
 75.000%    2.00ms
 90.000%    2.70ms
 99.000%    4.44ms
 99.900%    7.26ms
 99.990%   15.80ms
 99.999%   29.77ms
100.000%   33.57ms

  Detailed Percentile spectrum:
       Value   Percentile   TotalCount 1/(1-Percentile)

       0.189     0.000000            1         1.00
       0.703     0.100000       157694         1.11
       0.899     0.200000       315147         1.25
       1.063     0.300000       472945         1.43
       1.219     0.400000       630448         1.67
       1.387     0.500000       787994         2.00
       1.479     0.550000       866091         2.22
       1.582     0.600000       944737         2.50
       1.700     0.650000      1023860         2.86
       1.837     0.700000      1102434         3.33
       1.996     0.750000      1180895         4.00
       2.085     0.775000      1220818         4.44
       2.179     0.800000      1259708         5.00
       2.287     0.825000      1299236         5.71
       2.407     0.850000      1338170         6.67
       2.545     0.875000      1378084         8.00
       2.619     0.887500      1397224         8.89
       2.705     0.900000      1417144        10.00
       2.799     0.912500      1436952        11.43
       2.909     0.925000      1456508        13.33
       3.043     0.937500      1476171        16.00
       3.119     0.943750      1485837        17.78
       3.205     0.950000      1495679        20.00
       3.311     0.956250      1505573        22.86
       3.433     0.962500      1515393        26.67
       3.571     0.968750      1525234        32.00
       3.651     0.971875      1530100        35.56
       3.739     0.975000      1535051        40.00
       3.837     0.978125      1539893        45.71
       3.951     0.981250      1544868        53.33
       4.087     0.984375      1549746        64.00
       4.163     0.985938      1552207        71.11
       4.255     0.987500      1554704        80.00
       4.363     0.989062      1557098        91.43
       4.495     0.990625      1559613       106.67
       4.639     0.992188      1562017       128.00
       4.731     0.992969      1563271       142.22
       4.831     0.993750      1564480       160.00
       4.955     0.994531      1565729       182.86
       5.103     0.995313      1566953       213.33
       5.279     0.996094      1568175       256.00
       5.383     0.996484      1568788       284.44
       5.511     0.996875      1569410       320.00
       5.655     0.997266      1570026       365.71
       5.819     0.997656      1570634       426.67
       6.023     0.998047      1571244       512.00
       6.191     0.998242      1571551       568.89
       6.407     0.998437      1571859       640.00
       6.651     0.998633      1572164       731.43
       6.931     0.998828      1572473       853.33
       7.307     0.999023      1572777      1024.00
       7.523     0.999121      1572932      1137.78
       7.823     0.999219      1573085      1280.00
       8.147     0.999316      1573238      1462.86
       8.503     0.999414      1573395      1706.67
       8.935     0.999512      1573546      2048.00
       9.191     0.999561      1573625      2275.56
       9.567     0.999609      1573700      2560.00
       9.871     0.999658      1573776      2925.71
      10.383     0.999707      1573855      3413.33
      11.015     0.999756      1573931      4096.00
      11.495     0.999780      1573969      4551.11
      11.959     0.999805      1574007      5120.00
      12.471     0.999829      1574046      5851.43
      13.367     0.999854      1574084      6826.67
      14.463     0.999878      1574122      8192.00
      15.279     0.999890      1574142      9102.22
      15.927     0.999902      1574161     10240.00
      16.991     0.999915      1574180     11702.86
      18.911     0.999927      1574199     13653.33
      20.159     0.999939      1574218     16384.00
      21.647     0.999945      1574228     18204.44
      22.335     0.999951      1574238     20480.00
      23.007     0.999957      1574247     23405.71
      23.583     0.999963      1574257     27306.67
      24.943     0.999969      1574266     32768.00
      25.711     0.999973      1574271     36408.89
      26.607     0.999976      1574276     40960.00
      26.815     0.999979      1574281     46811.43
      27.343     0.999982      1574286     54613.33
      28.015     0.999985      1574290     65536.00
      28.639     0.999986      1574293     72817.78
      29.215     0.999988      1574295     81920.00
      29.775     0.999989      1574298     93622.86
      29.935     0.999991      1574300    109226.67
      30.207     0.999992      1574302    131072.00
      30.319     0.999993      1574304    145635.56
      30.607     0.999994      1574305    163840.00
      30.671     0.999995      1574306    187245.71
      30.719     0.999995      1574307    218453.33
      30.943     0.999996      1574308    262144.00
      31.055     0.999997      1574309    291271.11
      31.279     0.999997      1574310    327680.00
      31.279     0.999997      1574310    374491.43
      31.359     0.999998      1574311    436906.67
      31.359     0.999998      1574311    524288.00
      32.639     0.999998      1574312    582542.22
      32.639     0.999998      1574312    655360.00
      32.639     0.999999      1574312    748982.86
      33.215     0.999999      1574313    873813.33
      33.215     0.999999      1574313   1048576.00
      33.215     0.999999      1574313   1165084.44
      33.215     0.999999      1574313   1310720.00
      33.215     0.999999      1574313   1497965.71
      33.567     0.999999      1574314   1747626.67
      33.567     1.000000      1574314          inf
#[Mean    =        1.589, StdDeviation   =        0.901]
#[Max     =       33.536, Total count    =      1574314]
#[Buckets =           27, SubBuckets     =         2048]
----------------------------------------------------------
  2353574 requests in 30.00s, 219.97MB read
Requests/sec:  78452.79
Transfer/sec:      7.33MB
