Running 30s test @ http://10.116.0.2:8080/json
  4 threads and 256 connections
  Thread calibration: mean lat.: 1.238ms, rate sampling interval: 10ms
  Thread calibration: mean lat.: 1.237ms, rate sampling interval: 10ms
  Thread calibration: mean lat.: 1.268ms, rate sampling interval: 10ms
  Thread calibration: mean lat.: 1.495ms, rate sampling interval: 10ms
  Thread Stats   Avg      Stdev     Max   +/- Stdev
    Latency     1.30ms  584.16us   7.47ms   64.14%
    Req/Sec    10.53k     1.30k   14.22k    77.10%
  Latency Distribution (HdrHistogram - Recorded Latency)
 50.000%    1.23ms
 75.000%    1.73ms
 90.000%    2.11ms
 99.000%    2.71ms
 99.900%    3.46ms
 99.990%    4.85ms
 99.999%    6.37ms
100.000%    7.47ms

  Detailed Percentile spectrum:
       Value   Percentile   TotalCount 1/(1-Percentile)

       0.200     0.000000            1         1.00
       0.584     0.100000        78955         1.11
       0.753     0.200000       157853         1.25
       0.908     0.300000       236293         1.43
       1.067     0.400000       314877         1.67
       1.234     0.500000       393723         2.00
       1.322     0.550000       433338         2.22
       1.414     0.600000       472510         2.50
       1.512     0.650000       511833         2.86
       1.617     0.700000       551177         3.33
       1.727     0.750000       590715         4.00
       1.782     0.775000       610153         4.44
       1.841     0.800000       629918         5.00
       1.901     0.825000       649418         5.71
       1.965     0.850000       669170         6.67
       2.034     0.875000       688815         8.00
       2.071     0.887500       698762         8.89
       2.111     0.900000       708733        10.00
       2.153     0.912500       718406        11.43
       2.201     0.925000       728291        13.33
       2.255     0.937500       738031        16.00
       2.285     0.943750       743008        17.78
       2.319     0.950000       748010        20.00
       2.355     0.956250       752910        22.86
       2.395     0.962500       757658        26.67
       2.441     0.968750       762586        32.00
       2.467     0.971875       765071        35.56
       2.495     0.975000       767530        40.00
       2.527     0.978125       769979        45.71
       2.565     0.981250       772514        53.33
       2.607     0.984375       774966        64.00
       2.629     0.985938       776107        71.11
       2.657     0.987500       777381        80.00
       2.687     0.989062       778610        91.43
       2.723     0.990625       779834       106.67
       2.767     0.992188       781046       128.00
       2.793     0.992969       781674       142.22
       2.821     0.993750       782260       160.00
       2.857     0.994531       782867       182.86
       2.897     0.995313       783488       213.33
       2.947     0.996094       784104       256.00
       2.977     0.996484       784418       284.44
       3.011     0.996875       784719       320.00
       3.055     0.997266       785030       365.71
       3.101     0.997656       785328       426.67
       3.171     0.998047       785637       512.00
       3.219     0.998242       785793       568.89
       3.269     0.998437       785940       640.00
       3.329     0.998633       786096       731.43
       3.387     0.998828       786246       853.33
       3.473     0.999023       786402      1024.00
       3.527     0.999121       786478      1137.78
       3.581     0.999219       786555      1280.00
       3.641     0.999316       786630      1462.86
       3.733     0.999414       786707      1706.67
       3.845     0.999512       786784      2048.00
       3.927     0.999561       786823      2275.56
       4.013     0.999609       786861      2560.00
       4.103     0.999658       786899      2925.71
       4.211     0.999707       786938      3413.33
       4.335     0.999756       786976      4096.00
       4.395     0.999780       786996      4551.11
       4.463     0.999805       787016      5120.00
       4.547     0.999829       787035      5851.43
       4.647     0.999854       787053      6826.67
       4.731     0.999878       787072      8192.00
       4.775     0.999890       787083      9102.22
       4.887     0.999902       787092     10240.00
       4.939     0.999915       787101     11702.86
       5.051     0.999927       787111     13653.33
       5.143     0.999939       787120     16384.00
       5.163     0.999945       787125     18204.44
       5.243     0.999951       787130     20480.00
       5.431     0.999957       787135     23405.71
       5.675     0.999963       787140     27306.67
       5.755     0.999969       787144     32768.00
       5.895     0.999973       787147     36408.89
       5.975     0.999976       787149     40960.00
       6.019     0.999979       787152     46811.43
       6.163     0.999982       787154     54613.33
       6.179     0.999985       787156     65536.00
       6.319     0.999986       787158     72817.78
       6.339     0.999988       787159     81920.00
       6.371     0.999989       787160     93622.86
       6.471     0.999991       787161    109226.67
       6.475     0.999992       787162    131072.00
       6.487     0.999993       787163    145635.56
       6.675     0.999994       787164    163840.00
       6.675     0.999995       787164    187245.71
       6.983     0.999995       787165    218453.33
       6.983     0.999996       787165    262144.00
       7.243     0.999997       787166    291271.11
       7.243     0.999997       787166    327680.00
       7.243     0.999997       787166    374491.43
       7.315     0.999998       787167    436906.67
       7.315     0.999998       787167    524288.00
       7.315     0.999998       787167    582542.22
       7.315     0.999998       787167    655360.00
       7.315     0.999999       787167    748982.86
       7.471     0.999999       787168    873813.33
       7.471     1.000000       787168          inf
#[Mean    =        1.303, StdDeviation   =        0.584]
#[Max     =        7.468, Total count    =       787168]
#[Buckets =           27, SubBuckets     =         2048]
----------------------------------------------------------
  1185290 requests in 30.00s, 110.78MB read
Requests/sec:  39508.77
Transfer/sec:      3.69MB
