Linux 6.8.0-142-generic (cafeai-bench-loadgen) 	10/01/26 	_x86_64_	(4 CPU)

21:24:03     CPU    %usr   %nice    %sys %iowait    %irq   %soft  %steal  %guest  %gnice   %idle
21:24:04     all    2.02    0.00    4.79    0.00    0.00    2.52    0.00    0.00    0.00   90.68
21:24:05     all    3.86    0.00    8.48    0.26    0.00    5.40    0.00    0.00    0.00   82.01
21:24:06     all    3.61    0.00    6.70    0.00    0.00    3.87    0.00    0.00    0.00   85.82
21:24:07     all    3.84    0.00    6.39    0.26    0.00    3.32    0.00    0.00    0.00   86.19
21:24:08     all    3.06    0.00    6.38    0.00    0.00    3.57    0.00    0.00    0.00   86.99
21:24:09     all    3.59    0.00    6.41    0.00    0.00    3.59    0.00    0.00    0.00   86.41
21:24:10     all    2.35    0.00    6.27    0.00    0.00    2.87    0.26    0.00    0.00   88.25
21:24:11     all    3.05    0.00    6.62    0.00    0.00    3.82    0.00    0.00    0.00   86.51
21:24:12     all    3.09    0.00    6.44    0.00    0.00    3.61    0.00    0.00    0.00   86.86
21:24:13     all    3.06    0.00    6.63    0.00    0.00    3.32    0.00    0.00    0.00   86.99
21:24:14     all    2.83    0.00    6.43    0.00    0.00    3.86    0.00    0.00    0.00   86.89
21:24:15     all    3.35    0.00    5.41    0.00    0.00    3.61    0.26    0.00    0.00   87.37
21:24:16     all    3.57    0.00    7.14    0.00    0.00    2.81    0.00    0.00    0.00   86.48
21:24:17     all    2.56    0.00    6.65    0.00    0.00    4.09    0.00    0.00    0.00   86.70
21:24:18     all    2.84    0.00    5.67    0.00    0.00    3.61    0.26    0.00    0.00   87.63
21:24:19     all    3.08    0.00    5.91    0.00    0.00    3.60    0.00    0.00    0.00   87.40
21:24:20     all    3.33    0.00    6.67    0.00    0.00    3.08    0.00    0.00    0.00   86.92
21:24:21     all    3.37    0.00    5.70    0.00    0.00    3.11    0.00    0.00    0.00   87.82
21:24:22     all    3.32    0.00    6.38    0.00    0.00    3.57    0.00    0.00    0.00   86.73
21:24:23     all    3.07    0.00    6.39    0.00    0.00    3.84    0.00    0.00    0.00   86.70
21:24:24     all    3.08    0.00    6.17    0.00    0.00    3.60    0.00    0.00    0.00   87.15
21:24:25     all    2.60    0.00    5.19    0.00    0.00    3.90    0.00    0.00    0.00   88.31
21:24:26     all    3.64    0.00    5.45    0.00    0.00    2.86    0.00    0.00    0.00   88.05
21:24:27     all    3.32    0.00    6.39    0.00    0.00    3.32    0.00    0.00    0.00   86.96
21:24:28     all    2.57    0.00    6.17    0.00    0.00    4.37    0.00    0.00    0.00   86.89
21:24:29     all    3.82    0.00    6.11    0.00    0.00    3.56    0.00    0.00    0.00   86.51
21:24:30     all    4.11    0.00    5.14    0.00    0.00    3.60    0.00    0.00    0.00   87.15
21:24:31     all    3.09    0.00    6.19    0.00    0.00    3.35    0.00    0.00    0.00   87.37
21:24:32     all    2.32    0.00    6.19    0.00    0.00    4.38    0.00    0.00    0.00   87.11
21:24:33     all    3.88    0.00    5.43    0.00    0.00    2.58    0.00    0.00    0.00   88.11
21:24:34     all    0.25    0.00    0.76    0.00    0.00    0.00    0.00    0.00    0.00   98.99
21:24:35     all    2.00    0.00    4.74    0.00    0.00    3.24    0.00    0.00    0.00   90.02
21:24:36     all    2.05    0.00    2.81    0.00    0.00    3.58    0.00    0.00    0.00   91.56
21:24:37     all    3.82    0.00    4.07    0.00    0.00    3.05    0.00    0.00    0.00   89.06
21:24:38     all   12.00    0.00    6.00    0.00    0.00    3.00    0.00    0.00    0.00   79.00
21:24:39     all    2.81    0.00    3.06    0.00    0.00    2.04    0.00    0.00    0.00   92.09
21:24:40     all    2.03    0.00    3.04    0.00    0.00    3.04    0.00    0.00    0.00   91.90
21:24:41     all    1.79    0.00    3.08    0.00    0.00    2.31    0.00    0.00    0.00   92.82
21:24:42     all    2.54    0.00    2.79    0.00    0.00    3.05    0.00    0.00    0.00   91.62
21:24:43     all    2.26    0.00    3.76    0.00    0.00    3.76    0.00    0.00    0.00   90.23
21:24:44     all    2.77    0.00    3.53    0.00    0.00    3.02    0.00    0.00    0.00   90.68
21:24:45     all    2.52    0.00    3.02    0.00    0.00    3.27    0.00    0.00    0.00   91.18
21:24:46     all    2.28    0.00    3.29    0.00    0.00    3.04    0.00    0.00    0.00   91.39
21:24:47     all    2.78    0.00    3.04    0.00    0.00    2.53    0.00    0.00    0.00   91.65
21:24:48     all    2.04    0.00    3.06    0.00    0.00    2.55    0.00    0.00    0.00   92.35
21:24:49     all    2.78    0.00    3.03    0.00    0.00    2.78    0.25    0.00    0.00   91.16
21:24:50     all    2.77    0.00    3.27    0.00    0.00    3.02    0.00    0.00    0.00   90.93
21:24:51     all    2.25    0.00    3.75    0.00    0.00    3.25    0.00    0.00    0.00   90.75
21:24:52     all    2.28    0.00    2.79    0.00    0.00    3.05    0.25    0.00    0.00   91.62
21:24:53     all    2.76    0.00    3.27    0.00    0.00    3.02    0.00    0.00    0.00   90.95
21:24:54     all    2.53    0.00    3.29    0.00    0.00    2.53    0.00    0.00    0.00   91.65
21:24:55     all    2.05    0.00    3.07    0.00    0.00    2.56    0.00    0.00    0.00   92.33
21:24:56     all    2.53    0.00    3.54    0.00    0.00    2.78    0.00    0.00    0.00   91.14
21:24:57     all    2.28    0.00    3.29    0.00    0.00    3.04    0.00    0.00    0.00   91.39
21:24:58     all    2.03    0.00    3.29    0.00    0.00    3.04    0.00    0.00    0.00   91.65
21:24:59     all    2.28    0.00    3.04    0.00    0.00    3.04    0.00    0.00    0.00   91.65
21:25:00     all    2.78    0.00    3.28    0.00    0.00    2.78    0.00    0.00    0.00   91.16
21:25:01     all    1.55    0.00    3.10    0.00    0.00    2.07    0.52    0.00    0.00   92.76
21:25:02     all    2.76    0.00    3.77    0.00    0.00    2.76    0.00    0.00    0.00   90.70
21:25:03     all    2.27    0.00    3.53    0.00    0.00    3.02    0.00    0.00    0.00   91.18
21:25:04     all    3.82    0.00    5.85    0.00    0.00    2.29    0.00    0.00    0.00   88.04
21:25:05     all    5.74    0.00    7.98    0.00    0.00    3.74    0.00    0.00    0.00   82.54
21:25:06     all    5.09    0.00    7.63    0.00    0.00    2.54    0.00    0.00    0.00   84.73
21:25:07     all    5.82    0.00    7.34    0.25    0.00    2.78    0.00    0.00    0.00   83.80
21:25:08     all    5.09    0.00    6.87    0.25    0.00    3.31    0.00    0.00    0.00   84.48
21:25:09     all    5.75    0.00    7.00    0.00    0.00    3.75    0.00    0.00    0.00   83.50
21:25:10     all    6.06    0.00    7.07    0.00    0.00    3.03    0.00    0.00    0.00   83.84
21:25:11     all    5.37    0.00    6.91    0.00    0.00    3.07    0.00    0.00    0.00   84.65
21:25:12     all    5.26    0.00    7.77    0.00    0.00    3.51    0.00    0.00    0.00   83.46
21:25:13     all    5.32    0.00    6.84    0.00    0.00    3.04    0.00    0.00    0.00   84.81
21:25:14     all    5.60    0.00    6.62    0.00    0.00    3.56    0.00    0.00    0.00   84.22
21:25:15     all    5.29    0.00    7.30    0.00    0.00    3.27    0.00    0.00    0.00   84.13
21:25:16     all    5.04    0.00    7.30    0.00    0.00    3.78    0.00    0.00    0.00   83.88
21:25:17     all    5.06    0.00    7.34    0.00    0.00    3.80    0.00    0.00    0.00   83.80
21:25:18     all    6.03    0.00    6.78    0.00    0.00    3.02    0.00    0.00    0.00   84.17
21:25:19     all    5.57    0.00    7.09    0.00    0.00    3.54    0.00    0.00    0.00   83.80
21:25:20     all    5.33    0.00    7.11    0.00    0.00    3.30    0.00    0.00    0.00   84.26
21:25:21     all    5.08    0.00    7.61    0.00    0.00    3.05    0.00    0.00    0.00   84.26
21:25:22     all    5.54    0.00    7.05    0.00    0.00    3.78    0.00    0.00    0.00   83.63
21:25:23     all    5.85    0.00    6.62    0.00    0.00    2.80    0.00    0.00    0.00   84.73
21:25:24     all    5.81    0.00    7.83    0.00    0.00    2.53    0.00    0.00    0.00   83.84
21:25:25     all    6.33    0.00    7.85    0.00    0.00    2.78    0.00    0.00    0.00   83.04
21:25:26     all    5.75    0.00    8.00    0.00    0.00    3.00    0.00    0.00    0.00   83.25
21:25:27     all    5.06    0.00    7.09    0.00    0.00    3.54    0.00    0.00    0.00   84.30
21:25:28     all    5.53    0.00    7.79    0.00    0.00    3.02    0.00    0.00    0.00   83.67
21:25:29     all    5.30    0.00    6.82    0.00    0.00    3.54    0.25    0.00    0.00   84.09
21:25:30     all    4.53    0.00    8.06    0.00    0.00    3.53    0.00    0.00    0.00   83.88
21:25:31     all    5.99    0.00    7.23    0.00    0.00    3.74    0.25    0.00    0.00   82.79
21:25:32     all    4.88    0.00    7.20    0.00    0.00    2.31    0.00    0.00    0.00   85.60
21:25:33     all    6.52    0.00    6.77    0.00    0.00    3.51    0.25    0.00    0.00   82.96
21:25:34     all    6.20    0.00    8.09    0.00    0.00    1.35    0.00    0.00    0.00   84.37
21:25:35     all    9.16    0.00   11.86    0.00    0.00    5.66    0.00    0.00    0.00   73.32
21:25:36     all    8.78    0.00   12.77    0.00    0.00    6.38    0.00    0.00    0.00   72.07
21:25:37     all    8.72    0.00   11.44    0.00    0.00    5.99    0.27    0.00    0.00   73.57
21:25:38     all    9.41    0.00   11.56    0.00    0.00    6.72    0.00    0.00    0.00   72.31
21:25:39     all    8.53    0.00   12.80    0.00    0.00    6.67    0.00    0.00    0.00   72.00
21:25:40     all    9.55    0.00   12.47    0.00    0.00    6.10    0.00    0.00    0.00   71.88
21:25:41     all    9.87    0.00   12.80    0.00    0.00    5.87    0.00    0.00    0.00   71.47
21:25:42     all    9.02    0.00   13.00    0.00    0.00    5.84    0.00    0.00    0.00   72.15
21:25:43     all    9.36    0.00   12.03    0.00    0.00    6.42    0.00    0.00    0.00   72.19
21:25:44     all    9.65    0.00   12.06    0.00    0.00    5.90    0.00    0.00    0.00   72.39
21:25:45     all    9.77    0.00   13.88    0.00    0.00    7.20    0.00    0.00    0.00   69.15
21:25:46     all    9.76    0.00   12.93    0.00    0.00    6.07    0.00    0.00    0.00   71.24
21:25:47     all    9.64    0.00   13.02    0.00    0.00    6.51    0.00    0.00    0.00   70.83
21:25:48     all    8.99    0.00   12.70    0.00    0.00    6.88    0.00    0.00    0.00   71.43
21:25:49     all   10.44    0.00   12.79    0.00    0.00    6.53    0.00    0.00    0.00   70.23
21:25:50     all    9.47    0.00   12.37    0.00    0.00    6.84    0.00    0.00    0.00   71.32
21:25:51     all   10.08    0.00   13.95    0.00    0.00    5.94    0.00    0.00    0.00   70.03
21:25:52     all    8.73    0.00   13.49    0.00    0.00    6.35    0.00    0.00    0.00   71.43
21:25:53     all   10.47    0.00   12.04    0.00    0.00    6.28    0.00    0.00    0.00   71.20
21:25:54     all    9.21    0.00   12.63    0.00    0.00    7.11    0.00    0.00    0.00   71.05
21:25:55     all    9.66    0.00   12.79    0.00    0.00    6.79    0.00    0.00    0.00   70.76
21:25:56     all    9.97    0.00   13.12    0.00    0.00    6.30    0.00    0.00    0.00   70.60
21:25:57     all   10.36    0.00   13.47    0.00    0.00    5.70    0.00    0.00    0.00   70.47
21:25:58     all    9.47    0.00   12.37    0.00    0.00    6.84    0.00    0.00    0.00   71.32
21:25:59     all    8.64    0.00   13.87    0.00    0.00    6.54    0.00    0.00    0.00   70.94
21:26:00     all   10.05    0.00   12.11    0.26    0.00    7.73    0.00    0.00    0.00   69.85
21:26:01     all    9.23    0.00   12.93    0.00    0.00    6.07    0.00    0.00    0.00   71.77
21:26:02     all    9.42    0.00   13.09    0.00    0.00    6.54    0.26    0.00    0.00   70.68
21:26:03     all   10.18    0.00   12.01    0.00    0.00    7.05    0.00    0.00    0.00   70.76
21:26:04     all    7.47    0.00   12.63    0.00    0.00    5.15    0.00    0.00    0.00   74.74
21:26:05     all   16.00    0.00   16.00    0.00    0.00    8.27    0.27    0.00    0.00   59.47
21:26:06     all   16.09    0.00   17.16    0.00    0.00    8.31    0.27    0.00    0.00   58.18
21:26:07     all   12.53    0.00   19.47    0.00    0.00    9.07    0.00    0.00    0.00   58.93
21:26:08     all   12.47    0.00   19.78    0.00    0.00    8.67    0.00    0.00    0.00   59.08
21:26:09     all   15.32    0.00   19.62    0.00    0.00    8.06    0.00    0.00    0.00   56.99
21:26:10     all   14.63    0.00   20.48    0.00    0.00    8.78    0.00    0.00    0.00   56.12
21:26:11     all   16.03    0.00   18.75    0.00    0.00    7.34    0.00    0.00    0.00   57.88
21:26:12     all   14.36    0.00   18.70    0.00    0.00    8.67    0.00    0.00    0.00   58.27
21:26:13     all   12.94    0.00   19.14    0.00    0.00    8.63    0.00    0.00    0.00   59.30
21:26:14     all   14.82    0.00   19.68    0.00    0.00    8.36    0.00    0.00    0.00   57.14
21:26:15     all   14.56    0.00   19.95    0.00    0.00    8.09    0.00    0.00    0.00   57.41
21:26:16     all   12.94    0.00   19.14    0.00    0.00    8.89    0.00    0.00    0.00   59.03
21:26:17     all   13.90    0.00   19.35    0.00    0.00    8.45    0.00    0.00    0.00   58.31
21:26:18     all   14.75    0.00   19.57    0.00    0.00    8.58    0.00    0.00    0.00   57.10
21:26:19     all   13.90    0.00   19.89    0.00    0.00    7.90    0.00    0.00    0.00   58.31
21:26:20     all   15.05    0.00   19.35    0.00    0.00    8.60    0.00    0.00    0.00   56.99
21:26:21     all   14.67    0.00   19.57    0.00    0.00    8.70    0.00    0.00    0.00   57.07
21:26:22     all   15.47    0.00   18.93    0.00    0.00    8.27    0.00    0.00    0.00   57.33
21:26:23     all   15.43    0.00   19.41    0.00    0.00    7.71    0.27    0.00    0.00   57.18
21:26:24     all   12.84    0.00   20.77    0.00    0.00    7.10    0.00    0.00    0.00   59.29
21:26:25     all   14.32    0.00   20.16    0.00    0.00    7.96    0.00    0.00    0.00   57.56
21:26:26     all   14.63    0.00   20.21    0.00    0.00    7.98    0.00    0.00    0.00   57.18
21:26:27     all   15.86    0.00   20.16    0.00    0.00    8.06    0.00    0.00    0.00   55.91
21:26:28     all   16.94    0.00   18.28    0.00    0.00    8.33    0.00    0.00    0.00   56.45
21:26:29     all   14.75    0.00   20.64    0.00    0.00    7.24    0.00    0.00    0.00   57.37
21:26:30     all   13.94    0.00   20.38    0.00    0.00    7.77    0.00    0.00    0.00   57.91
21:26:31     all   13.78    0.00   21.08    0.00    0.00    7.30    0.00    0.00    0.00   57.84
21:26:32     all   14.40    0.00   19.57    0.00    0.00    7.88    0.00    0.00    0.00   58.15
21:26:33     all   14.02    0.00   19.14    0.00    0.00    8.36    0.00    0.00    0.00   58.49
21:26:34     all   10.82    0.00   15.83    0.00    0.00    5.80    0.00    0.00    0.00   67.55
21:26:35     all   18.34    0.00   19.20    0.00    0.00   12.61    0.00    0.00    0.00   49.86
21:26:36     all   18.92    0.00   21.62    0.00    0.00   13.21    0.00    0.00    0.00   46.25
21:26:37     all   17.75    0.00   21.60    0.00    0.00   14.50    0.00    0.00    0.00   46.15
21:26:38     all   17.21    0.00   22.55    0.00    0.00   14.24    0.00    0.00    0.00   45.99
21:26:39     all   17.61    0.00   22.09    0.00    0.00   14.03    0.00    0.00    0.00   46.27
21:26:40     all   18.40    0.00   21.36    0.00    0.00   14.24    0.00    0.00    0.00   45.99
21:26:41     all   19.40    0.00   20.00    0.00    0.00   14.63    0.00    0.00    0.00   45.97
21:26:42     all   18.45    0.00   21.43    0.00    0.00   13.69    0.00    0.00    0.00   46.43
21:26:43     all   19.94    0.00   21.11    0.00    0.00   13.20    0.00    0.00    0.00   45.75
21:26:44     all   18.77    0.00   21.99    0.00    0.00   14.37    0.29    0.00    0.00   44.57
21:26:45     all   18.32    0.00   22.22    0.00    0.00   13.51    0.00    0.00    0.00   45.95
21:26:46     all   18.15    0.00   22.02    0.00    0.00   13.99    0.00    0.00    0.00   45.83
21:26:47     all   18.37    0.00   23.03    0.00    0.00   13.70    0.00    0.00    0.00   44.90
21:26:48     all   18.13    0.00   21.15    0.00    0.00   14.20    0.30    0.00    0.00   46.22
21:26:49     all   17.80    0.00   22.85    0.00    0.00   14.24    0.00    0.00    0.00   45.10
21:26:50     all   18.67    0.00   21.99    0.00    0.00   14.16    0.00    0.00    0.00   45.18
21:26:51     all   17.33    0.00   22.80    0.00    0.00   14.29    0.00    0.00    0.00   45.59
21:26:52     all   17.82    0.00   22.05    0.00    0.00   14.20    0.00    0.00    0.00   45.92
21:26:53     all   17.86    0.00   22.92    0.00    0.00   13.39    0.00    0.00    0.00   45.83
21:26:54     all   19.03    0.00   21.15    0.00    0.00   14.20    0.00    0.00    0.00   45.62
21:26:55     all   19.40    0.00   22.39    0.00    0.00   12.84    0.30    0.00    0.00   45.07
21:26:56     all   17.96    0.00   21.86    0.00    0.00   15.27    0.00    0.00    0.00   44.91
21:26:57     all   19.58    0.00   21.36    0.00    0.00   14.24    0.00    0.00    0.00   44.81
21:26:58     all   19.35    0.00   20.82    0.00    0.00   14.37    0.00    0.00    0.00   45.45
21:26:59     all   18.75    0.00   20.83    0.00    0.00   13.99    0.00    0.00    0.00   46.43
21:27:00     all   17.75    0.00   21.60    0.00    0.00   15.09    0.00    0.00    0.00   45.56
21:27:01     all   18.56    0.00   22.75    0.00    0.00   14.07    0.00    0.00    0.00   44.61
21:27:02     all   18.60    0.00   21.65    0.00    0.00   14.33    0.00    0.00    0.00   45.43
21:27:03     all   18.24    0.00   22.49    0.00    0.00   13.68    0.00    0.00    0.00   45.59
21:27:04     all    9.56    0.00   14.75    0.00    0.00    3.83    0.00    0.00    0.00   71.86
21:27:05     all   15.64    0.00   24.30    0.00    0.00   12.01    0.00    0.00    0.00   48.04
21:27:06     all   18.13    0.00   28.61    0.00    0.00   16.15    0.00    0.00    0.00   37.11
21:27:07     all   19.78    0.00   31.32    0.00    0.00   17.58    0.00    0.00    0.00   31.32
21:27:08     all   20.40    0.00   26.91    0.00    0.00   17.28    0.00    0.00    0.00   35.41
21:27:09     all   18.73    0.00   28.37    0.28    0.00   15.98    0.00    0.00    0.00   36.64
21:27:10     all   18.03    0.00   30.14    0.00    0.00   16.62    0.00    0.00    0.00   35.21
21:27:11     all   19.55    0.00   28.90    0.00    0.00   18.13    0.00    0.00    0.00   33.43
21:27:12     all   20.23    0.00   26.78    0.00    0.00   17.66    0.00    0.00    0.00   35.33
21:27:13     all   18.80    0.00   30.20    0.00    0.00   17.66    0.00    0.00    0.00   33.33
21:27:14     all   18.23    0.00   30.11    0.00    0.00   17.68    0.28    0.00    0.00   33.70
21:27:15     all   16.71    0.00   31.20    0.00    0.00   16.43    0.00    0.00    0.00   35.65
21:27:16     all   17.85    0.00   31.16    0.00    0.00   17.56    0.00    0.00    0.00   33.43
21:27:17     all   17.98    0.00   33.99    0.00    0.00   17.98    0.00    0.00    0.00   30.06
21:27:18     all   18.26    0.00   30.62    0.00    0.00   16.29    0.00    0.00    0.00   34.83
21:27:19     all   20.11    0.00   32.29    0.00    0.00   20.40    0.00    0.00    0.00   27.20
21:27:20     all   20.11    0.00   30.75    0.00    0.00   19.54    0.00    0.00    0.00   29.60
21:27:21     all   19.72    0.00   29.17    0.00    0.00   17.50    0.00    0.00    0.00   33.61
21:27:22     all   20.22    0.00   28.14    0.00    0.00   16.94    0.00    0.00    0.00   34.70
21:27:23     all   20.23    0.00   26.88    0.00    0.00   16.18    0.00    0.00    0.00   36.71
21:27:24     all   19.60    0.00   27.09    0.00    0.00   18.44    0.00    0.00    0.00   34.87
21:27:25     all   21.19    0.00   30.51    0.00    0.00   18.93    0.28    0.00    0.00   29.10
21:27:26     all   19.48    0.00   30.66    0.00    0.00   18.91    0.00    0.00    0.00   30.95
21:27:27     all   20.06    0.00   28.08    0.00    0.00   17.19    0.00    0.00    0.00   34.67
21:27:28     all   20.86    0.00   29.14    0.00    0.00   18.00    0.00    0.00    0.00   32.00
21:27:29     all   19.49    0.00   30.23    0.00    0.00   18.08    0.00    0.00    0.00   32.20
21:27:30     all   17.19    0.00   30.66    0.00    0.00   16.62    0.00    0.00    0.00   35.53
21:27:31     all   17.00    0.00   28.53    0.00    0.00   16.71    0.00    0.00    0.00   37.75
21:27:32     all   16.05    0.00   30.09    0.00    0.00   16.62    0.00    0.00    0.00   37.25
21:27:33     all   17.46    0.00   29.01    0.00    0.00   17.46    0.00    0.00    0.00   36.06
21:27:34     all   10.28    0.00   18.61    0.00    0.00    5.00    0.00    0.00    0.00   66.11
21:27:35     all   16.16    0.00   25.07    0.00    0.00   15.88    0.00    0.00    0.00   42.90
21:27:36     all   19.83    0.00   29.33    0.00    0.00   19.55    0.00    0.00    0.00   31.28
21:27:37     all   17.24    0.00   33.05    0.00    0.00   18.68    0.00    0.00    0.00   31.03
21:27:38     all   17.96    0.00   34.81    0.00    0.00   19.34    0.00    0.00    0.00   27.90
21:27:39     all   18.68    0.00   32.14    0.00    0.00   20.60    0.00    0.00    0.00   28.57
21:27:40     all   17.68    0.00   33.98    0.00    0.00   18.51    0.00    0.00    0.00   29.83
21:27:41     all   19.15    0.00   32.96    0.00    0.00   18.87    0.00    0.00    0.00   29.01
21:27:42     all   19.23    0.00   31.87    0.00    0.00   19.51    0.00    0.00    0.00   29.40
21:27:43     all   18.78    0.00   31.77    0.00    0.00   19.61    0.00    0.00    0.00   29.83
21:27:44     all   18.63    0.00   32.33    0.00    0.00   19.45    0.00    0.00    0.00   29.59
21:27:45     all   18.26    0.00   32.87    0.00    0.00   19.94    0.00    0.00    0.00   28.93
21:27:46     all   18.80    0.00   32.48    0.00    0.00   20.23    0.00    0.00    0.00   28.49
21:27:47     all   20.34    0.00   30.23    0.00    0.00   19.49    0.00    0.00    0.00   29.94
21:27:48     all   19.32    0.00   31.53    0.00    0.00   18.47    0.00    0.00    0.00   30.68
21:27:49     all   19.15    0.00   30.70    0.00    0.00   21.13    0.00    0.00    0.00   29.01
21:27:50     all   18.70    0.00   34.69    0.00    0.00   18.97    0.00    0.00    0.00   27.64
21:27:51     all   17.45    0.00   35.18    0.00    0.00   18.84    0.00    0.00    0.00   28.53
21:27:52     all   18.51    0.00   34.81    0.00    0.00   19.06    0.00    0.00    0.00   27.62
21:27:53     all   17.44    0.00   34.88    0.00    0.00   19.62    0.00    0.00    0.00   28.07
21:27:54     all   18.66    0.00   35.93    0.00    0.00   19.22    0.00    0.00    0.00   26.18
21:27:55     all   17.19    0.00   37.50    0.00    0.00   19.53    0.00    0.00    0.00   25.78
21:27:56     all   16.67    0.00   36.24    0.00    0.00   19.31    0.00    0.00    0.00   27.78
21:27:57     all   15.28    0.00   36.19    0.00    0.00   20.38    0.00    0.00    0.00   28.15
21:27:58     all   15.32    0.00   37.40    0.00    0.00   19.22    0.00    0.00    0.00   28.05
21:27:59     all   15.62    0.00   38.54    0.00    0.00   18.23    0.00    0.00    0.00   27.60
21:28:00     all   16.06    0.00   37.31    0.00    0.00   18.39    0.00    0.00    0.00   28.24
21:28:01     all   17.14    0.00   37.66    0.00    0.00   19.48    0.00    0.00    0.00   25.71
21:28:02     all   16.23    0.00   36.65    0.00    0.00   19.90    0.00    0.00    0.00   27.23
21:28:03     all   17.62    0.00   35.23    0.00    0.00   20.60    0.00    0.00    0.00   26.56
21:28:04     all    5.85    0.00   11.70    0.00    0.00    6.11    0.00    0.00    0.00   76.34
21:28:05     all    1.52    0.00    2.03    0.00    0.00    1.77    0.00    0.00    0.00   94.68
21:28:06     all    2.03    0.00    3.05    0.00    0.00    3.05    0.00    0.00    0.00   91.88
21:28:07     all    2.03    0.00    3.30    0.00    0.00    2.79    0.00    0.00    0.00   91.88
21:28:08     all    2.53    0.00    3.03    0.00    0.00    3.03    0.00    0.00    0.00   91.41
21:28:09     all    2.28    0.00    3.54    0.00    0.00    3.04    0.00    0.00    0.00   91.14
21:28:10     all    2.56    0.00    3.07    0.00    0.00    2.56    0.00    0.00    0.00   91.82
21:28:11     all    2.78    0.00    3.03    0.00    0.00    3.03    0.00    0.00    0.00   91.16
21:28:12     all    2.02    0.00    3.79    0.00    0.00    2.53    0.00    0.00    0.00   91.67
21:28:13     all    2.78    0.00    2.78    0.00    0.00    2.78    0.00    0.00    0.00   91.65
21:28:14     all    2.28    0.00    3.30    0.00    0.00    2.79    0.00    0.00    0.00   91.62
21:28:15     all    3.03    0.00    3.28    0.00    0.00    2.78    0.00    0.00    0.00   90.91
21:28:16     all    1.78    0.00    3.05    0.00    0.00    3.05    0.00    0.00    0.00   92.11
21:28:17     all    2.27    0.00    3.27    0.00    0.00    3.02    0.00    0.00    0.00   91.44
21:28:18     all    2.53    0.00    3.29    0.00    0.00    2.53    0.25    0.00    0.00   91.39
21:28:19     all    2.54    0.00    2.79    0.00    0.00    2.79    0.00    0.00    0.00   91.88
21:28:20     all    2.30    0.00    2.81    0.00    0.00    2.81    0.00    0.00    0.00   92.07
21:28:21     all    2.78    0.00    3.04    0.00    0.00    2.78    0.00    0.00    0.00   91.39
21:28:22     all    2.78    0.00    3.80    0.00    0.00    2.28    0.00    0.00    0.00   91.14
21:28:23     all    2.53    0.00    3.54    0.00    0.00    2.53    0.25    0.00    0.00   91.16
21:28:24     all    1.78    0.00    3.55    0.00    0.00    3.30    0.00    0.00    0.00   91.37
21:28:25     all    3.04    0.00    3.04    0.00    0.00    2.53    0.00    0.00    0.00   91.39
21:28:26     all    2.56    0.00    2.81    0.00    0.00    2.30    0.26    0.00    0.00   92.07
21:28:27     all    2.26    0.00    3.76    0.00    0.00    3.26    0.00    0.00    0.00   90.73
21:28:28     all    2.54    0.00    3.05    0.00    0.00    2.29    0.00    0.00    0.00   92.11
21:28:29     all    2.02    0.00    3.54    0.00    0.00    3.28    0.00    0.00    0.00   91.16
21:28:30     all    2.29    0.00    3.05    0.00    0.00    2.54    0.25    0.00    0.00   91.86
21:28:31     all    3.03    0.00    3.03    0.00    0.00    2.53    0.00    0.00    0.00   91.41
21:28:32     all    2.28    0.00    3.30    0.00    0.00    2.79    0.00    0.00    0.00   91.62
21:28:33     all    2.27    0.00    4.04    0.00    0.00    2.27    0.00    0.00    0.00   91.41
21:28:34     all    1.52    0.00    2.02    0.00    0.00    1.01    0.00    0.00    0.00   95.45
21:28:35     all    3.26    0.00    3.26    0.00    0.00    2.51    0.00    0.00    0.00   90.98
21:28:36     all    6.33    0.00    5.82    0.25    0.00    5.82    0.00    0.00    0.00   81.77
21:28:37     all    3.84    0.00    7.93    0.00    0.00    5.37    0.00    0.00    0.00   82.86
21:28:38     all    5.12    0.00    6.39    0.00    0.00    5.88    0.00    0.00    0.00   82.61
21:28:39     all    4.12    0.00    6.96    0.00    0.00    5.67    0.00    0.00    0.00   83.25
21:28:40     all    5.09    0.00    6.36    0.00    0.00    6.36    0.00    0.00    0.00   82.19
21:28:41     all    5.43    0.00    5.94    0.00    0.00    5.17    0.00    0.00    0.00   83.46
21:28:42     all    5.08    0.00    6.60    0.00    0.00    6.35    0.00    0.00    0.00   81.98
21:28:43     all    4.62    0.00    7.18    0.00    0.00    5.13    0.00    0.00    0.00   83.08
21:28:44     all    5.84    0.00    6.09    0.00    0.00    6.09    0.00    0.00    0.00   81.98
21:28:45     all    4.38    0.00    6.44    0.00    0.00    5.93    0.00    0.00    0.00   83.25
21:28:46     all    5.33    0.00    6.85    0.00    0.00    6.35    0.00    0.00    0.00   81.47
21:28:47     all    4.87    0.00    6.41    0.00    0.00    5.90    0.00    0.00    0.00   82.82
21:28:48     all    5.14    0.00    6.94    0.00    0.00    5.66    0.00    0.00    0.00   82.26
21:28:49     all    4.62    0.00    6.67    0.00    0.00    6.15    0.00    0.00    0.00   82.56
21:28:50     all    5.33    0.00    6.60    0.00    0.00    6.09    0.00    0.00    0.00   81.98
21:28:51     all    5.38    0.00    6.41    0.00    0.00    4.87    0.00    0.00    0.00   83.33
21:28:52     all    5.33    0.00    6.35    0.00    0.00    6.60    0.00    0.00    0.00   81.73
21:28:53     all    5.14    0.00    6.43    0.00    0.00    5.66    0.00    0.00    0.00   82.78
21:28:54     all    4.81    0.00    7.34    0.00    0.00    5.82    0.00    0.00    0.00   82.03
21:28:55     all    5.09    0.00    6.36    0.00    0.00    6.62    0.00    0.00    0.00   81.93
21:28:56     all    4.88    0.00    6.68    0.00    0.00    6.17    0.00    0.00    0.00   82.26
21:28:57     all    5.10    0.00    6.89    0.00    0.00    5.61    0.00    0.00    0.00   82.40
21:28:58     all    4.90    0.00    6.19    0.00    0.00    5.93    0.00    0.00    0.00   82.99
21:28:59     all    4.60    0.00    7.16    0.00    0.00    5.37    0.00    0.00    0.00   82.86
21:29:00     all    5.38    0.00    6.15    0.00    0.00    5.38    0.00    0.00    0.00   83.08
21:29:01     all    4.63    0.00    6.68    0.00    0.00    6.17    0.00    0.00    0.00   82.52
21:29:02     all    4.62    0.00    6.92    0.00    0.00    5.64    0.00    0.00    0.00   82.82
21:29:03     all    5.37    0.00    6.14    0.00    0.00    5.88    0.00    0.00    0.00   82.61
21:29:04     all    2.28    0.00    4.30    0.00    0.00    2.53    0.00    0.00    0.00   90.89
21:29:05     all    5.57    0.00    2.03    0.00    0.00    1.77    0.00    0.00    0.00   90.63
21:29:06     all   14.76    0.00    5.60    0.00    0.00    5.60    0.25    0.00    0.00   73.79
21:29:07     all   16.75    0.00    7.47    0.77    0.00    6.70    0.00    0.00    0.00   68.30
21:29:08     all   15.60    0.00   10.49    0.00    0.00    9.21    0.00    0.00    0.00   64.71
21:29:09     all   11.72    0.00   12.76    0.00    0.00   10.42    0.00    0.00    0.00   65.10
21:29:10     all   10.88    0.00   13.47    0.00    0.00   11.40    0.00    0.00    0.00   64.25
21:29:11     all   12.44    0.00   13.21    0.00    0.00   10.10    0.26    0.00    0.00   63.99
21:29:12     all   10.82    0.00   13.46    0.00    0.00   10.29    0.00    0.00    0.00   65.44
21:29:13     all   11.84    0.00   13.68    0.00    0.00   10.53    0.26    0.00    0.00   63.68
21:29:14     all   11.98    0.00   12.76    0.00    0.00   10.68    0.00    0.00    0.00   64.58
21:29:15     all   11.38    0.00   13.49    0.00    0.00   10.05    0.00    0.00    0.00   65.08
21:29:16     all   11.78    0.00   13.09    0.00    0.00   10.99    0.00    0.00    0.00   64.14
21:29:17     all   12.31    0.00   13.33    0.00    0.00   11.28    0.00    0.00    0.00   63.08
21:29:18     all   11.69    0.00   14.29    0.26    0.00   10.65    0.00    0.00    0.00   63.12
21:29:19     all   11.43    0.00   13.51    0.00    0.00   11.17    0.00    0.00    0.00   63.90
21:29:20     all   11.55    0.00   13.12    0.00    0.00   10.24    0.00    0.00    0.00   65.09
21:29:21     all   12.40    0.00   12.93    0.00    0.00    9.76    0.00    0.00    0.00   64.91
21:29:22     all   12.53    0.00   13.55    0.00    0.00   10.49    0.00    0.00    0.00   63.43
21:29:23     all   12.14    0.00   13.70    0.00    0.00    9.82    0.00    0.00    0.00   64.34
21:29:24     all   12.40    0.00   13.18    0.00    0.00   10.59    0.00    0.00    0.00   63.82
21:29:25     all   12.11    0.00   13.92    0.00    0.00   11.08    0.00    0.00    0.00   62.89
21:29:26     all   11.29    0.00   13.12    0.00    0.00   11.29    0.00    0.00    0.00   64.30
21:29:27     all   12.01    0.00   12.53    0.00    0.00   11.23    0.00    0.00    0.00   64.23
21:29:28     all   12.76    0.00   12.50    0.00    0.00   10.42    0.00    0.00    0.00   64.32
21:29:29     all   12.14    0.00   13.18    0.00    0.00   10.59    0.00    0.00    0.00   64.08
21:29:30     all   11.92    0.00   13.47    0.00    0.00   10.10    0.26    0.00    0.00   64.25
21:29:31     all   12.53    0.00   13.32    0.00    0.00    9.40    0.00    0.00    0.00   64.75
21:29:32     all   11.84    0.00   13.16    0.00    0.00    9.74    0.00    0.00    0.00   65.26
21:29:33     all   12.66    0.00   13.70    0.00    0.00    9.56    0.26    0.00    0.00   63.82
21:29:34     all    7.30    0.00    8.56    0.00    0.00    6.30    0.00    0.00    0.00   77.83
21:29:35     all    7.58    0.00    1.52    0.00    0.00    1.26    0.00    0.00    0.00   89.65
21:29:36     all   27.25    0.00    5.14    0.00    0.00    5.40    0.00    0.00    0.00   62.21
21:29:37     all   32.23    0.00    8.18    0.00    0.00    6.39    0.00    0.00    0.00   53.20
21:29:38     all   37.76    0.00    8.59    0.00    0.00    8.59    0.00    0.00    0.00   45.05
21:29:39     all   35.55    0.00   12.02    0.00    0.00   11.51    0.00    0.00    0.00   40.92
21:29:40     all   36.83    0.00   14.58    0.00    0.00   13.55    0.26    0.00    0.00   34.78
21:29:41     all   26.21    0.00   17.05    0.00    0.00   12.21    0.00    0.00    0.00   44.53
21:29:42     all   22.06    0.00   17.04    0.00    0.00   14.29    0.00    0.00    0.00   46.62
21:29:43     all   15.95    0.00   20.25    0.00    0.00   15.95    0.00    0.00    0.00   47.85
21:29:44     all   10.97    0.00   21.17    0.00    0.00   15.56    0.00    0.00    0.00   52.30
21:29:45     all    7.83    0.00   21.97    0.00    0.00   16.41    0.25    0.00    0.00   53.54
21:29:46     all    8.35    0.00   22.03    0.00    0.00   18.23    0.00    0.00    0.00   51.39
21:29:47     all    8.84    0.00   21.21    0.00    0.00   18.94    0.00    0.00    0.00   51.01
21:29:48     all    9.23    0.00   22.05    0.26    0.00   18.21    0.00    0.00    0.00   50.26
21:29:49     all    9.55    0.00   23.62    0.00    0.00   20.10    0.00    0.00    0.00   46.73
21:29:50     all    8.46    0.00   24.62    0.00    0.00   18.72    0.00    0.00    0.00   48.21
21:29:51     all    9.60    0.00   22.47    0.00    0.00   20.20    0.00    0.00    0.00   47.73
21:29:52     all    9.27    0.00   23.31    0.00    0.00   20.05    0.00    0.00    0.00   47.37
21:29:53     all    7.89    0.00   22.65    0.00    0.00   19.08    0.00    0.00    0.00   50.38
21:29:54     all   10.23    0.00   22.51    0.00    0.00   17.14    0.00    0.00    0.00   50.13
21:29:55     all    8.56    0.00   22.67    0.00    0.00   18.39    0.00    0.00    0.00   50.38
21:29:56     all    9.30    0.00   22.11    0.00    0.00   19.10    0.00    0.00    0.00   49.50
21:29:57     all    8.61    0.00   23.80    0.00    0.00   18.73    0.00    0.00    0.00   48.86
21:29:58     all    8.27    0.00   22.81    0.00    0.00   19.30    0.00    0.00    0.00   49.62
21:29:59     all    9.55    0.00   23.62    0.00    0.00   20.10    0.00    0.00    0.00   46.73
21:30:00     all    9.57    0.00   23.43    0.00    0.00   20.15    0.00    0.00    0.00   46.85
21:30:01     all    9.09    0.00   23.23    0.00    0.00   18.43    0.00    0.00    0.00   49.24
21:30:02     all    9.45    0.00   25.37    0.00    0.00   19.65    0.00    0.00    0.00   45.52
21:30:03     all    9.39    0.00   24.62    0.00    0.00   19.04    0.25    0.00    0.00   46.70
