Running 30s test @ http://10.116.0.2:8080/json
  4 threads and 256 connections
  Thread calibration: mean lat.: 1.085ms, rate sampling interval: 10ms
  Thread calibration: mean lat.: 1.078ms, rate sampling interval: 10ms
  Thread calibration: mean lat.: 1.295ms, rate sampling interval: 10ms
  Thread calibration: mean lat.: 1.076ms, rate sampling interval: 10ms
  Thread Stats   Avg      Stdev     Max   +/- Stdev
    Latency     1.12ms  495.90us  10.51ms   64.90%
    Req/Sec     5.26k     1.05k    7.11k    80.56%
  Latency Distribution (HdrHistogram - Recorded Latency)
 50.000%    1.09ms
 75.000%    1.48ms
 90.000%    1.77ms
 99.000%    2.28ms
 99.900%    2.95ms
 99.990%    7.49ms
 99.999%    9.77ms
100.000%   10.52ms

  Detailed Percentile spectrum:
       Value   Percentile   TotalCount 1/(1-Percentile)

       0.194     0.000000            1         1.00
       0.496     0.100000        39446         1.11
       0.656     0.200000        78744         1.25
       0.805     0.300000       118324         1.43
       0.946     0.400000       157532         1.67
       1.090     0.500000       197022         2.00
       1.162     0.550000       216520         2.22
       1.237     0.600000       236311         2.50
       1.316     0.650000       256061         2.86
       1.397     0.700000       275528         3.33
       1.482     0.750000       295324         4.00
       1.525     0.775000       305227         4.44
       1.568     0.800000       315019         5.00
       1.612     0.825000       324818         5.71
       1.658     0.850000       334634         6.67
       1.710     0.875000       344570         8.00
       1.739     0.887500       349457         8.89
       1.770     0.900000       354377        10.00
       1.806     0.912500       359174        11.43
       1.849     0.925000       364200        13.33
       1.895     0.937500       369027        16.00
       1.921     0.943750       371536        17.78
       1.949     0.950000       373938        20.00
       1.982     0.956250       376392        22.86
       2.017     0.962500       378876        26.67
       2.057     0.968750       381339        32.00
       2.079     0.971875       382598        35.56
       2.103     0.975000       383818        40.00
       2.129     0.978125       385025        45.71
       2.159     0.981250       386257        53.33
       2.193     0.984375       387472        64.00
       2.213     0.985938       388078        71.11
       2.235     0.987500       388700        80.00
       2.259     0.989062       389329        91.43
       2.285     0.990625       389955       106.67
       2.315     0.992188       390559       128.00
       2.333     0.992969       390860       142.22
       2.353     0.993750       391165       160.00
       2.375     0.994531       391461       182.86
       2.401     0.995313       391773       213.33
       2.437     0.996094       392076       256.00
       2.459     0.996484       392236       284.44
       2.485     0.996875       392382       320.00
       2.517     0.997266       392542       365.71
       2.553     0.997656       392689       426.67
       2.605     0.998047       392842       512.00
       2.639     0.998242       392915       568.89
       2.677     0.998437       392991       640.00
       2.733     0.998633       393068       731.43
       2.833     0.998828       393146       853.33
       2.973     0.999023       393222      1024.00
       3.079     0.999121       393261      1137.78
       3.191     0.999219       393299      1280.00
       3.365     0.999316       393337      1462.86
       3.525     0.999414       393376      1706.67
       3.701     0.999512       393414      2048.00
       3.781     0.999561       393434      2275.56
       3.893     0.999609       393453      2560.00
       4.119     0.999658       393472      2925.71
       4.387     0.999707       393491      3413.33
       4.711     0.999756       393510      4096.00
       5.063     0.999780       393520      4551.11
       5.235     0.999805       393530      5120.00
       5.875     0.999829       393539      5851.43
       6.371     0.999854       393550      6826.67
       6.867     0.999878       393558      8192.00
       7.303     0.999890       393563      9102.22
       7.635     0.999902       393568     10240.00
       7.903     0.999915       393573     11702.86
       8.199     0.999927       393578     13653.33
       8.599     0.999939       393583     16384.00
       8.703     0.999945       393585     18204.44
       8.783     0.999951       393587     20480.00
       8.911     0.999957       393590     23405.71
       9.047     0.999963       393592     27306.67
       9.343     0.999969       393595     32768.00
       9.375     0.999973       393596     36408.89
       9.527     0.999976       393597     40960.00
       9.631     0.999979       393598     46811.43
       9.727     0.999982       393599     54613.33
       9.735     0.999985       393600     65536.00
       9.767     0.999986       393601     72817.78
       9.775     0.999988       393602     81920.00
       9.775     0.999989       393602     93622.86
       9.847     0.999991       393603    109226.67
       9.847     0.999992       393603    131072.00
       9.903     0.999993       393604    145635.56
       9.903     0.999994       393604    163840.00
       9.903     0.999995       393604    187245.71
       9.943     0.999995       393605    218453.33
       9.943     0.999996       393605    262144.00
       9.943     0.999997       393605    291271.11
       9.943     0.999997       393605    327680.00
       9.943     0.999997       393605    374491.43
      10.519     0.999998       393606    436906.67
      10.519     1.000000       393606          inf
#[Mean    =        1.124, StdDeviation   =        0.496]
#[Max     =       10.512, Total count    =       393606]
#[Buckets =           27, SubBuckets     =         2048]
----------------------------------------------------------
  592735 requests in 30.01s, 55.40MB read
Requests/sec:  19753.56
Transfer/sec:      1.85MB
