Running 30s test @ http://10.116.0.2:8080/block?ms=100
  4 threads and 8000 connections
  Thread calibration: mean lat.: 1333.559ms, rate sampling interval: 4849ms
  Thread calibration: mean lat.: 833.344ms, rate sampling interval: 4061ms
  Thread calibration: mean lat.: 882.577ms, rate sampling interval: 4444ms
  Thread calibration: mean lat.: 1255.244ms, rate sampling interval: 5603ms
  Thread Stats   Avg      Stdev     Max   +/- Stdev
    Latency     3.24s     1.36s    8.04s    65.72%
    Req/Sec    15.05k     1.06k   16.32k    71.43%
  Latency Distribution (HdrHistogram - Recorded Latency)
 50.000%    3.13s 
 75.000%    4.06s 
 90.000%    5.17s 
 99.000%    6.72s 
 99.900%    7.35s 
 99.990%    7.68s 
 99.999%    8.00s 
100.000%    8.05s 

  Detailed Percentile spectrum:
       Value   Percentile   TotalCount 1/(1-Percentile)

     570.367     0.000000            1         1.00
    1502.207     0.100000        59806         1.11
    1983.487     0.200000       119433         1.25
    2445.311     0.300000       179316         1.43
    2803.711     0.400000       238940         1.67
    3125.247     0.500000       298821         2.00
    3287.039     0.550000       328733         2.22
    3448.831     0.600000       358317         2.50
    3620.863     0.650000       388395         2.86
    3813.375     0.700000       418038         3.33
    4063.231     0.750000       448063         4.00
    4202.495     0.775000       463135         4.44
    4354.047     0.800000       477826         5.00
    4517.887     0.825000       492776         5.71
    4718.591     0.850000       507808         6.67
    4931.583     0.875000       522623         8.00
    5046.271     0.887500       530092         8.89
    5169.151     0.900000       537527        10.00
    5308.415     0.912500       544928        11.43
    5451.775     0.925000       552557        13.33
    5582.847     0.937500       559911        16.00
    5668.863     0.943750       563712        17.78
    5783.551     0.950000       567369        20.00
    5894.143     0.956250       571083        22.86
    6012.927     0.962500       574793        26.67
    6115.327     0.968750       578510        32.00
    6172.671     0.971875       580495        35.56
    6234.111     0.975000       582289        40.00
    6311.935     0.978125       584148        45.71
    6393.855     0.981250       586012        53.33
    6492.159     0.984375       587892        64.00
    6553.599     0.985938       588796        71.11
    6615.039     0.987500       589721        80.00
    6676.479     0.989062       590636        91.43
    6758.399     0.990625       591584       106.67
    6844.415     0.992188       592535       128.00
    6885.375     0.992969       592990       142.22
    6926.335     0.993750       593460       160.00
    6971.391     0.994531       593905       182.86
    7024.639     0.995313       594372       213.33
    7073.791     0.996094       594872       256.00
    7094.271     0.996484       595068       284.44
    7122.943     0.996875       595321       320.00
    7147.519     0.997266       595535       365.71
    7180.287     0.997656       595765       426.67
    7217.151     0.998047       596001       512.00
    7245.823     0.998242       596127       568.89
    7270.399     0.998437       596246       640.00
    7294.975     0.998633       596348       731.43
    7323.647     0.998828       596471       853.33
    7352.319     0.999023       596582      1024.00
    7368.703     0.999121       596639      1137.78
    7385.087     0.999219       596711      1280.00
    7401.471     0.999316       596766      1462.86
    7417.855     0.999414       596820      1706.67
    7438.335     0.999512       596878      2048.00
    7446.527     0.999561       596904      2275.56
    7458.815     0.999609       596945      2560.00
    7471.103     0.999658       596964      2925.71
    7495.679     0.999707       596991      3413.33
    7528.447     0.999756       597019      4096.00
    7540.735     0.999780       597033      4551.11
    7565.311     0.999805       597048      5120.00
    7581.695     0.999829       597064      5851.43
    7610.367     0.999854       597077      6826.67
    7643.135     0.999878       597092      8192.00
    7659.519     0.999890       597098      9102.22
    7684.095     0.999902       597105     10240.00
    7712.767     0.999915       597113     11702.86
    7741.439     0.999927       597121     13653.33
    7778.303     0.999939       597127     16384.00
    7811.071     0.999945       597131     18204.44
    7847.935     0.999951       597134     20480.00
    7864.319     0.999957       597138     23405.71
    7888.895     0.999963       597142     27306.67
    7917.567     0.999969       597145     32768.00
    7921.663     0.999973       597147     36408.89
    7933.951     0.999976       597149     40960.00
    7962.623     0.999979       597151     46811.43
    7974.911     0.999982       597153     54613.33
    7983.103     0.999985       597154     65536.00
    7995.391     0.999986       597156     72817.78
    7995.391     0.999988       597156     81920.00
    7999.487     0.999989       597157     93622.86
    8007.679     0.999991       597158    109226.67
    8011.775     0.999992       597159    131072.00
    8011.775     0.999993       597159    145635.56
    8024.063     0.999994       597160    163840.00
    8024.063     0.999995       597160    187245.71
    8036.351     0.999995       597161    218453.33
    8036.351     0.999996       597161    262144.00
    8036.351     0.999997       597161    291271.11
    8040.447     0.999997       597162    327680.00
    8040.447     0.999997       597162    374491.43
    8040.447     0.999998       597162    436906.67
    8040.447     0.999998       597162    524288.00
    8040.447     0.999998       597162    582542.22
    8048.639     0.999998       597163    655360.00
    8048.639     1.000000       597163          inf
#[Mean    =     3235.700, StdDeviation   =     1360.028]
#[Max     =     8044.544, Total count    =       597163]
#[Buckets =           27, SubBuckets     =         2048]
----------------------------------------------------------
  1498009 requests in 30.01s, 121.43MB read
Requests/sec:  49920.27
Transfer/sec:      4.05MB
