Running 30s test @ http://10.116.0.2:8080/json
  4 threads and 256 connections
  Thread calibration: mean lat.: 1.275ms, rate sampling interval: 10ms
  Thread calibration: mean lat.: 1.264ms, rate sampling interval: 10ms
  Thread calibration: mean lat.: 1.218ms, rate sampling interval: 10ms
  Thread calibration: mean lat.: 1.315ms, rate sampling interval: 10ms
  Thread Stats   Avg      Stdev     Max   +/- Stdev
    Latency     1.28ms  568.16us   5.99ms   63.98%
    Req/Sec    10.52k   657.23    13.11k    71.56%
  Latency Distribution (HdrHistogram - Recorded Latency)
 50.000%    1.22ms
 75.000%    1.70ms
 90.000%    2.07ms
 99.000%    2.62ms
 99.900%    3.32ms
 99.990%    4.71ms
 99.999%    5.80ms
100.000%    5.99ms

  Detailed Percentile spectrum:
       Value   Percentile   TotalCount 1/(1-Percentile)

       0.197     0.000000            1         1.00
       0.573     0.100000        78817         1.11
       0.742     0.200000       157553         1.25
       0.902     0.300000       236506         1.43
       1.061     0.400000       315319         1.67
       1.223     0.500000       393786         2.00
       1.308     0.550000       433372         2.22
       1.398     0.600000       472468         2.50
       1.494     0.650000       512070         2.86
       1.593     0.700000       551276         3.33
       1.695     0.750000       590619         4.00
       1.748     0.775000       610281         4.44
       1.802     0.800000       630010         5.00
       1.859     0.825000       649571         5.71
       1.920     0.850000       669118         6.67
       1.988     0.875000       688902         8.00
       2.025     0.887500       698777         8.89
       2.065     0.900000       708852        10.00
       2.107     0.912500       718607        11.43
       2.155     0.925000       728440        13.33
       2.209     0.937500       738045        16.00
       2.241     0.943750       743172        17.78
       2.273     0.950000       747825        20.00
       2.311     0.956250       752862        22.86
       2.351     0.962500       757801        26.67
       2.395     0.968750       762590        32.00
       2.421     0.971875       765222        35.56
       2.445     0.975000       767492        40.00
       2.475     0.978125       770034        45.71
       2.507     0.981250       772526        53.33
       2.543     0.984375       774983        64.00
       2.563     0.985938       776199        71.11
       2.585     0.987500       777392        80.00
       2.609     0.989062       778633        91.43
       2.637     0.990625       779854       106.67
       2.667     0.992188       781026       128.00
       2.687     0.992969       781685       142.22
       2.707     0.993750       782294       160.00
       2.729     0.994531       782884       182.86
       2.759     0.995313       783512       213.33
       2.795     0.996094       784097       256.00
       2.817     0.996484       784412       284.44
       2.845     0.996875       784716       320.00
       2.881     0.997266       785025       365.71
       2.921     0.997656       785328       426.67
       2.979     0.998047       785636       512.00
       3.009     0.998242       785786       568.89
       3.061     0.998437       785945       640.00
       3.115     0.998633       786093       731.43
       3.207     0.998828       786249       853.33
       3.337     0.999023       786402      1024.00
       3.389     0.999121       786478      1137.78
       3.461     0.999219       786554      1280.00
       3.551     0.999316       786630      1462.86
       3.651     0.999414       786707      1706.67
       3.763     0.999512       786785      2048.00
       3.813     0.999561       786823      2275.56
       3.901     0.999609       786862      2560.00
       3.977     0.999658       786899      2925.71
       4.059     0.999707       786939      3413.33
       4.163     0.999756       786977      4096.00
       4.219     0.999780       786996      4551.11
       4.307     0.999805       787016      5120.00
       4.387     0.999829       787035      5851.43
       4.499     0.999854       787053      6826.67
       4.583     0.999878       787072      8192.00
       4.655     0.999890       787082      9102.22
       4.719     0.999902       787092     10240.00
       4.759     0.999915       787102     11702.86
       4.851     0.999927       787111     13653.33
       4.915     0.999939       787120     16384.00
       4.983     0.999945       787125     18204.44
       5.143     0.999951       787130     20480.00
       5.211     0.999957       787135     23405.71
       5.259     0.999963       787140     27306.67
       5.327     0.999969       787144     32768.00
       5.367     0.999973       787147     36408.89
       5.435     0.999976       787149     40960.00
       5.483     0.999979       787152     46811.43
       5.559     0.999982       787154     54613.33
       5.651     0.999985       787156     65536.00
       5.767     0.999986       787158     72817.78
       5.775     0.999988       787159     81920.00
       5.803     0.999989       787160     93622.86
       5.823     0.999991       787161    109226.67
       5.827     0.999992       787162    131072.00
       5.839     0.999993       787163    145635.56
       5.891     0.999994       787164    163840.00
       5.891     0.999995       787164    187245.71
       5.895     0.999995       787165    218453.33
       5.895     0.999996       787165    262144.00
       5.947     0.999997       787166    291271.11
       5.947     0.999997       787166    327680.00
       5.947     0.999997       787166    374491.43
       5.963     0.999998       787167    436906.67
       5.963     0.999998       787167    524288.00
       5.963     0.999998       787167    582542.22
       5.963     0.999998       787167    655360.00
       5.963     0.999999       787167    748982.86
       5.995     0.999999       787168    873813.33
       5.995     1.000000       787168          inf
#[Mean    =        1.282, StdDeviation   =        0.568]
#[Max     =        5.992, Total count    =       787168]
#[Buckets =           27, SubBuckets     =         2048]
----------------------------------------------------------
  1193743 requests in 30.00s, 111.57MB read
Requests/sec:  39790.37
Transfer/sec:      3.72MB
