Running 30s test @ http://10.116.0.2:8080/block?ms=100
  4 threads and 1000 connections
  Thread calibration: mean lat.: 107.079ms, rate sampling interval: 217ms
  Thread calibration: mean lat.: 108.158ms, rate sampling interval: 226ms
  Thread calibration: mean lat.: 109.321ms, rate sampling interval: 240ms
  Thread calibration: mean lat.: 107.207ms, rate sampling interval: 217ms
  Thread Stats   Avg      Stdev     Max   +/- Stdev
    Latency   101.75ms    0.97ms 109.44ms   75.74%
    Req/Sec     2.25k   139.66     2.84k    84.34%
  Latency Distribution (HdrHistogram - Recorded Latency)
 50.000%  101.57ms
 75.000%  102.14ms
 90.000%  102.97ms
 99.000%  105.28ms
 99.900%  106.88ms
 99.990%  108.61ms
 99.999%  109.31ms
100.000%  109.50ms

  Detailed Percentile spectrum:
       Value   Percentile   TotalCount 1/(1-Percentile)

     100.223     0.000000            2         1.00
     100.799     0.100000        18622         1.11
     101.055     0.200000        39040         1.25
     101.183     0.300000        50921         1.43
     101.375     0.400000        69217         1.67
     101.567     0.500000        87104         2.00
     101.631     0.550000        92704         2.22
     101.759     0.600000       102895         2.50
     101.887     0.650000       111869         2.86
     102.015     0.700000       119733         3.33
     102.143     0.750000       126404         4.00
     102.271     0.775000       132102         4.44
     102.399     0.800000       136880         5.00
     102.463     0.825000       139024         5.71
     102.655     0.850000       144595         6.67
     102.783     0.875000       147670         8.00
     102.911     0.887500       150419         8.89
     102.975     0.900000       151610        10.00
     103.103     0.912500       153841        11.43
     103.295     0.925000       156522        13.33
     103.423     0.937500       158063        16.00
     103.551     0.943750       159364        17.78
     103.615     0.950000       159994        20.00
     103.743     0.956250       161043        22.86
     103.935     0.962500       162334        26.67
     104.127     0.968750       163336        32.00
     104.191     0.971875       163668        35.56
     104.319     0.975000       164233        40.00
     104.511     0.978125       164883        45.71
     104.639     0.981250       165306        53.33
     104.831     0.984375       165811        64.00
     104.959     0.985938       166100        71.11
     105.087     0.987500       166387        80.00
     105.151     0.989062       166550        91.43
     105.343     0.990625       166906       106.67
     105.471     0.992188       167135       128.00
     105.535     0.992969       167212       142.22
     105.663     0.993750       167408       160.00
     105.727     0.994531       167482       182.86
     105.855     0.995313       167620       213.33
     105.983     0.996094       167763       256.00
     106.047     0.996484       167807       284.44
     106.111     0.996875       167860       320.00
     106.239     0.997266       167947       365.71
     106.367     0.997656       168025       426.67
     106.431     0.998047       168058       512.00
     106.495     0.998242       168095       568.89
     106.623     0.998437       168137       640.00
     106.687     0.998633       168159       731.43
     106.815     0.998828       168201       853.33
     106.879     0.999023       168221      1024.00
     106.943     0.999121       168239      1137.78
     107.071     0.999219       168260      1280.00
     107.135     0.999316       168276      1462.86
     107.263     0.999414       168289      1706.67
     107.391     0.999512       168304      2048.00
     107.455     0.999561       168316      2275.56
     107.583     0.999609       168324      2560.00
     107.647     0.999658       168327      2925.71
     107.839     0.999707       168337      3413.33
     107.903     0.999756       168343      4096.00
     108.095     0.999780       168351      4551.11
     108.159     0.999805       168352      5120.00
     108.287     0.999829       168356      5851.43
     108.415     0.999854       168362      6826.67
     108.479     0.999878       168364      8192.00
     108.607     0.999890       168368      9102.22
     108.607     0.999902       168368     10240.00
     108.799     0.999915       168372     11702.86
     108.799     0.999927       168372     13653.33
     108.863     0.999939       168374     16384.00
     108.927     0.999945       168375     18204.44
     108.991     0.999951       168376     20480.00
     109.119     0.999957       168378     23405.71
     109.119     0.999963       168378     27306.67
     109.183     0.999969       168381     32768.00
     109.183     0.999973       168381     36408.89
     109.183     0.999976       168381     40960.00
     109.183     0.999979       168381     46811.43
     109.183     0.999982       168381     54613.33
     109.311     0.999985       168382     65536.00
     109.311     0.999986       168382     72817.78
     109.311     0.999988       168382     81920.00
     109.375     0.999989       168383     93622.86
     109.375     0.999991       168383    109226.67
     109.375     0.999992       168383    131072.00
     109.375     0.999993       168383    145635.56
     109.375     0.999994       168383    163840.00
     109.503     0.999995       168384    187245.71
     109.503     1.000000       168384          inf
#[Mean    =      101.746, StdDeviation   =        0.967]
#[Max     =      109.440, Total count    =       168384]
#[Buckets =           27, SubBuckets     =         2048]
----------------------------------------------------------
  260142 requests in 30.00s, 21.09MB read
Requests/sec:   8671.47
Transfer/sec:    719.80KB
