Running 30s test @ http://10.116.0.2:8080/json
  4 threads and 256 connections
  Thread calibration: mean lat.: 1.556ms, rate sampling interval: 10ms
  Thread calibration: mean lat.: 1.569ms, rate sampling interval: 10ms
  Thread calibration: mean lat.: 1.589ms, rate sampling interval: 10ms
  Thread calibration: mean lat.: 1.939ms, rate sampling interval: 10ms
  Thread Stats   Avg      Stdev     Max   +/- Stdev
    Latency     1.81ms    2.87ms 111.87ms   97.41%
    Req/Sec    21.10k     1.65k   28.44k    71.40%
  Latency Distribution (HdrHistogram - Recorded Latency)
 50.000%    1.40ms
 75.000%    2.04ms
 90.000%    2.91ms
 99.000%    7.47ms
 99.900%   48.32ms
 99.990%   93.50ms
 99.999%  107.07ms
100.000%  111.93ms

  Detailed Percentile spectrum:
       Value   Percentile   TotalCount 1/(1-Percentile)

       0.171     0.000000            1         1.00
       0.685     0.100000       158035         1.11
       0.883     0.200000       315021         1.25
       1.050     0.300000       472787         1.43
       1.216     0.400000       630177         1.67
       1.397     0.500000       787846         2.00
       1.494     0.550000       866560         2.22
       1.599     0.600000       945065         2.50
       1.719     0.650000      1023643         2.86
       1.866     0.700000      1102432         3.33
       2.041     0.750000      1181027         4.00
       2.141     0.775000      1220839         4.44
       2.251     0.800000      1259819         5.00
       2.381     0.825000      1299098         5.71
       2.529     0.850000      1338563         6.67
       2.695     0.875000      1377647         8.00
       2.793     0.887500      1397582         8.89
       2.907     0.900000      1416978        10.00
       3.045     0.912500      1436589        11.43
       3.209     0.925000      1456400        13.33
       3.419     0.937500      1476074        16.00
       3.541     0.943750      1485763        17.78
       3.679     0.950000      1495615        20.00
       3.845     0.956250      1505534        22.86
       4.059     0.962500      1515279        26.67
       4.355     0.968750      1525166        32.00
       4.535     0.971875      1530031        35.56
       4.751     0.975000      1534988        40.00
       5.011     0.978125      1539904        45.71
       5.339     0.981250      1544843        53.33
       5.787     0.984375      1549726        64.00
       6.107     0.985938      1552197        71.11
       6.499     0.987500      1554651        80.00
       7.047     0.989062      1557098        91.43
       7.795     0.990625      1559551       106.67
       8.783     0.992188      1562024       128.00
       9.423     0.992969      1563243       142.22
      10.383     0.993750      1564477       160.00
      11.535     0.994531      1565702       182.86
      12.935     0.995313      1566931       213.33
      15.295     0.996094      1568159       256.00
      17.007     0.996484      1568777       284.44
      19.167     0.996875      1569392       320.00
      22.063     0.997266      1570006       365.71
      25.807     0.997656      1570619       426.67
      32.015     0.998047      1571235       512.00
      34.655     0.998242      1571541       568.89
      38.015     0.998437      1571849       640.00
      41.375     0.998633      1572156       731.43
      44.863     0.998828      1572467       853.33
      49.119     0.999023      1572772      1024.00
      51.295     0.999121      1572928      1137.78
      53.951     0.999219      1573083      1280.00
      57.983     0.999316      1573232      1462.86
      61.791     0.999414      1573386      1706.67
      65.727     0.999512      1573542      2048.00
      67.583     0.999561      1573618      2275.56
      69.503     0.999609      1573696      2560.00
      71.999     0.999658      1573770      2925.71
      74.687     0.999707      1573847      3413.33
      78.975     0.999756      1573924      4096.00
      80.895     0.999780      1573963      4551.11
      83.071     0.999805      1574001      5120.00
      84.927     0.999829      1574039      5851.43
      86.975     0.999854      1574079      6826.67
      89.407     0.999878      1574116      8192.00
      92.031     0.999890      1574137      9102.22
      93.823     0.999902      1574155     10240.00
      95.167     0.999915      1574175     11702.86
      96.255     0.999927      1574195     13653.33
      97.471     0.999939      1574214     16384.00
      97.983     0.999945      1574225     18204.44
      98.239     0.999951      1574232     20480.00
      98.943     0.999957      1574241     23405.71
      99.967     0.999963      1574252     27306.67
     100.991     0.999969      1574260     32768.00
     102.015     0.999973      1574265     36408.89
     103.103     0.999976      1574271     40960.00
     103.231     0.999979      1574275     46811.43
     104.767     0.999982      1574280     54613.33
     105.279     0.999985      1574284     65536.00
     106.111     0.999986      1574287     72817.78
     106.431     0.999988      1574289     81920.00
     107.071     0.999989      1574292     93622.86
     107.647     0.999991      1574294    109226.67
     107.839     0.999992      1574296    131072.00
     108.287     0.999993      1574298    145635.56
     108.543     0.999994      1574300    163840.00
     108.543     0.999995      1574300    187245.71
     108.607     0.999995      1574301    218453.33
     108.799     0.999996      1574302    262144.00
     108.991     0.999997      1574303    291271.11
     109.695     0.999997      1574304    327680.00
     109.695     0.999997      1574304    374491.43
     109.759     0.999998      1574305    436906.67
     109.759     0.999998      1574305    524288.00
     111.167     0.999998      1574306    582542.22
     111.167     0.999998      1574306    655360.00
     111.167     0.999999      1574306    748982.86
     111.231     0.999999      1574307    873813.33
     111.231     0.999999      1574307   1048576.00
     111.231     0.999999      1574307   1165084.44
     111.231     0.999999      1574307   1310720.00
     111.231     0.999999      1574307   1497965.71
     111.935     0.999999      1574308   1747626.67
     111.935     1.000000      1574308          inf
#[Mean    =        1.815, StdDeviation   =        2.870]
#[Max     =      111.872, Total count    =      1574308]
#[Buckets =           27, SubBuckets     =         2048]
----------------------------------------------------------
  2370419 requests in 30.00s, 221.54MB read
Requests/sec:  79015.04
Transfer/sec:      7.38MB
