Running 30s test @ http://10.116.0.2:8080/json
  4 threads and 256 connections
  Thread calibration: mean lat.: 1.364ms, rate sampling interval: 10ms
  Thread calibration: mean lat.: 1.388ms, rate sampling interval: 10ms
  Thread calibration: mean lat.: 1.356ms, rate sampling interval: 10ms
  Thread calibration: mean lat.: 1.446ms, rate sampling interval: 10ms
  Thread Stats   Avg      Stdev     Max   +/- Stdev
    Latency     1.40ms  626.76us   6.92ms   66.95%
    Req/Sec    15.84k     1.52k   21.33k    72.55%
  Latency Distribution (HdrHistogram - Recorded Latency)
 50.000%    1.31ms
 75.000%    1.80ms
 90.000%    2.26ms
 99.000%    3.08ms
 99.900%    4.06ms
 99.990%    5.37ms
 99.999%    6.36ms
100.000%    6.92ms

  Detailed Percentile spectrum:
       Value   Percentile   TotalCount 1/(1-Percentile)

       0.201     0.000000            1         1.00
       0.654     0.100000       118225         1.11
       0.832     0.200000       236760         1.25
       0.987     0.300000       354826         1.43
       1.143     0.400000       472757         1.67
       1.307     0.500000       590710         2.00
       1.391     0.550000       649580         2.22
       1.479     0.600000       708533         2.50
       1.576     0.650000       767823         2.86
       1.683     0.700000       826672         3.33
       1.803     0.750000       885793         4.00
       1.867     0.775000       915256         4.44
       1.935     0.800000       944672         5.00
       2.007     0.825000       974105         5.71
       2.083     0.850000      1004122         6.67
       2.163     0.875000      1033582         8.00
       2.207     0.887500      1048181         8.89
       2.257     0.900000      1063194        10.00
       2.311     0.912500      1077858        11.43
       2.369     0.925000      1092315        13.33
       2.437     0.937500      1107217        16.00
       2.475     0.943750      1114704        17.78
       2.515     0.950000      1121989        20.00
       2.559     0.956250      1129296        22.86
       2.609     0.962500      1136534        26.67
       2.669     0.968750      1144029        32.00
       2.703     0.971875      1147726        35.56
       2.741     0.975000      1151353        40.00
       2.787     0.978125      1155043        45.71
       2.841     0.981250      1158666        53.33
       2.911     0.984375      1162380        64.00
       2.949     0.985938      1164135        71.11
       2.995     0.987500      1166041        80.00
       3.045     0.989062      1167825        91.43
       3.105     0.990625      1169661       106.67
       3.177     0.992188      1171515       128.00
       3.221     0.992969      1172441       142.22
       3.275     0.993750      1173358       160.00
       3.339     0.994531      1174286       182.86
       3.407     0.995313      1175210       213.33
       3.487     0.996094      1176128       256.00
       3.533     0.996484      1176580       284.44
       3.583     0.996875      1177064       320.00
       3.631     0.997266      1177522       365.71
       3.687     0.997656      1177974       426.67
       3.753     0.998047      1178431       512.00
       3.791     0.998242      1178659       568.89
       3.837     0.998437      1178888       640.00
       3.897     0.998633      1179116       731.43
       3.977     0.998828      1179347       853.33
       4.079     0.999023      1179577      1024.00
       4.147     0.999121      1179699      1137.78
       4.207     0.999219      1179810      1280.00
       4.279     0.999316      1179924      1462.86
       4.375     0.999414      1180043      1706.67
       4.475     0.999512      1180154      2048.00
       4.531     0.999561      1180214      2275.56
       4.587     0.999609      1180271      2560.00
       4.659     0.999658      1180329      2925.71
       4.755     0.999707      1180386      3413.33
       4.823     0.999756      1180442      4096.00
       4.879     0.999780      1180473      4551.11
       4.971     0.999805      1180502      5120.00
       5.035     0.999829      1180530      5851.43
       5.127     0.999854      1180559      6826.67
       5.231     0.999878      1180586      8192.00
       5.319     0.999890      1180601      9102.22
       5.379     0.999902      1180615     10240.00
       5.447     0.999915      1180631     11702.86
       5.503     0.999927      1180644     13653.33
       5.563     0.999939      1180658     16384.00
       5.615     0.999945      1180666     18204.44
       5.671     0.999951      1180674     20480.00
       5.739     0.999957      1180683     23405.71
       5.795     0.999963      1180687     27306.67
       5.875     0.999969      1180694     32768.00
       5.935     0.999973      1180698     36408.89
       5.979     0.999976      1180703     40960.00
       5.991     0.999979      1180705     46811.43
       5.999     0.999982      1180709     54613.33
       6.107     0.999985      1180712     65536.00
       6.239     0.999986      1180714     72817.78
       6.263     0.999988      1180716     81920.00
       6.355     0.999989      1180718     93622.86
       6.387     0.999991      1180720    109226.67
       6.403     0.999992      1180721    131072.00
       6.459     0.999993      1180722    145635.56
       6.499     0.999994      1180723    163840.00
       6.511     0.999995      1180724    187245.71
       6.595     0.999995      1180725    218453.33
       6.679     0.999996      1180726    262144.00
       6.679     0.999997      1180726    291271.11
       6.711     0.999997      1180727    327680.00
       6.711     0.999997      1180727    374491.43
       6.739     0.999998      1180728    436906.67
       6.739     0.999998      1180728    524288.00
       6.739     0.999998      1180728    582542.22
       6.807     0.999998      1180729    655360.00
       6.807     0.999999      1180729    748982.86
       6.807     0.999999      1180729    873813.33
       6.807     0.999999      1180729   1048576.00
       6.807     0.999999      1180729   1165084.44
       6.923     0.999999      1180730   1310720.00
       6.923     1.000000      1180730          inf
#[Mean    =        1.395, StdDeviation   =        0.627]
#[Max     =        6.920, Total count    =      1180730]
#[Buckets =           27, SubBuckets     =         2048]
----------------------------------------------------------
  1777865 requests in 30.00s, 166.16MB read
Requests/sec:  59262.73
Transfer/sec:      5.54MB
