Running 30s test @ http://10.116.0.2:8080/json
  4 threads and 64 connections
  Thread calibration: mean lat.: 27.295ms, rate sampling interval: 230ms
  Thread calibration: mean lat.: 26.676ms, rate sampling interval: 193ms
  Thread calibration: mean lat.: 36.570ms, rate sampling interval: 264ms
  Thread calibration: mean lat.: 2.245ms, rate sampling interval: 10ms
  Thread Stats   Avg      Stdev     Max   +/- Stdev
    Latency     1.03ms  428.48us   6.79ms   62.31%
    Req/Sec     5.22k   546.54     7.11k    78.70%
  Latency Distribution (HdrHistogram - Recorded Latency)
 50.000%    1.03ms
 75.000%    1.35ms
 90.000%    1.61ms
 99.000%    1.93ms
 99.900%    2.64ms
 99.990%    4.41ms
 99.999%    6.05ms
100.000%    6.80ms

  Detailed Percentile spectrum:
       Value   Percentile   TotalCount 1/(1-Percentile)

       0.186     0.000000            1         1.00
       0.460     0.100000        39848         1.11
       0.608     0.200000        79767         1.25
       0.757     0.300000       119741         1.43
       0.902     0.400000       159551         1.67
       1.030     0.500000       199288         2.00
       1.091     0.550000       219335         2.22
       1.151     0.600000       239279         2.50
       1.211     0.650000       259105         2.86
       1.274     0.700000       278909         3.33
       1.346     0.750000       298954         4.00
       1.386     0.775000       308915         4.44
       1.427     0.800000       318727         5.00
       1.472     0.825000       328875         5.71
       1.517     0.850000       338651         6.67
       1.562     0.875000       348679         8.00
       1.585     0.887500       353728         8.89
       1.607     0.900000       358670        10.00
       1.630     0.912500       363615        11.43
       1.655     0.925000       368659        13.33
       1.682     0.937500       373583        16.00
       1.697     0.943750       376068        17.78
       1.713     0.950000       378536        20.00
       1.731     0.956250       380966        22.86
       1.752     0.962500       383467        26.67
       1.776     0.968750       385950        32.00
       1.790     0.971875       387211        35.56
       1.805     0.975000       388483        40.00
       1.823     0.978125       389725        45.71
       1.844     0.981250       390970        53.33
       1.867     0.984375       392175        64.00
       1.883     0.985938       392813        71.11
       1.898     0.987500       393412        80.00
       1.918     0.989062       394052        91.43
       1.940     0.990625       394675       106.67
       1.966     0.992188       395272       128.00
       1.983     0.992969       395589       142.22
       2.002     0.993750       395903       160.00
       2.026     0.994531       396220       182.86
       2.059     0.995313       396525       213.33
       2.101     0.996094       396828       256.00
       2.127     0.996484       396987       284.44
       2.157     0.996875       397141       320.00
       2.191     0.997266       397297       365.71
       2.235     0.997656       397455       426.67
       2.283     0.998047       397612       512.00
       2.313     0.998242       397688       568.89
       2.353     0.998437       397763       640.00
       2.405     0.998633       397840       731.43
       2.511     0.998828       397918       853.33
       2.665     0.999023       397995      1024.00
       2.757     0.999121       398035      1137.78
       2.871     0.999219       398073      1280.00
       2.995     0.999316       398112      1462.86
       3.125     0.999414       398151      1706.67
       3.249     0.999512       398190      2048.00
       3.287     0.999561       398209      2275.56
       3.351     0.999609       398229      2560.00
       3.489     0.999658       398248      2925.71
       3.673     0.999707       398268      3413.33
       3.799     0.999756       398287      4096.00
       3.891     0.999780       398297      4551.11
       3.959     0.999805       398307      5120.00
       4.021     0.999829       398316      5851.43
       4.147     0.999854       398326      6826.67
       4.287     0.999878       398336      8192.00
       4.383     0.999890       398341      9102.22
       4.503     0.999902       398346     10240.00
       4.619     0.999915       398350     11702.86
       4.707     0.999927       398355     13653.33
       4.971     0.999939       398360     16384.00
       5.163     0.999945       398363     18204.44
       5.275     0.999951       398365     20480.00
       5.363     0.999957       398367     23405.71
       5.507     0.999963       398370     27306.67
       5.543     0.999969       398372     32768.00
       5.679     0.999973       398374     36408.89
       5.687     0.999976       398375     40960.00
       5.755     0.999979       398376     46811.43
       5.791     0.999982       398377     54613.33
       5.807     0.999985       398378     65536.00
       5.835     0.999986       398379     72817.78
       6.051     0.999988       398380     81920.00
       6.051     0.999989       398380     93622.86
       6.107     0.999991       398381    109226.67
       6.107     0.999992       398381    131072.00
       6.123     0.999993       398382    145635.56
       6.123     0.999994       398382    163840.00
       6.123     0.999995       398382    187245.71
       6.203     0.999995       398383    218453.33
       6.203     0.999996       398383    262144.00
       6.203     0.999997       398383    291271.11
       6.203     0.999997       398383    327680.00
       6.203     0.999997       398383    374491.43
       6.795     0.999998       398384    436906.67
       6.795     1.000000       398384          inf
#[Mean    =        1.032, StdDeviation   =        0.428]
#[Max     =        6.792, Total count    =       398384]
#[Buckets =           27, SubBuckets     =         2048]
----------------------------------------------------------
  594434 requests in 30.00s, 55.56MB read
Requests/sec:  19813.99
Transfer/sec:      1.85MB
