Running 30s test @ http://10.116.0.2:8080/block?ms=100
  4 threads and 4000 connections
  Thread calibration: mean lat.: 103.871ms, rate sampling interval: 219ms
  Thread calibration: mean lat.: 103.781ms, rate sampling interval: 218ms
  Thread calibration: mean lat.: 103.543ms, rate sampling interval: 216ms
  Thread calibration: mean lat.: 103.753ms, rate sampling interval: 220ms
  Thread Stats   Avg      Stdev     Max   +/- Stdev
    Latency   102.21ms    2.38ms 145.92ms   91.61%
    Req/Sec     9.02k   125.76     9.67k    84.25%
  Latency Distribution (HdrHistogram - Recorded Latency)
 50.000%  101.57ms
 75.000%  102.33ms
 90.000%  104.25ms
 99.000%  113.02ms
 99.900%  123.20ms
 99.990%  137.09ms
 99.999%  142.59ms
100.000%  146.05ms

  Detailed Percentile spectrum:
       Value   Percentile   TotalCount 1/(1-Percentile)

     100.223     0.000000            2         1.00
     100.799     0.100000        67575         1.11
     100.991     0.200000       116799         1.25
     101.183     0.300000       170415         1.43
     101.375     0.400000       224312         1.67
     101.567     0.500000       274990         2.00
     101.695     0.550000       305640         2.22
     101.823     0.600000       332811         2.50
     101.951     0.650000       356640         2.86
     102.143     0.700000       385979         3.33
     102.335     0.750000       407886         4.00
     102.463     0.775000       419079         4.44
     102.655     0.800000       432191         5.00
     102.975     0.825000       447835         5.71
     103.295     0.850000       460112         6.67
     103.743     0.875000       474108         8.00
     103.935     0.887500       479264         8.89
     104.255     0.900000       486873        10.00
     104.575     0.912500       493356        11.43
     104.959     0.925000       499858        13.33
     105.471     0.937500       506651        16.00
     105.727     0.943750       509431        17.78
     106.111     0.950000       512874        20.00
     106.623     0.956250       516437        22.86
     107.263     0.962500       519825        26.67
     108.095     0.968750       523033        32.00
     108.607     0.971875       524733        35.56
     109.119     0.975000       526330        40.00
     109.695     0.978125       527968        45.71
     110.335     0.981250       529652        53.33
     111.167     0.984375       531427        64.00
     111.551     0.985938       532168        71.11
     112.063     0.987500       533020        80.00
     112.639     0.989062       533852        91.43
     113.343     0.990625       534745       106.67
     114.047     0.992188       535549       128.00
     114.495     0.992969       535984       142.22
     115.007     0.993750       536392       160.00
     115.519     0.994531       536805       182.86
     116.159     0.995313       537224       213.33
     116.863     0.996094       537659       256.00
     117.247     0.996484       537854       284.44
     117.759     0.996875       538076       320.00
     118.335     0.997266       538300       365.71
     118.911     0.997656       538484       426.67
     119.679     0.998047       538698       512.00
     120.191     0.998242       538803       568.89
     120.831     0.998437       538908       640.00
     121.599     0.998633       539014       731.43
     122.431     0.998828       539113       853.33
     123.455     0.999023       539222      1024.00
     123.967     0.999121       539275      1137.78
     124.799     0.999219       539326      1280.00
     125.823     0.999316       539378      1462.86
     126.911     0.999414       539429      1706.67
     128.319     0.999512       539482      2048.00
     128.959     0.999561       539508      2275.56
     129.535     0.999609       539534      2560.00
     130.175     0.999658       539560      2925.71
     131.199     0.999707       539589      3413.33
     132.223     0.999756       539614      4096.00
     132.735     0.999780       539626      4551.11
     133.375     0.999805       539639      5120.00
     134.271     0.999829       539652      5851.43
     135.039     0.999854       539665      6826.67
     136.191     0.999878       539679      8192.00
     136.575     0.999890       539685      9102.22
     137.215     0.999902       539693     10240.00
     137.471     0.999915       539699     11702.86
     138.111     0.999927       539707     13653.33
     138.623     0.999939       539712     16384.00
     138.879     0.999945       539716     18204.44
     139.007     0.999951       539719     20480.00
     139.135     0.999957       539721     23405.71
     139.647     0.999963       539725     27306.67
     140.031     0.999969       539728     32768.00
     140.159     0.999973       539730     36408.89
     140.543     0.999976       539731     40960.00
     140.799     0.999979       539733     46811.43
     141.567     0.999982       539736     54613.33
     141.567     0.999985       539736     65536.00
     142.079     0.999986       539737     72817.78
     142.335     0.999988       539738     81920.00
     142.591     0.999989       539739     93622.86
     142.847     0.999991       539740    109226.67
     142.847     0.999992       539740    131072.00
     143.103     0.999993       539741    145635.56
     143.103     0.999994       539741    163840.00
     144.383     0.999995       539742    187245.71
     144.383     0.999995       539742    218453.33
     144.383     0.999996       539742    262144.00
     145.919     0.999997       539743    291271.11
     145.919     0.999997       539743    327680.00
     145.919     0.999997       539743    374491.43
     145.919     0.999998       539743    436906.67
     145.919     0.999998       539743    524288.00
     146.047     0.999998       539744    582542.22
     146.047     1.000000       539744          inf
#[Mean    =      102.210, StdDeviation   =        2.377]
#[Max     =      145.920, Total count    =       539744]
#[Buckets =           27, SubBuckets     =         2048]
----------------------------------------------------------
  984449 requests in 30.00s, 79.80MB read
Requests/sec:  32814.08
Transfer/sec:      2.66MB
