Running 30s test @ http://10.116.0.2:8080/json
  4 threads and 256 connections
  Thread calibration: mean lat.: 1.394ms, rate sampling interval: 10ms
  Thread calibration: mean lat.: 1.406ms, rate sampling interval: 10ms
  Thread calibration: mean lat.: 1.446ms, rate sampling interval: 10ms
  Thread calibration: mean lat.: 1.559ms, rate sampling interval: 10ms
  Thread Stats   Avg      Stdev     Max   +/- Stdev
    Latency     1.44ms  673.29us  16.91ms   69.49%
    Req/Sec    15.82k     1.24k   22.33k    73.31%
  Latency Distribution (HdrHistogram - Recorded Latency)
 50.000%    1.34ms
 75.000%    1.84ms
 90.000%    2.33ms
 99.000%    3.35ms
 99.900%    4.80ms
 99.990%    7.92ms
 99.999%   14.56ms
100.000%   16.93ms

  Detailed Percentile spectrum:
       Value   Percentile   TotalCount 1/(1-Percentile)

       0.171     0.000000            1         1.00
       0.670     0.100000       118088         1.11
       0.855     0.200000       236830         1.25
       1.012     0.300000       354490         1.43
       1.169     0.400000       472396         1.67
       1.336     0.500000       590906         2.00
       1.423     0.550000       649926         2.22
       1.514     0.600000       708875         2.50
       1.611     0.650000       767606         2.86
       1.720     0.700000       826524         3.33
       1.844     0.750000       885644         4.00
       1.913     0.775000       915391         4.44
       1.984     0.800000       944685         5.00
       2.059     0.825000       974549         5.71
       2.137     0.850000      1003954         6.67
       2.225     0.875000      1033370         8.00
       2.277     0.887500      1048354         8.89
       2.331     0.900000      1062973        10.00
       2.391     0.912500      1077597        11.43
       2.459     0.925000      1092576        13.33
       2.537     0.937500      1107264        16.00
       2.581     0.943750      1114602        17.78
       2.629     0.950000      1121859        20.00
       2.685     0.956250      1129332        22.86
       2.749     0.962500      1136569        26.67
       2.829     0.968750      1143946        32.00
       2.875     0.971875      1147578        35.56
       2.929     0.975000      1151235        40.00
       2.987     0.978125      1154921        45.71
       3.055     0.981250      1158634        53.33
       3.131     0.984375      1162294        64.00
       3.177     0.985938      1164160        71.11
       3.235     0.987500      1166030        80.00
       3.303     0.989062      1167842        91.43
       3.383     0.990625      1169683       106.67
       3.473     0.992188      1171535       128.00
       3.521     0.992969      1172448       142.22
       3.571     0.993750      1173362       160.00
       3.629     0.994531      1174307       182.86
       3.695     0.995313      1175232       213.33
       3.777     0.996094      1176142       256.00
       3.829     0.996484      1176603       284.44
       3.897     0.996875      1177065       320.00
       3.981     0.997266      1177513       365.71
       4.085     0.997656      1177975       426.67
       4.219     0.998047      1178441       512.00
       4.303     0.998242      1178675       568.89
       4.407     0.998437      1178904       640.00
       4.531     0.998633      1179129       731.43
       4.651     0.998828      1179358       853.33
       4.811     0.999023      1179592      1024.00
       4.927     0.999121      1179707      1137.78
       5.051     0.999219      1179819      1280.00
       5.171     0.999316      1179934      1462.86
       5.327     0.999414      1180050      1706.67
       5.523     0.999512      1180165      2048.00
       5.655     0.999561      1180224      2275.56
       5.767     0.999609      1180280      2560.00
       5.911     0.999658      1180338      2925.71
       6.191     0.999707      1180398      3413.33
       6.447     0.999756      1180453      4096.00
       6.579     0.999780      1180482      4551.11
       6.775     0.999805      1180511      5120.00
       6.999     0.999829      1180541      5851.43
       7.243     0.999854      1180569      6826.67
       7.559     0.999878      1180597      8192.00
       7.775     0.999890      1180613      9102.22
       7.939     0.999902      1180626     10240.00
       8.207     0.999915      1180641     11702.86
       8.583     0.999927      1180655     13653.33
       9.087     0.999939      1180669     16384.00
       9.479     0.999945      1180677     18204.44
      10.247     0.999951      1180685     20480.00
      10.703     0.999957      1180691     23405.71
      11.399     0.999963      1180699     27306.67
      12.167     0.999969      1180705     32768.00
      12.439     0.999973      1180709     36408.89
      12.783     0.999976      1180713     40960.00
      12.999     0.999979      1180716     46811.43
      13.287     0.999982      1180721     54613.33
      13.599     0.999985      1180723     65536.00
      13.719     0.999986      1180725     72817.78
      14.095     0.999988      1180727     81920.00
      14.559     0.999989      1180729     93622.86
      14.807     0.999991      1180731    109226.67
      14.943     0.999992      1180732    131072.00
      15.591     0.999993      1180733    145635.56
      15.767     0.999994      1180734    163840.00
      15.887     0.999995      1180735    187245.71
      15.919     0.999995      1180736    218453.33
      16.079     0.999996      1180737    262144.00
      16.079     0.999997      1180737    291271.11
      16.167     0.999997      1180738    327680.00
      16.167     0.999997      1180738    374491.43
      16.175     0.999998      1180739    436906.67
      16.175     0.999998      1180739    524288.00
      16.175     0.999998      1180739    582542.22
      16.751     0.999998      1180740    655360.00
      16.751     0.999999      1180740    748982.86
      16.751     0.999999      1180740    873813.33
      16.751     0.999999      1180740   1048576.00
      16.751     0.999999      1180740   1165084.44
      16.927     0.999999      1180741   1310720.00
      16.927     1.000000      1180741          inf
#[Mean    =        1.439, StdDeviation   =        0.673]
#[Max     =       16.912, Total count    =      1180741]
#[Buckets =           27, SubBuckets     =         2048]
----------------------------------------------------------
  1777853 requests in 30.00s, 166.16MB read
Requests/sec:  59262.50
Transfer/sec:      5.54MB
