Running 30s test @ http://10.116.0.2:8080/json
  4 threads and 256 connections
  Thread calibration: mean lat.: 293.577ms, rate sampling interval: 1988ms
  Thread calibration: mean lat.: 804.261ms, rate sampling interval: 4497ms
  Thread calibration: mean lat.: 217.748ms, rate sampling interval: 1679ms
  Thread calibration: mean lat.: 265.490ms, rate sampling interval: 1955ms
  Thread Stats   Avg      Stdev     Max   +/- Stdev
    Latency     1.51s     1.78s    9.95s    85.77%
    Req/Sec    27.29k     3.51k   34.84k    67.65%
  Latency Distribution (HdrHistogram - Recorded Latency)
 50.000%  900.61ms
 75.000%    2.38s 
 90.000%    3.85s 
 99.000%    7.60s 
 99.900%    9.03s 
 99.990%    9.90s 
 99.999%    9.95s 
100.000%    9.95s 

  Detailed Percentile spectrum:
       Value   Percentile   TotalCount 1/(1-Percentile)

       0.214     0.000000            1         1.00
       1.199     0.100000       217936         1.11
       2.046     0.200000       435898         1.25
      54.047     0.300000       653710         1.43
     498.687     0.400000       871693         1.67
     900.607     0.500000      1089603         2.00
    1173.503     0.550000      1198508         2.22
    1444.863     0.600000      1307454         2.50
    1717.247     0.650000      1416532         2.86
    2021.375     0.700000      1525421         3.33
    2375.679     0.750000      1634465         4.00
    2566.143     0.775000      1689296         4.44
    2744.319     0.800000      1743579         5.00
    2963.455     0.825000      1797843         5.71
    3207.167     0.850000      1852396         6.67
    3481.599     0.875000      1906765         8.00
    3629.055     0.887500      1934295         8.89
    3846.143     0.900000      1961159        10.00
    4124.671     0.912500      1988478        11.43
    4558.847     0.925000      2015614        13.33
    4960.255     0.937500      2043082        16.00
    5144.575     0.943750      2056610        17.78
    5373.951     0.950000      2070131        20.00
    5599.231     0.956250      2083773        22.86
    5820.415     0.962500      2097373        26.67
    6107.135     0.968750      2110995        32.00
    6266.879     0.971875      2117856        35.56
    6426.623     0.975000      2124574        40.00
    6610.943     0.978125      2131452        45.71
    6795.263     0.981250      2138310        53.33
    6995.967     0.984375      2145055        64.00
    7114.751     0.985938      2148412        71.11
    7307.263     0.987500      2151841        80.00
    7458.815     0.989062      2155261        91.43
    7684.095     0.990625      2158648       106.67
    7979.007     0.992188      2162010       128.00
    8085.503     0.992969      2163748       142.22
    8200.191     0.993750      2165426       160.00
    8318.975     0.994531      2167186       182.86
    8429.567     0.995313      2168908       213.33
    8495.103     0.996094      2170639       256.00
    8536.063     0.996484      2171453       284.44
    8585.215     0.996875      2172265       320.00
    8642.559     0.997266      2173187       365.71
    8691.711     0.997656      2174009       426.67
    8749.055     0.998047      2174860       512.00
    8798.207     0.998242      2175256       568.89
    8839.167     0.998437      2175657       640.00
    8880.127     0.998633      2176062       731.43
    8953.855     0.998828      2176506       853.33
    9035.775     0.999023      2176926      1024.00
    9068.543     0.999121      2177131      1137.78
    9093.119     0.999219      2177375      1280.00
    9134.079     0.999316      2177559      1462.86
    9191.423     0.999414      2177770      1706.67
    9265.151     0.999512      2177991      2048.00
    9297.919     0.999561      2178128      2275.56
    9306.111     0.999609      2178182      2560.00
    9461.759     0.999658      2178294      2925.71
    9576.447     0.999707      2178397      3413.33
    9715.711     0.999756      2178507      4096.00
    9773.055     0.999780      2178562      4551.11
    9814.015     0.999805      2178615      5120.00
    9838.591     0.999829      2178676      5851.43
    9846.783     0.999854      2178722      6826.67
    9863.167     0.999878      2178785      8192.00
    9895.935     0.999890      2178794      9102.22
    9912.319     0.999902      2178842     10240.00
    9920.511     0.999915      2178939     11702.86
    9920.511     0.999927      2178939     13653.33
    9920.511     0.999939      2178939     16384.00
    9920.511     0.999945      2178939     18204.44
    9920.511     0.999951      2178939     20480.00
    9928.703     0.999957      2178954     23405.71
    9928.703     0.999963      2178954     27306.67
    9945.087     0.999969      2178998     32768.00
    9945.087     0.999973      2178998     36408.89
    9945.087     0.999976      2178998     40960.00
    9945.087     0.999979      2178998     46811.43
    9945.087     0.999982      2178998     54613.33
    9953.279     0.999985      2179033     65536.00
    9953.279     1.000000      2179033          inf
#[Mean    =     1508.879, StdDeviation   =     1781.939]
#[Max     =     9945.088, Total count    =      2179033]
#[Buckets =           27, SubBuckets     =         2048]
----------------------------------------------------------
  3251317 requests in 30.00s, 303.87MB read
Requests/sec: 108378.28
Transfer/sec:     10.13MB
