Running 30s test @ http://10.116.0.2:8080/block?ms=100
  4 threads and 1000 connections
  Thread calibration: mean lat.: 106.592ms, rate sampling interval: 212ms
  Thread calibration: mean lat.: 107.073ms, rate sampling interval: 214ms
  Thread calibration: mean lat.: 108.029ms, rate sampling interval: 225ms
  Thread calibration: mean lat.: 111.359ms, rate sampling interval: 275ms
  Thread Stats   Avg      Stdev     Max   +/- Stdev
    Latency   101.74ms    0.97ms 110.34ms   74.92%
    Req/Sec     2.25k   185.74     2.65k    72.39%
  Latency Distribution (HdrHistogram - Recorded Latency)
 50.000%  101.57ms
 75.000%  102.14ms
 90.000%  103.04ms
 99.000%  105.15ms
 99.900%  106.82ms
 99.990%  108.61ms
 99.999%  110.21ms
100.000%  110.40ms

  Detailed Percentile spectrum:
       Value   Percentile   TotalCount 1/(1-Percentile)

     100.223     0.000000            4         1.00
     100.799     0.100000        19293         1.11
     100.991     0.200000        34401         1.25
     101.183     0.300000        51722         1.43
     101.375     0.400000        70099         1.67
     101.567     0.500000        87454         2.00
     101.631     0.550000        92960         2.22
     101.759     0.600000       103020         2.50
     101.887     0.650000       111972         2.86
     102.015     0.700000       119667         3.33
     102.143     0.750000       126350         4.00
     102.271     0.775000       131941         4.44
     102.399     0.800000       136481         5.00
     102.527     0.825000       140508         5.71
     102.655     0.850000       143920         6.67
     102.847     0.875000       148201         8.00
     102.975     0.887500       150663         8.89
     103.039     0.900000       151797        10.00
     103.167     0.912500       153943        11.43
     103.295     0.925000       155930        13.33
     103.487     0.937500       158462        16.00
     103.551     0.943750       159179        17.78
     103.679     0.950000       160483        20.00
     103.807     0.956250       161583        22.86
     103.935     0.962500       162561        26.67
     104.063     0.968750       163345        32.00
     104.127     0.971875       163704        35.56
     104.255     0.975000       164310        40.00
     104.383     0.978125       164870        45.71
     104.511     0.981250       165333        53.33
     104.703     0.984375       165889        64.00
     104.831     0.985938       166170        71.11
     104.959     0.987500       166448        80.00
     105.023     0.989062       166570        91.43
     105.215     0.990625       166929       106.67
     105.343     0.992188       167112       128.00
     105.471     0.992969       167309       142.22
     105.535     0.993750       167380       160.00
     105.663     0.994531       167519       182.86
     105.791     0.995313       167653       213.33
     105.919     0.996094       167772       256.00
     105.983     0.996484       167827       284.44
     106.111     0.996875       167926       320.00
     106.175     0.997266       167970       365.71
     106.303     0.997656       168053       426.67
     106.367     0.998047       168097       512.00
     106.431     0.998242       168132       568.89
     106.495     0.998437       168159       640.00
     106.559     0.998633       168178       731.43
     106.687     0.998828       168214       853.33
     106.815     0.999023       168256      1024.00
     106.879     0.999121       168271      1137.78
     106.943     0.999219       168285      1280.00
     107.007     0.999316       168295      1462.86
     107.199     0.999414       168314      1706.67
     107.327     0.999512       168328      2048.00
     107.391     0.999561       168337      2275.56
     107.519     0.999609       168344      2560.00
     107.647     0.999658       168352      2925.71
     107.711     0.999707       168359      3413.33
     107.839     0.999756       168368      4096.00
     107.967     0.999780       168370      4551.11
     108.223     0.999805       168377      5120.00
     108.287     0.999829       168382      5851.43
     108.351     0.999854       168384      6826.67
     108.543     0.999878       168387      8192.00
     108.607     0.999890       168390      9102.22
     108.671     0.999902       168393     10240.00
     108.671     0.999915       168393     11702.86
     108.927     0.999927       168395     13653.33
     108.991     0.999939       168397     16384.00
     109.119     0.999945       168398     18204.44
     109.311     0.999951       168399     20480.00
     109.375     0.999957       168400     23405.71
     109.439     0.999963       168401     27306.67
     109.503     0.999969       168402     32768.00
     109.695     0.999973       168403     36408.89
     109.695     0.999976       168403     40960.00
     109.823     0.999979       168404     46811.43
     109.823     0.999982       168404     54613.33
     110.207     0.999985       168406     65536.00
     110.207     0.999986       168406     72817.78
     110.207     0.999988       168406     81920.00
     110.207     0.999989       168406     93622.86
     110.207     0.999991       168406    109226.67
     110.207     0.999992       168406    131072.00
     110.207     0.999993       168406    145635.56
     110.207     0.999994       168406    163840.00
     110.399     0.999995       168407    187245.71
     110.399     1.000000       168407          inf
#[Mean    =      101.743, StdDeviation   =        0.965]
#[Max     =      110.336, Total count    =       168407]
#[Buckets =           27, SubBuckets     =         2048]
----------------------------------------------------------
  260164 requests in 30.00s, 21.09MB read
Requests/sec:   8672.08
Transfer/sec:    719.85KB
