Running 30s test @ http://10.116.0.2:8080/block?ms=100
  4 threads and 1000 connections
  Thread calibration: mean lat.: 102.356ms, rate sampling interval: 207ms
  Thread calibration: mean lat.: 102.467ms, rate sampling interval: 208ms
  Thread calibration: mean lat.: 102.697ms, rate sampling interval: 209ms
  Thread calibration: mean lat.: 102.394ms, rate sampling interval: 207ms
  Thread Stats   Avg      Stdev     Max   +/- Stdev
    Latency   102.01ms    1.14ms 108.74ms   70.78%
    Req/Sec     2.25k   216.29     2.40k    81.06%
  Latency Distribution (HdrHistogram - Recorded Latency)
 50.000%  101.76ms
 75.000%  102.59ms
 90.000%  103.68ms
 99.000%  105.73ms
 99.900%  107.33ms
 99.990%  108.42ms
 99.999%  108.67ms
100.000%  108.80ms

  Detailed Percentile spectrum:
       Value   Percentile   TotalCount 1/(1-Percentile)

     100.287     0.000000          108         1.00
     100.863     0.100000        19284         1.11
     101.119     0.200000        36924         1.25
     101.311     0.300000        51911         1.43
     101.567     0.400000        72049         1.67
     101.759     0.500000        85989         2.00
     101.887     0.550000        94255         2.22
     102.015     0.600000       101731         2.50
     102.207     0.650000       111468         2.86
     102.399     0.700000       119612         3.33
     102.591     0.750000       126539         4.00
     102.719     0.775000       130581         4.44
     102.911     0.800000       136042         5.00
     103.039     0.825000       139458         5.71
     103.231     0.850000       143920         6.67
     103.423     0.875000       147991         8.00
     103.551     0.887500       150460         8.89
     103.679     0.900000       152658        10.00
     103.743     0.912500       153688        11.43
     103.935     0.925000       156459        13.33
     104.063     0.937500       158057        16.00
     104.191     0.943750       159483        17.78
     104.255     0.950000       160115        20.00
     104.383     0.956250       161270        22.86
     104.511     0.962500       162307        26.67
     104.639     0.968750       163164        32.00
     104.767     0.971875       163918        35.56
     104.831     0.975000       164218        40.00
     104.959     0.978125       164798        45.71
     105.087     0.981250       165258        53.33
     105.279     0.984375       165863        64.00
     105.407     0.985938       166169        71.11
     105.535     0.987500       166454        80.00
     105.599     0.989062       166581        91.43
     105.791     0.990625       166915       106.67
     105.919     0.992188       167120       128.00
     106.047     0.992969       167267       142.22
     106.175     0.993750       167414       160.00
     106.303     0.994531       167558       182.86
     106.431     0.995313       167678       213.33
     106.559     0.996094       167816       256.00
     106.623     0.996484       167872       284.44
     106.687     0.996875       167927       320.00
     106.751     0.997266       167971       365.71
     106.879     0.997656       168054       426.67
     106.943     0.998047       168093       512.00
     107.007     0.998242       168121       568.89
     107.071     0.998437       168154       640.00
     107.135     0.998633       168181       731.43
     107.263     0.998828       168229       853.33
     107.327     0.999023       168251      1024.00
     107.391     0.999121       168266      1137.78
     107.455     0.999219       168284      1280.00
     107.519     0.999316       168297      1462.86
     107.583     0.999414       168314      1706.67
     107.711     0.999512       168332      2048.00
     107.775     0.999561       168347      2275.56
     107.775     0.999609       168347      2560.00
     107.903     0.999658       168355      2925.71
     107.967     0.999707       168362      3413.33
     108.095     0.999756       168370      4096.00
     108.159     0.999780       168375      4551.11
     108.223     0.999805       168382      5120.00
     108.223     0.999829       168382      5851.43
     108.287     0.999854       168387      6826.67
     108.351     0.999878       168391      8192.00
     108.415     0.999890       168397      9102.22
     108.415     0.999902       168397     10240.00
     108.415     0.999915       168397     11702.86
     108.479     0.999927       168401     13653.33
     108.479     0.999939       168401     16384.00
     108.479     0.999945       168401     18204.44
     108.543     0.999951       168405     20480.00
     108.543     0.999957       168405     23405.71
     108.543     0.999963       168405     27306.67
     108.543     0.999969       168405     32768.00
     108.607     0.999973       168406     36408.89
     108.607     0.999976       168406     40960.00
     108.671     0.999979       168408     46811.43
     108.671     0.999982       168408     54613.33
     108.671     0.999985       168408     65536.00
     108.671     0.999986       168408     72817.78
     108.671     0.999988       168408     81920.00
     108.735     0.999989       168409     93622.86
     108.735     0.999991       168409    109226.67
     108.735     0.999992       168409    131072.00
     108.735     0.999993       168409    145635.56
     108.735     0.999994       168409    163840.00
     108.799     0.999995       168410    187245.71
     108.799     1.000000       168410          inf
#[Mean    =      102.013, StdDeviation   =        1.142]
#[Max     =      108.736, Total count    =       168410]
#[Buckets =           27, SubBuckets     =         2048]
----------------------------------------------------------
  260169 requests in 30.00s, 21.09MB read
Requests/sec:   8672.22
Transfer/sec:    719.86KB
