Running 30s test @ http://10.116.0.2:8080/block?ms=100
  4 threads and 8000 connections
  Thread calibration: mean lat.: 1076.308ms, rate sampling interval: 4759ms
  Thread calibration: mean lat.: 384.184ms, rate sampling interval: 3405ms
  Thread calibration: mean lat.: 171.280ms, rate sampling interval: 422ms
  Thread calibration: mean lat.: 456.430ms, rate sampling interval: 3385ms
  Thread Stats   Avg      Stdev     Max   +/- Stdev
    Latency     1.33s     1.49s    7.27s    86.13%
    Req/Sec    17.71k     1.55k   19.53k    89.66%
  Latency Distribution (HdrHistogram - Recorded Latency)
 50.000%  151.17ms
 75.000%    2.36s 
 90.000%    3.37s 
 99.000%    5.33s 
 99.900%    5.96s 
 99.990%    6.61s 
 99.999%    7.05s 
100.000%    7.27s 

  Detailed Percentile spectrum:
       Value   Percentile   TotalCount 1/(1-Percentile)

     100.223     0.000000            1         1.00
     101.183     0.100000        72504         1.11
     101.695     0.200000       135824         1.25
     103.807     0.300000       199949         1.43
     113.087     0.400000       266233         1.67
     151.167     0.500000       332761         2.00
    1460.223     0.550000       366037         2.22
    1922.047     0.600000       399333         2.50
    2097.151     0.650000       432753         2.86
    2236.415     0.700000       465974         3.33
    2363.391     0.750000       499262         4.00
    2435.071     0.775000       515823         4.44
    2508.799     0.800000       532738         5.00
    2600.959     0.825000       549053         5.71
    2725.887     0.850000       565729         6.67
    2969.599     0.875000       582306         8.00
    3153.919     0.887500       590711         8.89
    3371.007     0.900000       598978        10.00
    3620.863     0.912500       607284        11.43
    3883.007     0.925000       615619        13.33
    4145.151     0.937500       623953        16.00
    4268.031     0.943750       628183        17.78
    4390.911     0.950000       632248        20.00
    4521.983     0.956250       636426        22.86
    4657.151     0.962500       640634        26.67
    4792.319     0.968750       644720        32.00
    4857.855     0.971875       646789        35.56
    4927.487     0.975000       648876        40.00
    4997.119     0.978125       650956        45.71
    5070.847     0.981250       653041        53.33
    5156.863     0.984375       655149        64.00
    5201.919     0.985938       656188        71.11
    5246.975     0.987500       657232        80.00
    5296.127     0.989062       658270        91.43
    5349.375     0.990625       659263       106.67
    5414.911     0.992188       660351       128.00
    5443.583     0.992969       660818       142.22
    5480.447     0.993750       661333       160.00
    5521.407     0.994531       661897       182.86
    5558.271     0.995313       662392       213.33
    5603.327     0.996094       662896       256.00
    5627.903     0.996484       663161       284.44
    5660.671     0.996875       663441       320.00
    5689.343     0.997266       663669       365.71
    5730.303     0.997656       663928       426.67
    5791.743     0.998047       664196       512.00
    5820.415     0.998242       664321       568.89
    5857.279     0.998437       664451       640.00
    5894.143     0.998633       664588       731.43
    5922.815     0.998828       664711       853.33
    5971.967     0.999023       664849      1024.00
    5992.447     0.999121       664913      1137.78
    6021.119     0.999219       664967      1280.00
    6057.983     0.999316       665041      1462.86
    6090.751     0.999414       665099      1706.67
    6139.903     0.999512       665167      2048.00
    6160.383     0.999561       665199      2275.56
    6193.151     0.999609       665230      2560.00
    6230.015     0.999658       665261      2925.71
    6291.455     0.999707       665294      3413.33
    6348.799     0.999756       665324      4096.00
    6389.759     0.999780       665342      4551.11
    6418.431     0.999805       665358      5120.00
    6467.583     0.999829       665375      5851.43
    6504.447     0.999854       665390      6826.67
    6561.791     0.999878       665406      8192.00
    6586.367     0.999890       665414      9102.22
    6619.135     0.999902       665422     10240.00
    6660.095     0.999915       665432     11702.86
    6684.671     0.999927       665438     13653.33
    6725.631     0.999939       665448     16384.00
    6754.303     0.999945       665450     18204.44
    6774.783     0.999951       665454     20480.00
    6799.359     0.999957       665458     23405.71
    6828.031     0.999963       665462     27306.67
    6889.471     0.999969       665467     32768.00
    6901.759     0.999973       665468     36408.89
    6918.143     0.999976       665470     40960.00
    6950.911     0.999979       665473     46811.43
    6979.583     0.999982       665474     54613.33
    6995.967     0.999985       665476     65536.00
    7004.159     0.999986       665477     72817.78
    7036.927     0.999988       665478     81920.00
    7053.311     0.999989       665480     93622.86
    7053.311     0.999991       665480    109226.67
    7081.983     0.999992       665481    131072.00
    7098.367     0.999993       665482    145635.56
    7098.367     0.999994       665482    163840.00
    7110.655     0.999995       665483    187245.71
    7110.655     0.999995       665483    218453.33
    7163.903     0.999996       665484    262144.00
    7163.903     0.999997       665484    291271.11
    7163.903     0.999997       665484    327680.00
    7217.151     0.999997       665485    374491.43
    7217.151     0.999998       665485    436906.67
    7217.151     0.999998       665485    524288.00
    7217.151     0.999998       665485    582542.22
    7217.151     0.999998       665485    655360.00
    7274.495     0.999999       665486    748982.86
    7274.495     1.000000       665486          inf
#[Mean    =     1329.203, StdDeviation   =     1485.355]
#[Max     =     7270.400, Total count    =       665486]
#[Buckets =           27, SubBuckets     =         2048]
----------------------------------------------------------
  1661176 requests in 30.00s, 134.66MB read
Requests/sec:  55365.43
Transfer/sec:      4.49MB
