1790889843 107124
1790889844 134656
1790889845 191416
1790889846 203036
1790889847 203764
1790889848 210244
1790889849 211276
1790889850 211348
1790889851 211460
1790889852 211612
1790889853 211616
1790889855 211652
1790889856 211676
1790889857 211748
1790889858 211780
1790889859 211788
1790889860 211792
1790889861 211800
1790889862 211856
1790889863 211940
1790889864 211984
1790889865 211984
1790889866 211984
1790889867 211984
1790889868 211988
1790889869 213368
1790889870 213504
1790889871 213524
1790889872 213564
1790889873 213584
1790889874 213880
1790889875 215528
1790889876 224512
1790889877 224788
1790889878 233292
1790889879 233280
1790889880 233280
1790889881 233308
1790889882 233324
1790889884 233328
1790889885 233328
1790889886 233328
1790889887 233332
1790889888 233332
1790889889 233344
1790889890 233344
1790889891 233344
1790889892 233344
1790889893 233344
1790889894 233348
1790889895 233348
1790889896 233352
1790889897 233356
1790889898 233356
1790889899 233356
1790889900 233356
1790889901 233356
1790889902 233388
1790889903 233388
1790889904 234076
1790889905 234152
1790889906 234228
1790889907 234228
1790889908 234228
1790889909 234228
1790889910 234228
1790889911 234232
1790889912 234264
1790889913 234264
1790889915 234264
1790889916 234264
1790889917 234264
1790889918 234264
1790889919 234264
1790889920 234264
1790889921 234264
1790889922 234264
1790889923 234264
1790889924 234264
1790889925 234264
1790889926 234264
1790889927 234264
1790889928 236320
1790889929 236320
1790889930 236864
1790889931 236864
1790889932 236864
1790889933 236864
1790889934 237028
1790889935 237068
1790889936 237068
1790889937 237076
1790889938 237076
1790889939 237076
1790889940 237084
1790889941 237100
1790889943 237100
1790889944 237104
1790889945 237104
1790889946 237104
1790889947 239228
1790889948 239228
1790889949 239244
1790889950 239244
1790889951 239244
1790889952 239248
1790889953 239248
1790889954 239248
1790889955 239248
1790889956 239248
1790889957 239248
1790889958 239248
1790889959 239248
1790889960 239248
1790889961 239248
1790889962 239248
1790889963 239248
1790889964 239352
1790889965 239360
1790889966 239360
1790889968 239360
1790889969 239368
1790889970 239368
1790889971 239376
1790889972 239376
1790889973 241508
1790889974 241508
1790889975 241524
1790889976 241524
1790889977 241524
1790889978 241524
1790889979 241524
1790889980 241524
1790889981 241524
1790889982 241524
1790889983 241524
1790889984 241524
1790889985 241524
1790889986 241524
1790889987 241524
1790889988 241524
1790889990 241524
1790889991 241524
1790889992 241528
1790889993 241528
1790889994 241556
1790889995 241592
1790889996 241596
1790889997 241604
1790889998 241608
1790889999 241616
1790890000 241620
1790890001 243740
1790890002 243744
1790890003 243748
1790890004 243748
1790890005 243756
1790890006 243756
1790890007 243756
1790890008 243756
1790890010 243788
1790890011 243788
1790890012 243788
1790890013 243792
1790890014 243792
1790890015 243792
1790890016 243792
1790890017 243796
1790890018 243796
1790890019 243796
1790890020 243800
1790890021 243800
1790890022 243800
1790890023 243800
1790890024 243848
1790890025 243848
1790890026 243852
1790890027 243852
1790890029 243856
1790890030 244916
1790890031 245996
1790890032 245996
1790890033 246004
1790890034 246008
1790890035 246008
1790890036 246016
1790890037 246016
1790890038 246016
1790890039 246020
1790890040 246024
1790890041 246024
1790890042 246024
1790890043 246036
1790890045 246036
1790890046 246036
1790890047 246044
1790890048 246048
1790890049 246048
1790890050 246048
1790890051 246048
1790890052 246048
1790890053 246048
1790890054 246060
1790890055 246072
1790890056 246076
1790890057 246080
1790890058 246088
1790890059 248268
1790890061 248268
1790890062 248268
1790890063 248268
1790890064 248268
1790890065 248268
1790890066 248268
1790890067 248268
1790890068 248272
1790890069 248272
1790890070 248284
1790890071 248284
1790890072 248284
1790890073 248284
1790890074 248284
1790890076 248284
1790890077 248296
1790890078 248296
1790890079 248324
1790890080 248328
1790890081 248328
1790890082 248328
1790890083 248332
1790890084 248424
1790890085 248824
1790890086 248872
1790890087 248872
1790890088 257040
1790890089 257040
1790890090 257048
1790890091 257048
1790890092 257048
1790890093 257048
1790890094 257048
1790890095 257048
1790890097 257048
1790890098 257052
1790890099 257052
1790890100 257052
1790890101 257052
1790890102 257052
1790890103 257052
1790890104 257056
1790890105 257056
1790890106 257056
1790890107 257056
1790890108 257056
1790890109 257056
1790890110 257056
1790890111 257056
1790890112 257056
1790890113 257056
1790890114 257104
1790890115 257212
1790890116 264488
1790890117 286436
1790890118 290288
1790890119 290300
1790890120 290300
1790890121 290308
1790890122 290304
1790890123 290328
1790890124 290336
1790890126 290428
1790890127 290428
1790890128 290428
1790890129 290432
1790890130 290432
1790890131 290432
1790890132 290432
1790890133 290452
1790890134 290452
1790890135 290452
1790890136 290456
1790890137 290456
1790890138 290460
1790890139 290468
1790890140 290472
1790890141 290492
1790890142 290492
1790890143 290492
1790890144 290520
1790890145 290536
1790890146 291088
1790890147 291712
1790890148 292280
1790890150 292376
1790890151 293464
1790890152 293528
1790890153 293552
1790890154 293576
1790890155 293584
1790890156 293584
1790890157 293600
1790890158 293600
1790890159 293604
1790890160 293608
1790890161 293608
1790890162 293608
1790890163 293612
1790890164 293612
1790890165 293616
1790890166 293620
1790890167 293648
1790890168 293656
1790890170 293668
1790890171 293672
1790890172 293672
1790890173 293672
1790890174 293672
1790890175 293716
1790890176 293708
1790890177 297296
1790890178 298572
1790890179 298576
1790890180 298944
1790890181 316044
1790890182 381268
1790890183 436852
1790890184 446104
1790890185 484684
1790890186 484700
1790890187 484704
1790890189 485208
1790890190 485208
1790890191 485732
1790890192 485764
1790890193 485772
1790890194 485776
1790890195 485776
1790890196 477444
1790890197 477444
1790890198 477724
1790890199 470432
1790890200 470664
1790890201 464412
1790890202 464440
1790890203 464444
1790890205 460292
