1790890940 106500
1790890941 130040
1790890942 177860
1790890943 207964
1790890944 212840
1790890945 212864
1790890947 213464
1790890948 213572
1790890949 213728
1790890950 213736
1790890951 213796
1790890952 213912
1790890953 213920
1790890954 214032
1790890955 214076
1790890956 214088
1790890957 214116
1790890958 214116
1790890959 214124
1790890960 214124
1790890961 214140
1790890962 214140
1790890963 214140
1790890964 214160
1790890965 214160
1790890966 214160
1790890967 214180
1790890968 215748
1790890969 215888
1790890970 215952
1790890971 216196
1790890972 232332
1790890973 232812
1790890974 241096
1790890975 241096
1790890977 241104
1790890978 241116
1790890979 241136
1790890980 241160
1790890981 241168
1790890982 241168
1790890983 241172
1790890984 241188
1790890985 241188
1790890986 241188
1790890987 241188
1790890988 241196
1790890989 241200
1790890990 241200
1790890991 241200
1790890992 241200
1790890993 241200
1790890994 241272
1790890995 241272
1790890996 241272
1790890997 241272
1790890998 241272
1790890999 241280
1790891000 241308
1790891001 241920
1790891002 242056
1790891003 242060
1790891004 242088
1790891005 242092
1790891006 242092
1790891007 242092
1790891009 242092
1790891010 242108
1790891011 242108
1790891012 242116
1790891013 242116
1790891014 242116
1790891015 242116
1790891016 242120
1790891017 242120
1790891018 242120
1790891019 242120
1790891020 242120
1790891021 242128
1790891022 242128
1790891023 242128
1790891024 242136
1790891025 242136
1790891026 242140
1790891027 242140
1790891028 242140
1790891029 244644
1790891030 244644
1790891031 244772
1790891032 244772
1790891033 244776
1790891034 244784
1790891035 244784
1790891036 244784
1790891037 244784
1790891039 244788
1790891040 244796
1790891041 244800
1790891042 244804
1790891043 244808
1790891044 244808
1790891045 245408
1790891046 246936
1790891047 246948
1790891048 246952
1790891049 246956
1790891050 246960
1790891051 246960
1790891052 246960
1790891053 246960
1790891054 246960
1790891055 246964
1790891056 246964
1790891057 246964
1790891058 246964
1790891059 246972
1790891060 246972
1790891061 246984
1790891062 247000
1790891063 247004
1790891065 247012
1790891066 247016
1790891067 247020
1790891068 247024
1790891069 247024
1790891070 247024
1790891071 248600
1790891072 249128
1790891073 249128
1790891074 249128
1790891075 249140
1790891076 249140
1790891077 249140
1790891078 249144
1790891079 249144
1790891080 249144
1790891081 249152
1790891082 249152
1790891083 249152
1790891084 249152
1790891085 249152
1790891086 249152
1790891088 249152
1790891089 249152
1790891090 249152
1790891091 249152
1790891092 249204
1790891093 249208
1790891094 249208
1790891095 249216
1790891096 249216
1790891097 249220
1790891098 250800
1790891099 251352
1790891100 251352
1790891101 251356
1790891102 251364
1790891103 251368
1790891104 251368
1790891105 251368
1790891107 251368
1790891108 251368
1790891109 251368
1790891110 251400
1790891111 251400
1790891112 251400
1790891113 251400
1790891114 251400
1790891115 251400
1790891116 251400
1790891117 251472
1790891118 251472
1790891119 251472
1790891120 251480
1790891121 251568
1790891122 251580
1790891123 251584
1790891124 251584
1790891126 251592
1790891127 251600
1790891128 253708
1790891129 253744
1790891130 253756
1790891131 253756
1790891132 253756
1790891133 253756
1790891134 253780
1790891135 253780
1790891136 253796
1790891137 253796
1790891138 253796
1790891139 253796
1790891140 253796
1790891142 253796
1790891143 253796
1790891144 253800
1790891145 253800
1790891146 253800
1790891147 253800
1790891148 253800
1790891149 253800
1790891150 253800
1790891151 253888
1790891152 254036
1790891153 254044
1790891154 254056
1790891155 254060
1790891157 254064
1790891158 256212
1790891159 256216
1790891160 256216
1790891161 256228
1790891162 256228
1790891163 256244
1790891164 256244
1790891165 256248
1790891166 256248
1790891167 256248
1790891169 256248
1790891170 256248
1790891171 256248
1790891172 256248
1790891173 256248
1790891174 256248
1790891175 256248
1790891176 256248
1790891177 256248
1790891178 256248
1790891179 256248
1790891180 256248
1790891181 256352
1790891182 256476
1790891183 256564
1790891184 256564
1790891185 264732
1790891186 264732
1790891188 264732
1790891189 264732
1790891190 264732
1790891191 264732
1790891192 264732
1790891193 264736
1790891194 264736
1790891195 264752
1790891196 264752
1790891197 264756
1790891198 264756
1790891199 264756
1790891200 264756
1790891201 264756
1790891202 264756
1790891203 264756
1790891204 264756
1790891205 264756
1790891206 264756
1790891207 264756
1790891208 264756
1790891209 264760
1790891210 264760
1790891211 264828
1790891212 264880
1790891213 273340
1790891214 273940
1790891215 275064
1790891216 277256
1790891217 277260
1790891219 277260
1790891220 277784
1790891221 277836
1790891222 277844
1790891223 277876
1790891224 277876
1790891225 277884
1790891226 277892
1790891227 277892
1790891228 277892
1790891229 277892
1790891230 277892
1790891231 277892
1790891232 277892
1790891233 277892
1790891234 277896
1790891235 277896
1790891236 277896
1790891237 277896
1790891238 277900
1790891239 277908
1790891240 277908
1790891241 277940
1790891242 278324
1790891244 278392
1790891245 279316
1790891246 291432
1790891247 313860
1790891248 332796
1790891249 332840
1790891250 332896
1790891251 332932
1790891252 332956
1790891253 330880
1790891254 330904
1790891255 330932
1790891256 324680
1790891257 324700
1790891258 320524
1790891259 320576
1790891260 320576
1790891261 317448
1790891262 317564
1790891264 317568
1790891265 317572
1790891266 317572
1790891267 317572
1790891268 317572
1790891269 317584
1790891270 317584
1790891271 317588
1790891272 317592
1790891273 317592
1790891274 317592
1790891275 317812
1790891276 318636
1790891277 318816
1790891278 318884
1790891279 319492
1790891280 380296
1790891281 411668
1790891282 411776
1790891284 411844
1790891285 411896
1790891286 411936
1790891287 411968
1790891288 411980
1790891289 411996
1790891290 412012
1790891291 412024
1790891292 412032
1790891293 412064
1790891294 412112
1790891295 412116
1790891296 412140
1790891297 412144
1790891298 412176
1790891299 412184
1790891300 412196
1790891302 412220
