Running 30s test @ http://10.116.0.2:8080/json
  4 threads and 256 connections
  Thread calibration: mean lat.: 1.362ms, rate sampling interval: 10ms
  Thread calibration: mean lat.: 1.373ms, rate sampling interval: 10ms
  Thread calibration: mean lat.: 1.486ms, rate sampling interval: 10ms
  Thread calibration: mean lat.: 1.385ms, rate sampling interval: 10ms
  Thread Stats   Avg      Stdev     Max   +/- Stdev
    Latency     1.41ms  637.39us   9.55ms   67.11%
    Req/Sec    15.83k     1.41k   21.00k    74.17%
  Latency Distribution (HdrHistogram - Recorded Latency)
 50.000%    1.31ms
 75.000%    1.82ms
 90.000%    2.28ms
 99.000%    3.11ms
 99.900%    4.14ms
 99.990%    6.26ms
 99.999%    7.92ms
100.000%    9.56ms

  Detailed Percentile spectrum:
       Value   Percentile   TotalCount 1/(1-Percentile)

       0.205     0.000000            1         1.00
       0.657     0.100000       118621         1.11
       0.837     0.200000       236335         1.25
       0.995     0.300000       354795         1.43
       1.150     0.400000       472453         1.67
       1.314     0.500000       590977         2.00
       1.401     0.550000       649780         2.22
       1.493     0.600000       708735         2.50
       1.592     0.650000       767999         2.86
       1.700     0.700000       826658         3.33
       1.822     0.750000       885858         4.00
       1.889     0.775000       915378         4.44
       1.958     0.800000       944718         5.00
       2.030     0.825000       974457         5.71
       2.103     0.850000      1003905         6.67
       2.183     0.875000      1033417         8.00
       2.229     0.887500      1048512         8.89
       2.277     0.900000      1062984        10.00
       2.331     0.912500      1077518        11.43
       2.393     0.925000      1092479        13.33
       2.461     0.937500      1107127        16.00
       2.499     0.943750      1114376        17.78
       2.541     0.950000      1121973        20.00
       2.587     0.956250      1129303        22.86
       2.641     0.962500      1136582        26.67
       2.703     0.968750      1143948        32.00
       2.739     0.971875      1147562        35.56
       2.783     0.975000      1151327        40.00
       2.831     0.978125      1155000        45.71
       2.887     0.981250      1158656        53.33
       2.955     0.984375      1162350        64.00
       2.995     0.985938      1164239        71.11
       3.037     0.987500      1166058        80.00
       3.083     0.989062      1167885        91.43
       3.139     0.990625      1169721       106.67
       3.207     0.992188      1171537       128.00
       3.253     0.992969      1172460       142.22
       3.311     0.993750      1173410       160.00
       3.371     0.994531      1174319       182.86
       3.439     0.995313      1175220       213.33
       3.515     0.996094      1176140       256.00
       3.559     0.996484      1176604       284.44
       3.601     0.996875      1177077       320.00
       3.647     0.997266      1177529       365.71
       3.709     0.997656      1177997       426.67
       3.777     0.998047      1178454       512.00
       3.821     0.998242      1178686       568.89
       3.875     0.998437      1178910       640.00
       3.949     0.998633      1179145       731.43
       4.037     0.998828      1179368       853.33
       4.155     0.999023      1179604      1024.00
       4.231     0.999121      1179726      1137.78
       4.323     0.999219      1179833      1280.00
       4.407     0.999316      1179946      1462.86
       4.531     0.999414      1180061      1706.67
       4.655     0.999512      1180175      2048.00
       4.731     0.999561      1180235      2275.56
       4.839     0.999609      1180291      2560.00
       4.951     0.999658      1180350      2925.71
       5.099     0.999707      1180407      3413.33
       5.327     0.999756      1180463      4096.00
       5.475     0.999780      1180494      4551.11
       5.619     0.999805      1180521      5120.00
       5.779     0.999829      1180551      5851.43
       5.923     0.999854      1180579      6826.67
       6.103     0.999878      1180607      8192.00
       6.187     0.999890      1180622      9102.22
       6.271     0.999902      1180636     10240.00
       6.411     0.999915      1180651     11702.86
       6.527     0.999927      1180665     13653.33
       6.683     0.999939      1180679     16384.00
       6.787     0.999945      1180687     18204.44
       6.875     0.999951      1180694     20480.00
       6.963     0.999957      1180701     23405.71
       7.111     0.999963      1180708     27306.67
       7.251     0.999969      1180715     32768.00
       7.319     0.999973      1180719     36408.89
       7.471     0.999976      1180723     40960.00
       7.507     0.999979      1180726     46811.43
       7.623     0.999982      1180730     54613.33
       7.723     0.999985      1180733     65536.00
       7.811     0.999986      1180735     72817.78
       7.879     0.999988      1180737     81920.00
       7.923     0.999989      1180739     93622.86
       8.039     0.999991      1180741    109226.67
       8.083     0.999992      1180742    131072.00
       8.175     0.999993      1180743    145635.56
       8.207     0.999994      1180744    163840.00
       8.391     0.999995      1180745    187245.71
       8.431     0.999995      1180746    218453.33
       8.527     0.999996      1180747    262144.00
       8.527     0.999997      1180747    291271.11
       8.551     0.999997      1180748    327680.00
       8.551     0.999997      1180748    374491.43
       9.167     0.999998      1180749    436906.67
       9.167     0.999998      1180749    524288.00
       9.167     0.999998      1180749    582542.22
       9.335     0.999998      1180750    655360.00
       9.335     0.999999      1180750    748982.86
       9.335     0.999999      1180750    873813.33
       9.335     0.999999      1180750   1048576.00
       9.335     0.999999      1180750   1165084.44
       9.559     0.999999      1180751   1310720.00
       9.559     1.000000      1180751          inf
#[Mean    =        1.408, StdDeviation   =        0.637]
#[Max     =        9.552, Total count    =      1180751]
#[Buckets =           27, SubBuckets     =         2048]
----------------------------------------------------------
  1777873 requests in 30.00s, 166.16MB read
Requests/sec:  59261.82
Transfer/sec:      5.54MB
