Running 30s test @ http://10.116.0.2:8080/json
  4 threads and 64 connections
  Thread calibration: mean lat.: 44.040ms, rate sampling interval: 409ms
  Thread calibration: mean lat.: 49.867ms, rate sampling interval: 516ms
  Thread calibration: mean lat.: 48.280ms, rate sampling interval: 388ms
  Thread calibration: mean lat.: 48.287ms, rate sampling interval: 498ms
  Thread Stats   Avg      Stdev     Max   +/- Stdev
    Latency     1.02ms  453.47us  13.14ms   64.33%
    Req/Sec     5.01k     6.26     5.03k    81.82%
  Latency Distribution (HdrHistogram - Recorded Latency)
 50.000%    1.01ms
 75.000%    1.35ms
 90.000%    1.59ms
 99.000%    1.88ms
 99.900%    3.12ms
 99.990%    9.32ms
 99.999%   12.45ms
100.000%   13.15ms

  Detailed Percentile spectrum:
       Value   Percentile   TotalCount 1/(1-Percentile)

       0.181     0.000000            1         1.00
       0.438     0.100000        39857         1.11
       0.584     0.200000        79902         1.25
       0.732     0.300000       119767         1.43
       0.876     0.400000       159595         1.67
       1.014     0.500000       199466         2.00
       1.080     0.550000       219367         2.22
       1.144     0.600000       239138         2.50
       1.210     0.650000       259155         2.86
       1.277     0.700000       279068         3.33
       1.348     0.750000       298925         4.00
       1.386     0.775000       308766         4.44
       1.425     0.800000       318713         5.00
       1.465     0.825000       328768         5.71
       1.505     0.850000       338832         6.67
       1.546     0.875000       348673         8.00
       1.567     0.887500       353755         8.89
       1.587     0.900000       358698        10.00
       1.608     0.912500       363750        11.43
       1.629     0.925000       368586        13.33
       1.653     0.937500       373605        16.00
       1.666     0.943750       376141        17.78
       1.679     0.950000       378502        20.00
       1.695     0.956250       381054        22.86
       1.712     0.962500       383461        26.67
       1.733     0.968750       386049        32.00
       1.744     0.971875       387193        35.56
       1.758     0.975000       388433        40.00
       1.774     0.978125       389687        45.71
       1.792     0.981250       390934        53.33
       1.816     0.984375       392208        64.00
       1.830     0.985938       392824        71.11
       1.846     0.987500       393431        80.00
       1.866     0.989062       394049        91.43
       1.890     0.990625       394660       106.67
       1.921     0.992188       395280       128.00
       1.942     0.992969       395595       142.22
       1.966     0.993750       395906       160.00
       1.997     0.994531       396217       182.86
       2.049     0.995313       396533       213.33
       2.113     0.996094       396843       256.00
       2.145     0.996484       397002       284.44
       2.183     0.996875       397149       320.00
       2.237     0.997266       397302       365.71
       2.303     0.997656       397460       426.67
       2.399     0.998047       397614       512.00
       2.485     0.998242       397691       568.89
       2.609     0.998437       397770       640.00
       2.753     0.998633       397848       731.43
       2.917     0.998828       397926       853.33
       3.143     0.999023       398003      1024.00
       3.267     0.999121       398041      1137.78
       3.409     0.999219       398080      1280.00
       3.607     0.999316       398119      1462.86
       3.897     0.999414       398158      1706.67
       4.347     0.999512       398197      2048.00
       4.739     0.999561       398216      2275.56
       5.371     0.999609       398236      2560.00
       6.003     0.999658       398255      2925.71
       6.675     0.999707       398276      3413.33
       7.219     0.999756       398295      4096.00
       7.679     0.999780       398305      4551.11
       7.899     0.999805       398314      5120.00
       8.255     0.999829       398323      5851.43
       8.663     0.999854       398333      6826.67
       9.031     0.999878       398344      8192.00
       9.207     0.999890       398348      9102.22
       9.479     0.999902       398353     10240.00
       9.727     0.999915       398357     11702.86
       9.911     0.999927       398362     13653.33
      10.103     0.999939       398367     16384.00
      10.399     0.999945       398370     18204.44
      10.495     0.999951       398372     20480.00
      10.527     0.999957       398374     23405.71
      10.839     0.999963       398377     27306.67
      10.975     0.999969       398379     32768.00
      11.343     0.999973       398381     36408.89
      11.375     0.999976       398382     40960.00
      11.407     0.999979       398383     46811.43
      11.567     0.999982       398384     54613.33
      11.855     0.999985       398385     65536.00
      12.023     0.999986       398386     72817.78
      12.455     0.999988       398387     81920.00
      12.455     0.999989       398387     93622.86
      12.679     0.999991       398388    109226.67
      12.679     0.999992       398388    131072.00
      12.743     0.999993       398389    145635.56
      12.743     0.999994       398389    163840.00
      12.743     0.999995       398389    187245.71
      12.911     0.999995       398390    218453.33
      12.911     0.999996       398390    262144.00
      12.911     0.999997       398390    291271.11
      12.911     0.999997       398390    327680.00
      12.911     0.999997       398390    374491.43
      13.151     0.999998       398391    436906.67
      13.151     1.000000       398391          inf
#[Mean    =        1.017, StdDeviation   =        0.453]
#[Max     =       13.144, Total count    =       398391]
#[Buckets =           27, SubBuckets     =         2048]
----------------------------------------------------------
  599249 requests in 30.00s, 56.01MB read
Requests/sec:  19974.85
Transfer/sec:      1.87MB
