Running 30s test @ http://10.116.0.2:8080/json
  4 threads and 256 connections
  Thread calibration: mean lat.: 176.646ms, rate sampling interval: 1413ms
  Thread calibration: mean lat.: 229.551ms, rate sampling interval: 1622ms
  Thread calibration: mean lat.: 198.056ms, rate sampling interval: 1653ms
  Thread calibration: mean lat.: 562.201ms, rate sampling interval: 4415ms
  Thread Stats   Avg      Stdev     Max   +/- Stdev
    Latency   933.11ms    1.69s   13.94s    88.71%
    Req/Sec    28.16k     3.75k   34.60k    67.50%
  Latency Distribution (HdrHistogram - Recorded Latency)
 50.000%   33.28ms
 75.000%    1.17s 
 90.000%    2.83s 
 99.000%    8.25s 
 99.900%   12.97s 
 99.990%   13.72s 
 99.999%   13.93s 
100.000%   13.95s 

  Detailed Percentile spectrum:
       Value   Percentile   TotalCount 1/(1-Percentile)

       0.213     0.000000            1         1.00
       0.796     0.100000       224455         1.11
       1.035     0.200000       447717         1.25
       1.261     0.300000       671931         1.43
       1.618     0.400000       895629         1.67
      33.279     0.500000      1119044         2.00
     241.279     0.550000      1230962         2.22
     455.935     0.600000      1342946         2.50
     656.383     0.650000      1454951         2.86
     883.199     0.700000      1566866         3.33
    1169.407     0.750000      1678625         4.00
    1336.319     0.775000      1734652         4.44
    1612.799     0.800000      1790656         5.00
    1912.831     0.825000      1846449         5.71
    2205.695     0.850000      1902370         6.67
    2496.511     0.875000      1958608         8.00
    2629.631     0.887500      1986483         8.89
    2834.431     0.900000      2014417        10.00
    3090.431     0.912500      2042341        11.43
    3387.391     0.925000      2070236        13.33
    3778.559     0.937500      2098224        16.00
    3993.599     0.943750      2112207        17.78
    4239.359     0.950000      2126295        20.00
    4497.407     0.956250      2140260        22.86
    4968.447     0.962500      2154201        26.67
    5472.255     0.968750      2168178        32.00
    5730.303     0.971875      2175202        35.56
    5963.775     0.975000      2182221        40.00
    6266.879     0.978125      2189136        45.71
    6516.735     0.981250      2196268        53.33
    6774.783     0.984375      2203135        64.00
    7004.159     0.985938      2206609        71.11
    7294.975     0.987500      2210127        80.00
    7798.783     0.989062      2213618        91.43
    8511.487     0.990625      2217106       106.67
    9011.199     0.992188      2220676       128.00
    9256.959     0.992969      2222376       142.22
    9535.487     0.993750      2224126       160.00
    9773.055     0.994531      2225849       182.86
   10051.583     0.995313      2227626       213.33
   10387.455     0.996094      2229351       256.00
   10723.327     0.996484      2230210       284.44
   11190.271     0.996875      2231094       320.00
   11624.447     0.997266      2231965       365.71
   11960.319     0.997656      2232833       426.67
   12345.343     0.998047      2233716       512.00
   12517.375     0.998242      2234163       568.89
   12656.639     0.998437      2234599       640.00
   12763.135     0.998633      2235045       731.43
   12869.631     0.998828      2235462       853.33
   12976.127     0.999023      2235897      1024.00
   13025.279     0.999121      2236128      1137.78
   13082.623     0.999219      2236331      1280.00
   13164.543     0.999316      2236553      1462.86
   13254.655     0.999414      2236775      1706.67
   13336.575     0.999512      2236998      2048.00
   13377.535     0.999561      2237109      2275.56
   13418.495     0.999609      2237211      2560.00
   13451.263     0.999658      2237319      2925.71
   13500.415     0.999707      2237432      3413.33
   13549.567     0.999756      2237536      4096.00
   13582.335     0.999780      2237596      4551.11
   13615.103     0.999805      2237656      5120.00
   13647.871     0.999829      2237711      5851.43
   13672.447     0.999854      2237759      6826.67
   13697.023     0.999878      2237817      8192.00
   13705.215     0.999890      2237833      9102.22
   13729.791     0.999902      2237862     10240.00
   13762.559     0.999915      2237888     11702.86
   13787.135     0.999927      2237916     13653.33
   13819.903     0.999939      2237944     16384.00
   13836.287     0.999945      2237962     18204.44
   13844.479     0.999951      2237971     20480.00
   13860.863     0.999957      2237986     23405.71
   13877.247     0.999963      2238000     27306.67
   13893.631     0.999969      2238012     32768.00
   13901.823     0.999973      2238019     36408.89
   13910.015     0.999976      2238047     40960.00
   13910.015     0.999979      2238047     46811.43
   13910.015     0.999982      2238047     54613.33
   13910.015     0.999985      2238047     65536.00
   13918.207     0.999986      2238053     72817.78
   13918.207     0.999988      2238053     81920.00
   13926.399     0.999989      2238060     93622.86
   13926.399     0.999991      2238060    109226.67
   13934.591     0.999992      2238068    131072.00
   13934.591     0.999993      2238068    145635.56
   13934.591     0.999994      2238068    163840.00
   13934.591     0.999995      2238068    187245.71
   13934.591     0.999995      2238068    218453.33
   13942.783     0.999996      2238077    262144.00
   13942.783     0.999997      2238077    291271.11
   13942.783     0.999997      2238077    327680.00
   13942.783     0.999997      2238077    374491.43
   13942.783     0.999998      2238077    436906.67
   13942.783     0.999998      2238077    524288.00
   13942.783     0.999998      2238077    582542.22
   13942.783     0.999998      2238077    655360.00
   13942.783     0.999999      2238077    748982.86
   13942.783     0.999999      2238077    873813.33
   13942.783     0.999999      2238077   1048576.00
   13942.783     0.999999      2238077   1165084.44
   13942.783     0.999999      2238077   1310720.00
   13942.783     0.999999      2238077   1497965.71
   13942.783     0.999999      2238077   1747626.67
   13942.783     1.000000      2238077   2097152.00
   13950.975     1.000000      2238078   2330168.89
   13950.975     1.000000      2238078          inf
#[Mean    =      933.105, StdDeviation   =     1690.173]
#[Max     =    13942.784, Total count    =      2238078]
#[Buckets =           27, SubBuckets     =         2048]
----------------------------------------------------------
  3358242 requests in 30.00s, 313.86MB read
Requests/sec: 111945.53
Transfer/sec:     10.46MB
