Running 30s test @ http://10.116.0.2:8080/block?ms=100
  4 threads and 1000 connections
  Thread calibration: mean lat.: 102.143ms, rate sampling interval: 206ms
  Thread calibration: mean lat.: 102.083ms, rate sampling interval: 207ms
  Thread calibration: mean lat.: 102.157ms, rate sampling interval: 207ms
  Thread calibration: mean lat.: 101.204ms, rate sampling interval: 203ms
  Thread Stats   Avg      Stdev     Max   +/- Stdev
    Latency   101.77ms    1.08ms 108.86ms   71.92%
    Req/Sec     2.25k   210.59     2.41k    82.87%
  Latency Distribution (HdrHistogram - Recorded Latency)
 50.000%  101.50ms
 75.000%  102.27ms
 90.000%  103.42ms
 99.000%  105.09ms
 99.900%  106.88ms
 99.990%  108.03ms
 99.999%  108.86ms
100.000%  108.93ms

  Detailed Percentile spectrum:
       Value   Percentile   TotalCount 1/(1-Percentile)

     100.223     0.000000            4         1.00
     100.735     0.100000        20394         1.11
     100.927     0.200000        35385         1.25
     101.119     0.300000        52194         1.43
     101.311     0.400000        70413         1.67
     101.503     0.500000        87519         2.00
     101.567     0.550000        92645         2.22
     101.695     0.600000       101723         2.50
     101.887     0.650000       112578         2.86
     102.015     0.700000       118224         3.33
     102.271     0.750000       127226         4.00
     102.399     0.775000       130911         4.44
     102.591     0.800000       135863         5.00
     102.783     0.825000       140174         5.71
     102.975     0.850000       143985         6.67
     103.167     0.875000       147600         8.00
     103.295     0.887500       149931         8.89
     103.423     0.900000       152124        10.00
     103.551     0.912500       154154        11.43
     103.679     0.925000       156004        13.33
     103.871     0.937500       158540        16.00
     103.935     0.943750       159277        17.78
     103.999     0.950000       160016        20.00
     104.127     0.956250       161367        22.86
     104.255     0.962500       162562        26.67
     104.383     0.968750       163572        32.00
     104.447     0.971875       164008        35.56
     104.511     0.975000       164428        40.00
     104.575     0.978125       164820        45.71
     104.703     0.981250       165448        53.33
     104.831     0.984375       165973        64.00
     104.895     0.985938       166200        71.11
     104.959     0.987500       166386        80.00
     105.023     0.989062       166597        91.43
     105.151     0.990625       166931       106.67
     105.215     0.992188       167076       128.00
     105.343     0.992969       167289       142.22
     105.407     0.993750       167391       160.00
     105.471     0.994531       167471       182.86
     105.599     0.995313       167638       213.33
     105.727     0.996094       167750       256.00
     105.791     0.996484       167794       284.44
     105.919     0.996875       167864       320.00
     106.111     0.997266       167964       365.71
     106.175     0.997656       167998       426.67
     106.303     0.998047       168054       512.00
     106.431     0.998242       168102       568.89
     106.495     0.998437       168120       640.00
     106.623     0.998633       168164       731.43
     106.751     0.998828       168193       853.33
     106.879     0.999023       168220      1024.00
     106.943     0.999121       168234      1137.78
     107.071     0.999219       168258      1280.00
     107.135     0.999316       168275      1462.86
     107.199     0.999414       168286      1706.67
     107.263     0.999512       168299      2048.00
     107.391     0.999561       168309      2275.56
     107.455     0.999609       168320      2560.00
     107.519     0.999658       168327      2925.71
     107.583     0.999707       168333      3413.33
     107.647     0.999756       168341      4096.00
     107.711     0.999780       168346      4551.11
     107.775     0.999805       168353      5120.00
     107.775     0.999829       168353      5851.43
     107.903     0.999854       168358      6826.67
     108.031     0.999878       168366      8192.00
     108.031     0.999890       168366      9102.22
     108.031     0.999902       168366     10240.00
     108.159     0.999915       168368     11702.86
     108.223     0.999927       168369     13653.33
     108.415     0.999939       168371     16384.00
     108.479     0.999945       168373     18204.44
     108.479     0.999951       168373     20480.00
     108.543     0.999957       168375     23405.71
     108.543     0.999963       168375     27306.67
     108.671     0.999969       168378     32768.00
     108.671     0.999973       168378     36408.89
     108.671     0.999976       168378     40960.00
     108.671     0.999979       168378     46811.43
     108.671     0.999982       168378     54613.33
     108.863     0.999985       168379     65536.00
     108.863     0.999986       168379     72817.78
     108.863     0.999988       168379     81920.00
     108.927     0.999989       168381     93622.86
     108.927     1.000000       168381          inf
#[Mean    =      101.766, StdDeviation   =        1.079]
#[Max     =      108.864, Total count    =       168381]
#[Buckets =           27, SubBuckets     =         2048]
----------------------------------------------------------
  261011 requests in 30.00s, 21.16MB read
Requests/sec:   8700.46
Transfer/sec:    722.21KB
