Running 30s test @ http://10.116.0.2:8080/block?ms=100
  4 threads and 2000 connections
  Thread calibration: mean lat.: 102.649ms, rate sampling interval: 207ms
  Thread calibration: mean lat.: 102.009ms, rate sampling interval: 205ms
  Thread calibration: mean lat.: 102.238ms, rate sampling interval: 207ms
  Thread calibration: mean lat.: 102.417ms, rate sampling interval: 207ms
  Thread Stats   Avg      Stdev     Max   +/- Stdev
    Latency   101.58ms    0.98ms 113.22ms   77.90%
    Req/Sec     4.51k   204.72     4.70k    80.71%
  Latency Distribution (HdrHistogram - Recorded Latency)
 50.000%  101.38ms
 75.000%  101.95ms
 90.000%  102.97ms
 99.000%  104.89ms
 99.900%  107.26ms
 99.990%  110.46ms
 99.999%  112.77ms
100.000%  113.28ms

  Detailed Percentile spectrum:
       Value   Percentile   TotalCount 1/(1-Percentile)

     100.223     0.000000           18         1.00
     100.671     0.100000        36535         1.11
     100.863     0.200000        67600         1.25
     101.055     0.300000       102160         1.43
     101.183     0.400000       126209         1.67
     101.375     0.500000       161688         2.00
     101.503     0.550000       183531         2.22
     101.567     0.600000       193635         2.50
     101.695     0.650000       211801         2.86
     101.823     0.700000       226961         3.33
     101.951     0.750000       238945         4.00
     102.015     0.775000       244034         4.44
     102.143     0.800000       252518         5.00
     102.335     0.825000       262591         5.71
     102.463     0.850000       268267         6.67
     102.719     0.875000       277223         8.00
     102.847     0.887500       281210         8.89
     102.975     0.900000       284996        10.00
     103.103     0.912500       288442        11.43
     103.231     0.925000       291596        13.33
     103.423     0.937500       295960        16.00
     103.487     0.943750       297270        17.78
     103.615     0.950000       299721        20.00
     103.743     0.956250       301792        22.86
     103.871     0.962500       303668        26.67
     103.999     0.968750       305260        32.00
     104.063     0.971875       306011        35.56
     104.191     0.975000       307356        40.00
     104.255     0.978125       307948        45.71
     104.383     0.981250       308995        53.33
     104.511     0.984375       309930        64.00
     104.639     0.985938       310686        71.11
     104.703     0.987500       311016        80.00
     104.831     0.989062       311514        91.43
     104.959     0.990625       311948       106.67
     105.151     0.992188       312485       128.00
     105.215     0.992969       312654       142.22
     105.343     0.993750       312912       160.00
     105.471     0.994531       313148       182.86
     105.599     0.995313       313323       213.33
     105.791     0.996094       313567       256.00
     105.919     0.996484       313701       284.44
     106.047     0.996875       313820       320.00
     106.175     0.997266       313941       365.71
     106.367     0.997656       314089       426.67
     106.559     0.998047       314187       512.00
     106.687     0.998242       314251       568.89
     106.815     0.998437       314304       640.00
     106.943     0.998633       314371       731.43
     107.135     0.998828       314440       853.33
     107.263     0.999023       314491      1024.00
     107.391     0.999121       314525      1137.78
     107.519     0.999219       314556      1280.00
     107.647     0.999316       314587      1462.86
     107.775     0.999414       314616      1706.67
     107.967     0.999512       314646      2048.00
     108.095     0.999561       314662      2275.56
     108.287     0.999609       314678      2560.00
     108.479     0.999658       314695      2925.71
     108.671     0.999707       314705      3413.33
     108.927     0.999756       314719      4096.00
     109.119     0.999780       314727      4551.11
     109.247     0.999805       314735      5120.00
     109.439     0.999829       314743      5851.43
     109.759     0.999854       314750      6826.67
     110.207     0.999878       314758      8192.00
     110.271     0.999890       314761      9102.22
     110.655     0.999902       314765     10240.00
     110.975     0.999915       314770     11702.86
     111.103     0.999927       314772     13653.33
     111.487     0.999939       314776     16384.00
     111.807     0.999945       314778     18204.44
     111.871     0.999951       314780     20480.00
     111.999     0.999957       314783     23405.71
     112.063     0.999963       314785     27306.67
     112.127     0.999969       314786     32768.00
     112.255     0.999973       314788     36408.89
     112.255     0.999976       314788     40960.00
     112.383     0.999979       314790     46811.43
     112.383     0.999982       314790     54613.33
     112.575     0.999985       314791     65536.00
     112.575     0.999986       314791     72817.78
     112.767     0.999988       314792     81920.00
     112.767     0.999989       314792     93622.86
     113.215     0.999991       314793    109226.67
     113.215     0.999992       314793    131072.00
     113.215     0.999993       314793    145635.56
     113.279     0.999994       314795    163840.00
     113.279     1.000000       314795          inf
#[Mean    =      101.585, StdDeviation   =        0.977]
#[Max     =      113.216, Total count    =       314795]
#[Buckets =           27, SubBuckets     =         2048]
----------------------------------------------------------
  512847 requests in 30.00s, 41.57MB read
Requests/sec:  17094.69
Transfer/sec:      1.39MB
