Running 30s test @ http://10.116.0.2:8080/json
  4 threads and 256 connections
  Thread calibration: mean lat.: 1.722ms, rate sampling interval: 10ms
  Thread calibration: mean lat.: 1.747ms, rate sampling interval: 10ms
  Thread calibration: mean lat.: 1.548ms, rate sampling interval: 10ms
  Thread calibration: mean lat.: 1.611ms, rate sampling interval: 10ms
  Thread Stats   Avg      Stdev     Max   +/- Stdev
    Latency     1.56ms    0.98ms  39.01ms   84.51%
    Req/Sec    21.12k     1.79k   28.33k    70.56%
  Latency Distribution (HdrHistogram - Recorded Latency)
 50.000%    1.35ms
 75.000%    1.89ms
 90.000%    2.62ms
 99.000%    4.70ms
 99.900%   10.24ms
 99.990%   22.14ms
 99.999%   34.78ms
100.000%   39.04ms

  Detailed Percentile spectrum:
       Value   Percentile   TotalCount 1/(1-Percentile)

       0.192     0.000000            1         1.00
       0.705     0.100000       157913         1.11
       0.889     0.200000       315743         1.25
       1.042     0.300000       473171         1.43
       1.187     0.400000       630249         1.67
       1.346     0.500000       787834         2.00
       1.433     0.550000       866521         2.22
       1.526     0.600000       945318         2.50
       1.628     0.650000      1023459         2.86
       1.747     0.700000      1102611         3.33
       1.892     0.750000      1180845         4.00
       1.978     0.775000      1220126         4.44
       2.073     0.800000      1260042         5.00
       2.177     0.825000      1299501         5.71
       2.299     0.850000      1338723         6.67
       2.443     0.875000      1377965         8.00
       2.525     0.887500      1397448         8.89
       2.615     0.900000      1417240        10.00
       2.713     0.912500      1436846        11.43
       2.827     0.925000      1456514        13.33
       2.965     0.937500      1476063        16.00
       3.049     0.943750      1485856        17.78
       3.141     0.950000      1495722        20.00
       3.245     0.956250      1505581        22.86
       3.377     0.962500      1515385        26.67
       3.541     0.968750      1525127        32.00
       3.635     0.971875      1530089        35.56
       3.739     0.975000      1535034        40.00
       3.855     0.978125      1539937        45.71
       3.995     0.981250      1544838        53.33
       4.171     0.984375      1549778        64.00
       4.283     0.985938      1552260        71.11
       4.423     0.987500      1554687        80.00
       4.583     0.989062      1557126        91.43
       4.779     0.990625      1559582       106.67
       5.035     0.992188      1562039       128.00
       5.203     0.992969      1563268       142.22
       5.399     0.993750      1564478       160.00
       5.651     0.994531      1565707       182.86
       5.955     0.995313      1566942       213.33
       6.355     0.996094      1568170       256.00
       6.611     0.996484      1568785       284.44
       6.923     0.996875      1569398       320.00
       7.319     0.997266      1570015       365.71
       7.775     0.997656      1570626       426.67
       8.343     0.998047      1571247       512.00
       8.655     0.998242      1571548       568.89
       8.967     0.998437      1571856       640.00
       9.303     0.998633      1572165       731.43
       9.751     0.998828      1572474       853.33
      10.287     0.999023      1572779      1024.00
      10.591     0.999121      1572934      1137.78
      11.031     0.999219      1573089      1280.00
      11.479     0.999316      1573239      1462.86
      12.047     0.999414      1573395      1706.67
      12.727     0.999512      1573547      2048.00
      13.127     0.999561      1573624      2275.56
      13.679     0.999609      1573701      2560.00
      14.351     0.999658      1573778      2925.71
      15.063     0.999707      1573854      3413.33
      16.167     0.999756      1573931      4096.00
      16.751     0.999780      1573970      4551.11
      17.551     0.999805      1574008      5120.00
      18.479     0.999829      1574046      5851.43
      19.535     0.999854      1574085      6826.67
      20.527     0.999878      1574123      8192.00
      21.343     0.999890      1574143      9102.22
      22.287     0.999902      1574162     10240.00
      23.039     0.999915      1574181     11702.86
      23.967     0.999927      1574200     13653.33
      25.103     0.999939      1574220     16384.00
      25.423     0.999945      1574229     18204.44
      25.903     0.999951      1574239     20480.00
      26.815     0.999957      1574248     23405.71
      27.711     0.999963      1574258     27306.67
      28.687     0.999969      1574267     32768.00
      29.487     0.999973      1574273     36408.89
      30.847     0.999976      1574277     40960.00
      31.615     0.999979      1574282     46811.43
      32.303     0.999982      1574287     54613.33
      33.247     0.999985      1574291     65536.00
      33.983     0.999986      1574294     72817.78
      34.175     0.999988      1574296     81920.00
      34.783     0.999989      1574299     93622.86
      35.199     0.999991      1574301    109226.67
      35.551     0.999992      1574303    131072.00
      36.063     0.999993      1574305    145635.56
      36.543     0.999994      1574306    163840.00
      36.991     0.999995      1574307    187245.71
      37.055     0.999995      1574308    218453.33
      37.503     0.999996      1574309    262144.00
      37.983     0.999997      1574310    291271.11
      38.111     0.999997      1574311    327680.00
      38.111     0.999997      1574311    374491.43
      38.207     0.999998      1574312    436906.67
      38.207     0.999998      1574312    524288.00
      38.239     0.999998      1574313    582542.22
      38.239     0.999998      1574313    655360.00
      38.239     0.999999      1574313    748982.86
      38.463     0.999999      1574314    873813.33
      38.463     0.999999      1574314   1048576.00
      38.463     0.999999      1574314   1165084.44
      38.463     0.999999      1574314   1310720.00
      38.463     0.999999      1574314   1497965.71
      39.039     0.999999      1574315   1747626.67
      39.039     1.000000      1574315          inf
#[Mean    =        1.558, StdDeviation   =        0.983]
#[Max     =       39.008, Total count    =      1574315]
#[Buckets =           27, SubBuckets     =         2048]
----------------------------------------------------------
  2370410 requests in 30.00s, 221.54MB read
Requests/sec:  79014.39
Transfer/sec:      7.38MB
