Linux 6.8.0-142-generic (cafeai-bench-loadgen) 	10/01/26 	_x86_64_	(4 CPU)

21:42:21     CPU    %usr   %nice    %sys %iowait    %irq   %soft  %steal  %guest  %gnice   %idle
21:42:22     all    1.52    0.00    4.29    0.51    0.00    3.79    0.00    0.00    0.00   89.90
21:42:23     all    4.36    0.00   10.77    0.00    0.00    7.18    0.00    0.00    0.00   77.69
21:42:24     all    3.58    0.00    7.67    0.00    0.00    4.60    0.00    0.00    0.00   84.14
21:42:25     all    3.84    0.00    6.14    0.00    0.00    4.35    0.00    0.00    0.00   85.68
21:42:26     all    3.14    0.00    5.76    0.00    0.00    3.14    0.00    0.00    0.00   87.96
21:42:27     all    3.40    0.00    5.50    0.00    0.00    3.40    0.00    0.00    0.00   87.70
21:42:28     all    3.12    0.00    6.25    0.00    0.00    2.86    0.00    0.00    0.00   87.76
21:42:29     all    2.86    0.00    5.73    0.00    0.00    3.65    0.00    0.00    0.00   87.76
21:42:30     all    3.13    0.00    5.74    0.00    0.00    3.39    0.00    0.00    0.00   87.73
21:42:31     all    3.61    0.00    6.19    0.00    0.00    3.61    0.00    0.00    0.00   86.60
21:42:32     all    3.88    0.00    6.20    0.00    0.00    3.10    0.00    0.00    0.00   86.82
21:42:33     all    3.14    0.00    6.02    0.00    0.00    3.14    0.00    0.00    0.00   87.70
21:42:34     all    2.86    0.00    5.73    0.00    0.00    3.65    0.00    0.00    0.00   87.76
21:42:35     all    2.84    0.00    6.70    0.00    0.00    3.61    0.00    0.00    0.00   86.86
21:42:36     all    2.84    0.00    6.20    0.00    0.00    3.62    0.00    0.00    0.00   87.34
21:42:37     all    3.62    0.00    6.20    0.00    0.00    3.10    0.00    0.00    0.00   87.08
21:42:38     all    2.84    0.00    6.44    0.00    0.00    3.87    0.00    0.00    0.00   86.86
21:42:39     all    2.89    0.00    5.00    0.26    0.00    3.16    0.00    0.00    0.00   88.68
21:42:40     all    2.85    0.00    6.74    0.00    0.00    3.63    0.00    0.00    0.00   86.79
21:42:41     all    3.38    0.00    5.97    0.00    0.00    3.38    0.00    0.00    0.00   87.27
21:42:42     all    3.12    0.00    6.25    0.00    0.00    2.86    0.00    0.00    0.00   87.76
21:42:43     all    2.62    0.00    6.02    0.00    0.00    3.40    0.00    0.00    0.00   87.96
21:42:44     all    2.60    0.00    6.49    0.00    0.00    3.38    0.00    0.00    0.00   87.53
21:42:45     all    3.33    0.00    6.41    0.00    0.00    3.85    0.00    0.00    0.00   86.41
21:42:46     all    3.13    0.00    6.53    0.00    0.00    2.61    0.26    0.00    0.00   87.47
21:42:47     all    3.11    0.00    5.44    0.00    0.00    3.89    0.00    0.00    0.00   87.56
21:42:48     all    2.87    0.00    6.53    0.00    0.00    3.13    0.00    0.00    0.00   87.47
21:42:49     all    2.61    0.00    5.74    0.00    0.00    3.66    0.00    0.00    0.00   87.99
21:42:50     all    2.88    0.00    6.28    0.00    0.00    3.14    0.00    0.00    0.00   87.70
21:42:51     all    2.60    0.00    6.25    0.00    0.00    3.12    0.52    0.00    0.00   87.50
21:42:52     all    0.75    0.00    0.75    0.00    0.00    0.00    0.00    0.00    0.00   98.50
21:42:53     all    1.78    0.00    3.55    0.00    0.00    2.54    0.00    0.00    0.00   92.13
21:42:54     all    2.03    0.00    3.54    0.00    0.00    3.54    0.00    0.00    0.00   90.89
21:42:55     all    2.54    0.00    2.79    0.00    0.00    3.05    0.00    0.00    0.00   91.62
21:42:56     all    2.05    0.00    2.56    0.00    0.00    2.81    0.26    0.00    0.00   92.33
21:42:57     all    2.28    0.00    3.30    0.00    0.00    2.79    0.00    0.00    0.00   91.62
21:42:58     all    2.30    0.00    3.32    0.00    0.00    2.55    0.00    0.00    0.00   91.84
21:42:59     all    2.04    0.00    3.32    0.00    0.00    2.81    0.00    0.00    0.00   91.84
21:43:00     all    2.80    0.00    2.54    0.00    0.00    2.80    0.00    0.00    0.00   91.86
21:43:01     all    2.28    0.00    3.04    0.00    0.00    3.04    0.00    0.00    0.00   91.65
21:43:02     all    2.54    0.00    3.55    0.00    0.00    2.54    0.00    0.00    0.00   91.37
21:43:03     all    2.04    0.00    3.06    0.00    0.00    2.81    0.00    0.00    0.00   92.09
21:43:04     all    2.78    0.00    3.28    0.00    0.00    2.78    0.00    0.00    0.00   91.16
21:43:05     all    2.51    0.00    3.27    0.00    0.00    3.27    0.00    0.00    0.00   90.95
21:43:06     all    1.76    0.00    3.53    0.00    0.00    3.27    0.00    0.00    0.00   91.44
21:43:07     all    2.05    0.00    3.07    0.00    0.00    2.56    0.00    0.00    0.00   92.33
21:43:08     all    2.53    0.00    3.29    0.00    0.00    2.78    0.00    0.00    0.00   91.39
21:43:09     all    3.04    0.00    2.78    0.00    0.00    2.53    0.00    0.00    0.00   91.65
21:43:10     all    2.30    0.00    3.06    0.00    0.00    2.81    0.00    0.00    0.00   91.84
21:43:11     all    1.79    0.00    3.07    0.00    0.00    2.81    0.00    0.00    0.00   92.33
21:43:12     all    2.29    0.00    2.80    0.00    0.00    2.54    0.00    0.00    0.00   92.37
21:43:13     all    3.05    0.00    2.79    0.00    0.00    2.79    0.00    0.00    0.00   91.37
21:43:14     all    2.54    0.00    2.79    0.00    0.00    3.05    0.00    0.00    0.00   91.62
21:43:15     all    2.52    0.00    3.53    0.00    0.00    3.02    0.00    0.00    0.00   90.93
21:43:16     all    2.29    0.00    3.05    0.00    0.00    3.05    0.00    0.00    0.00   91.60
21:43:17     all    2.27    0.00    3.54    0.00    0.00    2.78    0.00    0.00    0.00   91.41
21:43:18     all    2.30    0.00    2.81    0.00    0.00    3.06    0.00    0.00    0.00   91.84
21:43:19     all   13.92    0.00    6.84    0.00    0.00    3.29    0.00    0.00    0.00   75.95
21:43:20     all    2.28    0.00    3.54    0.00    0.00    2.53    0.00    0.00    0.00   91.65
21:43:21     all    2.54    0.00    3.31    0.00    0.00    2.29    0.00    0.00    0.00   91.86
21:43:22     all    3.77    0.00    5.03    0.00    0.00    3.27    0.00    0.00    0.00   87.94
21:43:23     all    5.64    0.00    6.15    0.00    0.00    3.33    0.00    0.00    0.00   84.87
21:43:24     all    5.36    0.00    6.63    0.77    0.00    3.32    0.00    0.00    0.00   83.93
21:43:25     all    5.82    0.00    7.09    0.00    0.00    3.04    0.00    0.00    0.00   84.05
21:43:26     all    5.79    0.00    7.30    0.00    0.00    3.27    0.00    0.00    0.00   83.63
21:43:27     all    5.82    0.00    7.09    0.00    0.00    3.04    0.00    0.00    0.00   84.05
21:43:28     all    4.88    0.00    6.94    0.00    0.00    2.57    0.00    0.00    0.00   85.60
21:43:29     all    5.63    0.00    6.39    0.00    0.00    3.07    0.00    0.00    0.00   84.91
21:43:30     all    5.38    0.00    7.18    0.00    0.00    2.31    0.00    0.00    0.00   85.13
21:43:31     all    5.90    0.00    6.15    0.00    0.00    2.82    0.00    0.00    0.00   85.13
21:43:32     all    5.91    0.00    7.20    0.00    0.00    2.31    0.00    0.00    0.00   84.58
21:43:33     all    5.63    0.00    6.65    0.00    0.00    2.81    0.00    0.00    0.00   84.91
21:43:34     all    6.14    0.00    6.91    0.00    0.00    2.30    0.00    0.00    0.00   84.65
21:43:35     all    4.87    0.00    7.44    0.00    0.00    2.56    0.00    0.00    0.00   85.13
21:43:36     all    5.37    0.00    7.16    0.00    0.00    2.81    0.00    0.00    0.00   84.65
21:43:37     all    5.60    0.00    6.62    0.00    0.00    3.31    0.00    0.00    0.00   84.48
21:43:38     all    5.82    0.00    6.84    0.00    0.00    3.29    0.00    0.00    0.00   84.05
21:43:39     all    5.13    0.00    6.67    0.00    0.00    3.33    0.00    0.00    0.00   84.87
21:43:40     all    5.09    0.00    7.12    0.25    0.00    3.05    0.00    0.00    0.00   84.48
21:43:41     all    5.36    0.00    6.89    0.00    0.00    3.06    0.00    0.00    0.00   84.69
21:43:42     all    5.29    0.00    6.55    0.00    0.00    4.03    0.50    0.00    0.00   83.63
21:43:43     all    4.90    0.00    6.70    0.00    0.00    2.84    0.00    0.00    0.00   85.57
21:43:44     all    5.84    0.00    6.35    0.00    0.00    3.55    0.00    0.00    0.00   84.26
21:43:45     all    5.13    0.00    6.67    0.00    0.00    3.08    0.00    0.00    0.00   85.13
21:43:46     all    5.81    0.00    6.82    0.00    0.00    3.28    0.00    0.00    0.00   84.09
21:43:47     all    5.63    0.00    6.39    0.00    0.00    3.07    0.00    0.00    0.00   84.91
21:43:48     all    5.05    0.00    7.58    0.00    0.00    3.54    0.00    0.00    0.00   83.84
21:43:49     all    5.58    0.00    6.60    0.00    0.00    3.55    0.00    0.00    0.00   84.26
21:43:50     all    6.08    0.00    7.34    0.00    0.00    3.29    0.00    0.00    0.00   83.29
21:43:51     all    4.83    0.00    7.12    0.00    0.00    3.31    0.00    0.00    0.00   84.73
21:43:52     all    8.65    0.00   10.69    0.00    0.00    6.11    0.00    0.00    0.00   74.55
21:43:53     all   10.55    0.00   12.40    0.00    0.00    6.86    0.00    0.00    0.00   70.18
21:43:54     all   11.14    0.00   11.90    0.00    0.00    8.10    0.00    0.00    0.00   68.86
21:43:55     all   10.39    0.00   13.51    0.00    0.00    6.49    0.26    0.00    0.00   69.35
21:43:56     all   10.23    0.00   14.32    0.00    0.00    7.42    0.00    0.00    0.00   68.03
21:43:57     all   10.82    0.00   13.40    0.00    0.00    7.22    0.00    0.00    0.00   68.56
21:43:58     all    9.95    0.00   13.01    0.00    0.00    7.91    0.00    0.00    0.00   69.13
21:43:59     all   10.31    0.00   12.63    0.00    0.00    7.73    0.00    0.00    0.00   69.33
21:44:00     all   10.62    0.00   13.21    0.00    0.00    6.99    0.00    0.00    0.00   69.17
21:44:01     all    9.97    0.00   14.32    0.00    0.00    7.42    0.26    0.00    0.00   68.03
21:44:02     all   11.31    0.00   13.62    0.00    0.00    6.68    0.00    0.00    0.00   68.38
21:44:03     all   10.57    0.00   13.40    0.00    0.00    7.47    0.00    0.00    0.00   68.56
21:44:04     all   11.37    0.00   13.95    0.00    0.00    6.46    0.00    0.00    0.00   68.22
21:44:05     all   11.25    0.00   13.81    0.00    0.00    7.16    0.00    0.00    0.00   67.77
21:44:06     all   10.41    0.00   12.94    0.00    0.00    8.12    0.00    0.00    0.00   68.53
21:44:07     all   10.63    0.00   14.68    0.00    0.00    7.34    0.00    0.00    0.00   67.34
21:44:08     all   10.39    0.00   13.51    0.00    0.00    7.27    0.00    0.00    0.00   68.83
21:44:09     all   11.51    0.00   13.81    0.00    0.00    6.65    0.00    0.00    0.00   68.03
21:44:10     all   11.66    0.00   12.95    0.00    0.00    6.74    0.00    0.00    0.00   68.65
21:44:11     all   11.45    0.00   13.99    0.00    0.00    7.12    0.00    0.00    0.00   67.43
21:44:12     all   10.88    0.00   13.47    0.00    0.00    6.99    0.00    0.00    0.00   68.65
21:44:13     all   10.54    0.00   13.62    0.00    0.00    6.94    0.00    0.00    0.00   68.89
21:44:14     all   11.37    0.00   13.44    0.00    0.00    6.20    0.26    0.00    0.00   68.73
21:44:15     all   10.82    0.00   15.21    0.00    0.00    6.44    0.00    0.00    0.00   67.53
21:44:16     all   12.09    0.00   12.85    0.00    0.00    8.06    0.00    0.00    0.00   67.00
21:44:17     all   10.94    0.00   12.21    0.00    0.00    8.14    0.00    0.00    0.00   68.70
21:44:18     all   11.48    0.00   14.29    0.00    0.00    6.38    0.00    0.00    0.00   67.86
21:44:19     all   10.91    0.00   14.47    0.00    0.00    7.11    0.00    0.00    0.00   67.51
21:44:20     all   19.85    0.00   16.28    0.00    0.00    7.89    0.25    0.00    0.00   55.73
21:44:21     all   16.92    0.00   15.91    0.00    0.00    7.07    0.00    0.00    0.00   60.10
21:44:22     all    7.83    0.00   11.75    0.00    0.00    5.48    0.00    0.00    0.00   74.93
21:44:23     all   14.02    0.00   17.20    0.00    0.00    8.47    0.00    0.00    0.00   60.32
21:44:24     all   14.02    0.00   19.95    0.00    0.00    7.55    0.00    0.00    0.00   58.49
21:44:25     all   13.71    0.00   18.82    0.00    0.00    8.60    0.00    0.00    0.00   58.87
21:44:26     all   13.46    0.00   19.79    0.00    0.00    8.97    0.00    0.00    0.00   57.78
21:44:27     all   14.13    0.00   18.93    0.00    0.00    8.53    0.00    0.00    0.00   58.40
21:44:28     all   14.71    0.00   19.52    0.00    0.00    8.29    0.00    0.00    0.00   57.49
21:44:29     all   13.48    0.00   19.95    0.00    0.00    7.82    0.27    0.00    0.00   58.49
21:44:30     all   14.44    0.00   18.18    0.00    0.00    8.82    0.27    0.00    0.00   58.29
21:44:31     all   14.40    0.00   20.53    0.00    0.00    7.47    0.00    0.00    0.00   57.60
21:44:32     all   13.44    0.00   19.89    0.00    0.00    7.80    0.00    0.00    0.00   58.87
21:44:33     all   14.13    0.00   19.20    0.00    0.00    9.07    0.00    0.00    0.00   57.60
21:44:34     all   13.64    0.00   19.79    0.00    0.00    8.29    0.00    0.00    0.00   58.29
21:44:35     all   13.64    0.00   20.32    0.00    0.00    8.56    0.00    0.00    0.00   57.49
21:44:36     all   13.48    0.00   19.95    0.00    0.00    8.36    0.00    0.00    0.00   58.22
21:44:37     all   14.25    0.00   19.62    0.00    0.00    8.33    0.00    0.00    0.00   57.80
21:44:38     all   13.64    0.00   20.05    0.00    0.00    8.56    0.27    0.00    0.00   57.49
21:44:39     all   14.02    0.00   19.68    0.00    0.00    8.36    0.00    0.00    0.00   57.95
21:44:40     all   13.24    0.00   20.54    0.00    0.00    7.84    0.00    0.00    0.00   58.38
21:44:41     all   14.13    0.00   19.84    0.00    0.00    9.24    0.00    0.00    0.00   56.79
21:44:42     all   14.21    0.00   20.64    0.00    0.00    8.58    0.00    0.00    0.00   56.57
21:44:43     all   13.04    0.00   19.29    0.00    0.00    8.42    0.00    0.00    0.00   59.24
21:44:44     all   13.49    0.00   20.37    0.00    0.00    8.47    0.00    0.00    0.00   57.67
21:44:45     all   13.14    0.00   20.64    0.00    0.00    7.77    0.00    0.00    0.00   58.45
21:44:46     all   14.06    0.00   19.63    0.00    0.00    8.22    0.27    0.00    0.00   57.82
21:44:47     all   13.37    0.00   21.12    0.00    0.00    7.49    0.00    0.00    0.00   58.02
21:44:48     all   14.09    0.00   18.70    0.00    0.00    7.86    0.00    0.00    0.00   59.35
21:44:49     all   13.44    0.00   19.62    0.00    0.00    8.60    0.00    0.00    0.00   58.33
21:44:50     all   14.36    0.00   19.24    0.00    0.00    7.86    0.00    0.00    0.00   58.54
21:44:51     all   14.05    0.00   18.92    0.00    0.00    8.38    0.00    0.00    0.00   58.65
21:44:52     all   10.32    0.00   15.34    0.00    0.00    6.08    0.00    0.00    0.00   68.25
21:44:53     all   17.66    0.00   19.94    0.00    0.00   11.97    0.00    0.00    0.00   50.43
21:44:54     all   18.50    0.00   21.68    0.00    0.00   14.16    0.00    0.00    0.00   45.66
21:44:55     all   18.71    0.00   21.64    0.00    0.00   14.04    0.00    0.00    0.00   45.61
21:44:56     all   19.65    0.00   20.81    0.00    0.00   13.87    0.00    0.00    0.00   45.66
21:44:57     all   18.66    0.00   20.12    0.00    0.00   15.16    0.58    0.00    0.00   45.48
21:44:58     all   20.64    0.00   18.90    0.00    0.00   13.95    0.00    0.00    0.00   46.51
21:44:59     all   19.41    0.00   20.88    0.00    0.00   13.53    0.00    0.00    0.00   46.18
21:45:00     all   19.59    0.00   19.88    0.00    0.00   14.33    0.00    0.00    0.00   46.20
21:45:01     all   20.41    0.00   18.93    0.00    0.00   13.61    0.00    0.00    0.00   47.04
21:45:02     all   20.29    0.00   19.71    0.00    0.00   15.00    0.00    0.00    0.00   45.00
21:45:03     all   19.20    0.00   19.48    0.00    0.00   14.61    1.72    0.00    0.00   44.99
21:45:04     all   18.66    0.00   20.70    0.29    0.00   13.99    0.29    0.00    0.00   46.06
21:45:05     all   19.83    0.00   19.83    0.00    0.00   14.58    0.00    0.00    0.00   45.77
21:45:06     all   17.49    0.00   21.28    0.00    0.00   14.29    0.00    0.00    0.00   46.94
21:45:07     all   18.84    0.00   20.00    0.00    0.00   15.65    0.00    0.00    0.00   45.51
21:45:08     all   19.30    0.00   20.47    0.00    0.00   13.45    0.00    0.00    0.00   46.78
21:45:09     all   19.31    0.00   21.33    0.00    0.00   14.41    0.00    0.00    0.00   44.96
21:45:10     all   19.13    0.00   21.45    0.00    0.00   13.62    0.00    0.00    0.00   45.80
21:45:11     all   19.60    0.00   21.33    0.00    0.00   13.26    0.00    0.00    0.00   45.82
21:45:12     all   19.19    0.00   20.35    0.00    0.00   14.83    0.29    0.00    0.00   45.35
21:45:13     all   19.53    0.00   19.23    0.00    0.00   14.79    0.30    0.00    0.00   46.15
21:45:14     all   18.79    0.00   20.52    0.00    0.00   14.74    0.00    0.00    0.00   45.95
21:45:15     all   19.41    0.00   20.00    0.00    0.00   14.41    0.00    0.00    0.00   46.18
21:45:16     all   19.76    0.00   19.47    0.00    0.00   13.57    0.00    0.00    0.00   47.20
21:45:17     all   20.52    0.00   19.36    0.00    0.00   13.87    0.00    0.00    0.00   46.24
21:45:18     all   19.02    0.00   21.90    0.00    0.00   13.54    0.00    0.00    0.00   45.53
21:45:19     all   19.08    0.00   21.10    0.00    0.00   14.74    0.00    0.00    0.00   45.09
21:45:20     all   20.81    0.00   18.79    0.00    0.00   14.45    0.00    0.00    0.00   45.95
21:45:21     all   19.83    0.00   20.41    0.00    0.00   13.70    0.00    0.00    0.00   46.06
21:45:22     all   28.42    0.00   27.87    0.00    0.00   12.57    0.00    0.00    0.00   31.15
21:45:23     all   18.72    0.00   28.49    0.00    0.00   16.48    0.00    0.00    0.00   36.31
21:45:24     all   18.13    0.00   29.40    0.00    0.00   16.21    0.00    0.00    0.00   36.26
21:45:25     all   18.08    0.00   28.49    0.00    0.00   16.99    0.00    0.00    0.00   36.44
21:45:26     all   17.45    0.00   30.75    0.00    0.00   16.62    0.00    0.00    0.00   35.18
21:45:27     all   16.62    0.00   30.75    0.28    0.00   16.62    0.00    0.00    0.00   35.73
21:45:28     all   17.54    0.00   34.21    0.00    0.00   19.88    0.00    0.00    0.00   28.36
21:45:29     all   20.23    0.00   32.66    0.00    0.00   19.08    0.00    0.00    0.00   28.03
21:45:30     all   19.31    0.00   31.99    0.00    0.00   19.60    0.00    0.00    0.00   29.11
21:45:31     all   20.27    0.00   28.77    0.00    0.00   16.71    0.00    0.00    0.00   34.25
21:45:32     all   19.51    0.00   28.02    0.27    0.00   15.93    0.00    0.00    0.00   36.26
21:45:33     all   18.00    0.00   32.29    0.00    0.00   18.29    0.00    0.00    0.00   31.43
21:45:34     all   21.55    0.00   32.04    0.00    0.00   18.78    0.00    0.00    0.00   27.62
21:45:35     all   18.46    0.00   29.75    0.00    0.00   15.43    0.00    0.00    0.00   36.36
21:45:36     all   20.28    0.00   30.42    0.00    0.00   18.87    0.00    0.00    0.00   30.42
21:45:37     all   20.45    0.00   31.65    0.00    0.00   17.37    0.00    0.00    0.00   30.53
21:45:38     all   19.61    0.00   29.13    0.00    0.00   17.09    0.00    0.00    0.00   34.17
21:45:39     all   18.26    0.00   29.21    0.00    0.00   15.45    0.56    0.00    0.00   36.52
21:45:40     all   19.38    0.00   28.09    0.00    0.00   16.01    0.00    0.00    0.00   36.52
21:45:41     all   19.23    0.00   30.49    0.00    0.00   15.93    0.00    0.00    0.00   34.34
21:45:42     all   17.90    0.00   30.68    0.00    0.00   16.76    0.00    0.00    0.00   34.66
21:45:43     all   16.95    0.00   28.16    0.00    0.00   16.95    0.00    0.00    0.00   37.93
21:45:44     all   16.57    0.00   30.62    0.00    0.00   16.29    0.00    0.00    0.00   36.52
21:45:45     all   18.31    0.00   30.60    0.00    0.00   16.39    0.00    0.00    0.00   34.70
21:45:46     all   17.22    0.00   29.17    0.00    0.00   17.50    0.00    0.00    0.00   36.11
21:45:47     all   17.44    0.00   31.88    0.00    0.00   15.80    0.00    0.00    0.00   34.88
21:45:48     all   17.65    0.00   31.65    0.00    0.00   15.41    0.00    0.00    0.00   35.29
21:45:49     all   16.80    0.00   33.06    0.00    0.00   18.46    0.00    0.00    0.00   31.68
21:45:50     all   17.51    0.00   34.75    0.00    0.00   19.10    0.27    0.00    0.00   28.38
21:45:51     all   16.41    0.00   36.46    0.00    0.00   16.67    0.00    0.00    0.00   30.47
21:45:52     all   10.43    0.00   17.65    0.00    0.00    8.02    0.00    0.00    0.00   63.90
21:45:53     all   14.80    0.00   25.14    0.00    0.00   15.64    0.00    0.00    0.00   44.41
21:45:54     all   20.40    0.00   29.89    0.00    0.00   19.54    0.00    0.00    0.00   30.17
21:45:55     all   18.54    0.00   33.43    0.00    0.00   19.38    0.00    0.00    0.00   28.65
21:45:56     all   17.48    0.00   36.10    0.00    0.00   19.48    0.00    0.00    0.00   26.93
21:45:57     all   18.86    0.00   31.74    0.00    0.00   20.36    0.00    0.00    0.00   29.04
21:45:58     all   19.32    0.00   32.95    0.00    0.00   19.60    0.00    0.00    0.00   28.12
21:45:59     all   17.92    0.00   34.68    0.00    0.00   19.94    0.00    0.00    0.00   27.46
21:46:00     all   17.14    0.00   34.57    0.00    0.00   20.86    0.00    0.00    0.00   27.43
21:46:01     all   16.81    0.00   35.57    0.00    0.00   19.61    0.00    0.00    0.00   28.01
21:46:02     all   16.85    0.00   35.96    0.00    0.00   19.38    0.28    0.00    0.00   27.53
21:46:03     all   17.40    0.00   35.36    0.00    0.00   19.34    0.00    0.00    0.00   27.90
21:46:04     all   16.48    0.00   34.66    0.00    0.00   19.32    0.00    0.00    0.00   29.55
21:46:05     all   16.48    0.00   33.52    0.00    0.00   20.17    0.00    0.00    0.00   29.83
21:46:06     all   18.52    0.00   33.05    0.00    0.00   20.51    0.00    0.00    0.00   27.92
21:46:07     all   18.71    0.00   30.41    0.00    0.00   20.18    0.00    0.00    0.00   30.70
21:46:08     all   18.34    0.00   29.59    0.00    0.00   20.12    0.00    0.00    0.00   31.95
21:46:09     all   20.51    0.00   31.74    0.00    0.00   20.22    0.00    0.00    0.00   27.53
21:46:10     all   17.66    0.00   35.04    0.00    0.00   17.95    0.00    0.00    0.00   29.34
21:46:11     all   15.45    0.00   35.39    0.00    0.00   19.38    0.00    0.00    0.00   29.78
21:46:12     all   15.43    0.00   37.74    0.00    0.00   19.56    0.00    0.00    0.00   27.27
21:46:13     all   17.53    0.00   36.44    0.00    0.00   18.90    0.00    0.00    0.00   27.12
21:46:14     all   15.62    0.00   36.08    0.00    0.00   19.60    0.00    0.00    0.00   28.69
21:46:15     all   16.21    0.00   37.91    0.00    0.00   19.51    0.00    0.00    0.00   26.37
21:46:16     all   16.90    0.00   35.18    0.00    0.00   19.94    0.00    0.00    0.00   27.98
21:46:17     all   15.89    0.00   35.89    0.00    0.00   20.27    0.27    0.00    0.00   27.67
21:46:18     all   16.48    0.00   36.87    0.00    0.00   19.83    0.00    0.00    0.00   26.82
21:46:19     all   16.85    0.00   36.19    0.00    0.00   19.61    0.00    0.00    0.00   27.35
21:46:20     all   16.71    0.00   35.62    0.00    0.00   19.73    0.00    0.00    0.00   27.95
21:46:21     all   16.62    0.00   35.46    0.00    0.00   20.22    0.00    0.00    0.00   27.70
21:46:22     all    6.46    0.00   10.34    0.00    0.00    5.94    0.00    0.00    0.00   77.26
21:46:23     all    1.01    0.00    2.03    0.00    0.00    2.03    0.00    0.00    0.00   94.94
21:46:24     all    2.03    0.00    3.05    0.00    0.00    3.30    0.00    0.00    0.00   91.62
21:46:25     all    2.28    0.00    3.29    0.00    0.00    2.53    0.00    0.00    0.00   91.90
21:46:26     all    2.03    0.00    3.54    0.00    0.00    2.53    0.00    0.00    0.00   91.90
21:46:27     all    2.28    0.00    3.05    0.00    0.00    3.05    0.00    0.00    0.00   91.62
21:46:28     all    2.28    0.00    2.79    0.00    0.00    2.79    0.25    0.00    0.00   91.88
21:46:29     all    2.54    0.00    2.80    0.00    0.00    2.54    0.00    0.00    0.00   92.11
21:46:30     all    2.02    0.00    3.28    0.00    0.00    3.03    0.00    0.00    0.00   91.67
21:46:31     all    2.31    0.00    2.56    0.00    0.00    2.05    0.00    0.00    0.00   93.08
21:46:32     all    2.31    0.00    2.56    0.00    0.00    2.56    0.00    0.00    0.00   92.56
21:46:33     all    2.54    0.00    3.05    0.00    0.00    2.28    0.00    0.00    0.00   92.13
21:46:34     all    2.27    0.00    3.03    0.00    0.00    3.28    0.00    0.00    0.00   91.41
21:46:35     all    2.54    0.00    3.05    0.00    0.00    2.54    0.00    0.00    0.00   91.88
21:46:36     all    2.54    0.00    2.54    0.00    0.00    2.80    0.00    0.00    0.00   92.11
21:46:37     all    2.05    0.00    2.81    0.00    0.00    2.81    0.00    0.00    0.00   92.33
21:46:38     all    2.02    0.00    3.28    0.00    0.00    3.03    0.00    0.00    0.00   91.67
21:46:39     all    2.28    0.00    3.05    0.00    0.00    2.54    0.00    0.00    0.00   92.13
21:46:40     all    1.79    0.00    3.06    0.00    0.00    2.81    0.00    0.00    0.00   92.35
21:46:41     all    2.03    0.00    3.04    0.00    0.00    3.29    0.00    0.00    0.00   91.65
21:46:42     all    2.30    0.00    3.06    0.00    0.00    2.30    0.00    0.00    0.00   92.35
21:46:43     all    2.28    0.00    2.78    0.00    0.00    3.29    0.00    0.00    0.00   91.65
21:46:44     all    2.30    0.00    3.06    0.00    0.00    2.30    0.00    0.00    0.00   92.35
21:46:45     all    2.04    0.00    3.05    0.00    0.00    3.05    0.00    0.00    0.00   91.86
21:46:46     all    2.52    0.00    3.02    0.00    0.00    3.02    0.00    0.00    0.00   91.44
21:46:47     all    2.05    0.00    2.82    0.00    0.00    2.56    0.00    0.00    0.00   92.56
21:46:48     all    2.76    0.00    4.02    0.00    0.00    2.51    0.00    0.00    0.00   90.70
21:46:49     all    1.78    0.00    3.05    0.00    0.00    3.05    0.00    0.00    0.00   92.11
21:46:50     all    2.03    0.00    3.30    0.00    0.00    2.79    0.00    0.00    0.00   91.88
21:46:51     all    2.28    0.00    3.05    0.00    0.00    2.54    0.00    0.00    0.00   92.13
21:46:52     all    1.26    0.00    2.27    0.00    0.00    1.26    0.00    0.00    0.00   95.21
21:46:53     all    3.05    0.00    2.79    0.00    0.00    2.03    0.00    0.00    0.00   92.13
21:46:54     all    6.44    0.00    5.41    0.00    0.00    5.67    0.00    0.00    0.00   82.47
21:46:55     all    3.91    0.00    6.77    0.00    0.00    5.99    0.00    0.00    0.00   83.33
21:46:56     all    5.13    0.00    6.41    0.00    0.00    6.41    0.00    0.00    0.00   82.05
21:46:57     all    5.18    0.00    6.74    0.00    0.00    5.70    0.00    0.00    0.00   82.38
21:46:58     all    4.39    0.00    6.20    0.00    0.00    6.72    0.00    0.00    0.00   82.69
21:46:59     all    4.70    0.00    6.01    0.00    0.00    6.01    0.00    0.00    0.00   83.29
21:47:00     all    4.66    0.00    6.48    0.00    0.00    5.96    0.00    0.00    0.00   82.90
21:47:01     all    5.64    0.00    6.67    0.00    0.00    5.90    0.00    0.00    0.00   81.79
21:47:02     all    4.92    0.00    6.22    0.00    0.00    5.70    0.00    0.00    0.00   83.16
21:47:03     all    5.38    0.00    5.90    0.00    0.00    6.67    0.00    0.00    0.00   82.05
21:47:04     all    4.92    0.00    6.48    0.00    0.00    5.44    0.00    0.00    0.00   83.16
21:47:05     all    5.13    0.00    6.15    0.00    0.00    6.41    0.00    0.00    0.00   82.31
21:47:06     all    5.41    0.00    5.93    0.00    0.00    5.93    0.00    0.00    0.00   82.73
21:47:07     all    5.37    0.00    6.65    0.00    0.00    6.39    0.00    0.00    0.00   81.59
21:47:08     all    5.15    0.00    6.19    0.00    0.00    5.93    0.26    0.00    0.00   82.47
21:47:09     all    5.48    0.00    6.01    0.00    0.00    4.44    0.00    0.00    0.00   84.07
21:47:10     all    5.33    0.00    6.09    0.00    0.00    6.85    0.00    0.00    0.00   81.73
21:47:11     all    5.14    0.00    6.43    0.00    0.00    5.91    0.00    0.00    0.00   82.52
21:47:12     all    4.90    0.00    5.93    0.00    0.00    5.93    0.00    0.00    0.00   83.25
21:47:13     all    6.33    0.00    6.08    0.00    0.00    6.08    0.25    0.00    0.00   81.27
21:47:14     all    5.18    0.00    5.96    0.00    0.00    6.22    0.00    0.00    0.00   82.64
21:47:15     all    4.62    0.00    5.90    0.00    0.00    6.67    0.00    0.00    0.00   82.82
21:47:16     all    5.13    0.00    6.67    0.00    0.00    5.90    0.00    0.00    0.00   82.31
21:47:17     all    5.37    0.00    5.88    0.00    0.00    6.14    0.00    0.00    0.00   82.61
21:47:18     all    4.66    0.00    6.22    0.00    0.00    6.22    0.00    0.00    0.00   82.90
21:47:19     all    4.91    0.00    5.94    0.00    0.00    5.68    0.00    0.00    0.00   83.46
21:47:20     all    4.62    0.00    6.92    0.00    0.00    6.67    0.00    0.00    0.00   81.79
21:47:21     all    5.85    0.00    5.85    0.00    0.00    6.36    0.00    0.00    0.00   81.93
21:47:22     all    2.52    0.00    4.53    0.00    0.00    2.77    0.25    0.00    0.00   89.92
21:47:23     all    5.28    0.00    2.26    0.00    0.00    2.01    0.00    0.00    0.00   90.45
21:47:24     all   15.35    0.00    5.37    0.00    0.00    5.12    0.26    0.00    0.00   73.91
21:47:25     all   15.90    0.00    7.95    0.00    0.00    6.67    0.00    0.00    0.00   69.49
21:47:26     all   12.83    0.00   10.47    0.00    0.00    8.90    0.00    0.00    0.00   67.80
21:47:27     all    8.12    0.00   12.57    0.00    0.00   11.26    0.00    0.00    0.00   68.06
21:47:28     all   10.40    0.00   12.00    0.00    0.00   10.40    0.00    0.00    0.00   67.20
21:47:29     all    9.74    0.00   13.16    0.00    0.00   11.05    0.00    0.00    0.00   66.05
21:47:30     all   11.87    0.00   12.66    0.00    0.00   11.08    0.00    0.00    0.00   64.38
21:47:31     all   10.76    0.00   12.86    0.00    0.00   11.02    0.00    0.00    0.00   65.35
21:47:32     all   11.97    0.00   11.70    0.00    0.00   10.64    0.00    0.00    0.00   65.69
21:47:33     all   11.49    0.00   13.32    0.26    0.00   10.44    0.00    0.00    0.00   64.49
21:47:34     all   11.97    0.00   11.97    0.00    0.00   10.64    0.00    0.00    0.00   65.43
21:47:35     all   11.02    0.00   13.12    0.00    0.00   11.29    0.00    0.00    0.00   64.57
21:47:36     all   11.14    0.00   11.94    0.00    0.00   11.67    0.00    0.00    0.00   65.25
21:47:37     all   12.40    0.00   11.35    0.00    0.00   10.55    0.00    0.00    0.00   65.70
21:47:38     all   11.75    0.00   12.01    0.00    0.00   11.23    0.00    0.00    0.00   65.01
21:47:39     all   11.29    0.00   12.07    0.00    0.00   10.76    0.26    0.00    0.00   65.62
21:47:40     all   10.68    0.00   14.06    0.00    0.00   10.42    0.00    0.00    0.00   64.84
21:47:41     all   10.50    0.00   13.91    0.00    0.00   10.50    0.00    0.00    0.00   65.09
21:47:42     all   11.67    0.00   13.26    0.00    0.00    9.81    0.00    0.00    0.00   65.25
21:47:43     all   12.40    0.00   12.40    0.00    0.00   10.29    0.00    0.00    0.00   64.91
21:47:44     all   11.29    0.00   12.34    0.00    0.00   11.29    0.00    0.00    0.00   65.09
21:47:45     all   10.82    0.00   13.46    0.00    0.00   10.55    0.00    0.00    0.00   65.17
21:47:46     all   11.41    0.00   11.67    0.00    0.00   11.14    0.00    0.00    0.00   65.78
21:47:47     all   12.04    0.00   12.04    0.00    0.00   11.26    0.26    0.00    0.00   64.40
21:47:48     all   11.75    0.00   13.32    0.00    0.00   11.23    0.00    0.00    0.00   63.71
21:47:49     all   10.76    0.00   12.60    0.00    0.00   11.81    0.00    0.00    0.00   64.83
21:47:50     all   12.50    0.00   12.24    0.00    0.00   11.72    0.00    0.00    0.00   63.54
21:47:51     all   11.61    0.00   13.46    0.00    0.00   10.55    0.26    0.00    0.00   64.12
21:47:52     all    5.91    0.00    9.00    0.00    0.00    5.91    0.00    0.00    0.00   79.18
21:47:53     all    6.57    0.00    1.77    0.00    0.00    1.52    0.00    0.00    0.00   90.15
21:47:54     all   27.65    0.00    4.65    0.00    0.00    4.65    0.00    0.00    0.00   63.05
21:47:55     all   28.91    0.00    7.55    0.00    0.00    6.51    0.00    0.00    0.00   57.03
21:47:56     all   33.25    0.00    9.28    0.00    0.00    7.99    0.00    0.00    0.00   49.48
21:47:57     all   35.71    0.00   10.97    0.00    0.00   10.97    0.00    0.00    0.00   42.35
21:47:58     all   34.20    0.00   14.77    0.00    0.00   12.18    0.00    0.00    0.00   38.86
21:47:59     all   30.77    0.00   16.18    0.00    0.00   13.79    0.00    0.00    0.00   39.26
21:48:00     all   21.99    0.00   15.45    0.00    0.00   15.18    0.00    0.00    0.00   47.38
21:48:01     all   15.30    0.00   19.00    0.00    0.00   15.57    0.00    0.00    0.00   50.13
21:48:02     all    8.80    0.00   20.80    0.00    0.00   16.53    0.00    0.00    0.00   53.87
21:48:03     all    7.09    0.00   19.42    0.00    0.00   16.54    0.00    0.00    0.00   56.96
21:48:04     all    7.03    0.00   18.49    0.00    0.00   15.62    0.00    0.00    0.00   58.85
21:48:05     all    8.05    0.00   20.00    0.00    0.00   16.10    0.00    0.00    0.00   55.84
21:48:06     all    7.25    0.00   19.43    0.00    0.00   17.10    0.00    0.00    0.00   56.22
21:48:07     all    7.77    0.00   19.43    0.00    0.00   16.32    0.00    0.00    0.00   56.48
21:48:08     all    8.44    0.00   19.69    0.00    0.00   15.86    0.00    0.00    0.00   56.01
21:48:09     all    8.25    0.00   19.59    0.00    0.00   15.72    0.00    0.00    0.00   56.44
21:48:10     all    7.61    0.00   19.69    0.00    0.00   16.80    0.00    0.00    0.00   55.91
21:48:11     all    7.42    0.00   20.46    0.00    0.00   16.37    0.00    0.00    0.00   55.75
21:48:12     all    8.05    0.00   21.56    0.00    0.00   18.18    0.00    0.00    0.00   52.21
21:48:13     all    7.97    0.00   20.57    0.00    0.00   16.71    0.00    0.00    0.00   54.76
21:48:14     all    7.53    0.00   17.66    0.00    0.00   17.92    0.26    0.00    0.00   56.62
21:48:15     all    8.27    0.00   19.90    0.00    0.00   17.57    0.00    0.00    0.00   54.26
21:48:16     all    8.46    0.00   20.77    0.00    0.00   16.41    0.00    0.00    0.00   54.36
21:48:17     all    7.07    0.00   18.32    0.00    0.00   16.49    0.00    0.00    0.00   58.12
21:48:18     all    8.74    0.00   20.57    0.00    0.00   16.45    0.00    0.00    0.00   54.24
21:48:19     all    9.38    0.00   18.49    0.00    0.00   18.75    0.00    0.00    0.00   53.39
21:48:20     all    8.12    0.00   20.42    0.00    0.00   17.02    0.00    0.00    0.00   54.45
21:48:21     all    6.94    0.00   17.99    0.00    0.00   16.97    0.00    0.00    0.00   58.10
