Running 30s test @ http://10.116.0.2:8080/json
  4 threads and 256 connections
  Thread calibration: mean lat.: 293.857ms, rate sampling interval: 1900ms
  Thread calibration: mean lat.: 36.105ms, rate sampling interval: 267ms
  Thread calibration: mean lat.: 153.061ms, rate sampling interval: 1071ms
  Thread calibration: mean lat.: 146.488ms, rate sampling interval: 1063ms
  Thread Stats   Avg      Stdev     Max   +/- Stdev
    Latency   309.07ms  647.05ms   4.47s    89.28%
    Req/Sec    24.58k     2.88k   33.30k    68.91%
  Latency Distribution (HdrHistogram - Recorded Latency)
 50.000%    1.87ms
 75.000%  346.62ms
 90.000%    1.01s 
 99.000%    3.24s 
 99.900%    4.10s 
 99.990%    4.43s 
 99.999%    4.47s 
100.000%    4.48s 

  Detailed Percentile spectrum:
       Value   Percentile   TotalCount 1/(1-Percentile)

       0.192     0.000000            1         1.00
       0.740     0.100000       194843         1.11
       1.036     0.200000       389048         1.25
       1.281     0.300000       583435         1.43
       1.502     0.400000       778039         1.67
       1.871     0.500000       972010         2.00
       2.345     0.550000      1069213         2.22
       3.555     0.600000      1166404         2.50
      24.319     0.650000      1263573         2.86
     203.903     0.700000      1360806         3.33
     346.623     0.750000      1458066         4.00
     414.719     0.775000      1506586         4.44
     506.623     0.800000      1555243         5.00
     603.647     0.825000      1603758         5.71
     718.847     0.850000      1652461         6.67
     852.479     0.875000      1701120         8.00
     926.719     0.887500      1725369         8.89
    1013.247     0.900000      1749620        10.00
    1125.375     0.912500      1773985        11.43
    1263.615     0.925000      1798162        13.33
    1468.415     0.937500      1822522        16.00
    1592.319     0.943750      1834619        17.78
    1724.415     0.950000      1846837        20.00
    1862.655     0.956250      1858907        22.86
    2020.351     0.962500      1871110        26.67
    2201.599     0.968750      1883239        32.00
    2314.239     0.971875      1889415        35.56
    2445.311     0.975000      1895449        40.00
    2557.951     0.978125      1901503        45.71
    2711.551     0.981250      1907503        53.33
    2875.391     0.984375      1913575        64.00
    2996.223     0.985938      1916656        71.11
    3098.623     0.987500      1919697        80.00
    3180.543     0.989062      1922696        91.43
    3278.847     0.990625      1925768       106.67
    3379.199     0.992188      1928771       128.00
    3444.735     0.992969      1930294       142.22
    3495.935     0.993750      1931828       160.00
    3577.855     0.994531      1933338       182.86
    3655.679     0.995313      1934862       213.33
    3702.783     0.996094      1936356       256.00
    3756.031     0.996484      1937127       284.44
    3805.183     0.996875      1937878       320.00
    3870.719     0.997266      1938637       365.71
    3907.583     0.997656      1939440       426.67
    3946.495     0.998047      1940155       512.00
    3977.215     0.998242      1940560       568.89
    3993.599     0.998437      1940920       640.00
    4034.559     0.998633      1941301       731.43
    4073.471     0.998828      1941676       853.33
    4104.191     0.999023      1942048      1024.00
    4132.863     0.999121      1942248      1137.78
    4159.487     0.999219      1942442      1280.00
    4179.967     0.999316      1942621      1462.86
    4210.687     0.999414      1942814      1706.67
    4239.359     0.999512      1943017      2048.00
    4247.551     0.999561      1943092      2275.56
    4259.839     0.999609      1943222      2560.00
    4280.319     0.999658      1943299      2925.71
    4296.703     0.999707      1943377      3413.33
    4313.087     0.999756      1943498      4096.00
    4317.183     0.999780      1943530      4551.11
    4325.375     0.999805      1943596      5120.00
    4333.567     0.999829      1943618      5851.43
    4366.335     0.999854      1943664      6826.67
    4399.103     0.999878      1943710      8192.00
    4415.487     0.999890      1943735      9102.22
    4427.775     0.999902      1943759     10240.00
    4440.063     0.999915      1943783     11702.86
    4448.255     0.999927      1943810     13653.33
    4452.351     0.999939      1943832     16384.00
    4456.447     0.999945      1943852     18204.44
    4456.447     0.999951      1943852     20480.00
    4460.543     0.999957      1943869     23405.71
    4464.639     0.999963      1943884     27306.67
    4468.735     0.999969      1943897     32768.00
    4468.735     0.999973      1943897     36408.89
    4472.831     0.999976      1943936     40960.00
    4472.831     0.999979      1943936     46811.43
    4472.831     0.999982      1943936     54613.33
    4472.831     0.999985      1943936     65536.00
    4472.831     0.999986      1943936     72817.78
    4472.831     0.999988      1943936     81920.00
    4472.831     0.999989      1943936     93622.86
    4472.831     0.999991      1943936    109226.67
    4472.831     0.999992      1943936    131072.00
    4472.831     0.999993      1943936    145635.56
    4472.831     0.999994      1943936    163840.00
    4472.831     0.999995      1943936    187245.71
    4476.927     0.999995      1943946    218453.33
    4476.927     1.000000      1943946          inf
#[Mean    =      309.074, StdDeviation   =      647.046]
#[Max     =     4472.832, Total count    =      1943946]
#[Buckets =           27, SubBuckets     =         2048]
----------------------------------------------------------
  2892271 requests in 30.00s, 270.31MB read
Requests/sec:  96410.96
Transfer/sec:      9.01MB
