Running 30s test @ http://10.116.0.2:8080/json
  4 threads and 256 connections
  Thread calibration: mean lat.: 77.642ms, rate sampling interval: 637ms
  Thread calibration: mean lat.: 121.142ms, rate sampling interval: 946ms
  Thread calibration: mean lat.: 334.310ms, rate sampling interval: 1874ms
  Thread calibration: mean lat.: 182.319ms, rate sampling interval: 1504ms
  Thread Stats   Avg      Stdev     Max   +/- Stdev
    Latency   307.78ms  612.34ms   4.44s    85.97%
    Req/Sec    24.93k     3.03k   35.70k    65.75%
  Latency Distribution (HdrHistogram - Recorded Latency)
 50.000%    1.96ms
 75.000%  368.13ms
 90.000%    1.16s 
 99.000%    2.83s 
 99.900%    4.14s 
 99.990%    4.39s 
 99.999%    4.44s 
100.000%    4.44s 

  Detailed Percentile spectrum:
       Value   Percentile   TotalCount 1/(1-Percentile)

       0.203     0.000000            2         1.00
       0.741     0.100000       194742         1.11
       1.041     0.200000       389297         1.25
       1.288     0.300000       584552         1.43
       1.531     0.400000       778552         1.67
       1.960     0.500000       972889         2.00
       2.351     0.550000      1070519         2.22
       3.005     0.600000      1167516         2.50
       6.435     0.650000      1264765         2.86
     174.463     0.700000      1362047         3.33
     368.127     0.750000      1459411         4.00
     448.767     0.775000      1508039         4.44
     539.135     0.800000      1556783         5.00
     681.471     0.825000      1605348         5.71
     852.479     0.850000      1653918         6.67
    1013.759     0.875000      1702611         8.00
    1074.175     0.887500      1727040         8.89
    1163.263     0.900000      1751231        10.00
    1257.471     0.912500      1775554        11.43
    1352.703     0.925000      1800069        13.33
    1456.127     0.937500      1824236        16.00
    1506.303     0.943750      1836517        17.78
    1557.503     0.950000      1848469        20.00
    1614.847     0.956250      1860773        22.86
    1712.127     0.962500      1872843        26.67
    1888.255     0.968750      1884968        32.00
    1998.847     0.971875      1891054        35.56
    2111.487     0.975000      1897158        40.00
    2240.511     0.978125      1903265        45.71
    2381.823     0.981250      1909276        53.33
    2533.375     0.984375      1915437        64.00
    2617.343     0.985938      1918438        71.11
    2695.167     0.987500      1921437        80.00
    2779.135     0.989062      1924547        91.43
    2861.055     0.990625      1927525       106.67
    2955.263     0.992188      1930627       128.00
    3016.703     0.992969      1932078       142.22
    3090.431     0.993750      1933609       160.00
    3207.167     0.994531      1935126       182.86
    3383.295     0.995313      1936650       213.33
    3524.607     0.996094      1938167       256.00
    3586.047     0.996484      1938915       284.44
    3672.063     0.996875      1939688       320.00
    3770.367     0.997266      1940447       365.71
    3852.287     0.997656      1941203       426.67
    3926.015     0.998047      1941954       512.00
    3979.263     0.998242      1942338       568.89
    4020.223     0.998437      1942737       640.00
    4055.039     0.998633      1943096       731.43
    4116.479     0.998828      1943473       853.33
    4145.151     0.999023      1943859      1024.00
    4177.919     0.999121      1944058      1137.78
    4210.687     0.999219      1944236      1280.00
    4243.455     0.999316      1944442      1462.86
    4259.839     0.999414      1944616      1706.67
    4288.511     0.999512      1944806      2048.00
    4304.895     0.999561      1944933      2275.56
    4317.183     0.999609      1945000      2560.00
    4325.375     0.999658      1945105      2925.71
    4333.567     0.999707      1945198      3413.33
    4345.855     0.999756      1945298      4096.00
    4349.951     0.999780      1945334      4551.11
    4358.143     0.999805      1945381      5120.00
    4366.335     0.999829      1945423      5851.43
    4374.527     0.999854      1945511      6826.67
    4378.623     0.999878      1945533      8192.00
    4382.719     0.999890      1945549      9102.22
    4390.911     0.999902      1945571     10240.00
    4395.007     0.999915      1945591     11702.86
    4407.295     0.999927      1945619     13653.33
    4415.487     0.999939      1945647     16384.00
    4415.487     0.999945      1945647     18204.44
    4423.679     0.999951      1945671     20480.00
    4423.679     0.999957      1945671     23405.71
    4427.775     0.999963      1945683     27306.67
    4435.967     0.999969      1945708     32768.00
    4435.967     0.999973      1945708     36408.89
    4435.967     0.999976      1945708     40960.00
    4440.063     0.999979      1945728     46811.43
    4440.063     0.999982      1945728     54613.33
    4440.063     0.999985      1945728     65536.00
    4440.063     0.999986      1945728     72817.78
    4444.159     0.999988      1945753     81920.00
    4444.159     1.000000      1945753          inf
#[Mean    =      307.779, StdDeviation   =      612.338]
#[Max     =     4440.064, Total count    =      1945753]
#[Buckets =           27, SubBuckets     =         2048]
----------------------------------------------------------
  2945072 requests in 30.00s, 275.25MB read
Requests/sec:  98169.99
Transfer/sec:      9.17MB
