Linux 6.8.0-142-generic (cafeai-bench-server) 	10/01/26 	_x86_64_	(4 CPU)

21:42:20     CPU    %usr   %nice    %sys %iowait    %irq   %soft  %steal  %guest  %gnice   %idle
21:42:21     all   60.25    0.00    7.00    0.00    0.00    3.00    0.00    0.00    0.00   29.75
21:42:22     all   75.75    0.00   16.00    0.00    0.00    6.75    0.00    0.00    0.00    1.50
21:42:23     all   63.50    0.00   11.75    0.00    0.00    6.50    0.00    0.00    0.00   18.25
21:42:24     all   40.83    0.00   11.00    0.00    0.00    4.65    0.00    0.00    0.00   43.52
21:42:25     all    7.71    0.00    9.45    0.00    0.00    3.23    0.00    0.00    0.00   79.60
21:42:26     all    6.86    0.00    9.07    0.00    0.00    4.17    0.25    0.00    0.00   79.66
21:42:27     all    7.52    0.00    9.47    0.00    0.00    4.37    0.24    0.00    0.00   78.40
21:42:28     all    7.77    0.00    9.47    0.00    0.00    4.13    0.00    0.00    0.00   78.64
21:42:29     all    6.65    0.00    9.11    0.00    0.00    3.69    0.25    0.00    0.00   80.30
21:42:30     all    7.09    0.00    9.54    0.00    0.00    3.91    0.00    0.00    0.00   79.46
21:42:31     all    7.14    0.00    9.11    0.00    0.00    3.45    0.00    0.00    0.00   80.30
21:42:32     all    6.63    0.00    9.34    0.00    0.00    3.93    0.25    0.00    0.00   79.85
21:42:33     all    7.26    0.00    9.44    0.00    0.00    3.87    0.00    0.00    0.00   79.42
21:42:34     all    6.88    0.00    9.09    0.00    0.00    4.18    0.00    0.00    0.00   79.85
21:42:35     all    5.99    0.00    9.23    0.00    0.00    3.49    0.00    0.00    0.00   81.30
21:42:36     all    7.11    0.00    9.56    0.00    0.00    3.68    0.00    0.00    0.00   79.66
21:42:37     all    6.62    0.00   10.54    0.00    0.00    3.19    0.49    0.00    0.00   79.17
21:42:38     all    6.06    0.00    8.84    0.00    0.00    3.03    0.00    0.00    0.00   82.07
21:42:39     all    6.80    0.00    9.71    0.00    0.00    4.37    0.24    0.00    0.00   78.88
21:42:40     all    6.14    0.00   10.07    0.00    0.00    3.19    0.00    0.00    0.00   80.59
21:42:41     all    6.37    0.00    9.80    0.00    0.00    4.17    0.00    0.00    0.00   79.66
21:42:42     all    6.81    0.00    9.49    0.00    0.00    3.89    0.00    0.00    0.00   79.81
21:42:43     all    7.26    0.00   10.17    0.00    0.00    3.39    0.00    0.00    0.00   79.18
21:42:44     all    5.96    0.00    9.18    0.00    0.00    3.97    0.00    0.00    0.00   80.89
21:42:45     all    6.57    0.00    9.98    0.00    0.00    4.14    0.00    0.00    0.00   79.32
21:42:46     all    5.78    0.00    9.80    0.00    0.00    2.76    0.25    0.00    0.00   81.41
21:42:47     all    6.20    0.00    8.93    0.00    0.00    3.97    0.25    0.00    0.00   80.65
21:42:48     all    6.88    0.00    9.34    0.00    0.00    3.44    0.25    0.00    0.00   80.10
21:42:49     all    6.37    0.00    9.31    0.00    0.00    3.68    0.00    0.00    0.00   80.64
21:42:50     all    6.16    0.00    9.36    0.49    0.00    3.94    0.25    0.00    0.00   79.80
21:42:51     all    4.74    0.00    3.49    0.00    0.00    1.00    0.00    0.00    0.00   90.77
21:42:52     all   51.26    0.00    4.52    0.00    0.00    4.02    0.00    0.00    0.00   40.20
21:42:53     all   61.35    0.00    6.98    0.00    0.00    4.74    0.00    0.00    0.00   26.93
21:42:54     all   20.75    0.00    8.25    0.25    0.00    3.25    0.00    0.00    0.00   67.50
21:42:55     all    8.82    0.00    8.06    0.00    0.00    2.77    0.00    0.00    0.00   80.35
21:42:56     all    8.21    0.00    8.21    0.00    0.00    3.73    0.00    0.00    0.00   79.85
21:42:57     all    9.48    0.00    8.23    0.00    0.00    3.49    0.00    0.00    0.00   78.80
21:42:58     all    8.91    0.00    8.14    0.00    0.00    2.29    0.00    0.00    0.00   80.66
21:42:59     all   13.68    0.00    7.71    0.00    0.00    3.23    0.25    0.00    0.00   75.12
21:43:00     all    8.82    0.00    8.06    0.00    0.00    2.52    0.00    0.00    0.00   80.60
21:43:01     all    8.27    0.00    7.52    0.00    0.00    3.51    0.00    0.00    0.00   80.70
21:43:02     all    9.55    0.00    7.79    0.00    0.00    3.02    0.00    0.00    0.00   79.65
21:43:03     all    8.61    0.00    7.34    0.00    0.00    3.04    0.00    0.00    0.00   81.01
21:43:04     all    9.30    0.00    8.29    0.00    0.00    3.02    0.00    0.00    0.00   79.40
21:43:05     all    8.08    0.00    7.83    0.00    0.00    3.03    0.00    0.00    0.00   81.06
21:43:06     all    8.61    0.00    7.34    0.00    0.00    2.78    0.00    0.00    0.00   81.27
21:43:07     all    8.86    0.00    7.34    0.00    0.00    3.04    0.00    0.00    0.00   80.76
21:43:08     all    8.68    0.00    8.93    0.00    0.00    2.98    0.25    0.00    0.00   79.16
21:43:09     all    9.27    0.00    7.77    0.00    0.00    3.51    0.00    0.00    0.00   79.45
21:43:10     all    8.79    0.00    7.79    0.00    0.00    2.76    0.00    0.00    0.00   80.65
21:43:11     all    8.98    0.00    8.23    0.00    0.00    3.24    0.25    0.00    0.00   79.30
21:43:12     all    8.50    0.00    8.50    0.00    0.00    3.25    0.00    0.00    0.00   79.75
21:43:13     all    9.27    0.00    7.52    0.00    0.00    2.76    0.00    0.00    0.00   80.45
21:43:14     all    8.52    0.00    7.77    0.00    0.00    2.76    0.00    0.00    0.00   80.95
21:43:15     all    8.82    0.00    7.81    0.00    0.00    3.02    0.00    0.00    0.00   80.35
21:43:16     all    8.54    0.00    7.29    0.00    0.00    3.27    0.00    0.00    0.00   80.90
21:43:17     all    8.48    0.00    8.48    0.00    0.00    3.24    0.25    0.00    0.00   79.55
21:43:18     all    9.57    0.00    7.56    0.00    0.00    3.27    0.00    0.00    0.00   79.60
21:43:19     all    8.77    0.00    8.02    0.00    0.00    3.26    0.25    0.00    0.00   79.70
21:43:20     all    8.84    0.00    7.32    0.00    0.00    2.78    0.00    0.00    0.00   81.06
21:43:21     all   30.12    0.00    7.65    0.00    0.00    3.95    0.00    0.00    0.00   58.27
21:43:22     all   13.17    0.00    9.51    0.00    0.00    3.90    0.00    0.00    0.00   73.41
21:43:23     all    8.02    0.00    9.27    0.00    0.00    4.26    0.00    0.00    0.00   78.45
21:43:24     all    7.04    0.00    9.30    0.00    0.00    4.02    0.50    0.00    0.00   79.15
21:43:25     all    8.15    0.00   10.62    0.00    0.00    4.20    0.00    0.00    0.00   77.04
21:43:26     all    8.62    0.00   10.34    0.00    0.00    4.19    0.00    0.00    0.00   76.85
21:43:27     all    6.35    0.00    9.39    0.00    0.00    4.06    0.25    0.00    0.00   79.95
21:43:28     all    7.88    0.00    9.85    0.00    0.00    3.94    0.00    0.00    0.00   78.33
21:43:29     all    7.39    0.00   10.84    0.00    0.00    3.94    0.25    0.00    0.00   77.59
21:43:30     all    7.88    0.00   10.59    0.00    0.00    3.94    0.00    0.00    0.00   77.59
21:43:31     all    7.88    0.00   10.34    0.00    0.00    3.94    0.00    0.00    0.00   77.83
21:43:32     all    7.79    0.00   10.71    0.00    0.00    4.38    0.24    0.00    0.00   76.89
21:43:33     all    7.92    0.00   10.40    0.00    0.00    3.71    0.00    0.00    0.00   77.97
21:43:34     all    6.35    0.00    8.88    0.00    0.00    4.06    0.25    0.00    0.00   80.46
21:43:35     all    7.75    0.00    9.25    0.00    0.00    3.75    0.25    0.00    0.00   79.00
21:43:36     all    7.86    0.00   10.07    0.00    0.00    4.18    0.00    0.00    0.00   77.89
21:43:37     all    8.15    0.00    9.63    0.25    0.00    4.44    0.00    0.00    0.00   77.53
21:43:38     all    6.39    0.00    8.95    0.00    0.00    3.58    0.00    0.00    0.00   81.07
21:43:39     all    7.18    0.00   10.40    0.00    0.00    4.70    0.50    0.00    0.00   77.23
21:43:40     all    7.37    0.00   10.32    0.00    0.00    4.18    0.49    0.00    0.00   77.64
21:43:41     all    6.98    0.00    9.73    0.00    0.00    4.24    0.25    0.00    0.00   78.80
21:43:42     all    7.52    0.00    9.27    0.00    0.00    4.01    0.00    0.00    0.00   79.20
21:43:43     all    7.52    0.00    9.52    0.00    0.00    3.76    0.00    0.00    0.00   79.20
21:43:44     all    7.58    0.00    8.59    0.00    0.00    4.04    0.25    0.00    0.00   79.55
21:43:45     all    6.73    0.00   10.47    0.00    0.00    3.74    0.00    0.00    0.00   79.05
21:43:46     all    7.25    0.00    9.75    0.00    0.00    4.00    0.00    0.00    0.00   79.00
21:43:47     all    7.73    0.00    9.48    0.00    0.00    3.49    0.25    0.00    0.00   79.05
21:43:48     all    6.98    0.00    9.48    0.00    0.00    3.99    0.25    0.00    0.00   79.30
21:43:49     all    7.75    0.00   10.00    0.00    0.00    3.50    0.00    0.00    0.00   78.75
21:43:50     all    6.53    0.00   10.05    0.00    0.00    3.77    0.25    0.00    0.00   79.40
21:43:51     all    8.62    0.00    8.09    0.00    0.00    4.96    0.00    0.00    0.00   78.33
21:43:52     all   10.47    0.00   14.96    0.00    0.00    7.73    0.25    0.00    0.00   66.58
21:43:53     all   11.89    0.00   15.53    0.00    0.00    7.77    0.24    0.00    0.00   64.56
21:43:54     all   10.18    0.00   13.49    0.00    0.00    7.63    0.00    0.00    0.00   68.70
21:43:55     all    9.14    0.00   12.79    0.00    0.00    7.05    0.26    0.00    0.00   70.76
21:43:56     all    8.83    0.00   13.25    0.00    0.00    7.53    0.00    0.00    0.00   70.39
21:43:57     all   12.32    0.00   16.18    0.00    0.00    7.73    0.00    0.00    0.00   63.77
21:43:58     all   10.81    0.00   14.50    0.00    0.00    8.60    0.25    0.00    0.00   65.85
21:43:59     all    8.92    0.00   12.34    0.00    0.00    7.09    0.26    0.00    0.00   71.39
21:44:00     all    9.56    0.00   12.92    0.00    0.00    7.24    0.26    0.00    0.00   70.03
21:44:01     all    8.33    0.00   12.50    0.00    0.00    8.33    0.00    0.00    0.00   70.83
21:44:02     all    9.67    0.00   13.99    0.00    0.00    7.38    0.25    0.00    0.00   68.70
21:44:03     all    8.68    0.00   13.68    0.00    0.00    6.58    0.00    0.00    0.00   71.05
21:44:04     all    9.71    0.00   12.60    0.00    0.00    6.56    0.00    0.00    0.00   71.13
21:44:05     all   11.39    0.00   13.67    0.00    0.00    7.59    0.25    0.00    0.00   67.09
21:44:06     all   13.12    0.00   15.10    0.00    0.00    8.17    0.50    0.00    0.00   63.12
21:44:07     all    9.16    0.00   11.78    0.00    0.00    8.38    0.00    0.00    0.00   70.68
21:44:08     all   10.08    0.00   13.18    0.00    0.00    7.24    0.00    0.00    0.00   69.51
21:44:09     all   10.44    0.00   12.53    0.00    0.00    6.79    0.00    0.00    0.00   70.23
21:44:10     all    9.49    0.00   13.59    0.00    0.00    7.95    0.26    0.00    0.00   68.72
21:44:11     all   10.08    0.00   13.60    0.00    0.00    8.31    0.50    0.00    0.00   67.51
21:44:12     all    9.09    0.00   13.51    0.00    0.00    8.05    0.00    0.00    0.00   69.35
21:44:13     all   10.10    0.00   13.13    0.00    0.00    8.33    0.00    0.00    0.00   68.43
21:44:14     all    8.78    0.00   11.70    0.00    0.00    6.91    0.27    0.00    0.00   72.34
21:44:15     all    8.57    0.00   12.99    0.00    0.00    7.27    0.00    0.00    0.00   71.17
21:44:16     all   12.71    0.00   16.24    0.00    0.00    9.18    0.00    0.00    0.00   61.88
21:44:17     all   11.71    0.00   14.15    0.00    0.00    7.56    0.49    0.00    0.00   66.10
21:44:18     all    8.49    0.00   11.14    0.00    0.00    7.69    0.27    0.00    0.00   72.41
21:44:19     all    9.04    0.00   13.95    0.00    0.00    7.49    0.00    0.00    0.00   69.51
21:44:20     all    9.61    0.00   12.73    0.00    0.00    8.05    0.00    0.00    0.00   69.61
21:44:21     all    8.90    0.00   10.47    0.26    0.00    7.33    0.26    0.00    0.00   72.77
21:44:22     all   13.13    0.00   15.08    0.00    0.00    8.10    0.28    0.00    0.00   63.41
21:44:23     all   14.33    0.00   16.12    0.00    0.00    6.87    0.30    0.00    0.00   62.39
21:44:24     all   15.15    0.00   16.36    0.00    0.00    6.97    0.30    0.00    0.00   61.21
21:44:25     all   13.90    0.00   18.73    0.00    0.00    6.65    0.00    0.00    0.00   60.73
21:44:26     all   13.19    0.00   17.79    0.00    0.00    6.44    0.00    0.00    0.00   62.58
21:44:27     all   13.65    0.00   18.40    0.00    0.00    8.01    0.00    0.00    0.00   59.94
21:44:28     all   14.66    0.00   18.48    0.00    0.00    7.62    0.59    0.00    0.00   58.65
21:44:29     all   14.37    0.00   18.18    0.00    0.00    7.62    0.29    0.00    0.00   59.53
21:44:30     all   12.65    0.00   19.28    0.00    0.00    7.83    0.00    0.00    0.00   60.24
21:44:31     all   13.11    0.00   18.60    0.00    0.00    7.32    0.00    0.00    0.00   60.98
21:44:32     all   13.65    0.00   17.51    0.00    0.00    8.31    0.59    0.00    0.00   59.94
21:44:33     all   13.50    0.00   18.71    0.00    0.00    6.13    0.31    0.00    0.00   61.35
21:44:34     all   13.29    0.00   19.03    0.00    0.00    6.34    0.30    0.00    0.00   61.03
21:44:35     all   16.22    0.00   18.29    0.00    0.00    7.67    0.00    0.00    0.00   57.82
21:44:36     all   13.94    0.00   17.27    0.00    0.00    6.97    0.00    0.00    0.00   61.82
21:44:37     all   12.69    0.00   17.22    0.00    0.00    8.76    0.60    0.00    0.00   60.73
21:44:38     all   13.11    0.00   17.38    0.00    0.00    7.93    0.00    0.00    0.00   61.59
21:44:39     all   12.99    0.00   17.22    0.00    0.00    8.16    0.30    0.00    0.00   61.33
21:44:40     all   12.68    0.00   19.76    0.00    0.00    7.96    0.00    0.00    0.00   59.59
21:44:41     all   13.16    0.00   18.71    0.00    0.00    7.60    0.88    0.00    0.00   59.65
21:44:42     all   14.45    0.00   18.29    0.00    0.00    7.96    0.00    0.00    0.00   59.29
21:44:43     all   12.84    0.00   17.74    0.00    0.00    7.34    0.00    0.00    0.00   62.08
21:44:44     all   13.43    0.00   18.21    0.00    0.00    7.76    0.30    0.00    0.00   60.30
21:44:45     all   12.95    0.00   17.17    0.00    0.00    8.73    0.30    0.00    0.00   60.84
21:44:46     all   13.07    0.00   17.93    0.00    0.00    7.29    0.30    0.00    0.00   61.40
21:44:47     all   13.20    0.00   19.06    0.00    0.00    8.50    0.00    0.00    0.00   59.24
21:44:48     all   13.94    0.00   16.97    0.00    0.00    7.27    0.00    0.00    0.00   61.82
21:44:49     all   14.12    0.00   19.71    0.00    0.00    6.76    0.29    0.00    0.00   59.12
21:44:50     all   14.08    0.00   18.48    0.00    0.00    7.92    0.29    0.00    0.00   59.24
21:44:51     all   11.30    0.00   14.49    0.00    0.00    6.09    0.58    0.00    0.00   67.54
21:44:52     all   18.11    0.00   25.07    0.00    0.00    8.91    0.00    0.00    0.00   47.91
21:44:53     all   23.51    0.00   29.72    0.00    0.00   10.08    0.00    0.00    0.00   36.69
21:44:54     all   23.65    0.00   29.56    0.00    0.00   10.28    0.51    0.00    0.00   35.99
21:44:55     all   21.97    0.00   31.82    0.25    0.00   10.61    0.00    0.00    0.00   35.35
21:44:56     all   22.84    0.00   29.70    0.00    0.00   10.41    0.25    0.00    0.00   36.80
21:44:57     all   23.85    0.00   29.74    0.00    0.00   10.26    0.00    0.00    0.00   36.15
21:44:58     all   22.59    0.00   31.22    0.00    0.00   10.91    0.25    0.00    0.00   35.03
21:44:59     all   22.92    0.00   30.48    0.00    0.00   10.08    0.50    0.00    0.00   36.02
21:45:00     all   22.54    0.00   31.61    0.00    0.00   10.36    0.00    0.00    0.00   35.49
21:45:01     all   24.16    0.00   30.08    0.00    0.00   10.28    0.00    0.00    0.00   35.48
21:45:02     all   22.77    0.00   29.95    0.00    0.00   11.14    1.24    0.00    0.00   34.90
21:45:03     all   23.13    0.00   30.10    0.00    0.00   10.95    0.50    0.00    0.00   35.32
21:45:04     all   22.92    0.00   29.47    0.00    0.00   12.09    0.50    0.00    0.00   35.01
21:45:05     all   23.71    0.00   30.15    0.00    0.00   10.57    0.00    0.00    0.00   35.57
21:45:06     all   23.86    0.00   28.93    0.00    0.00   11.17    1.02    0.00    0.00   35.03
21:45:07     all   22.90    0.00   31.81    0.00    0.00   10.18    0.00    0.00    0.00   35.11
21:45:08     all   23.99    0.00   30.05    0.00    0.00    9.85    0.76    0.00    0.00   35.35
21:45:09     all   23.65    0.00   30.59    0.00    0.00   10.54    0.00    0.00    0.00   35.22
21:45:10     all   23.16    0.00   30.79    0.00    0.00   10.18    0.00    0.00    0.00   35.88
21:45:11     all   23.85    0.00   31.03    0.00    0.00    9.74    0.26    0.00    0.00   35.13
21:45:12     all   23.02    0.00   30.43    0.00    0.00   11.00    0.26    0.00    0.00   35.29
21:45:13     all   22.42    0.00   31.99    0.00    0.00   10.58    0.50    0.00    0.00   34.51
21:45:14     all   23.20    0.00   30.15    0.00    0.00   11.08    0.00    0.00    0.00   35.57
21:45:15     all   23.80    0.00   31.14    0.00    0.00    9.37    0.00    0.00    0.00   35.70
21:45:16     all   22.59    0.00   30.96    0.00    0.00    9.64    0.25    0.00    0.00   36.55
21:45:17     all   25.19    0.00   30.79    0.00    0.00   10.43    0.25    0.00    0.00   33.33
21:45:18     all   22.45    0.00   31.63    0.00    0.00   10.71    0.26    0.00    0.00   34.95
21:45:19     all   22.14    0.00   30.79    0.00    0.00   10.94    0.51    0.00    0.00   35.62
21:45:20     all   23.80    0.00   29.37    0.00    0.00   10.89    0.25    0.00    0.00   35.70
21:45:21     all   21.41    0.00   25.33    0.00    0.00   11.49    0.00    0.00    0.00   41.78
21:45:22     all   25.00    0.00   32.26    0.00    0.00   15.86    0.00    0.00    0.00   26.88
21:45:23     all   25.19    0.00   33.51    0.00    0.00   15.58    0.00    0.00    0.00   25.71
21:45:24     all   26.03    0.00   33.25    0.00    0.00   14.95    0.00    0.00    0.00   25.77
21:45:25     all   23.92    0.00   32.80    0.00    0.00   15.86    0.00    0.00    0.00   27.42
21:45:26     all   23.66    0.00   33.60    0.00    0.00   16.40    0.27    0.00    0.00   26.08
21:45:27     all   25.90    0.00   33.61    0.00    0.00   17.08    0.28    0.00    0.00   23.14
21:45:28     all   29.68    0.00   35.83    0.00    0.00   13.64    0.00    0.00    0.00   20.86
21:45:29     all   28.79    0.00   39.85    0.00    0.00   13.37    0.26    0.00    0.00   17.74
21:45:30     all   27.58    0.00   34.79    0.00    0.00   16.24    0.00    0.00    0.00   21.39
21:45:31     all   25.95    0.00   33.84    0.00    0.00   13.99    0.00    0.00    0.00   26.21
21:45:32     all   27.02    0.00   34.85    0.00    0.00   15.66    0.25    0.00    0.00   22.22
21:45:33     all   29.47    0.00   40.05    0.00    0.00   14.36    0.00    0.00    0.00   16.12
21:45:34     all   26.67    0.00   33.87    0.00    0.00   13.33    0.27    0.00    0.00   25.87
21:45:35     all   26.58    0.00   34.74    0.00    0.00   15.26    0.26    0.00    0.00   23.16
21:45:36     all   28.54    0.00   38.13    0.00    0.00   12.63    0.00    0.00    0.00   20.71
21:45:37     all   25.93    0.00   32.80    0.00    0.00   12.96    0.00    0.00    0.00   28.31
21:45:38     all   25.07    0.00   32.72    0.00    0.00   12.93    0.26    0.00    0.00   29.02
21:45:39     all   25.00    0.00   34.04    0.00    0.00   11.17    0.00    0.00    0.00   29.79
21:45:40     all   26.63    0.00   32.64    0.00    0.00   13.58    0.00    0.00    0.00   27.15
21:45:41     all   28.04    0.00   36.77    0.00    0.00   15.34    0.26    0.00    0.00   19.58
21:45:42     all   26.03    0.00   33.15    0.00    0.00   15.34    0.00    0.00    0.00   25.48
21:45:43     all   24.38    0.00   33.70    0.00    0.00   15.89    0.00    0.00    0.00   26.03
21:45:44     all   24.80    0.00   33.24    0.00    0.00   15.53    0.54    0.00    0.00   25.89
21:45:45     all   24.32    0.00   33.06    0.00    0.00   16.94    0.00    0.00    0.00   25.68
21:45:46     all   25.41    0.00   33.70    0.00    0.00   14.92    0.00    0.00    0.00   25.97
21:45:47     all   24.23    0.00   33.70    0.00    0.00   15.04    0.00    0.00    0.00   27.02
21:45:48     all   26.61    0.00   33.60    0.00    0.00   17.20    0.27    0.00    0.00   22.31
21:45:49     all   28.91    0.00   35.94    0.00    0.00   19.53    0.00    0.00    0.00   15.62
21:45:50     all   28.98    0.00   38.64    0.00    0.00   17.75    0.00    0.00    0.00   14.62
21:45:51     all   21.01    0.00   24.47    0.00    0.00   12.50    0.80    0.00    0.00   41.22
21:45:52     all   21.54    0.00   28.46    0.00    0.00   11.97    0.00    0.00    0.00   38.03
21:45:53     all   32.85    0.00   38.89    0.00    0.00   14.49    0.00    0.00    0.00   13.77
21:45:54     all   31.41    0.00   39.70    0.00    0.00   15.08    0.25    0.00    0.00   13.57
21:45:55     all   30.69    0.00   38.62    0.00    0.00   19.69    0.00    0.00    0.00   11.00
21:45:56     all   31.02    0.00   40.69    0.00    0.00   14.39    0.25    0.00    0.00   13.65
21:45:57     all   30.30    0.00   41.67    0.00    0.00   15.91    0.00    0.00    0.00   12.12
21:45:58     all   30.90    0.00   38.69    0.00    0.00   17.59    0.50    0.00    0.00   12.31
21:45:59     all   30.69    0.00   39.90    0.00    0.00   18.41    0.00    0.00    0.00   11.00
21:46:00     all   29.82    0.00   36.76    0.00    0.00   20.82    0.00    0.00    0.00   12.60
21:46:01     all   29.52    0.00   37.40    0.00    0.00   22.14    0.00    0.00    0.00   10.94
21:46:02     all   29.26    0.00   39.95    0.00    0.00   19.59    0.00    0.00    0.00   11.20
21:46:03     all   30.13    0.00   37.66    0.00    0.00   19.48    0.26    0.00    0.00   12.47
21:46:04     all   29.43    0.00   38.02    0.00    0.00   19.79    0.00    0.00    0.00   12.76
21:46:05     all   32.06    0.00   39.95    0.00    0.00   16.03    0.76    0.00    0.00   11.20
21:46:06     all   30.87    0.00   39.54    0.00    0.00   15.82    0.00    0.00    0.00   13.78
21:46:07     all   31.73    0.00   40.61    0.00    0.00   13.45    0.00    0.00    0.00   14.21
21:46:08     all   31.49    0.00   40.81    0.00    0.00   14.61    0.00    0.00    0.00   13.10
21:46:09     all   31.04    0.00   38.93    0.00    0.00   17.05    0.25    0.00    0.00   12.72
21:46:10     all   28.46    0.00   37.34    0.00    0.00   20.89    0.00    0.00    0.00   13.32
21:46:11     all   28.90    0.00   35.81    0.00    0.00   22.25    0.51    0.00    0.00   12.53
21:46:12     all   29.56    0.00   38.30    0.00    0.00   22.11    0.00    0.00    0.00   10.03
21:46:13     all   30.96    0.00   36.80    0.00    0.00   22.08    0.00    0.00    0.00   10.15
21:46:14     all   30.00    0.00   36.15    0.00    0.00   21.28    0.00    0.00    0.00   12.56
21:46:15     all   30.83    0.00   39.12    0.00    0.00   18.65    0.00    0.00    0.00   11.40
21:46:16     all   28.50    0.00   37.40    0.00    0.00   20.36    0.00    0.00    0.00   13.74
21:46:17     all   29.49    0.00   39.49    0.00    0.00   21.03    0.00    0.00    0.00   10.00
21:46:18     all   29.16    0.00   38.62    0.00    0.00   20.97    0.26    0.00    0.00   11.00
21:46:19     all   30.26    0.00   37.18    0.00    0.00   19.74    0.77    0.00    0.00   12.05
21:46:20     all   29.16    0.00   39.64    0.00    0.00   19.95    0.00    0.00    0.00   11.25
21:46:21     all   18.58    0.00   22.90    0.00    0.00   11.70    0.00    0.00    0.00   46.82
21:46:22     all    7.32    0.00    2.53    0.00    0.00    1.77    0.00    0.00    0.00   88.38
21:46:23     all   11.70    0.00    6.62    0.00    0.00    2.80    0.00    0.00    0.00   78.88
21:46:24     all    8.14    0.00    7.12    0.00    0.00    3.05    0.00    0.00    0.00   81.68
21:46:25     all    9.30    0.00    8.04    0.00    0.00    2.76    0.00    0.00    0.00   79.90
21:46:26     all    8.52    0.00    7.77    0.00    0.00    3.26    0.00    0.00    0.00   80.45
21:46:27     all    8.65    0.00    6.87    0.00    0.00    2.54    0.00    0.00    0.00   81.93
21:46:28     all    8.46    0.00    7.71    0.00    0.00    3.48    0.00    0.00    0.00   80.35
21:46:29     all    8.33    0.00    7.83    0.00    0.00    2.53    0.00    0.00    0.00   81.31
21:46:30     all    8.56    0.00    7.56    0.00    0.00    2.77    0.00    0.00    0.00   81.11
21:46:31     all    8.46    0.00    8.21    0.00    0.00    3.23    0.00    0.00    0.00   80.10
21:46:32     all    9.02    0.00    8.02    0.00    0.00    2.76    0.00    0.00    0.00   80.20
21:46:33     all    8.35    0.00    6.84    0.00    0.00    3.29    0.00    0.00    0.00   81.52
21:46:34     all    8.08    0.00    7.58    0.00    0.00    3.03    0.00    0.00    0.00   81.31
21:46:35     all    8.35    0.00    7.85    0.00    0.00    2.78    0.00    0.00    0.00   81.01
21:46:36     all    8.77    0.00    7.52    0.00    0.00    3.01    0.25    0.00    0.00   80.45
21:46:37     all    8.77    0.00    7.27    0.00    0.00    3.26    0.00    0.00    0.00   80.70
21:46:38     all    7.83    0.00    8.08    0.00    0.00    2.78    0.00    0.00    0.00   81.31
21:46:39     all    9.32    0.00    7.30    0.00    0.00    2.77    0.25    0.00    0.00   80.35
21:46:40     all    8.73    0.00    8.23    0.00    0.00    2.99    0.25    0.00    0.00   79.80
21:46:41     all    8.61    0.00    7.34    0.00    0.00    2.78    0.00    0.00    0.00   81.27
21:46:42     all    8.25    0.00    7.75    0.00    0.00    3.00    0.00    0.00    0.00   81.00
21:46:43     all    8.79    0.00    7.54    0.00    0.00    3.27    0.00    0.00    0.00   80.40
21:46:44     all    8.31    0.00    7.30    0.00    0.00    3.02    0.25    0.00    0.00   81.11
21:46:45     all    8.52    0.00    8.02    0.00    0.00    3.01    0.00    0.00    0.00   80.45
21:46:46     all    8.06    0.00    7.81    0.00    0.00    3.02    0.00    0.00    0.00   81.11
21:46:47     all    8.48    0.00    7.98    0.00    0.00    3.24    0.00    0.00    0.00   80.30
21:46:48     all    8.59    0.00    7.32    0.00    0.00    2.53    0.00    0.00    0.00   81.57
21:46:49     all    8.35    0.00    7.85    0.00    0.00    2.78    0.00    0.00    0.00   81.01
21:46:50     all    8.59    0.00    7.83    0.00    0.00    3.03    0.00    0.00    0.00   80.56
21:46:51     all    7.54    0.00    5.53    0.00    0.00    1.76    0.00    0.00    0.00   85.18
21:46:52     all    7.52    0.00    2.26    0.00    0.00    1.50    0.00    0.00    0.00   88.72
21:46:53     all   27.41    0.00   10.66    0.00    0.00    5.33    0.00    0.00    0.00   56.60
21:46:54     all   23.48    0.00   13.89    0.00    0.00    6.06    0.25    0.00    0.00   56.31
21:46:55     all   19.20    0.00   13.97    0.00    0.00    5.49    0.50    0.00    0.00   60.85
21:46:56     all   21.89    0.00   16.17    0.00    0.00    6.22    0.25    0.00    0.00   55.47
21:46:57     all   21.61    0.00   17.09    0.00    0.00    6.78    0.00    0.00    0.00   54.52
21:46:58     all   21.36    0.00   17.09    0.00    0.00    6.28    0.00    0.00    0.00   55.28
21:46:59     all   22.08    0.00   17.12    0.00    0.00    5.71    0.00    0.00    0.00   55.09
21:47:00     all   21.16    0.00   15.87    0.00    0.00    6.30    0.00    0.00    0.00   56.68
21:47:01     all   18.73    0.00   16.46    0.00    0.00    6.08    0.00    0.00    0.00   58.73
21:47:02     all   21.04    0.00   16.58    0.00    0.00    6.68    0.25    0.00    0.00   55.45
21:47:03     all   21.16    0.00   17.88    0.00    0.00    5.54    0.00    0.00    0.00   55.42
21:47:04     all   20.25    0.00   16.25    0.00    0.00    6.00    0.00    0.00    0.00   57.50
21:47:05     all   21.16    0.00   16.62    0.00    0.00    5.29    0.25    0.00    0.00   56.68
21:47:06     all   20.05    0.00   16.79    0.00    0.00    6.02    0.00    0.00    0.00   57.14
21:47:07     all   20.00    0.00   16.00    0.00    0.00    6.00    0.25    0.00    0.00   57.75
21:47:08     all   21.29    0.00   17.33    0.00    0.00    5.69    0.25    0.00    0.00   55.45
21:47:09     all   20.60    0.00   15.83    0.00    0.00    6.28    0.00    0.00    0.00   57.29
21:47:10     all   20.30    0.00   16.29    0.00    0.00    5.51    0.00    0.00    0.00   57.89
21:47:11     all   20.00    0.00   15.80    0.00    0.00    6.17    0.00    0.00    0.00   58.02
21:47:12     all   20.30    0.00   15.23    0.00    0.00    6.85    0.00    0.00    0.00   57.61
21:47:13     all   20.55    0.00   17.54    0.00    0.00    5.51    0.00    0.00    0.00   56.39
21:47:14     all   21.07    0.00   15.48    0.00    0.00    6.35    0.00    0.00    0.00   57.11
21:47:15     all   21.45    0.00   16.21    0.00    0.00    6.23    0.00    0.00    0.00   56.11
21:47:16     all   20.75    0.00   16.00    0.00    0.00    5.75    0.50    0.00    0.00   57.00
21:47:17     all   20.10    0.00   15.58    0.00    0.00    6.03    0.00    0.00    0.00   58.29
21:47:18     all   20.30    0.00   16.79    0.00    0.00    5.76    0.50    0.00    0.00   56.64
21:47:19     all   21.46    0.00   15.66    0.00    0.00    6.57    0.00    0.00    0.00   56.31
21:47:20     all   21.61    0.00   15.83    0.00    0.00    5.78    0.00    0.00    0.00   56.78
21:47:21     all   18.43    0.00   11.87    0.00    0.00    4.80    0.00    0.00    0.00   64.90
21:47:22     all    3.52    0.00    1.76    0.00    0.00    1.51    0.00    0.00    0.00   93.22
21:47:23     all   27.71    0.00   11.34    0.00    0.00    6.30    0.00    0.00    0.00   54.66
21:47:24     all   32.74    0.00   16.37    0.00    0.00    8.70    0.00    0.00    0.00   42.20
21:47:25     all   33.33    0.00   17.93    0.00    0.00    9.09    0.00    0.00    0.00   39.65
21:47:26     all   38.58    0.00   20.05    0.00    0.00    8.88    0.25    0.00    0.00   32.23
21:47:27     all   30.05    0.00   20.71    0.00    0.00    8.33    0.25    0.00    0.00   40.66
21:47:28     all   32.90    0.00   20.98    0.00    0.00    7.77    0.00    0.00    0.00   38.34
21:47:29     all   31.39    0.00   25.06    0.00    0.00    9.87    0.00    0.00    0.00   33.67
21:47:30     all   30.67    0.00   26.80    0.26    0.00    9.54    0.00    0.00    0.00   32.73
21:47:31     all   29.27    0.00   26.42    0.00    0.00    9.33    0.26    0.00    0.00   34.72
21:47:32     all   30.05    0.00   25.91    0.00    0.00    8.81    0.00    0.00    0.00   35.23
21:47:33     all   33.25    0.00   25.38    0.00    0.00   10.66    0.25    0.00    0.00   30.46
21:47:34     all   29.23    0.00   26.15    0.00    0.00   10.00    0.00    0.00    0.00   34.62
21:47:35     all   32.14    0.00   25.00    0.00    0.00   10.46    0.00    0.00    0.00   32.40
21:47:36     all   28.72    0.00   25.90    0.00    0.00    9.49    0.00    0.00    0.00   35.90
21:47:37     all   31.81    0.00   25.45    0.00    0.00    9.67    0.25    0.00    0.00   32.82
21:47:38     all   31.06    0.00   25.25    0.00    0.00   10.10    0.25    0.00    0.00   33.33
21:47:39     all   31.63    0.00   24.23    0.00    0.00    9.18    0.00    0.00    0.00   34.95
21:47:40     all   30.93    0.00   25.00    0.00    0.00    8.76    0.00    0.00    0.00   35.31
21:47:41     all   29.53    0.00   24.09    0.00    0.00    8.81    0.00    0.00    0.00   37.56
21:47:42     all   30.36    0.00   25.51    0.00    0.00   10.46    0.00    0.00    0.00   33.67
21:47:43     all   31.90    0.00   26.08    0.00    0.00   10.89    0.00    0.00    0.00   31.14
21:47:44     all   30.38    0.00   24.56    0.00    0.00   10.63    0.25    0.00    0.00   34.18
21:47:45     all   30.31    0.00   25.39    0.00    0.00   10.10    0.00    0.00    0.00   34.20
21:47:46     all   32.82    0.00   25.70    0.00    0.00   10.18    0.51    0.00    0.00   30.79
21:47:47     all   29.19    0.00   26.90    0.00    0.00    9.64    0.00    0.00    0.00   34.26
21:47:48     all   31.35    0.00   24.87    0.00    0.00    9.84    0.26    0.00    0.00   33.68
21:47:49     all   30.18    0.00   25.58    0.00    0.00   10.23    0.00    0.00    0.00   34.02
21:47:50     all   29.49    0.00   24.36    0.00    0.00   10.26    0.00    0.00    0.00   35.90
21:47:51     all   31.46    0.00   21.99    0.00    0.00    8.44    0.00    0.00    0.00   38.11
21:47:52     all    2.02    0.00    1.26    0.00    0.00    1.01    0.00    0.00    0.00   95.71
21:47:53     all   18.69    0.00   10.61    0.00    0.00    7.07    0.00    0.00    0.00   63.64
21:47:54     all   24.94    0.00   14.29    0.00    0.00    8.57    0.00    0.00    0.00   52.21
21:47:55     all   30.57    0.00   20.21    0.00    0.00    8.55    0.26    0.00    0.00   40.41
21:47:56     all   33.07    0.00   22.40    0.00    0.00    8.33    0.26    0.00    0.00   35.94
21:47:57     all   35.13    0.00   25.64    0.00    0.00   10.51    0.00    0.00    0.00   28.72
21:47:58     all   34.92    0.00   30.90    0.00    0.00   14.32    0.00    0.00    0.00   19.85
21:47:59     all   39.34    0.00   27.92    0.00    0.00   16.50    0.00    0.00    0.00   16.24
21:48:00     all   37.75    0.00   29.75    0.00    0.00   17.25    0.25    0.00    0.00   15.00
21:48:01     all   41.16    0.00   27.78    0.00    0.00   18.43    0.00    0.00    0.00   12.63
21:48:02     all   41.10    0.00   26.32    0.00    0.00   17.04    0.25    0.00    0.00   15.29
21:48:03     all   43.94    0.00   25.51    0.00    0.00   17.68    0.00    0.00    0.00   12.88
21:48:04     all   40.75    0.00   26.25    0.00    0.00   17.75    0.00    0.00    0.00   15.25
21:48:05     all   42.07    0.00   27.96    0.00    0.00   16.62    0.00    0.00    0.00   13.35
21:48:06     all   41.31    0.00   29.47    0.00    0.00   16.62    0.00    0.00    0.00   12.59
21:48:07     all   39.75    0.00   27.59    0.00    0.00   17.97    0.00    0.00    0.00   14.68
21:48:08     all   41.16    0.00   27.78    0.00    0.00   16.67    0.00    0.00    0.00   14.39
21:48:09     all   38.00    0.00   30.75    0.00    0.00   16.25    0.00    0.00    0.00   15.00
21:48:10     all   34.01    0.00   29.70    0.00    0.00   17.01    0.25    0.00    0.00   19.04
21:48:11     all   37.06    0.00   31.34    0.00    0.00   17.66    0.00    0.00    0.00   13.93
21:48:12     all   38.23    0.00   30.63    0.00    0.00   17.47    0.00    0.00    0.00   13.67
21:48:13     all   41.67    0.00   28.54    0.00    0.00   15.66    0.25    0.00    0.00   13.89
21:48:14     all   38.10    0.00   27.32    0.00    0.00   19.05    0.00    0.00    0.00   15.54
21:48:15     all   35.61    0.00   27.78    0.00    0.00   18.18    0.00    0.00    0.00   18.43
21:48:16     all   39.39    0.00   30.05    0.00    0.00   17.17    0.00    0.00    0.00   13.38
21:48:17     all   36.68    0.00   30.90    0.00    0.00   16.08    0.00    0.00    0.00   16.33
21:48:18     all   38.79    0.00   31.23    0.00    0.00   16.88    0.00    0.00    0.00   13.10
21:48:19     all   37.63    0.00   30.05    0.00    0.00   17.42    0.00    0.00    0.00   14.90
21:48:20     all   40.81    0.00   30.23    0.00    0.00   16.88    0.25    0.00    0.00   11.84
21:48:21     all   38.60    0.00   30.08    0.00    0.00   15.79    0.00    0.00    0.00   15.54
