1790888747 107520
1790888748 123812
1790888749 189112
1790888750 200836
1790888752 208044
1790888753 208076
1790888754 208820
1790888755 208820
1790888756 208888
1790888757 208936
1790888758 208936
1790888759 208944
1790888760 208980
1790888761 208988
1790888762 209000
1790888763 209012
1790888764 209012
1790888765 209032
1790888766 209052
1790888767 209072
1790888768 209084
1790888769 209084
1790888770 209084
1790888771 209084
1790888772 210568
1790888773 210568
1790888774 210620
1790888775 210620
1790888776 210628
1790888777 210628
1790888778 211668
1790888779 224256
1790888780 233424
1790888781 233440
1790888783 241676
1790888784 241664
1790888785 241676
1790888786 241780
1790888787 241860
1790888788 241864
1790888789 241864
1790888790 241864
1790888791 241872
1790888792 241872
1790888793 241876
1790888794 241876
1790888795 241876
1790888796 241876
1790888797 241884
1790888798 241884
1790888799 241884
1790888800 241884
1790888801 241884
1790888802 241884
1790888803 241884
1790888804 241884
1790888805 241884
1790888806 241892
1790888807 241892
1790888808 242484
1790888809 242532
1790888810 242536
1790888811 242536
1790888812 242540
1790888814 242540
1790888815 242540
1790888816 242540
1790888817 242552
1790888818 242552
1790888819 242552
1790888820 242552
1790888821 242552
1790888822 242552
1790888823 242552
1790888824 242552
1790888825 242552
1790888826 242552
1790888827 242552
1790888828 242552
1790888829 242552
1790888830 242552
1790888831 242552
1790888832 244636
1790888833 245176
1790888834 245176
1790888835 245176
1790888836 245180
1790888837 245180
1790888838 245268
1790888839 245276
1790888840 245276
1790888841 245276
1790888843 245280
1790888844 245280
1790888845 245284
1790888846 245284
1790888847 245288
1790888848 245288
1790888849 245288
1790888850 246040
1790888851 247424
1790888852 247424
1790888853 247424
1790888854 247428
1790888855 247432
1790888856 247432
1790888857 247432
1790888858 247432
1790888859 247432
1790888860 247432
1790888861 247432
1790888862 247432
1790888863 247432
1790888864 247432
1790888865 247432
1790888866 247436
1790888867 247436
1790888868 247508
1790888870 247528
1790888871 247532
1790888872 247532
1790888873 247540
1790888874 247540
1790888875 247544
1790888876 247552
1790888877 249680
1790888878 249680
1790888879 249680
1790888880 249684
1790888881 249684
1790888882 249684
1790888883 249684
1790888884 249684
1790888885 249688
1790888886 249688
1790888887 249688
1790888888 249688
1790888889 249688
1790888891 249688
1790888892 249688
1790888893 249688
1790888894 249688
1790888895 249688
1790888896 249688
1790888897 249688
1790888898 249716
1790888899 249732
1790888900 249732
1790888901 249732
1790888902 249740
1790888903 249740
1790888904 249748
1790888905 251864
1790888906 251864
1790888907 251864
1790888908 251864
1790888909 251864
1790888911 251864
1790888912 251864
1790888913 251864
1790888914 251864
1790888915 251864
1790888916 251864
1790888917 251864
1790888918 251864
1790888919 251864
1790888920 251864
1790888921 251864
1790888922 251864
1790888923 251864
1790888924 251864
1790888925 251864
1790888926 251864
1790888927 251864
1790888928 251904
1790888930 251956
1790888931 251956
1790888932 251960
1790888933 251960
1790888934 253036
1790888935 254096
1790888936 254096
1790888937 254096
1790888938 254096
1790888939 254096
1790888940 254096
1790888941 254096
1790888943 254096
1790888944 254096
1790888945 254096
1790888946 254096
1790888947 254096
1790888948 254100
1790888949 254100
1790888950 254100
1790888951 254100
1790888952 254100
1790888953 254100
1790888954 254100
1790888955 254100
1790888957 254100
1790888958 254100
1790888959 254268
1790888960 254324
1790888961 254332
1790888962 254340
1790888963 255760
1790888964 256480
1790888965 256480
1790888966 256480
1790888967 256480
1790888969 256484
1790888970 256484
1790888971 256484
1790888972 256484
1790888973 256484
1790888975 256484
1790888976 256484
1790888977 256484
1790888978 256484
1790888979 256484
1790888980 256484
1790888981 256484
1790888982 256488
1790888983 256488
1790888985 256488
1790888986 256488
1790888987 256488
1790888988 256488
1790888989 256652
1790888990 256716
1790888991 256716
1790888992 261936
1790888993 261936
1790888994 261944
1790888995 261944
1790888996 261944
1790888997 261948
1790888998 261948
1790888999 261948
1790889000 261948
1790889001 261948
1790889002 261956
1790889003 261956
1790889004 261956
1790889005 261956
1790889006 261956
1790889007 261956
1790889008 261956
1790889010 261960
1790889011 261960
1790889012 261960
1790889013 261960
1790889014 261960
1790889015 261960
1790889016 261960
1790889017 261960
1790889018 261960
1790889019 262012
1790889020 262120
1790889021 271232
1790889022 271508
1790889023 271512
1790889024 271516
1790889025 271520
1790889026 271520
1790889027 271520
1790889028 271520
1790889029 271524
1790889030 271524
1790889031 271524
1790889032 271524
1790889033 271524
1790889034 271524
1790889035 271528
1790889037 271532
1790889038 271532
1790889039 271536
1790889040 271544
1790889041 271552
1790889042 271552
1790889043 271556
1790889044 271560
1790889045 271560
1790889046 271560
1790889047 271560
1790889048 271560
1790889049 271592
1790889050 276828
1790889051 278216
1790889052 281252
1790889053 312292
1790889054 312860
1790889055 312876
1790889056 353856
1790889057 353856
1790889058 353860
1790889060 353860
1790889061 353860
1790889062 353880
1790889063 353880
1790889064 353880
1790889065 353880
1790889066 353880
1790889067 353880
1790889068 353880
1790889069 353880
1790889070 353880
1790889071 353880
1790889072 353880
1790889073 353880
1790889074 353880
1790889075 353880
1790889076 353884
1790889078 353884
1790889079 353932
1790889080 353924
1790889081 353924
1790889082 353992
1790889083 356084
1790889084 358260
1790889085 372120
1790889086 402808
1790889087 403456
1790889088 406284
1790889089 454792
1790889090 454816
1790889091 454824
1790889092 454836
1790889094 454840
1790889095 454852
1790889096 454860
1790889097 454872
1790889098 454876
1790889099 454888
1790889100 454888
1790889101 454888
1790889102 454888
1790889103 454892
1790889104 454892
1790889106 454892
1790889107 454892
1790889108 454892
1790889109 454904
