Running 30s test @ http://10.116.0.2:8080/json
  4 threads and 256 connections
  Thread calibration: mean lat.: 1.107ms, rate sampling interval: 10ms
  Thread calibration: mean lat.: 1.092ms, rate sampling interval: 10ms
  Thread calibration: mean lat.: 1.266ms, rate sampling interval: 10ms
  Thread calibration: mean lat.: 1.075ms, rate sampling interval: 10ms
  Thread Stats   Avg      Stdev     Max   +/- Stdev
    Latency     1.15ms  493.88us   9.11ms   65.72%
    Req/Sec     5.27k     1.13k    7.30k    86.56%
  Latency Distribution (HdrHistogram - Recorded Latency)
 50.000%    1.12ms
 75.000%    1.50ms
 90.000%    1.78ms
 99.000%    2.29ms
 99.900%    3.47ms
 99.990%    6.93ms
 99.999%    8.71ms
100.000%    9.12ms

  Detailed Percentile spectrum:
       Value   Percentile   TotalCount 1/(1-Percentile)

       0.183     0.000000            1         1.00
       0.516     0.100000        39415         1.11
       0.686     0.200000        78872         1.25
       0.836     0.300000       118166         1.43
       0.978     0.400000       157491         1.67
       1.119     0.500000       196927         2.00
       1.191     0.550000       216676         2.22
       1.265     0.600000       236202         2.50
       1.342     0.650000       256020         2.86
       1.419     0.700000       275534         3.33
       1.500     0.750000       295289         4.00
       1.541     0.775000       305176         4.44
       1.581     0.800000       314950         5.00
       1.623     0.825000       324866         5.71
       1.667     0.850000       334690         6.67
       1.717     0.875000       344497         8.00
       1.745     0.887500       349432         8.89
       1.776     0.900000       354350        10.00
       1.810     0.912500       359171        11.43
       1.850     0.925000       364143        13.33
       1.897     0.937500       369077        16.00
       1.924     0.943750       371482        17.78
       1.953     0.950000       373929        20.00
       1.987     0.956250       376430        22.86
       2.023     0.962500       378900        26.67
       2.063     0.968750       381296        32.00
       2.087     0.971875       382580        35.56
       2.111     0.975000       383774        40.00
       2.141     0.978125       385055        45.71
       2.171     0.981250       386258        53.33
       2.207     0.984375       387461        64.00
       2.225     0.985938       388066        71.11
       2.247     0.987500       388705        80.00
       2.271     0.989062       389307        91.43
       2.299     0.990625       389905       106.67
       2.331     0.992188       390522       128.00
       2.349     0.992969       390829       142.22
       2.371     0.993750       391140       160.00
       2.399     0.994531       391444       182.86
       2.433     0.995313       391759       213.33
       2.473     0.996094       392064       256.00
       2.501     0.996484       392219       284.44
       2.535     0.996875       392373       320.00
       2.575     0.997266       392519       365.71
       2.627     0.997656       392672       426.67
       2.715     0.998047       392827       512.00
       2.779     0.998242       392904       568.89
       2.891     0.998437       392983       640.00
       3.023     0.998633       393056       731.43
       3.235     0.998828       393133       853.33
       3.519     0.999023       393210      1024.00
       3.699     0.999121       393249      1137.78
       3.843     0.999219       393288      1280.00
       4.021     0.999316       393325      1462.86
       4.203     0.999414       393367      1706.67
       4.407     0.999512       393402      2048.00
       4.587     0.999561       393423      2275.56
       4.719     0.999609       393441      2560.00
       4.911     0.999658       393460      2925.71
       5.147     0.999707       393480      3413.33
       5.307     0.999756       393498      4096.00
       5.431     0.999780       393508      4551.11
       5.563     0.999805       393518      5120.00
       5.835     0.999829       393527      5851.43
       5.995     0.999854       393537      6826.67
       6.475     0.999878       393546      8192.00
       6.643     0.999890       393551      9102.22
       6.967     0.999902       393556     10240.00
       7.063     0.999915       393561     11702.86
       7.243     0.999927       393566     13653.33
       7.299     0.999939       393570     16384.00
       7.471     0.999945       393573     18204.44
       7.567     0.999951       393575     20480.00
       7.651     0.999957       393578     23405.71
       8.015     0.999963       393580     27306.67
       8.155     0.999969       393583     32768.00
       8.207     0.999973       393584     36408.89
       8.303     0.999976       393585     40960.00
       8.327     0.999979       393586     46811.43
       8.351     0.999982       393587     54613.33
       8.415     0.999985       393588     65536.00
       8.655     0.999986       393589     72817.78
       8.711     0.999988       393590     81920.00
       8.711     0.999989       393590     93622.86
       8.943     0.999991       393591    109226.67
       8.943     0.999992       393591    131072.00
       9.047     0.999993       393592    145635.56
       9.047     0.999994       393592    163840.00
       9.047     0.999995       393592    187245.71
       9.103     0.999995       393593    218453.33
       9.103     0.999996       393593    262144.00
       9.103     0.999997       393593    291271.11
       9.103     0.999997       393593    327680.00
       9.103     0.999997       393593    374491.43
       9.119     0.999998       393594    436906.67
       9.119     1.000000       393594          inf
#[Mean    =        1.147, StdDeviation   =        0.494]
#[Max     =        9.112, Total count    =       393594]
#[Buckets =           27, SubBuckets     =         2048]
----------------------------------------------------------
  592729 requests in 30.01s, 55.40MB read
Requests/sec:  19753.29
Transfer/sec:      1.85MB
