Running 30s test @ http://10.116.0.2:8080/json
  4 threads and 64 connections
  Thread calibration: mean lat.: 34.619ms, rate sampling interval: 324ms
  Thread calibration: mean lat.: 42.879ms, rate sampling interval: 419ms
  Thread calibration: mean lat.: 44.452ms, rate sampling interval: 397ms
  Thread calibration: mean lat.: 66.408ms, rate sampling interval: 700ms
  Thread Stats   Avg      Stdev     Max   +/- Stdev
    Latency     1.02ms  436.18us  14.69ms   62.27%
    Req/Sec     5.01k     7.26     5.03k    84.95%
  Latency Distribution (HdrHistogram - Recorded Latency)
 50.000%    1.02ms
 75.000%    1.35ms
 90.000%    1.59ms
 99.000%    1.91ms
 99.900%    2.77ms
 99.990%    4.96ms
 99.999%   11.65ms
100.000%   14.69ms

  Detailed Percentile spectrum:
       Value   Percentile   TotalCount 1/(1-Percentile)

       0.172     0.000000            1         1.00
       0.442     0.100000        39929         1.11
       0.590     0.200000        79950         1.25
       0.739     0.300000       119741         1.43
       0.880     0.400000       159450         1.67
       1.017     0.500000       199353         2.00
       1.083     0.550000       219129         2.22
       1.149     0.600000       239033         2.50
       1.216     0.650000       259179         2.86
       1.282     0.700000       279008         3.33
       1.353     0.750000       298793         4.00
       1.391     0.775000       309018         4.44
       1.428     0.800000       318710         5.00
       1.469     0.825000       328732         5.71
       1.510     0.850000       338712         6.67
       1.552     0.875000       348755         8.00
       1.572     0.887500       353605         8.89
       1.593     0.900000       358584        10.00
       1.615     0.912500       363688        11.43
       1.637     0.925000       368527        13.33
       1.662     0.937500       373626        16.00
       1.675     0.943750       376074        17.78
       1.689     0.950000       378501        20.00
       1.706     0.956250       381035        22.86
       1.725     0.962500       383567        26.67
       1.747     0.968750       386022        32.00
       1.760     0.971875       387274        35.56
       1.774     0.975000       388445        40.00
       1.791     0.978125       389699        45.71
       1.810     0.981250       390919        53.33
       1.837     0.984375       392187        64.00
       1.851     0.985938       392788        71.11
       1.870     0.987500       393434        80.00
       1.891     0.989062       394044        91.43
       1.919     0.990625       394654       106.67
       1.957     0.992188       395281       128.00
       1.983     0.992969       395595       142.22
       2.011     0.993750       395899       160.00
       2.045     0.994531       396209       182.86
       2.081     0.995313       396527       213.33
       2.125     0.996094       396837       256.00
       2.151     0.996484       396991       284.44
       2.177     0.996875       397147       320.00
       2.209     0.997266       397298       365.71
       2.251     0.997656       397456       426.67
       2.311     0.998047       397610       512.00
       2.351     0.998242       397687       568.89
       2.399     0.998437       397765       640.00
       2.481     0.998633       397843       731.43
       2.619     0.998828       397921       853.33
       2.797     0.999023       397998      1024.00
       2.911     0.999121       398037      1137.78
       3.069     0.999219       398076      1280.00
       3.241     0.999316       398115      1462.86
       3.413     0.999414       398154      1706.67
       3.589     0.999512       398193      2048.00
       3.669     0.999561       398212      2275.56
       3.813     0.999609       398232      2560.00
       3.903     0.999658       398251      2925.71
       4.019     0.999707       398271      3413.33
       4.135     0.999756       398290      4096.00
       4.267     0.999780       398300      4551.11
       4.423     0.999805       398310      5120.00
       4.519     0.999829       398319      5851.43
       4.651     0.999854       398329      6826.67
       4.751     0.999878       398339      8192.00
       4.895     0.999890       398344      9102.22
       4.975     0.999902       398349     10240.00
       5.035     0.999915       398353     11702.86
       5.151     0.999927       398358     13653.33
       5.347     0.999939       398363     16384.00
       5.399     0.999945       398366     18204.44
       5.443     0.999951       398368     20480.00
       5.455     0.999957       398370     23405.71
       5.599     0.999963       398373     27306.67
       5.667     0.999969       398375     32768.00
       5.767     0.999973       398377     36408.89
       5.855     0.999976       398378     40960.00
       7.991     0.999979       398379     46811.43
       8.679     0.999982       398380     54613.33
       8.759     0.999985       398381     65536.00
      10.943     0.999986       398382     72817.78
      11.647     0.999988       398383     81920.00
      11.647     0.999989       398383     93622.86
      11.759     0.999991       398384    109226.67
      11.759     0.999992       398384    131072.00
      13.935     0.999993       398385    145635.56
      13.935     0.999994       398385    163840.00
      13.935     0.999995       398385    187245.71
      14.599     0.999995       398386    218453.33
      14.599     0.999996       398386    262144.00
      14.599     0.999997       398386    291271.11
      14.599     0.999997       398386    327680.00
      14.599     0.999997       398386    374491.43
      14.695     0.999998       398387    436906.67
      14.695     1.000000       398387          inf
#[Mean    =        1.021, StdDeviation   =        0.436]
#[Max     =       14.688, Total count    =       398387]
#[Buckets =           27, SubBuckets     =         2048]
----------------------------------------------------------
  599241 requests in 30.00s, 56.01MB read
Requests/sec:  19974.38
Transfer/sec:      1.87MB
