Linux 6.8.0-142-generic (cafeai-bench-loadgen) 	10/01/26 	_x86_64_	(4 CPU)

21:05:48     CPU    %usr   %nice    %sys %iowait    %irq   %soft  %steal  %guest  %gnice   %idle
21:05:49     all    1.78    0.00    4.31    0.00    0.00    2.79    0.00    0.00    0.00   91.12
21:05:50     all    4.63    0.00   10.28    0.26    0.00    6.68    0.00    0.00    0.00   78.15
21:05:51     all    4.29    0.00    7.32    0.00    0.00    4.80    0.00    0.00    0.00   83.59
21:05:52     all    3.35    0.00    6.44    0.00    0.00    3.35    0.00    0.00    0.00   86.86
21:05:53     all    2.87    0.00    5.74    0.00    0.00    3.39    0.00    0.00    0.00   87.99
21:05:54     all    2.86    0.00    6.23    0.00    0.00    3.12    0.00    0.00    0.00   87.79
21:05:55     all    3.38    0.00    6.75    0.00    0.00    3.12    0.00    0.00    0.00   86.75
21:05:56     all    2.82    0.00    7.18    0.00    0.00    3.59    0.00    0.00    0.00   86.41
21:05:57     all    3.66    0.00    6.53    0.00    0.00    2.35    0.00    0.00    0.00   87.47
21:05:58     all    3.08    0.00    7.20    0.00    0.00    3.34    0.00    0.00    0.00   86.38
21:05:59     all    3.33    0.00    6.67    0.00    0.00    3.59    0.51    0.00    0.00   85.90
21:06:00     all    2.86    0.00    6.51    0.00    0.00    3.12    0.00    0.00    0.00   87.50
21:06:01     all    3.34    0.00    6.17    0.00    0.00    3.60    0.00    0.00    0.00   86.89
21:06:02     all    2.62    0.00    5.76    0.00    0.00    3.66    0.00    0.00    0.00   87.96
21:06:03     all    2.89    0.00    5.77    0.00    0.00    2.89    0.00    0.00    0.00   88.45
21:06:04     all    3.11    0.00    6.22    0.00    0.00    3.63    0.00    0.00    0.00   87.05
21:06:05     all    3.38    0.00    5.71    0.00    0.00    3.38    0.00    0.00    0.00   87.53
21:06:06     all    3.12    0.00    6.49    0.00    0.00    3.12    0.00    0.00    0.00   87.27
21:06:07     all    2.60    0.00    5.71    0.00    0.00    3.90    0.26    0.00    0.00   87.53
21:06:08     all    3.14    0.00    6.28    0.00    0.00    2.36    0.26    0.00    0.00   87.96
21:06:09     all    2.84    0.00    5.93    0.00    0.00    4.12    0.00    0.00    0.00   87.11
21:06:10     all    3.35    0.00    6.70    0.00    0.00    3.09    0.00    0.00    0.00   86.86
21:06:11     all    3.10    0.00    7.24    0.00    0.00    3.36    0.00    0.00    0.00   86.30
21:06:12     all    3.58    0.00    6.91    0.00    0.00    3.58    0.00    0.00    0.00   85.93
21:06:13     all    3.12    0.00    5.97    0.00    0.00    3.64    0.00    0.00    0.00   87.27
21:06:14     all    2.63    0.00    5.53    0.00    0.00    3.16    0.00    0.00    0.00   88.68
21:06:15     all   13.54    0.00    8.33    0.26    0.00    3.39    0.00    0.00    0.00   74.48
21:06:16     all    6.07    0.00    6.60    0.00    0.00    2.37    0.00    0.00    0.00   84.96
21:06:17     all    2.10    0.00    6.30    0.00    0.00    3.41    0.00    0.00    0.00   88.19
21:06:18     all    2.88    0.00    6.28    0.00    0.00    2.88    0.00    0.00    0.00   87.96
21:06:19     all    0.50    0.00    1.00    0.00    0.00    0.00    0.00    0.00    0.00   98.50
21:06:20     all    1.02    0.00    4.33    0.25    0.00    3.31    0.00    0.00    0.00   91.09
21:06:21     all    2.30    0.00    3.06    0.00    0.00    2.81    0.00    0.00    0.00   91.84
21:06:22     all    2.05    0.00    2.81    0.00    0.00    2.81    0.00    0.00    0.00   92.33
21:06:23     all    2.27    0.00    3.28    0.00    0.00    3.03    0.00    0.00    0.00   91.41
21:06:24     all    2.30    0.00    3.07    0.00    0.00    2.56    0.00    0.00    0.00   92.07
21:06:25     all    2.27    0.00    3.53    0.00    0.00    3.53    0.00    0.00    0.00   90.68
21:06:26     all    2.30    0.00    3.06    0.00    0.00    2.55    0.00    0.00    0.00   92.09
21:06:27     all    2.05    0.00    2.81    0.00    0.00    2.81    0.00    0.00    0.00   92.33
21:06:28     all    2.51    0.00    3.76    0.00    0.00    2.51    0.00    0.00    0.00   91.23
21:06:29     all    2.03    0.00    3.30    0.00    0.00    3.05    0.00    0.00    0.00   91.62
21:06:30     all    2.05    0.00    3.07    0.00    0.00    2.56    0.00    0.00    0.00   92.33
21:06:31     all    2.78    0.00    2.78    0.00    0.00    3.04    0.00    0.00    0.00   91.39
21:06:32     all    2.53    0.00    3.03    0.00    0.00    3.03    0.00    0.00    0.00   91.41
21:06:33     all    2.29    0.00    3.05    0.00    0.00    2.80    0.00    0.00    0.00   91.86
21:06:34     all    2.28    0.00    3.30    0.00    0.00    2.79    0.00    0.00    0.00   91.62
21:06:35     all    2.03    0.00    3.55    0.00    0.00    3.05    0.00    0.00    0.00   91.37
21:06:36     all    2.30    0.00    2.81    0.00    0.00    2.81    0.00    0.00    0.00   92.09
21:06:37     all    2.03    0.00    3.55    0.00    0.00    3.05    0.00    0.00    0.00   91.37
21:06:38     all    2.54    0.00    3.05    0.00    0.00    3.05    0.00    0.00    0.00   91.37
21:06:39     all    2.28    0.00    3.55    0.00    0.00    2.54    0.00    0.00    0.00   91.62
21:06:40     all    2.25    0.00    3.75    0.00    0.00    3.25    0.00    0.00    0.00   90.75
21:06:41     all    2.55    0.00    3.06    0.00    0.00    2.55    0.00    0.00    0.00   91.84
21:06:42     all    2.28    0.00    3.80    0.00    0.00    2.53    0.00    0.00    0.00   91.39
21:06:43     all    2.04    0.00    3.31    0.00    0.00    2.80    0.00    0.00    0.00   91.86
21:06:44     all    2.78    0.00    3.03    0.00    0.00    2.78    0.00    0.00    0.00   91.41
21:06:45     all    2.28    0.00    3.54    0.25    0.00    3.04    0.00    0.00    0.00   90.89
21:06:46     all    2.75    0.00    3.50    0.00    0.00    3.00    0.25    0.00    0.00   90.50
21:06:47     all    2.03    0.00    3.80    0.00    0.00    2.53    0.00    0.00    0.00   91.65
21:06:48     all    2.04    0.00    2.55    0.00    0.00    3.06    0.00    0.00    0.00   92.35
21:06:49     all    4.59    0.00    6.12    0.00    0.00    1.28    0.00    0.00    0.00   88.01
21:06:50     all    5.64    0.00    7.69    0.00    0.00    2.05    0.00    0.00    0.00   84.62
21:06:51     all    6.06    0.00    7.83    0.00    0.00    2.78    0.00    0.00    0.00   83.33
21:06:52     all    5.90    0.00    7.18    0.00    0.00    2.56    0.00    0.00    0.00   84.36
21:06:53     all    4.87    0.00    7.18    0.00    0.00    2.56    0.26    0.00    0.00   85.13
21:06:54     all    5.63    0.00    7.93    0.00    0.00    2.05    0.00    0.00    0.00   84.40
21:06:55     all    5.40    0.00    7.46    0.00    0.00    1.80    0.26    0.00    0.00   85.09
21:06:56     all    4.58    0.00    8.14    0.00    0.00    3.05    0.00    0.00    0.00   84.22
21:06:57     all    6.12    0.00    7.40    0.00    0.00    2.30    0.26    0.00    0.00   83.93
21:06:58     all    5.18    0.00    7.51    0.00    0.00    1.81    0.00    0.00    0.00   85.49
21:06:59     all    5.56    0.00    8.33    0.00    0.00    2.27    0.00    0.00    0.00   83.84
21:07:00     all    5.41    0.00    6.96    0.00    0.00    2.58    0.00    0.00    0.00   85.05
21:07:01     all    5.85    0.00    7.38    0.00    0.00    2.29    0.00    0.00    0.00   84.48
21:07:02     all    5.57    0.00    8.35    0.00    0.00    2.78    0.00    0.00    0.00   83.29
21:07:03     all    5.37    0.00    7.42    0.00    0.00    3.07    0.00    0.00    0.00   84.14
21:07:04     all    5.38    0.00    6.41    0.00    0.00    3.08    0.00    0.00    0.00   85.13
21:07:05     all    5.81    0.00    7.58    0.00    0.00    3.28    0.00    0.00    0.00   83.33
21:07:06     all    5.04    0.00    8.06    0.00    0.00    3.78    0.00    0.00    0.00   83.12
21:07:07     all    5.53    0.00    7.79    0.00    0.00    2.76    0.00    0.00    0.00   83.92
21:07:08     all    4.63    0.00    7.20    0.00    0.00    3.08    0.00    0.00    0.00   85.09
21:07:09     all    4.60    0.00    6.65    0.00    0.00    4.09    0.26    0.00    0.00   84.40
21:07:10     all    5.38    0.00    7.44    0.00    0.00    2.82    0.00    0.00    0.00   84.36
21:07:11     all    5.32    0.00    7.09    0.00    0.00    3.54    0.00    0.00    0.00   84.05
21:07:12     all    5.30    0.00    8.59    0.00    0.00    2.53    0.00    0.00    0.00   83.59
21:07:13     all    5.36    0.00    7.40    0.00    0.00    3.06    0.00    0.00    0.00   84.18
21:07:14     all    5.53    0.00    8.29    0.00    0.00    3.27    0.00    0.00    0.00   82.91
21:07:15     all    5.30    0.00    7.32    0.00    0.00    3.79    0.00    0.00    0.00   83.59
21:07:16     all   12.37    0.00    9.85    0.00    0.00    2.78    0.00    0.00    0.00   75.00
21:07:17     all   11.22    0.00    9.18    0.00    0.00    3.32    0.00    0.00    0.00   76.28
21:07:18     all    5.06    0.00    7.85    0.00    0.00    3.04    0.00    0.00    0.00   84.05
21:07:19     all    6.95    0.00    8.02    0.27    0.00    1.34    0.00    0.00    0.00   83.42
21:07:20     all   10.53    0.00   10.53    0.00    0.00    6.58    0.00    0.00    0.00   72.37
21:07:21     all   11.20    0.00   11.46    0.00    0.00    6.77    0.00    0.00    0.00   70.57
21:07:22     all   10.08    0.00   11.14    0.00    0.00    7.16    0.27    0.00    0.00   71.35
21:07:23     all   10.49    0.00   12.28    0.00    0.00    7.93    0.00    0.00    0.00   69.31
21:07:24     all   10.97    0.00   10.18    0.00    0.00    7.83    0.00    0.00    0.00   71.02
21:07:25     all   10.82    0.00   11.61    0.00    0.00    5.80    0.26    0.00    0.00   71.50
21:07:26     all   10.00    0.00   11.05    0.00    0.00    6.58    0.53    0.00    0.00   71.84
21:07:27     all   10.03    0.00   11.61    0.00    0.00    7.12    0.00    0.00    0.00   71.24
21:07:28     all   10.29    0.00   11.87    0.00    0.00    6.33    0.00    0.00    0.00   71.50
21:07:29     all    9.74    0.00   12.11    0.00    0.00    7.11    0.00    0.00    0.00   71.05
21:07:30     all    9.57    0.00   11.17    0.00    0.00    7.18    0.00    0.00    0.00   72.07
21:07:31     all    9.97    0.00   11.29    0.00    0.00    7.61    0.00    0.00    0.00   71.13
21:07:32     all    9.97    0.00   11.55    0.00    0.00    7.35    0.00    0.00    0.00   71.13
21:07:33     all   10.11    0.00   11.70    0.00    0.00    6.38    0.00    0.00    0.00   71.81
21:07:34     all    9.55    0.00   12.20    0.00    0.00    6.37    0.00    0.00    0.00   71.88
21:07:35     all    9.64    0.00   12.76    0.00    0.00    7.03    0.00    0.00    0.00   70.57
21:07:36     all    9.79    0.00   12.63    0.00    0.00    7.22    0.00    0.00    0.00   70.36
21:07:37     all   11.05    0.00   12.34    0.00    0.00    6.43    0.00    0.00    0.00   70.18
21:07:38     all    9.92    0.00   13.05    0.00    0.00    6.27    0.00    0.00    0.00   70.76
21:07:39     all   10.86    0.00   13.38    0.00    0.00    7.07    0.00    0.00    0.00   68.69
21:07:40     all   10.68    0.00   13.28    0.00    0.00    5.99    0.00    0.00    0.00   70.05
21:07:41     all    9.87    0.00   12.47    0.00    0.00    6.75    0.00    0.00    0.00   70.91
21:07:42     all    9.82    0.00   12.92    0.00    0.00    6.20    0.00    0.00    0.00   71.06
21:07:43     all    9.49    0.00   13.85    0.00    0.00    6.67    0.00    0.00    0.00   70.00
21:07:44     all   10.13    0.00   12.73    0.00    0.00    6.49    0.00    0.00    0.00   70.65
21:07:45     all   10.31    0.00   12.89    0.00    0.00    6.44    0.00    0.00    0.00   70.36
21:07:46     all   10.34    0.00   12.92    0.00    0.00    6.20    0.26    0.00    0.00   70.28
21:07:47     all   11.31    0.00   12.08    0.00    0.00    6.43    0.00    0.00    0.00   70.18
21:07:48     all   10.10    0.00   12.69    0.00    0.00    7.25    0.00    0.00    0.00   69.95
21:07:49     all    8.40    0.00   11.70    0.00    0.00    6.36    0.00    0.00    0.00   73.54
21:07:50     all   11.83    0.00   19.79    0.00    0.00    8.48    0.51    0.00    0.00   59.38
21:07:51     all   12.96    0.00   20.11    0.00    0.00    7.67    0.00    0.00    0.00   59.26
21:07:52     all   13.49    0.00   20.37    0.00    0.00    7.94    0.00    0.00    0.00   58.20
21:07:53     all   13.60    0.00   20.00    0.00    0.00    7.47    0.00    0.00    0.00   58.93
21:07:54     all   14.47    0.00   20.00    0.00    0.00    7.89    0.00    0.00    0.00   57.63
21:07:55     all   14.59    0.00   19.89    0.00    0.00    7.43    0.00    0.00    0.00   58.09
21:07:56     all   13.67    0.00   19.84    0.00    0.00    8.04    0.00    0.00    0.00   58.45
21:07:57     all   13.76    0.00   20.11    0.00    0.00    7.94    0.26    0.00    0.00   57.94
21:07:58     all   13.26    0.00   21.75    0.00    0.00    6.90    0.00    0.00    0.00   58.09
21:07:59     all   14.32    0.00   20.16    0.00    0.00    7.69    0.00    0.00    0.00   57.82
21:08:00     all   14.47    0.00   19.21    0.00    0.00    8.42    0.00    0.00    0.00   57.89
21:08:01     all   14.74    0.00   19.47    0.00    0.00    7.89    0.00    0.00    0.00   57.89
21:08:02     all   14.32    0.00   19.36    0.00    0.00    8.49    0.00    0.00    0.00   57.82
21:08:03     all   12.47    0.00   20.87    0.00    0.00    7.32    0.00    0.00    0.00   59.35
21:08:04     all   13.76    0.00   19.58    0.00    0.00    8.73    0.00    0.00    0.00   57.94
21:08:05     all   13.98    0.00   19.53    0.00    0.00    9.23    0.00    0.00    0.00   57.26
21:08:06     all   14.47    0.00   20.53    0.00    0.00    7.89    0.00    0.00    0.00   57.11
21:08:07     all   13.56    0.00   18.62    0.00    0.00    9.04    0.00    0.00    0.00   58.78
21:08:08     all   14.29    0.00   19.05    0.00    0.00    7.67    0.00    0.00    0.00   58.99
21:08:09     all   13.60    0.00   20.27    0.00    0.00    8.00    0.00    0.00    0.00   58.13
21:08:10     all   14.17    0.00   19.79    0.27    0.00    7.49    0.00    0.00    0.00   58.29
21:08:11     all   13.00    0.00   19.63    0.00    0.00    8.49    0.00    0.00    0.00   58.89
21:08:12     all   13.37    0.00   19.52    0.00    0.00    8.02    0.00    0.00    0.00   59.09
21:08:13     all   13.07    0.00   19.47    0.00    0.00    8.27    0.00    0.00    0.00   59.20
21:08:14     all   13.98    0.00   20.32    0.00    0.00    7.92    0.00    0.00    0.00   57.78
21:08:15     all   13.24    0.00   19.46    0.00    0.00    7.57    0.00    0.00    0.00   59.73
21:08:16     all   13.80    0.00   20.05    0.00    0.00    9.11    0.00    0.00    0.00   57.03
21:08:17     all   19.25    0.00   19.52    0.00    0.00    8.56    0.00    0.00    0.00   52.67
21:08:18     all   25.33    0.00   22.43    0.00    0.00    8.18    0.00    0.00    0.00   44.06
21:08:19     all    7.65    0.00   10.46    0.00    0.00    5.36    0.00    0.00    0.00   76.53
21:08:20     all   16.30    0.00   17.68    0.00    0.00   11.60    0.00    0.00    0.00   54.42
21:08:21     all   17.18    0.00   21.97    0.00    0.00   13.80    0.00    0.00    0.00   47.04
21:08:22     all   19.55    0.00   20.40    0.00    0.00   13.03    0.00    0.00    0.00   47.03
21:08:23     all   19.14    0.00   20.86    0.00    0.00   13.14    0.57    0.00    0.00   46.29
21:08:24     all   19.24    0.00   19.83    0.00    0.00   13.70    0.29    0.00    0.00   46.94
21:08:25     all   18.52    0.00   20.80    0.00    0.00   13.96    0.00    0.00    0.00   46.72
21:08:26     all   18.68    0.00   22.41    0.00    0.00   12.64    0.00    0.00    0.00   46.26
21:08:27     all   19.35    0.00   19.06    0.00    0.00   14.66    0.00    0.00    0.00   46.92
21:08:28     all   18.02    0.00   20.93    0.00    0.00   13.95    0.00    0.00    0.00   47.09
21:08:29     all   19.14    0.00   22.00    0.00    0.00   13.14    0.00    0.00    0.00   45.71
21:08:30     all   19.83    0.00   20.98    0.00    0.00   13.22    0.00    0.00    0.00   45.98
21:08:31     all   19.54    0.00   20.98    0.00    0.00   13.79    0.00    0.00    0.00   45.69
21:08:32     all   17.97    0.00   21.45    0.00    0.00   14.20    0.00    0.00    0.00   46.38
21:08:33     all   20.06    0.00   20.63    0.00    0.00   14.04    0.00    0.00    0.00   45.27
21:08:34     all   18.55    0.00   21.45    0.00    0.00   14.49    0.00    0.00    0.00   45.51
21:08:35     all   18.68    0.00   20.98    0.00    0.00   13.79    0.00    0.00    0.00   46.55
21:08:36     all   18.84    0.00   20.29    0.00    0.00   14.78    0.00    0.00    0.00   46.09
21:08:37     all   19.05    0.00   21.29    0.00    0.00   13.73    0.00    0.00    0.00   45.94
21:08:38     all   17.58    0.00   22.19    0.00    0.00   13.54    0.00    0.00    0.00   46.69
21:08:39     all   19.48    0.00   20.06    0.00    0.00   13.66    0.00    0.00    0.00   46.80
21:08:40     all   18.55    0.00   21.16    0.00    0.00   13.62    0.00    0.00    0.00   46.67
21:08:41     all   18.68    0.00   20.98    0.00    0.00   13.22    0.00    0.00    0.00   47.13
21:08:42     all   19.77    0.00   20.34    0.00    0.00   13.84    0.00    0.00    0.00   46.05
21:08:43     all   19.02    0.00   21.33    0.00    0.00   13.83    0.00    0.00    0.00   45.82
21:08:44     all   18.44    0.00   20.75    0.00    0.00   13.83    0.29    0.00    0.00   46.69
21:08:45     all   19.25    0.00   20.11    0.00    0.00   14.37    0.00    0.00    0.00   46.26
21:08:46     all   18.52    0.00   21.37    0.00    0.00   13.96    0.00    0.00    0.00   46.15
21:08:47     all   17.61    0.00   21.79    0.00    0.00   13.43    0.00    0.00    0.00   47.16
21:08:48     all   19.06    0.00   20.53    0.00    0.00   13.78    0.29    0.00    0.00   46.33
21:08:49     all    8.17    0.00   14.44    0.00    0.00    4.09    0.00    0.00    0.00   73.30
21:08:50     all   14.90    0.00   24.64    0.00    0.00   12.61    0.00    0.00    0.00   47.85
21:08:51     all   18.29    0.00   27.14    0.00    0.00   17.11    0.00    0.00    0.00   37.46
21:08:52     all   19.88    0.00   26.71    0.00    0.00   18.40    0.00    0.00    0.00   35.01
21:08:53     all   17.66    0.00   29.04    0.00    0.00   17.96    0.00    0.00    0.00   35.33
21:08:54     all   19.05    0.00   27.68    0.00    0.00   17.86    0.00    0.00    0.00   35.42
21:08:55     all   18.64    0.00   31.64    0.00    0.00   18.36    0.00    0.00    0.00   31.36
21:08:56     all   19.13    0.00   30.43    0.00    0.00   17.68    0.00    0.00    0.00   32.75
21:08:57     all   18.21    0.00   30.45    0.00    0.00   17.31    0.00    0.00    0.00   34.03
21:08:58     all   19.05    0.00   30.06    0.00    0.00   17.56    0.00    0.00    0.00   33.33
21:08:59     all   19.35    0.00   31.96    0.00    0.00   17.01    0.00    0.00    0.00   31.67
21:09:00     all   17.77    0.00   30.95    0.00    0.00   16.33    0.29    0.00    0.00   34.67
21:09:01     all   17.66    0.00   31.44    0.00    0.00   15.87    0.00    0.00    0.00   35.03
21:09:02     all   18.84    0.00   32.17    0.00    0.00   17.68    0.00    0.00    0.00   31.30
21:09:03     all   18.23    0.00   31.05    0.00    0.00   17.09    0.00    0.00    0.00   33.62
21:09:04     all   17.30    0.00   29.33    0.00    0.00   17.89    0.00    0.00    0.00   35.48
21:09:05     all   17.96    0.00   30.84    0.00    0.00   17.07    0.00    0.00    0.00   34.13
21:09:06     all   18.86    0.00   27.54    0.00    0.00   16.17    0.00    0.00    0.00   37.43
21:09:07     all   18.48    0.00   30.21    0.00    0.00   16.42    0.00    0.00    0.00   34.90
21:09:08     all   17.75    0.00   28.70    0.00    0.00   16.57    0.00    0.00    0.00   36.98
21:09:09     all   17.33    0.00   29.18    0.00    0.00   15.50    0.00    0.00    0.00   37.99
21:09:10     all   19.25    0.00   34.48    0.00    0.00   18.68    0.00    0.00    0.00   27.59
21:09:11     all   18.34    0.00   31.23    0.00    0.00   17.48    0.00    0.00    0.00   32.95
21:09:12     all   17.06    0.00   28.53    0.00    0.00   18.53    0.00    0.00    0.00   35.88
21:09:13     all   19.02    0.00   31.41    0.00    0.00   17.58    0.00    0.00    0.00   31.99
21:09:14     all   17.24    0.00   31.03    0.00    0.00   16.38    0.00    0.00    0.00   35.34
21:09:15     all   18.66    0.00   31.78    0.00    0.00   18.37    0.00    0.00    0.00   31.20
21:09:16     all   18.23    0.00   32.48    0.00    0.00   17.38    0.00    0.00    0.00   31.91
21:09:17     all   17.66    0.00   28.44    0.00    0.00   16.77    0.00    0.00    0.00   37.13
21:09:18     all   18.24    0.00   29.18    0.00    0.00   17.63    0.00    0.00    0.00   34.95
21:09:19     all   28.45    0.00   25.41    0.00    0.00   11.05    0.00    0.00    0.00   35.08
21:09:20     all   18.86    0.00   29.14    0.00    0.00   17.14    0.00    0.00    0.00   34.86
21:09:21     all   19.44    0.00   31.55    0.00    0.00   19.15    0.00    0.00    0.00   29.86
21:09:22     all   20.17    0.00   30.40    0.00    0.00   18.47    0.00    0.00    0.00   30.97
21:09:23     all   20.00    0.00   30.96    0.00    0.00   18.63    0.00    0.00    0.00   30.41
21:09:24     all   21.27    0.00   35.36    0.00    0.00   20.44    0.00    0.00    0.00   22.93
21:09:25     all   21.14    0.00   38.21    0.00    0.00   22.22    0.00    0.00    0.00   18.43
21:09:26     all   21.31    0.00   31.69    0.00    0.00   19.95    0.00    0.00    0.00   27.05
21:09:27     all   18.90    0.00   34.79    0.00    0.00   20.00    0.00    0.00    0.00   26.30
21:09:28     all   20.33    0.00   33.52    0.00    0.00   18.96    0.00    0.00    0.00   27.20
21:09:29     all   18.31    0.00   31.27    0.00    0.00   19.15    0.00    0.00    0.00   31.27
21:09:30     all   20.06    0.00   31.23    0.00    0.00   19.77    0.00    0.00    0.00   28.94
21:09:31     all   20.67    0.00   36.87    0.00    0.00   21.23    0.00    0.00    0.00   21.23
21:09:32     all   21.33    0.00   40.00    0.00    0.00   20.53    0.00    0.00    0.00   18.13
21:09:33     all   19.48    0.00   33.24    0.00    0.00   19.77    0.00    0.00    0.00   27.51
21:09:34     all   21.13    0.00   34.93    0.00    0.00   19.44    0.28    0.00    0.00   24.23
21:09:35     all   20.12    0.00   34.11    0.00    0.00   22.16    0.00    0.00    0.00   23.62
21:09:36     all   21.61    0.00   34.35    0.00    0.00   20.78    0.00    0.00    0.00   23.27
21:09:37     all   18.13    0.00   31.44    0.00    0.00   19.26    0.00    0.00    0.00   31.16
21:09:38     all   19.09    0.00   31.05    0.00    0.00   19.66    0.00    0.00    0.00   30.20
21:09:39     all   19.49    0.00   31.07    0.00    0.00   19.77    0.00    0.00    0.00   29.66
21:09:40     all   19.55    0.00   35.13    0.00    0.00   20.68    0.00    0.00    0.00   24.65
21:09:41     all   22.01    0.00   35.10    0.00    0.00   21.73    0.00    0.00    0.00   21.17
21:09:42     all   20.11    0.00   37.23    0.00    0.00   20.92    0.00    0.00    0.00   21.74
21:09:43     all   20.73    0.00   36.69    0.00    0.00   19.33    0.00    0.00    0.00   23.25
21:09:44     all   20.99    0.00   34.53    0.00    0.00   20.99    0.00    0.00    0.00   23.48
21:09:45     all   20.29    0.00   32.29    0.00    0.00   19.43    0.00    0.00    0.00   28.00
21:09:46     all   20.06    0.00   36.16    0.00    0.00   18.93    0.00    0.00    0.00   24.86
21:09:47     all   20.23    0.00   33.33    0.00    0.00   21.37    0.00    0.00    0.00   25.07
21:09:48     all   19.65    0.00   33.24    0.00    0.00   20.23    0.00    0.00    0.00   26.88
21:09:49     all    6.20    0.00   12.14    0.00    0.00    6.72    0.00    0.00    0.00   74.94
21:09:50     all    2.03    0.00    2.78    0.00    0.00    2.53    0.00    0.00    0.00   92.66
21:09:51     all    2.03    0.00    3.29    0.00    0.00    3.54    0.00    0.00    0.00   91.14
21:09:52     all    2.54    0.00    3.30    0.00    0.00    2.28    0.00    0.00    0.00   91.88
21:09:53     all    2.26    0.00    3.76    0.00    0.00    3.51    0.00    0.00    0.00   90.48
21:09:54     all    2.30    0.00    2.81    0.00    0.00    3.06    0.00    0.00    0.00   91.84
21:09:55     all    2.28    0.00    3.80    0.00    0.00    2.78    0.00    0.00    0.00   91.14
21:09:56     all    2.29    0.00    3.82    0.00    0.00    2.54    0.00    0.00    0.00   91.35
21:09:57     all    2.04    0.00    3.56    0.00    0.00    2.54    0.00    0.00    0.00   91.86
21:09:58     all    2.53    0.00    3.54    0.00    0.00    2.78    0.00    0.00    0.00   91.14
21:09:59     all    2.01    0.00    3.27    0.00    0.00    3.27    0.25    0.00    0.00   91.21
21:10:00     all    2.30    0.00    3.06    0.00    0.00    2.81    0.00    0.00    0.00   91.84
21:10:01     all    1.77    0.00    3.29    0.00    0.00    3.29    0.00    0.00    0.00   91.65
21:10:02     all    2.03    0.00    3.55    0.00    0.00    2.79    0.76    0.00    0.00   90.86
21:10:03     all    2.03    0.00    3.55    0.00    0.00    2.79    0.00    0.00    0.00   91.62
21:10:04     all    2.28    0.00    3.54    0.00    0.00    2.78    0.00    0.00    0.00   91.39
21:10:05     all    2.30    0.00    2.81    0.00    0.00    2.55    0.00    0.00    0.00   92.35
21:10:06     all    2.28    0.00    3.80    0.00    0.00    2.53    0.00    0.00    0.00   91.39
21:10:07     all    1.78    0.00    3.55    0.00    0.00    3.05    0.00    0.00    0.00   91.62
21:10:08     all    2.02    0.00    3.27    0.00    0.00    3.27    0.00    0.00    0.00   91.44
21:10:09     all    3.56    0.00    4.33    0.00    0.00    2.54    0.00    0.00    0.00   89.57
21:10:10     all    2.28    0.00    3.55    0.00    0.00    2.79    0.00    0.00    0.00   91.37
21:10:11     all    2.27    0.00    3.27    0.00    0.00    3.02    0.00    0.00    0.00   91.44
21:10:12     all    2.80    0.00    2.80    0.00    0.00    2.80    0.00    0.00    0.00   91.60
21:10:13     all    2.04    0.00    3.05    0.00    0.00    2.80    0.00    0.00    0.00   92.11
21:10:14     all    2.50    0.00    3.75    0.25    0.00    3.25    0.00    0.00    0.00   90.25
21:10:15     all    2.04    0.00    3.31    0.00    0.00    3.05    0.00    0.00    0.00   91.60
21:10:16     all    2.03    0.00    3.30    0.00    0.00    2.79    0.00    0.00    0.00   91.88
21:10:17     all    2.26    0.00    3.52    0.00    0.00    3.02    0.00    0.00    0.00   91.21
21:10:18     all    2.54    0.00    3.05    0.00    0.00    2.80    0.00    0.00    0.00   91.60
21:10:19     all    1.25    0.00    2.74    0.25    0.00    1.75    0.00    0.00    0.00   94.01
21:10:20     all   13.52    0.00    5.36    0.00    0.00    1.53    0.00    0.00    0.00   79.59
21:10:21     all    6.15    0.00    5.38    0.00    0.00    5.38    0.00    0.00    0.00   83.08
21:10:22     all    5.10    0.00    6.12    0.00    0.00    6.12    0.26    0.00    0.00   82.40
21:10:23     all    4.87    0.00    6.92    0.00    0.00    5.90    0.00    0.00    0.00   82.31
21:10:24     all    4.85    0.00    6.63    0.00    0.00    5.87    0.00    0.00    0.00   82.65
21:10:25     all    5.67    0.00    6.19    0.00    0.00    5.41    0.00    0.00    0.00   82.73
21:10:26     all    4.15    0.00    6.48    0.00    0.00    5.70    0.00    0.00    0.00   83.68
21:10:27     all    5.13    0.00    6.41    0.00    0.00    6.15    0.00    0.00    0.00   82.31
21:10:28     all    5.14    0.00    6.17    0.00    0.00    5.66    0.00    0.00    0.00   83.03
21:10:29     all    4.82    0.00    7.36    0.00    0.00    6.09    0.00    0.00    0.00   81.73
21:10:30     all    5.09    0.00    5.85    0.00    0.00    7.12    0.00    0.00    0.00   81.93
21:10:31     all    4.64    0.00    6.19    0.00    0.00    5.93    0.00    0.00    0.00   83.25
21:10:32     all    5.30    0.00    6.57    0.00    0.00    6.31    0.25    0.00    0.00   81.57
21:10:33     all    4.87    0.00    6.15    0.00    0.00    6.41    0.00    0.00    0.00   82.56
21:10:34     all    5.67    0.00    6.70    0.00    0.00    4.90    0.00    0.00    0.00   82.73
21:10:35     all    5.06    0.00    7.09    0.00    0.00    6.33    0.00    0.00    0.00   81.52
21:10:36     all    5.64    0.00    5.64    0.00    0.00    6.41    0.00    0.00    0.00   82.31
21:10:37     all    5.58    0.00    6.60    0.00    0.00    6.09    0.00    0.00    0.00   81.73
21:10:38     all    4.63    0.00    6.94    0.00    0.00    6.17    0.00    0.00    0.00   82.26
21:10:39     all    5.36    0.00    6.63    0.00    0.00    6.12    0.00    0.00    0.00   81.89
21:10:40     all    5.34    0.00    7.12    0.25    0.00    5.34    0.00    0.00    0.00   81.93
21:10:41     all    5.08    0.00    6.35    0.00    0.00    6.35    0.00    0.00    0.00   82.23
21:10:42     all    4.63    0.00    5.91    0.00    0.00    6.43    0.00    0.00    0.00   83.03
21:10:43     all    4.86    0.00    6.39    0.00    0.00    5.88    0.26    0.00    0.00   82.61
21:10:44     all    5.15    0.00    5.93    0.00    0.00    5.67    0.00    0.00    0.00   83.25
21:10:45     all    5.12    0.00    6.39    0.00    0.00    5.63    0.26    0.00    0.00   82.61
21:10:46     all    5.09    0.00    6.87    0.00    0.00    6.11    0.00    0.00    0.00   81.93
21:10:47     all    5.33    0.00    6.60    0.00    0.00    5.84    0.00    0.00    0.00   82.23
21:10:48     all    5.36    0.00    6.89    0.00    0.00    5.61    0.00    0.00    0.00   82.14
21:10:49     all    2.78    0.00    4.04    0.00    0.00    3.03    0.00    0.00    0.00   90.15
21:10:50     all    6.05    0.00    2.02    0.00    0.00    1.76    0.00    0.00    0.00   90.18
21:10:51     all   14.72    0.00    5.33    0.00    0.00    5.58    0.00    0.00    0.00   74.37
21:10:52     all   15.10    0.00    8.59    0.00    0.00    7.29    0.00    0.00    0.00   69.01
21:10:53     all   14.44    0.00   10.24    0.00    0.00    8.66    0.00    0.00    0.00   66.67
21:10:54     all   10.64    0.00   11.97    0.00    0.00   11.44    0.00    0.00    0.00   65.96
21:10:55     all   10.29    0.00   14.25    0.00    0.00   10.03    0.00    0.00    0.00   65.44
21:10:56     all   12.20    0.00   12.47    0.00    0.00   11.14    0.27    0.00    0.00   63.93
21:10:57     all   12.43    0.00   12.43    0.00    0.00   10.58    0.26    0.00    0.00   64.29
21:10:58     all   11.38    0.00   13.76    0.00    0.00   10.32    0.00    0.00    0.00   64.55
21:10:59     all   11.17    0.00   14.03    0.00    0.00   10.91    0.00    0.00    0.00   63.90
21:11:00     all   12.14    0.00   12.40    0.00    0.00   10.03    0.26    0.00    0.00   65.17
21:11:01     all   12.21    0.00   13.77    0.00    0.00    9.87    0.00    0.00    0.00   64.16
21:11:02     all   12.66    0.00   13.19    0.00    0.00   10.03    0.00    0.00    0.00   64.12
21:11:03     all   12.53    0.00   13.32    0.00    0.00   10.18    0.00    0.00    0.00   63.97
21:11:04     all   11.11    0.00   14.02    0.00    0.00   10.05    0.00    0.00    0.00   64.81
21:11:05     all   11.81    0.00   12.34    0.00    0.00   10.50    0.26    0.00    0.00   65.09
21:11:06     all   11.97    0.00   11.97    0.00    0.00   10.11    0.00    0.00    0.00   65.96
21:11:07     all   12.04    0.00   12.83    0.00    0.00   10.73    0.00    0.00    0.00   64.40
21:11:08     all   11.94    0.00   12.47    0.00    0.00    9.81    0.00    0.00    0.00   65.78
21:11:09     all   11.20    0.00   13.02    0.00    0.00   11.20    0.00    0.00    0.00   64.58
21:11:10     all   12.04    0.00   13.35    0.00    0.00   10.73    0.00    0.00    0.00   63.87
21:11:11     all   12.01    0.00   12.79    0.00    0.00   11.23    0.00    0.00    0.00   63.97
21:11:12     all   12.43    0.00   11.90    0.00    0.00   10.58    0.00    0.00    0.00   65.08
21:11:13     all   11.35    0.00   12.93    0.00    0.00   11.35    0.00    0.00    0.00   64.38
21:11:14     all   11.61    0.00   13.46    0.00    0.00   10.29    0.00    0.00    0.00   64.64
21:11:15     all   11.14    0.00   13.26    0.00    0.00   10.88    0.00    0.00    0.00   64.72
21:11:16     all   13.14    0.00   12.89    0.00    0.00   10.82    0.00    0.00    0.00   63.14
21:11:17     all   11.61    0.00   13.46    0.00    0.00   10.03    0.00    0.00    0.00   64.91
21:11:18     all   11.52    0.00   12.83    0.00    0.00   10.99    0.00    0.00    0.00   64.66
21:11:19     all    7.16    0.00    8.18    0.00    0.00    5.88    0.26    0.00    0.00   78.52
21:11:20     all    7.00    0.00    2.00    0.00    0.00    1.75    0.00    0.00    0.00   89.25
21:11:21     all   39.59    0.00    7.87    0.00    0.00    5.33    0.00    0.00    0.00   47.21
21:11:22     all   29.77    0.00    7.89    0.00    0.00    6.11    0.00    0.00    0.00   56.23
21:11:23     all   32.82    0.00    9.92    0.00    0.00    8.14    0.00    0.00    0.00   49.11
21:11:24     all   37.24    0.00   11.22    0.00    0.00   10.46    0.00    0.00    0.00   41.07
21:11:25     all   33.42    0.00   14.54    0.00    0.00   13.27    0.00    0.00    0.00   38.78
21:11:26     all   30.61    0.00   15.82    0.26    0.00   15.56    0.00    0.00    0.00   37.76
21:11:27     all   30.36    0.00   18.37    0.00    0.00   17.09    0.26    0.00    0.00   33.93
21:11:28     all   22.62    0.00   21.08    0.00    0.00   17.74    0.00    0.00    0.00   38.56
21:11:29     all   16.80    0.00   21.45    0.00    0.00   19.12    0.00    0.00    0.00   42.64
21:11:30     all   17.68    0.00   21.90    0.00    0.00   19.53    0.26    0.00    0.00   40.63
21:11:31     all   17.63    0.00   22.37    0.00    0.00   19.47    0.00    0.00    0.00   40.53
21:11:32     all   18.11    0.00   22.83    0.00    0.00   21.26    0.00    0.00    0.00   37.80
21:11:33     all   16.93    0.00   21.96    0.00    0.00   21.16    0.00    0.00    0.00   39.95
21:11:34     all   14.32    0.00   22.66    0.00    0.00   20.05    0.00    0.00    0.00   42.97
21:11:35     all   13.77    0.00   22.34    0.00    0.00   19.22    0.00    0.00    0.00   44.68
21:11:36     all   12.14    0.00   22.74    0.00    0.00   19.90    0.00    0.00    0.00   45.22
21:11:37     all   12.05    0.00   22.82    0.00    0.00   20.26    0.00    0.00    0.00   44.87
21:11:38     all   12.66    0.00   23.00    0.00    0.00   20.16    0.00    0.00    0.00   44.19
21:11:39     all   12.73    0.00   22.60    0.00    0.00   18.18    0.00    0.00    0.00   46.49
21:11:40     all   13.09    0.00   21.99    0.00    0.00   18.85    0.00    0.00    0.00   46.07
21:11:41     all   13.68    0.00   22.89    0.00    0.00   19.47    0.00    0.00    0.00   43.95
21:11:42     all   15.04    0.00   24.01    0.00    0.00   19.00    0.26    0.00    0.00   41.69
21:11:43     all   15.75    0.00   22.05    0.00    0.00   18.90    0.00    0.00    0.00   43.31
21:11:44     all   17.55    0.00   22.61    0.00    0.00   19.41    0.00    0.00    0.00   40.43
21:11:45     all   17.29    0.00   21.81    0.00    0.00   20.74    0.00    0.00    0.00   40.16
21:11:46     all   19.95    0.00   22.07    0.00    0.00   18.09    0.00    0.00    0.00   39.89
21:11:47     all   16.97    0.00   23.24    0.00    0.00   19.32    0.00    0.00    0.00   40.47
21:11:48     all   15.05    0.00   23.98    0.00    0.00   19.39    0.00    0.00    0.00   41.58
