Running 30s test @ http://10.116.0.2:8080/json
  4 threads and 256 connections
  Thread calibration: mean lat.: 1.092ms, rate sampling interval: 10ms
  Thread calibration: mean lat.: 1.097ms, rate sampling interval: 10ms
  Thread calibration: mean lat.: 1.106ms, rate sampling interval: 10ms
  Thread calibration: mean lat.: 1.516ms, rate sampling interval: 10ms
  Thread Stats   Avg      Stdev     Max   +/- Stdev
    Latency     1.18ms  523.13us  11.49ms   65.93%
    Req/Sec     5.26k     1.14k   10.56k    87.56%
  Latency Distribution (HdrHistogram - Recorded Latency)
 50.000%    1.15ms
 75.000%    1.54ms
 90.000%    1.85ms
 99.000%    2.40ms
 99.900%    3.10ms
 99.990%    8.73ms
 99.999%   11.21ms
100.000%   11.49ms

  Detailed Percentile spectrum:
       Value   Percentile   TotalCount 1/(1-Percentile)

       0.197     0.000000            1         1.00
       0.512     0.100000        39512         1.11
       0.688     0.200000        78759         1.25
       0.848     0.300000       118132         1.43
       0.997     0.400000       157459         1.67
       1.146     0.500000       196998         2.00
       1.222     0.550000       216506         2.22
       1.299     0.600000       236177         2.50
       1.381     0.650000       256057         2.86
       1.463     0.700000       275667         3.33
       1.545     0.750000       295191         4.00
       1.589     0.775000       305192         4.44
       1.631     0.800000       314942         5.00
       1.676     0.825000       324815         5.71
       1.725     0.850000       334572         6.67
       1.784     0.875000       344466         8.00
       1.816     0.887500       349335         8.89
       1.852     0.900000       354262        10.00
       1.892     0.912500       359171        11.43
       1.938     0.925000       364127        13.33
       1.991     0.937500       369020        16.00
       2.020     0.943750       371535        17.78
       2.051     0.950000       373969        20.00
       2.085     0.956250       376399        22.86
       2.123     0.962500       378882        26.67
       2.167     0.968750       381325        32.00
       2.191     0.971875       382550        35.56
       2.217     0.975000       383784        40.00
       2.247     0.978125       385026        45.71
       2.281     0.981250       386274        53.33
       2.317     0.984375       387458        64.00
       2.339     0.985938       388107        71.11
       2.363     0.987500       388692        80.00
       2.389     0.989062       389298        91.43
       2.417     0.990625       389912       106.67
       2.453     0.992188       390546       128.00
       2.473     0.992969       390833       142.22
       2.495     0.993750       391162       160.00
       2.519     0.994531       391453       182.86
       2.547     0.995313       391747       213.33
       2.583     0.996094       392053       256.00
       2.605     0.996484       392209       284.44
       2.635     0.996875       392359       320.00
       2.669     0.997266       392518       365.71
       2.715     0.997656       392666       426.67
       2.767     0.998047       392824       512.00
       2.797     0.998242       392901       568.89
       2.837     0.998437       392975       640.00
       2.889     0.998633       393050       731.43
       2.957     0.998828       393127       853.33
       3.107     0.999023       393205      1024.00
       3.195     0.999121       393243      1137.78
       3.281     0.999219       393281      1280.00
       3.361     0.999316       393319      1462.86
       3.543     0.999414       393358      1706.67
       3.769     0.999512       393397      2048.00
       3.883     0.999561       393416      2275.56
       4.143     0.999609       393435      2560.00
       4.323     0.999658       393454      2925.71
       4.615     0.999707       393474      3413.33
       4.895     0.999756       393492      4096.00
       5.439     0.999780       393502      4551.11
       6.059     0.999805       393512      5120.00
       6.607     0.999829       393521      5851.43
       7.535     0.999854       393531      6826.67
       8.019     0.999878       393540      8192.00
       8.463     0.999890       393545      9102.22
       8.735     0.999902       393550     10240.00
       9.087     0.999915       393555     11702.86
       9.407     0.999927       393561     13653.33
       9.743     0.999939       393565     16384.00
       9.927     0.999945       393567     18204.44
      10.023     0.999951       393569     20480.00
      10.383     0.999957       393572     23405.71
      10.519     0.999963       393574     27306.67
      10.663     0.999969       393576     32768.00
      10.687     0.999973       393578     36408.89
      10.855     0.999976       393580     40960.00
      10.855     0.999979       393580     46811.43
      10.943     0.999982       393581     54613.33
      10.959     0.999985       393582     65536.00
      11.159     0.999986       393583     72817.78
      11.207     0.999988       393584     81920.00
      11.207     0.999989       393584     93622.86
      11.215     0.999991       393585    109226.67
      11.215     0.999992       393585    131072.00
      11.303     0.999993       393586    145635.56
      11.303     0.999994       393586    163840.00
      11.303     0.999995       393586    187245.71
      11.351     0.999995       393587    218453.33
      11.351     0.999996       393587    262144.00
      11.351     0.999997       393587    291271.11
      11.351     0.999997       393587    327680.00
      11.351     0.999997       393587    374491.43
      11.495     0.999998       393588    436906.67
      11.495     1.000000       393588          inf
#[Mean    =        1.178, StdDeviation   =        0.523]
#[Max     =       11.488, Total count    =       393588]
#[Buckets =           27, SubBuckets     =         2048]
----------------------------------------------------------
  592717 requests in 30.01s, 55.40MB read
Requests/sec:  19753.72
Transfer/sec:      1.85MB
