Running 30s test @ http://10.116.0.2:8080/block?ms=100
  4 threads and 4000 connections
  Thread calibration: mean lat.: 104.929ms, rate sampling interval: 214ms
  Thread calibration: mean lat.: 105.072ms, rate sampling interval: 212ms
  Thread calibration: mean lat.: 104.528ms, rate sampling interval: 212ms
  Thread calibration: mean lat.: 105.683ms, rate sampling interval: 216ms
  Thread Stats   Avg      Stdev     Max   +/- Stdev
    Latency   101.98ms    2.18ms 170.62ms   92.04%
    Req/Sec     9.02k   142.08     9.36k    79.57%
  Latency Distribution (HdrHistogram - Recorded Latency)
 50.000%  101.44ms
 75.000%  102.08ms
 90.000%  103.68ms
 99.000%  111.49ms
 99.900%  124.74ms
 99.990%  140.29ms
 99.999%  149.76ms
100.000%  170.75ms

  Detailed Percentile spectrum:
       Value   Percentile   TotalCount 1/(1-Percentile)

     100.287     0.000000          189         1.00
     100.735     0.100000        63847         1.11
     100.927     0.200000       117794         1.25
     101.119     0.300000       177159         1.43
     101.247     0.400000       217719         1.67
     101.439     0.500000       275316         2.00
     101.567     0.550000       309654         2.22
     101.631     0.600000       325416         2.50
     101.759     0.650000       353598         2.86
     101.951     0.700000       388137         3.33
     102.079     0.750000       406501         4.00
     102.207     0.775000       421452         4.44
     102.335     0.800000       433146         5.00
     102.527     0.825000       446398         5.71
     102.783     0.850000       458983         6.67
     103.231     0.875000       474126         8.00
     103.423     0.887500       479572         8.89
     103.679     0.900000       485921        10.00
     103.999     0.912500       492972        11.43
     104.383     0.925000       500185        13.33
     104.767     0.937500       506309        16.00
     105.023     0.943750       509833        17.78
     105.279     0.950000       512807        20.00
     105.663     0.956250       516656        22.86
     106.047     0.962500       519832        26.67
     106.559     0.968750       523131        32.00
     106.879     0.971875       524717        35.56
     107.263     0.975000       526305        40.00
     107.839     0.978125       528086        45.71
     108.543     0.981250       529737        53.33
     109.375     0.984375       531312        64.00
     109.887     0.985938       532203        71.11
     110.399     0.987500       532982        80.00
     111.039     0.989062       533835        91.43
     111.743     0.990625       534698       106.67
     112.575     0.992188       535527       128.00
     113.087     0.992969       535938       142.22
     113.599     0.993750       536353       160.00
     114.239     0.994531       536797       182.86
     114.943     0.995313       537201       213.33
     115.775     0.996094       537633       256.00
     116.351     0.996484       537841       284.44
     116.991     0.996875       538050       320.00
     117.695     0.997266       538253       365.71
     118.655     0.997656       538467       426.67
     119.679     0.998047       538670       512.00
     120.383     0.998242       538787       568.89
     121.151     0.998437       538879       640.00
     122.239     0.998633       538985       731.43
     123.455     0.998828       539089       853.33
     125.055     0.999023       539194      1024.00
     126.463     0.999121       539246      1137.78
     127.487     0.999219       539302      1280.00
     128.639     0.999316       539358      1462.86
     129.791     0.999414       539404      1706.67
     131.455     0.999512       539460      2048.00
     132.351     0.999561       539483      2275.56
     133.503     0.999609       539510      2560.00
     134.399     0.999658       539539      2925.71
     135.551     0.999707       539563      3413.33
     137.087     0.999756       539591      4096.00
     137.471     0.999780       539605      4551.11
     138.111     0.999805       539619      5120.00
     138.623     0.999829       539631      5851.43
     139.007     0.999854       539644      6826.67
     139.775     0.999878       539656      8192.00
     140.031     0.999890       539661      9102.22
     140.287     0.999902       539669     10240.00
     140.799     0.999915       539678     11702.86
     141.055     0.999927       539683     13653.33
     141.311     0.999939       539689     16384.00
     141.567     0.999945       539692     18204.44
     142.079     0.999951       539694     20480.00
     142.463     0.999957       539698     23405.71
     143.231     0.999963       539701     27306.67
     144.895     0.999969       539704     32768.00
     146.047     0.999973       539706     36408.89
     146.303     0.999976       539707     40960.00
     147.711     0.999979       539709     46811.43
     148.479     0.999982       539712     54613.33
     148.479     0.999985       539712     65536.00
     148.863     0.999986       539713     72817.78
     148.991     0.999988       539714     81920.00
     149.759     0.999989       539715     93622.86
     150.783     0.999991       539716    109226.67
     150.783     0.999992       539716    131072.00
     156.799     0.999993       539717    145635.56
     156.799     0.999994       539717    163840.00
     159.871     0.999995       539718    187245.71
     159.871     0.999995       539718    218453.33
     159.871     0.999996       539718    262144.00
     164.735     0.999997       539719    291271.11
     164.735     0.999997       539719    327680.00
     164.735     0.999997       539719    374491.43
     164.735     0.999998       539719    436906.67
     164.735     0.999998       539719    524288.00
     170.751     0.999998       539720    582542.22
     170.751     1.000000       539720          inf
#[Mean    =      101.976, StdDeviation   =        2.182]
#[Max     =      170.624, Total count    =       539720]
#[Buckets =           27, SubBuckets     =         2048]
----------------------------------------------------------
  984482 requests in 30.00s, 79.80MB read
Requests/sec:  32815.46
Transfer/sec:      2.66MB
