Running 30s test @ http://10.116.0.2:8080/json
  4 threads and 256 connections
  Thread calibration: mean lat.: 37.258ms, rate sampling interval: 131ms
  Thread calibration: mean lat.: 56.797ms, rate sampling interval: 301ms
  Thread calibration: mean lat.: 63.578ms, rate sampling interval: 271ms
  Thread calibration: mean lat.: 137.564ms, rate sampling interval: 1124ms
  Thread Stats   Avg      Stdev     Max   +/- Stdev
    Latency   148.81ms  342.05ms   2.98s    89.52%
    Req/Sec    25.00k     2.03k   33.99k    84.21%
  Latency Distribution (HdrHistogram - Recorded Latency)
 50.000%    1.47ms
 75.000%  132.22ms
 90.000%  513.02ms
 99.000%    1.60s 
 99.900%    2.79s 
 99.990%    2.96s 
 99.999%    2.98s 
100.000%    2.98s 

  Detailed Percentile spectrum:
       Value   Percentile   TotalCount 1/(1-Percentile)

       0.182     0.000000            1         1.00
       0.635     0.100000       196897         1.11
       0.866     0.200000       393042         1.25
       1.101     0.300000       590030         1.43
       1.286     0.400000       785709         1.67
       1.472     0.500000       982433         2.00
       1.595     0.550000      1079976         2.22
       1.792     0.600000      1178514         2.50
       2.171     0.650000      1276541         2.86
       4.643     0.700000      1374509         3.33
     132.223     0.750000      1472672         4.00
     176.639     0.775000      1521811         4.44
     226.431     0.800000      1570897         5.00
     287.743     0.825000      1620177         5.71
     360.447     0.850000      1669067         6.67
     418.559     0.875000      1718134         8.00
     458.751     0.887500      1742754         8.89
     513.023     0.900000      1767280        10.00
     577.535     0.912500      1791843        11.43
     638.463     0.925000      1816424        13.33
     733.183     0.937500      1840931        16.00
     790.527     0.943750      1853134        17.78
     855.039     0.950000      1865466        20.00
     930.303     0.956250      1877683        22.86
    1012.223     0.962500      1889930        26.67
    1107.967     0.968750      1902239        32.00
    1163.263     0.971875      1908361        35.56
    1220.607     0.975000      1914573        40.00
    1284.095     0.978125      1920646        45.71
    1347.583     0.981250      1926782        53.33
    1424.383     0.984375      1932945        64.00
    1463.295     0.985938      1935952        71.11
    1512.447     0.987500      1939011        80.00
    1563.647     0.989062      1942119        91.43
    1622.015     0.990625      1945167       106.67
    1700.863     0.992188      1948219       128.00
    1752.063     0.992969      1949761       142.22
    1810.431     0.993750      1951300       160.00
    1909.759     0.994531      1952825       182.86
    2039.807     0.995313      1954351       213.33
    2195.455     0.996094      1955899       256.00
    2275.327     0.996484      1956666       284.44
    2361.343     0.996875      1957435       320.00
    2447.359     0.997266      1958199       365.71
    2527.231     0.997656      1958961       426.67
    2611.199     0.998047      1959731       512.00
    2654.207     0.998242      1960107       568.89
    2686.975     0.998437      1960506       640.00
    2713.599     0.998633      1960874       731.43
    2754.559     0.998828      1961259       853.33
    2791.423     0.999023      1961644      1024.00
    2805.759     0.999121      1961862      1137.78
    2811.903     0.999219      1962030      1280.00
    2834.431     0.999316      1962226      1462.86
    2859.007     0.999414      1962416      1706.67
    2881.535     0.999512      1962597      2048.00
    2891.775     0.999561      1962694      2275.56
    2906.111     0.999609      1962790      2560.00
    2910.207     0.999658      1962888      2925.71
    2916.351     0.999707      1962990      3413.33
    2930.687     0.999756      1963076      4096.00
    2938.879     0.999780      1963134      4551.11
    2942.975     0.999805      1963175      5120.00
    2947.071     0.999829      1963252      5851.43
    2949.119     0.999854      1963272      6826.67
    2953.215     0.999878      1963335      8192.00
    2955.263     0.999890      1963344      9102.22
    2961.407     0.999902      1963364     10240.00
    2965.503     0.999915      1963402     11702.86
    2967.551     0.999927      1963423     13653.33
    2969.599     0.999939      1963467     16384.00
    2969.599     0.999945      1963467     18204.44
    2969.599     0.999951      1963467     20480.00
    2971.647     0.999957      1963473     23405.71
    2973.695     0.999963      1963485     27306.67
    2975.743     0.999969      1963530     32768.00
    2975.743     0.999973      1963530     36408.89
    2975.743     0.999976      1963530     40960.00
    2975.743     0.999979      1963530     46811.43
    2975.743     0.999982      1963530     54613.33
    2975.743     0.999985      1963530     65536.00
    2975.743     0.999986      1963530     72817.78
    2977.791     0.999988      1963554     81920.00
    2977.791     1.000000      1963554          inf
#[Mean    =      148.812, StdDeviation   =      342.050]
#[Max     =     2975.744, Total count    =      1963554]
#[Buckets =           27, SubBuckets     =         2048]
----------------------------------------------------------
  2925124 requests in 30.00s, 273.38MB read
Requests/sec:  97505.15
Transfer/sec:      9.11MB
