Running 30s test @ http://10.116.0.2:8080/json
  4 threads and 256 connections
  Thread calibration: mean lat.: 514.522ms, rate sampling interval: 3547ms
  Thread calibration: mean lat.: 187.292ms, rate sampling interval: 1246ms
  Thread calibration: mean lat.: 292.355ms, rate sampling interval: 1917ms
  Thread calibration: mean lat.: 657.625ms, rate sampling interval: 3948ms
  Thread Stats   Avg      Stdev     Max   +/- Stdev
    Latency     1.79s     2.34s   12.80s    84.47%
    Req/Sec    28.18k     5.00k   37.86k    55.88%
  Latency Distribution (HdrHistogram - Recorded Latency)
 50.000%  808.96ms
 75.000%    2.79s 
 90.000%    5.32s 
 99.000%    9.49s 
 99.900%   12.14s 
 99.990%   12.77s 
 99.999%   12.81s 
100.000%   12.81s 

  Detailed Percentile spectrum:
       Value   Percentile   TotalCount 1/(1-Percentile)

       0.215     0.000000            1         1.00
       1.063     0.100000       214423         1.11
       1.553     0.200000       428452         1.25
       3.271     0.300000       642567         1.43
     162.815     0.400000       856698         1.67
     808.959     0.500000      1070980         2.00
    1133.567     0.550000      1177985         2.22
    1542.143     0.600000      1285057         2.50
    1925.119     0.650000      1392147         2.86
    2295.807     0.700000      1499374         3.33
    2785.279     0.750000      1606625         4.00
    3051.519     0.775000      1659999         4.44
    3366.911     0.800000      1713376         5.00
    3807.231     0.825000      1766998         5.71
    4214.783     0.850000      1820825         6.67
    4616.191     0.875000      1874294         8.00
    4886.527     0.887500      1900946         8.89
    5320.703     0.900000      1927533        10.00
    5730.303     0.912500      1954492        11.43
    6119.423     0.925000      1981146        13.33
    6455.295     0.937500      2007921        16.00
    6660.095     0.943750      2021217        17.78
    6856.703     0.950000      2034707        20.00
    7065.599     0.956250      2048013        22.86
    7294.975     0.962500      2061523        26.67
    7557.119     0.968750      2074878        32.00
    7802.879     0.971875      2081540        35.56
    8003.583     0.975000      2088212        40.00
    8257.535     0.978125      2094884        45.71
    8519.679     0.981250      2101555        53.33
    8798.207     0.984375      2108288        64.00
    8986.623     0.985938      2111563        71.11
    9175.039     0.987500      2115046        80.00
    9371.647     0.989062      2118344        91.43
    9592.831     0.990625      2121639       106.67
    9854.975     0.992188      2125045       128.00
    9953.279     0.992969      2126676       142.22
   10108.927     0.993750      2128306       160.00
   10412.031     0.994531      2130013       182.86
   10493.951     0.995313      2131714       213.33
   11059.199     0.996094      2133331       256.00
   11239.423     0.996484      2134178       284.44
   11354.111     0.996875      2135000       320.00
   11444.223     0.997266      2135862       365.71
   11534.335     0.997656      2136717       426.67
   11755.519     0.998047      2137527       512.00
   11812.863     0.998242      2137947       568.89
   11853.823     0.998437      2138393       640.00
   11919.359     0.998633      2138798       731.43
   12001.279     0.998828      2139172       853.33
   12165.119     0.999023      2139592      1024.00
   12206.079     0.999121      2139798      1137.78
   12247.039     0.999219      2140040      1280.00
   12271.615     0.999316      2140231      1462.86
   12312.575     0.999414      2140431      1706.67
   12353.535     0.999512      2140645      2048.00
   12460.031     0.999561      2140736      2275.56
   12615.679     0.999609      2140846      2560.00
   12681.215     0.999658      2140957      2925.71
   12705.791     0.999707      2141062      3413.33
   12722.175     0.999756      2141187      4096.00
   12730.367     0.999780      2141248      4551.11
   12738.559     0.999805      2141346      5120.00
   12738.559     0.999829      2141346      5851.43
   12746.751     0.999854      2141405      6826.67
   12754.943     0.999878      2141442      8192.00
   12754.943     0.999890      2141442      9102.22
   12771.327     0.999902      2141488     10240.00
   12779.519     0.999915      2141542     11702.86
   12779.519     0.999927      2141542     13653.33
   12787.711     0.999939      2141574     16384.00
   12787.711     0.999945      2141574     18204.44
   12787.711     0.999951      2141574     20480.00
   12795.903     0.999957      2141593     23405.71
   12804.095     0.999963      2141650     27306.67
   12804.095     0.999969      2141650     32768.00
   12804.095     0.999973      2141650     36408.89
   12804.095     0.999976      2141650     40960.00
   12804.095     0.999979      2141650     46811.43
   12804.095     0.999982      2141650     54613.33
   12804.095     0.999985      2141650     65536.00
   12804.095     0.999986      2141650     72817.78
   12812.287     0.999988      2141677     81920.00
   12812.287     1.000000      2141677          inf
#[Mean    =     1786.668, StdDeviation   =     2336.145]
#[Max     =    12804.096, Total count    =      2141677]
#[Buckets =           27, SubBuckets     =         2048]
----------------------------------------------------------
  3185843 requests in 30.00s, 297.75MB read
Requests/sec: 106195.79
Transfer/sec:      9.93MB
