Running 30s test @ http://10.116.0.2:8080/json
  4 threads and 256 connections
  Thread calibration: mean lat.: 1.360ms, rate sampling interval: 10ms
  Thread calibration: mean lat.: 1.343ms, rate sampling interval: 10ms
  Thread calibration: mean lat.: 1.534ms, rate sampling interval: 10ms
  Thread calibration: mean lat.: 1.339ms, rate sampling interval: 10ms
  Thread Stats   Avg      Stdev     Max   +/- Stdev
    Latency     1.34ms  584.40us   7.14ms   64.31%
    Req/Sec    10.53k     1.29k   14.33k    78.34%
  Latency Distribution (HdrHistogram - Recorded Latency)
 50.000%    1.27ms
 75.000%    1.76ms
 90.000%    2.14ms
 99.000%    2.73ms
 99.900%    3.76ms
 99.990%    5.48ms
 99.999%    6.38ms
100.000%    7.15ms

  Detailed Percentile spectrum:
       Value   Percentile   TotalCount 1/(1-Percentile)

       0.206     0.000000            1         1.00
       0.622     0.100000        79122         1.11
       0.791     0.200000       157678         1.25
       0.948     0.300000       236271         1.43
       1.106     0.400000       315071         1.67
       1.269     0.500000       393907         2.00
       1.355     0.550000       433153         2.22
       1.447     0.600000       472576         2.50
       1.545     0.650000       511713         2.86
       1.651     0.700000       551253         3.33
       1.761     0.750000       590498         4.00
       1.817     0.775000       610129         4.44
       1.876     0.800000       629771         5.00
       1.937     0.825000       649464         5.71
       2.001     0.850000       669250         6.67
       2.069     0.875000       688937         8.00
       2.105     0.887500       698753         8.89
       2.145     0.900000       708906        10.00
       2.185     0.912500       718343        11.43
       2.231     0.925000       728173        13.33
       2.283     0.937500       737988        16.00
       2.313     0.943750       743191        17.78
       2.343     0.950000       747875        20.00
       2.377     0.956250       752732        22.86
       2.415     0.962500       757659        26.67
       2.459     0.968750       762583        32.00
       2.485     0.971875       765075        35.56
       2.515     0.975000       767604        40.00
       2.545     0.978125       769978        45.71
       2.581     0.981250       772515        53.33
       2.623     0.984375       774911        64.00
       2.647     0.985938       776126        71.11
       2.675     0.987500       777319        80.00
       2.709     0.989062       778604        91.43
       2.747     0.990625       779821       106.67
       2.791     0.992188       781013       128.00
       2.819     0.992969       781633       142.22
       2.853     0.993750       782265       160.00
       2.891     0.994531       782856       182.86
       2.935     0.995313       783487       213.33
       2.989     0.996094       784091       256.00
       3.025     0.996484       784401       284.44
       3.065     0.996875       784709       320.00
       3.115     0.997266       785006       365.71
       3.183     0.997656       785313       426.67
       3.279     0.998047       785623       512.00
       3.341     0.998242       785776       568.89
       3.423     0.998437       785927       640.00
       3.519     0.998633       786082       731.43
       3.635     0.998828       786234       853.33
       3.773     0.999023       786388      1024.00
       3.871     0.999121       786467      1137.78
       3.991     0.999219       786542      1280.00
       4.115     0.999316       786618      1462.86
       4.255     0.999414       786695      1706.67
       4.435     0.999512       786772      2048.00
       4.523     0.999561       786811      2275.56
       4.607     0.999609       786849      2560.00
       4.687     0.999658       786889      2925.71
       4.779     0.999707       786926      3413.33
       4.895     0.999756       786966      4096.00
       4.943     0.999780       786984      4551.11
       5.067     0.999805       787003      5120.00
       5.179     0.999829       787022      5851.43
       5.283     0.999854       787041      6826.67
       5.383     0.999878       787060      8192.00
       5.431     0.999890       787070      9102.22
       5.491     0.999902       787080     10240.00
       5.579     0.999915       787089     11702.86
       5.647     0.999927       787099     13653.33
       5.759     0.999939       787109     16384.00
       5.783     0.999945       787113     18204.44
       5.831     0.999951       787118     20480.00
       5.879     0.999957       787123     23405.71
       5.943     0.999963       787129     27306.67
       5.987     0.999969       787132     32768.00
       6.043     0.999973       787135     36408.89
       6.103     0.999976       787137     40960.00
       6.235     0.999979       787140     46811.43
       6.279     0.999982       787142     54613.33
       6.327     0.999985       787144     65536.00
       6.367     0.999986       787146     72817.78
       6.371     0.999988       787147     81920.00
       6.383     0.999989       787148     93622.86
       6.447     0.999991       787149    109226.67
       6.455     0.999992       787150    131072.00
       6.531     0.999993       787151    145635.56
       6.611     0.999994       787152    163840.00
       6.611     0.999995       787152    187245.71
       6.635     0.999995       787153    218453.33
       6.635     0.999996       787153    262144.00
       6.687     0.999997       787154    291271.11
       6.687     0.999997       787154    327680.00
       6.687     0.999997       787154    374491.43
       6.743     0.999998       787155    436906.67
       6.743     0.999998       787155    524288.00
       6.743     0.999998       787155    582542.22
       6.743     0.999998       787155    655360.00
       6.743     0.999999       787155    748982.86
       7.147     0.999999       787156    873813.33
       7.147     1.000000       787156          inf
#[Mean    =        1.339, StdDeviation   =        0.584]
#[Max     =        7.144, Total count    =       787156]
#[Buckets =           27, SubBuckets     =         2048]
----------------------------------------------------------
  1185266 requests in 30.00s, 195.55MB read
Requests/sec:  39508.60
Transfer/sec:      6.52MB
