Linux 6.8.0-142-generic (cafeai-bench-server) 	10/01/26 	_x86_64_	(4 CPU)

17:18:28     CPU    %usr   %nice    %sys %iowait    %irq   %soft  %steal  %guest  %gnice   %idle
17:18:29     all   11.89    0.00    3.88    0.00    0.00    1.81    0.00    0.00    0.00   82.43
17:18:30     all   11.56    0.00    9.95    0.00    0.00    5.91    0.00    0.00    0.00   72.58
17:18:31     all   11.84    0.00    9.74    0.00    0.00    6.05    0.26    0.00    0.00   72.11
17:18:32     all   11.90    0.00    9.79    0.00    0.00    5.29    0.00    0.00    0.00   73.02
17:18:33     all    9.89    0.00    9.09    0.00    0.00    5.35    0.27    0.00    0.00   75.40
17:18:34     all   11.20    0.00    9.87    0.00    0.00    4.53    0.27    0.00    0.00   74.13
17:18:35     all   11.32    0.00   11.58    0.00    0.00    5.79    0.26    0.00    0.00   71.05
17:18:36     all   12.63    0.00    9.47    0.00    0.00    6.58    0.00    0.00    0.00   71.32
17:18:37     all   10.22    0.00    9.95    0.00    0.00    6.99    0.00    0.00    0.00   72.85
17:18:38     all   12.10    0.00    9.95    0.00    0.00    5.38    0.00    0.00    0.00   72.58
17:18:39     all   11.17    0.00   10.11    0.00    0.00    6.91    0.00    0.00    0.00   71.81
17:18:40     all   10.87    0.00    9.51    0.00    0.00    5.71    0.00    0.00    0.00   73.91
17:18:41     all   12.30    0.00    9.09    0.00    0.00    5.61    0.00    0.00    0.00   72.99
17:18:42     all   10.58    0.00    9.52    0.00    0.00    5.82    0.26    0.00    0.00   73.81
17:18:43     all   11.17    0.00    9.57    0.00    0.00    6.65    0.53    0.00    0.00   72.07
17:18:44     all   11.61    0.00    9.76    0.00    0.00    6.07    0.26    0.00    0.00   72.30
17:18:45     all   11.84    0.00   10.79    0.00    0.00    6.05    0.00    0.00    0.00   71.32
17:18:46     all   10.57    0.00    8.67    0.00    0.00    5.42    0.00    0.00    0.00   75.34
17:18:47     all   10.64    0.00    9.84    0.00    0.00    5.05    0.00    0.00    0.00   74.47
17:18:48     all   10.75    0.00    8.87    0.00    0.00    5.38    0.00    0.00    0.00   75.00
17:18:49     all   10.11    0.00   10.37    0.00    0.00    4.79    0.00    0.00    0.00   74.73
17:18:50     all    9.76    0.00    8.94    0.00    0.00    4.88    0.00    0.00    0.00   76.42
17:18:51     all   10.11    0.00   10.11    0.00    0.00    6.38    0.27    0.00    0.00   73.14
17:18:52     all   11.17    0.00    9.84    0.00    0.00    4.52    0.27    0.00    0.00   74.20
17:18:53     all   11.14    0.00    9.28    0.00    0.00    4.77    0.27    0.00    0.00   74.54
17:18:54     all    9.76    0.00   11.35    0.26    0.00    5.54    0.26    0.00    0.00   72.82
17:18:55     all   11.38    0.00   10.32    0.00    0.00    5.82    0.00    0.00    0.00   72.49
17:18:56     all   10.99    0.00   10.47    0.00    0.00    7.33    0.00    0.00    0.00   71.20
17:18:57     all   12.93    0.00   10.03    0.00    0.00    5.54    0.00    0.00    0.00   71.50
17:18:58     all   11.73    0.00   10.13    0.00    0.00    4.80    0.00    0.00    0.00   73.33
17:18:59     all    6.41    0.00    6.15    0.00    0.00    3.33    0.00    0.00    0.00   84.10
17:19:00     all   28.64    0.00    3.27    0.00    0.00    2.51    0.00    0.00    0.00   65.58
17:19:01     all   57.07    0.00    9.85    0.00    0.00    4.55    0.25    0.00    0.00   28.28
17:19:02     all   15.82    0.00    8.93    0.00    0.00    3.32    0.00    0.00    0.00   71.94
17:19:03     all   10.49    0.00   10.23    0.00    0.00    2.30    0.26    0.00    0.00   76.73
17:19:04     all   11.22    0.00   10.20    0.00    0.00    2.30    0.00    0.00    0.00   76.28
17:19:05     all   13.04    0.00    9.97    0.00    0.00    3.07    0.00    0.00    0.00   73.91
17:19:06     all   12.53    0.00    9.72    0.00    0.00    2.56    0.26    0.00    0.00   74.94
17:19:07     all   11.54    0.00   11.03    0.00    0.00    2.31    0.00    0.00    0.00   75.13
17:19:08     all   10.43    0.00   10.94    0.00    0.00    3.05    0.00    0.00    0.00   75.57
17:19:09     all    9.74    0.00   10.77    0.00    0.00    2.82    0.26    0.00    0.00   76.41
17:19:10     all    9.97    0.00   11.25    0.00    0.00    2.56    0.00    0.00    0.00   76.21
17:19:11     all   11.70    0.00    9.92    0.00    0.00    2.54    0.00    0.00    0.00   75.83
17:19:12     all   10.08    0.00   10.34    0.00    0.00    2.58    0.00    0.00    0.00   77.00
17:19:13     all   10.51    0.00   10.26    0.00    0.00    2.82    0.00    0.00    0.00   76.41
17:19:14     all   10.59    0.00   10.34    0.00    0.00    2.07    0.00    0.00    0.00   77.00
17:19:15     all   10.35    0.00   10.86    0.00    0.00    3.28    0.00    0.00    0.00   75.51
17:19:16     all   10.23    0.00   10.23    0.00    0.00    2.56    0.00    0.00    0.00   76.98
17:19:17     all   11.11    0.00    9.85    0.00    0.00    2.78    0.25    0.00    0.00   76.01
17:19:18     all   10.46    0.00   10.46    0.00    0.00    2.81    0.00    0.00    0.00   76.28
17:19:19     all   10.66    0.00    9.64    0.00    0.00    2.54    0.00    0.00    0.00   77.16
17:19:20     all    9.79    0.00   10.05    0.00    0.00    2.58    0.00    0.00    0.00   77.58
17:19:21     all    9.87    0.00   10.63    0.00    0.00    3.29    0.00    0.00    0.00   76.20
17:19:22     all   10.10    0.00   10.36    0.00    0.00    2.33    0.00    0.00    0.00   77.20
17:19:23     all   10.83    0.00   10.83    0.00    0.00    3.02    0.25    0.00    0.00   75.06
17:19:24     all   11.90    0.00    9.37    0.00    0.00    3.29    0.25    0.00    0.00   75.19
17:19:25     all   10.57    0.00   10.57    0.00    0.00    2.58    0.00    0.00    0.00   76.29
17:19:26     all   10.31    0.00   10.57    0.00    0.00    2.06    0.00    0.00    0.00   77.06
17:19:27     all    9.69    0.00   10.46    0.00    0.00    3.06    0.00    0.00    0.00   76.79
17:19:28     all    9.79    0.00   10.82    0.00    0.00    2.06    0.00    0.00    0.00   77.32
17:19:29     all   12.66    0.00    8.79    0.00    0.00    2.84    0.00    0.00    0.00   75.71
17:19:30     all    7.47    0.00    6.61    0.00    0.00    2.01    0.29    0.00    0.00   83.62
17:19:31     all   10.17    0.00    7.63    0.00    0.00    4.52    0.00    0.00    0.00   77.68
17:19:32     all    8.19    0.00    8.76    0.00    0.00    3.95    0.00    0.00    0.00   79.10
17:19:33     all    7.69    0.00    9.12    0.00    0.00    3.42    0.00    0.00    0.00   79.77
17:19:34     all    7.82    0.00    8.66    0.00    0.00    3.35    0.00    0.00    0.00   80.17
17:19:35     all    7.95    0.00    8.24    0.00    0.00    3.41    0.00    0.00    0.00   80.40
17:19:36     all    8.99    0.00    9.26    0.00    0.00    4.36    0.82    0.00    0.00   76.57
17:19:37     all    7.95    0.00    7.95    0.00    0.00    4.26    0.00    0.00    0.00   79.83
17:19:38     all    7.98    0.00    7.98    0.00    0.00    3.42    0.00    0.00    0.00   80.63
17:19:39     all    8.64    0.00    9.47    0.00    0.00    3.34    0.00    0.00    0.00   78.55
17:19:40     all    9.75    0.00    8.64    0.00    0.00    3.62    0.28    0.00    0.00   77.72
17:19:41     all    8.59    0.00    8.86    0.00    0.00    4.16    0.00    0.00    0.00   78.39
17:19:42     all    7.95    0.00    8.24    0.00    0.00    3.12    0.00    0.00    0.00   80.68
17:19:43     all    9.22    0.00    8.94    0.00    0.00    3.63    0.28    0.00    0.00   77.93
17:19:44     all    8.68    0.00    8.96    0.00    0.00    3.64    0.28    0.00    0.00   78.43
17:19:45     all    7.93    0.00    8.78    0.00    0.00    3.40    0.00    0.00    0.00   79.89
17:19:46     all    8.36    0.00    9.19    0.00    0.00    3.62    0.00    0.00    0.00   78.83
17:19:47     all    7.95    0.00    7.95    0.00    0.00    3.69    0.28    0.00    0.00   80.11
17:19:48     all    8.36    0.00    8.91    0.00    0.00    2.51    0.28    0.00    0.00   79.94
17:19:49     all    7.23    0.00    7.23    0.00    0.00    2.60    0.00    0.00    0.00   82.95
17:19:50     all    7.20    0.00    7.78    0.00    0.00    3.46    0.00    0.00    0.00   81.56
17:19:51     all    8.76    0.00    8.76    0.00    0.00    3.11    0.28    0.00    0.00   79.10
17:19:52     all    7.61    0.00    8.73    0.00    0.00    2.54    0.00    0.00    0.00   81.13
17:19:53     all    7.95    0.00    7.95    0.28    0.00    1.99    0.00    0.00    0.00   81.82
17:19:54     all    7.10    0.00    8.52    0.00    0.00    2.27    0.00    0.00    0.00   82.10
17:19:55     all    7.87    0.00    8.15    0.00    0.00    2.25    0.28    0.00    0.00   81.46
17:19:56     all    9.17    0.00    8.61    0.00    0.00    2.50    0.00    0.00    0.00   79.72
17:19:57     all    7.67    0.00    7.67    0.57    0.00    2.56    0.28    0.00    0.00   81.25
17:19:58     all    7.67    0.00    8.52    0.00    0.00    2.84    0.00    0.00    0.00   80.97
17:19:59     all    7.92    0.00    8.47    0.00    0.00    2.46    0.27    0.00    0.00   80.87
17:20:00     all   12.89    0.00   12.04    0.00    0.00    5.04    0.00    0.00    0.00   70.03
17:20:01     all   17.99    0.00   17.72    0.00    0.00    7.14    0.00    0.00    0.00   57.14
17:20:02     all   17.52    0.00   18.06    0.00    0.00    5.66    0.54    0.00    0.00   58.22
17:20:03     all   16.16    0.00   16.44    0.00    0.00    6.85    0.27    0.00    0.00   60.27
17:20:04     all   17.69    0.00   17.43    0.00    0.00    6.70    0.00    0.00    0.00   58.18
17:20:05     all   18.55    0.00   21.05    0.00    0.00    6.52    0.00    0.00    0.00   53.88
17:20:06     all   18.32    0.00   19.59    0.00    0.00    6.36    0.25    0.00    0.00   55.47
17:20:07     all   19.10    0.00   19.85    0.00    0.00    6.53    0.00    0.00    0.00   54.52
17:20:08     all   19.54    0.00   19.54    0.00    0.00    5.66    0.51    0.00    0.00   54.76
17:20:09     all   19.75    0.00   21.25    0.00    0.00    7.00    0.25    0.00    0.00   51.75
17:20:10     all   21.04    0.00   19.31    0.25    0.00    6.68    0.00    0.00    0.00   52.72
17:20:11     all   19.85    0.00   18.30    0.00    0.00    6.70    0.00    0.00    0.00   55.15
17:20:12     all   19.59    0.00   19.07    0.00    0.00    6.70    0.26    0.00    0.00   54.38
17:20:13     all   19.95    0.00   19.45    0.00    0.00    7.23    0.25    0.00    0.00   53.12
17:20:14     all   19.44    0.00   19.95    0.00    0.00    6.65    0.00    0.00    0.00   53.96
17:20:15     all   19.75    0.00   20.00    0.00    0.00    6.84    0.00    0.00    0.00   53.42
17:20:16     all   18.05    0.00   20.55    0.00    0.00    7.52    0.25    0.00    0.00   53.63
17:20:17     all   19.35    0.00   19.85    0.00    0.00    6.78    0.75    0.00    0.00   53.27
17:20:18     all   18.18    0.00   19.22    0.00    0.00    7.01    0.00    0.00    0.00   55.58
17:20:19     all   18.62    0.00   20.66    0.00    0.00    7.40    0.00    0.00    0.00   53.32
17:20:20     all   18.77    0.00   19.54    0.00    0.00    7.20    0.00    0.00    0.00   54.50
17:20:21     all   18.48    0.00   19.24    0.00    0.00    8.10    0.00    0.00    0.00   54.18
17:20:22     all   18.78    0.00   20.05    0.00    0.00    7.61    0.00    0.00    0.00   53.55
17:20:23     all   18.47    0.00   20.69    0.00    0.00    7.88    0.49    0.00    0.00   52.46
17:20:24     all   19.28    0.00   20.05    0.00    0.00    6.68    0.26    0.00    0.00   53.73
17:20:25     all   19.54    0.00   20.05    0.00    0.00    7.61    0.00    0.00    0.00   52.79
17:20:26     all   18.78    0.00   20.30    0.00    0.00    7.36    0.00    0.00    0.00   53.55
17:20:27     all   18.27    0.00   18.78    0.00    0.00    8.12    0.25    0.00    0.00   54.57
17:20:28     all   17.90    0.00   19.69    0.00    0.00    8.18    0.26    0.00    0.00   53.96
17:20:29     all   14.73    0.00   16.80    0.00    0.00    5.68    0.00    0.00    0.00   62.79
17:20:30     all   15.10    0.00   14.53    0.00    0.00    5.13    0.57    0.00    0.00   64.67
17:20:31     all   25.14    0.00   26.26    0.00    0.00    9.22    0.00    0.00    0.00   39.39
17:20:32     all   25.48    0.00   24.66    0.00    0.00    9.86    0.00    0.00    0.00   40.00
17:20:33     all   24.71    0.00   25.00    0.00    0.00   10.76    0.29    0.00    0.00   39.24
17:20:34     all   22.32    0.00   24.11    0.00    0.00   12.20    0.00    0.00    0.00   41.37
17:20:35     all   22.96    0.00   23.26    0.00    0.00   11.48    0.60    0.00    0.00   41.69
17:20:36     all   24.22    0.00   24.50    0.00    0.00   12.82    0.00    0.00    0.00   38.46
17:20:37     all   21.86    0.00   24.25    0.00    0.00   11.98    0.00    0.00    0.00   41.92
17:20:38     all   24.41    0.00   23.24    0.00    0.00   11.47    0.00    0.00    0.00   40.88
17:20:39     all   21.86    0.00   23.65    0.00    0.00   12.28    0.90    0.00    0.00   41.32
17:20:40     all   23.50    0.00   24.64    0.00    0.00   12.03    0.29    0.00    0.00   39.54
17:20:41     all   21.71    0.00   23.24    0.00    0.00   12.84    0.00    0.00    0.00   42.20
17:20:42     all   24.93    0.00   23.21    0.00    0.00   11.17    0.00    0.00    0.00   40.69
17:20:43     all   23.66    0.00   25.07    0.00    0.00   11.83    0.28    0.00    0.00   39.15
17:20:44     all   22.99    0.00   24.14    0.00    0.00   11.21    0.57    0.00    0.00   41.09
17:20:45     all   24.50    0.00   24.50    0.00    0.00   10.26    0.00    0.00    0.00   40.74
17:20:46     all   24.07    0.00   24.07    0.00    0.00   11.75    0.00    0.00    0.00   40.11
17:20:47     all   23.05    0.00   24.50    0.00    0.00   11.53    0.00    0.00    0.00   40.92
17:20:48     all   23.23    0.00   24.08    0.00    0.00   11.90    0.85    0.00    0.00   39.94
17:20:49     all   23.43    0.00   24.29    0.00    0.00   11.71    0.29    0.00    0.00   40.29
17:20:50     all   24.17    0.00   25.83    0.00    0.00   11.11    0.00    0.00    0.00   38.89
17:20:51     all   23.88    0.00   25.84    0.00    0.00   12.36    0.28    0.00    0.00   37.64
17:20:52     all   24.51    0.00   24.51    0.00    0.00   12.11    0.56    0.00    0.00   38.31
17:20:53     all   23.63    0.00   25.36    0.00    0.00   10.66    0.00    0.00    0.00   40.35
17:20:54     all   23.88    0.00   24.72    0.00    0.00   12.08    0.28    0.00    0.00   39.04
17:20:55     all   24.58    0.00   25.71    0.00    0.00    9.89    0.28    0.00    0.00   39.55
17:20:56     all   24.00    0.00   24.57    0.00    0.00   10.57    0.29    0.00    0.00   40.57
17:20:57     all   25.63    0.00   24.79    0.00    0.00   10.70    0.00    0.00    0.00   38.87
17:20:58     all   26.05    0.00   24.93    0.00    0.00    9.80    0.28    0.00    0.00   38.94
17:20:59     all   18.50    0.00   19.36    0.00    0.00    8.38    0.00    0.00    0.00   53.76
17:21:00     all   29.44    0.00   30.56    0.00    0.00    7.41    0.37    0.00    0.00   32.22
17:21:01     all   34.93    0.00   36.80    0.00    0.00   12.00    0.00    0.00    0.00   16.27
17:21:02     all   35.83    0.00   36.36    0.00    0.00   12.03    0.27    0.00    0.00   15.51
17:21:03     all   34.52    0.00   35.34    0.00    0.00   13.15    0.00    0.00    0.00   16.99
17:21:04     all   35.05    0.00   36.14    0.00    0.00   11.14    0.27    0.00    0.00   17.39
17:21:05     all   35.23    0.00   35.23    0.00    0.00   11.92    0.54    0.00    0.00   17.07
17:21:06     all   34.62    0.00   36.26    0.00    0.00   11.81    0.00    0.00    0.00   17.31
17:21:07     all   35.15    0.00   35.15    0.00    0.00   12.26    0.27    0.00    0.00   17.17
17:21:08     all   34.03    0.00   38.18    0.00    0.00   10.65    0.00    0.00    0.00   17.14
17:21:09     all   35.23    0.00   36.01    0.00    0.00   11.40    0.52    0.00    0.00   16.84
17:21:10     all   35.29    0.00   37.08    0.00    0.00   10.74    0.00    0.00    0.00   16.88
17:21:11     all   33.60    0.00   37.01    0.00    0.00   11.55    0.26    0.00    0.00   17.59
17:21:12     all   34.58    0.00   36.46    0.00    0.00   11.53    0.00    0.00    0.00   17.43
17:21:13     all   34.39    0.00   37.83    0.00    0.00   12.43    0.26    0.00    0.00   15.08
17:21:14     all   34.92    0.00   37.57    0.00    0.00   11.90    0.00    0.00    0.00   15.61
17:21:15     all   34.39    0.00   37.30    0.00    0.00   12.43    0.00    0.00    0.00   15.87
17:21:16     all   34.95    0.00   36.02    0.00    0.00   12.37    0.27    0.00    0.00   16.40
17:21:17     all   34.76    0.00   36.36    0.00    0.00   11.76    0.00    0.00    0.00   17.11
17:21:18     all   35.28    0.00   35.81    0.00    0.00   11.94    0.00    0.00    0.00   16.98
17:21:19     all   33.24    0.00   37.50    0.00    0.00   12.50    0.53    0.00    0.00   16.22
17:21:20     all   35.64    0.00   37.23    0.00    0.00   12.23    0.27    0.00    0.00   14.63
17:21:21     all   34.41    0.00   36.29    0.00    0.00   11.29    0.27    0.00    0.00   17.74
17:21:22     all   34.96    0.00   37.79    0.00    0.00   12.60    0.00    0.00    0.00   14.65
17:21:23     all   35.04    0.00   36.66    0.00    0.00   11.32    0.00    0.00    0.00   16.98
17:21:24     all   34.75    0.00   37.14    0.00    0.00   12.20    0.27    0.00    0.00   15.65
17:21:25     all   34.34    0.00   35.99    0.00    0.00   12.09    0.27    0.00    0.00   17.31
17:21:26     all   33.97    0.00   36.41    0.00    0.00   11.96    0.00    0.00    0.00   17.66
17:21:27     all   35.71    0.00   36.22    0.00    0.00   10.46    0.00    0.00    0.00   17.60
17:21:28     all   34.46    0.00   36.81    0.00    0.00   10.70    0.52    0.00    0.00   17.49
17:21:29     all   29.38    0.00   29.38    0.00    0.00   10.78    0.00    0.00    0.00   30.46
17:21:30     all   33.98    0.00   36.65    0.24    0.00    8.25    0.24    0.00    0.00   20.63
17:21:31     all   41.29    0.00   43.78    0.00    0.00   13.93    0.00    0.00    0.00    1.00
17:21:32     all   41.69    0.00   42.43    0.00    0.00   13.90    0.25    0.00    0.00    1.74
17:21:33     all   40.65    0.00   41.40    0.00    0.00   15.71    0.00    0.00    0.00    2.24
17:21:34     all   40.69    0.00   43.18    0.00    0.00   14.39    0.00    0.00    0.00    1.74
17:21:35     all   41.75    0.00   42.25    0.00    0.00   14.25    0.25    0.00    0.00    1.50
17:21:36     all   41.79    0.00   44.03    0.00    0.00   12.69    0.00    0.00    0.00    1.49
17:21:37     all   42.50    0.00   43.00    0.00    0.00   13.75    0.00    0.00    0.00    0.75
17:21:38     all   43.78    0.00   40.80    0.00    0.00   14.18    0.00    0.00    0.00    1.24
17:21:39     all   42.79    0.00   43.53    0.00    0.00   12.19    0.25    0.00    0.00    1.24
17:21:40     all   41.54    0.00   42.79    0.00    0.00   13.93    0.25    0.00    0.00    1.49
17:21:41     all   41.44    0.00   43.18    0.00    0.00   13.90    0.00    0.00    0.00    1.49
17:21:42     all   42.89    0.00   41.65    0.00    0.00   13.97    0.00    0.00    0.00    1.50
17:21:43     all   42.04    0.00   42.29    0.00    0.00   14.18    0.00    0.00    0.00    1.49
17:21:44     all   42.14    0.00   43.64    0.00    0.00   13.22    0.00    0.00    0.00    1.00
17:21:45     all   41.75    0.00   42.50    0.00    0.00   15.00    0.00    0.00    0.00    0.75
17:21:46     all   40.40    0.00   43.89    0.00    0.00   14.71    0.00    0.00    0.00    1.00
17:21:47     all   40.85    0.00   44.86    0.00    0.00   13.28    0.25    0.00    0.00    0.75
17:21:48     all   41.29    0.00   43.53    0.00    0.00   13.68    0.00    0.00    0.00    1.49
17:21:49     all   41.54    0.00   43.28    0.00    0.00   14.18    0.00    0.00    0.00    1.00
17:21:50     all   41.96    0.00   41.96    0.00    0.00   15.08    0.00    0.00    0.00    1.01
17:21:51     all   41.94    0.00   43.18    0.00    0.00   13.65    0.25    0.00    0.00    0.99
17:21:52     all   41.04    0.00   42.54    0.00    0.00   15.42    0.50    0.00    0.00    0.50
17:21:53     all   42.39    0.00   42.89    0.00    0.00   13.47    0.00    0.00    0.00    1.25
17:21:54     all   41.54    0.00   43.28    0.00    0.00   13.93    0.00    0.00    0.00    1.24
17:21:55     all   41.90    0.00   42.89    0.00    0.00   13.72    0.00    0.00    0.00    1.50
17:21:56     all   40.15    0.00   43.14    0.00    0.00   14.96    0.00    0.00    0.00    1.75
17:21:57     all   42.36    0.00   41.35    0.00    0.00   15.04    0.00    0.00    0.00    1.25
17:21:58     all   42.36    0.00   42.11    0.00    0.00   14.79    0.00    0.00    0.00    0.75
17:21:59     all   35.43    0.00   37.94    0.00    0.00   13.07    0.00    0.00    0.00   13.57
17:22:00     all   38.54    0.00   38.54    0.00    0.00   17.63    0.00    0.00    0.00    5.29
17:22:01     all   38.94    0.00   39.20    0.00    0.00   20.10    0.25    0.00    0.00    1.51
17:22:02     all   40.30    0.00   37.31    0.00    0.00   18.91    0.00    0.00    0.00    3.48
17:22:03     all   37.63    0.00   39.90    0.00    0.00   18.94    0.25    0.00    0.00    3.28
17:22:04     all   38.25    0.00   40.00    0.00    0.00   21.00    0.00    0.00    0.00    0.75
17:22:05     all   38.60    0.00   39.60    0.00    0.00   21.30    0.00    0.00    0.00    0.50
17:22:06     all   37.50    0.00   41.00    0.00    0.00   21.00    0.00    0.00    0.00    0.50
17:22:07     all   39.35    0.00   38.60    0.00    0.00   21.30    0.00    0.00    0.00    0.75
17:22:08     all   39.90    0.00   38.65    0.00    0.00   20.95    0.00    0.00    0.00    0.50
17:22:09     all   37.69    0.00   39.95    0.00    0.00   21.86    0.25    0.00    0.00    0.25
17:22:10     all   38.00    0.00   40.00    0.00    0.00   21.25    0.25    0.00    0.00    0.50
17:22:11     all   36.82    0.00   40.30    0.00    0.00   22.14    0.00    0.00    0.00    0.75
17:22:12     all   37.94    0.00   39.70    0.00    0.00   21.61    0.00    0.00    0.00    0.75
17:22:13     all   38.35    0.00   39.35    0.00    0.00   22.06    0.00    0.00    0.00    0.25
17:22:14     all   38.38    0.00   40.15    0.00    0.00   21.46    0.00    0.00    0.00    0.00
17:22:15     all   38.90    0.00   39.40    0.00    0.00   21.20    0.00    0.00    0.00    0.50
17:22:16     all   39.25    0.00   38.00    0.00    0.00   22.00    0.00    0.00    0.00    0.75
17:22:17     all   39.15    0.00   38.40    0.00    0.00   21.70    0.50    0.00    0.00    0.25
17:22:18     all   38.94    0.00   38.44    0.00    0.00   22.11    0.00    0.00    0.00    0.50
17:22:19     all   37.88    0.00   40.15    0.00    0.00   21.46    0.00    0.00    0.00    0.51
17:22:20     all   37.91    0.00   39.15    0.00    0.00   22.44    0.00    0.00    0.00    0.50
17:22:21     all   38.90    0.00   39.65    0.00    0.00   21.20    0.00    0.00    0.00    0.25
17:22:22     all   38.94    0.00   39.45    0.00    0.00   20.85    0.00    0.00    0.00    0.75
17:22:23     all   38.85    0.00   39.10    0.00    0.00   21.80    0.00    0.00    0.00    0.25
17:22:24     all   38.15    0.00   40.15    0.00    0.00   21.20    0.25    0.00    0.00    0.25
17:22:25     all   38.10    0.00   39.85    0.00    0.00   21.80    0.00    0.00    0.00    0.25
17:22:26     all   37.69    0.00   40.70    0.00    0.00   21.11    0.00    0.00    0.00    0.50
17:22:27     all   38.06    0.00   39.05    0.00    0.00   21.89    0.00    0.00    0.00    1.00
17:22:28     all   39.50    0.00   38.75    0.00    0.00   21.25    0.00    0.00    0.00    0.50
17:22:29     all   33.00    0.00   34.01    0.00    0.00   18.89    0.00    0.00    0.00   14.11
17:22:30     all    1.50    0.00    0.50    0.00    0.00    0.50    0.00    0.00    0.00   97.49
17:22:31     all    8.65    0.00    8.40    0.76    0.00    4.07    0.00    0.00    0.00   78.12
17:22:32     all    9.92    0.00    8.14    0.00    0.00    4.07    0.00    0.00    0.00   77.86
17:22:33     all    9.41    0.00   10.43    0.00    0.00    3.05    0.00    0.00    0.00   77.10
17:22:34     all   12.00    0.00   10.00    0.00    0.00    2.75    0.50    0.00    0.00   74.75
17:22:35     all    8.56    0.00   11.08    0.00    0.00    2.77    0.25    0.00    0.00   77.33
17:22:36     all    8.98    0.00   10.97    0.00    0.00    3.49    0.00    0.00    0.00   76.56
17:22:37     all    8.82    0.00   10.83    0.00    0.00    2.52    0.00    0.00    0.00   77.83
17:22:38     all    8.82    0.00   10.58    0.00    0.00    2.77    0.00    0.00    0.00   77.83
17:22:39     all    9.77    0.00    9.52    0.00    0.00    3.01    0.00    0.00    0.00   77.69
17:22:40     all    9.07    0.00   10.08    0.00    0.00    3.27    0.00    0.00    0.00   77.58
17:22:41     all    8.82    0.00   11.08    0.00    0.00    2.52    0.00    0.00    0.00   77.58
17:22:42     all    9.09    0.00   10.35    0.00    0.00    3.28    0.00    0.00    0.00   77.27
17:22:43     all    8.63    0.00   10.66    0.00    0.00    2.79    0.00    0.00    0.00   77.92
17:22:44     all   10.03    0.00   10.03    0.00    0.00    2.76    0.25    0.00    0.00   76.94
17:22:45     all    8.14    0.00   10.94    0.00    0.00    3.05    0.00    0.00    0.00   77.86
17:22:46     all    9.64    0.00    9.90    0.00    0.00    2.54    0.00    0.00    0.00   77.92
17:22:47     all    9.09    0.00   10.61    0.00    0.00    3.28    0.00    0.00    0.00   77.02
17:22:48     all    8.67    0.00    9.44    0.00    0.00    3.06    0.00    0.00    0.00   78.83
17:22:49     all    9.16    0.00    9.67    0.00    0.00    2.80    0.25    0.00    0.00   78.12
17:22:50     all    7.99    0.00   10.05    0.00    0.00    2.84    0.00    0.00    0.00   79.12
17:22:51     all    9.55    0.00    9.80    0.00    0.00    2.76    0.25    0.00    0.00   77.64
17:22:52     all    7.99    0.00   10.57    0.00    0.00    2.84    0.00    0.00    0.00   78.61
17:22:53     all    9.75    0.00   10.00    0.00    0.00    3.00    0.00    0.00    0.00   77.25
17:22:54     all    9.44    0.00    9.69    0.00    0.00    2.55    0.00    0.00    0.00   78.32
17:22:55     all    8.84    0.00   10.35    0.00    0.00    3.03    0.00    0.00    0.00   77.78
17:22:56     all    9.14    0.00    9.90    0.00    0.00    3.05    0.25    0.00    0.00   77.66
17:22:57     all    7.93    0.00    9.97    0.00    0.00    3.07    0.00    0.00    0.00   79.03
17:22:58     all    9.00    0.00   10.03    0.00    0.00    2.57    0.00    0.00    0.00   78.41
17:22:59     all    8.82    0.00    9.32    0.00    0.00    3.53    0.00    0.00    0.00   78.34
17:23:00     all    1.01    0.00    0.51    0.00    0.00    0.51    0.00    0.00    0.00   97.98
17:23:01     all   14.97    0.00   13.71    0.00    0.00    5.33    0.00    0.00    0.00   65.99
17:23:02     all   25.13    0.00   17.18    0.00    0.00    6.92    0.00    0.00    0.00   50.77
17:23:03     all   21.74    0.00   20.46    0.00    0.00    5.63    0.00    0.00    0.00   52.17
17:23:04     all   18.35    0.00   21.45    0.00    0.00    5.68    0.00    0.00    0.00   54.52
17:23:05     all   19.60    0.00   22.58    0.00    0.00    5.71    0.25    0.00    0.00   51.86
17:23:06     all   20.00    0.00   22.53    0.00    0.00    5.32    0.25    0.00    0.00   51.90
17:23:07     all   19.95    0.00   21.74    0.00    0.00    5.12    0.00    0.00    0.00   53.20
17:23:08     all   18.67    0.00   22.51    0.00    0.00    6.14    0.26    0.00    0.00   52.43
17:23:09     all   24.05    0.00   21.27    0.00    0.00    5.82    0.00    0.00    0.00   48.86
17:23:10     all   19.02    0.00   21.59    0.00    0.00    5.66    0.00    0.00    0.00   53.73
17:23:11     all   19.90    0.00   21.91    0.00    0.00    6.05    0.00    0.00    0.00   52.14
17:23:12     all   21.41    0.00   21.41    0.00    0.00    5.79    0.25    0.00    0.00   51.13
17:23:13     all   19.85    0.00   22.14    0.00    0.00    5.85    0.00    0.00    0.00   52.16
17:23:14     all   18.60    0.00   20.93    0.00    0.00    5.68    0.00    0.00    0.00   54.78
17:23:15     all   22.84    0.00   21.32    0.00    0.00    6.09    0.00    0.00    0.00   49.75
17:23:16     all   20.30    0.00   21.83    0.00    0.00    5.58    0.00    0.00    0.00   52.28
17:23:17     all   19.64    0.00   21.68    0.00    0.00    5.61    0.00    0.00    0.00   53.06
17:23:18     all   20.25    0.00   22.25    0.00    0.00    6.25    0.00    0.00    0.00   51.25
17:23:19     all   19.02    0.00   22.11    0.00    0.00    5.66    0.51    0.00    0.00   52.70
17:23:20     all   19.44    0.00   22.51    0.00    0.00    5.63    0.00    0.00    0.00   52.43
17:23:21     all   19.02    0.00   21.34    0.00    0.00    5.66    0.00    0.00    0.00   53.98
17:23:22     all   19.13    0.00   20.15    0.00    0.00    5.87    0.26    0.00    0.00   54.59
17:23:23     all   17.69    0.00   21.79    0.00    0.00    5.64    0.00    0.00    0.00   54.87
17:23:24     all   19.49    0.00   21.52    0.00    0.00    5.32    0.25    0.00    0.00   53.42
17:23:25     all   19.04    0.00   22.08    0.00    0.00    5.58    0.00    0.00    0.00   53.30
17:23:26     all   20.00    0.00   20.77    0.00    0.00    5.90    0.00    0.00    0.00   53.33
17:23:27     all   19.13    0.00   21.94    0.00    0.00    6.12    0.00    0.00    0.00   52.81
17:23:28     all   18.75    0.00   21.88    0.00    0.00    6.25    0.00    0.00    0.00   53.12
17:23:29     all   20.05    0.00   21.61    0.00    0.00    5.99    0.00    0.00    0.00   52.34
17:23:30     all    1.01    0.00    0.75    0.00    0.00    0.25    0.00    0.00    0.00   97.99
17:23:31     all   15.80    0.00   11.40    0.00    0.00    4.66    0.00    0.00    0.00   68.13
17:23:32     all   27.76    0.00   17.99    0.00    0.00    7.97    0.26    0.00    0.00   46.02
17:23:33     all   34.02    0.00   26.85    0.00    0.00    9.21    0.26    0.00    0.00   29.67
17:23:34     all   32.99    0.00   31.73    0.00    0.00   11.68    0.00    0.00    0.00   23.60
17:23:35     all   38.19    0.00   37.19    0.00    0.00   12.06    0.00    0.00    0.00   12.56
17:23:36     all   35.34    0.00   39.10    0.00    0.00   11.78    0.00    0.00    0.00   13.78
17:23:37     all   31.71    0.00   38.36    0.00    0.00    9.97    0.00    0.00    0.00   19.95
17:23:38     all   30.65    0.00   39.74    0.00    0.00    9.61    0.00    0.00    0.00   20.00
17:23:39     all   30.65    0.00   39.74    0.00    0.00    9.87    0.00    0.00    0.00   19.74
17:23:40     all   32.21    0.00   38.18    0.00    0.00    9.87    0.26    0.00    0.00   19.48
17:23:41     all   31.27    0.00   39.02    0.00    0.00    9.56    0.26    0.00    0.00   19.90
17:23:42     all   33.94    0.00   37.05    0.00    0.00    9.07    0.00    0.00    0.00   19.95
17:23:43     all   35.28    0.00   37.82    0.00    0.00    9.90    0.00    0.00    0.00   17.01
17:23:44     all   30.15    0.00   39.43    0.00    0.00    9.02    0.00    0.00    0.00   21.39
17:23:45     all   29.77    0.00   37.91    0.00    0.00   11.20    0.00    0.00    0.00   21.12
17:23:46     all   31.95    0.00   38.70    0.00    0.00    9.35    0.00    0.00    0.00   20.00
17:23:47     all   30.77    0.00   38.97    0.00    0.00    9.74    0.00    0.00    0.00   20.51
17:23:48     all   36.73    0.00   37.76    0.00    0.00   10.20    0.00    0.00    0.00   15.31
17:23:49     all   31.79    0.00   37.95    0.00    0.00   10.00    0.00    0.00    0.00   20.26
17:23:50     all   31.71    0.00   37.85    0.00    0.00   10.74    0.26    0.00    0.00   19.44
17:23:51     all   36.11    0.00   37.12    0.00    0.00   10.35    0.25    0.00    0.00   16.16
17:23:52     all   34.87    0.00   38.72    0.00    0.00   10.00    0.00    0.00    0.00   16.41
17:23:53     all   30.05    0.00   39.65    0.00    0.00    9.09    0.00    0.00    0.00   21.21
17:23:54     all   33.16    0.00   38.82    0.00    0.00    9.51    0.00    0.00    0.00   18.51
17:23:55     all   36.71    0.00   38.48    0.00    0.00    9.37    0.25    0.00    0.00   15.19
17:23:56     all   33.68    0.00   37.56    0.00    0.00    9.59    0.00    0.00    0.00   19.17
17:23:57     all   30.90    0.00   39.70    0.00    0.00   10.05    0.25    0.00    0.00   19.10
17:23:58     all   37.44    0.00   37.44    0.00    0.00   10.00    0.00    0.00    0.00   15.13
17:23:59     all   32.74    0.00   38.07    0.00    0.00   10.66    0.00    0.00    0.00   18.53
17:24:00     all    5.78    0.00    4.27    0.00    0.00    2.51    0.00    0.00    0.00   87.44
17:24:01     all    9.59    0.00   10.10    0.00    0.00    5.44    0.00    0.00    0.00   74.87
17:24:02     all   19.95    0.00   18.37    0.26    0.00    8.92    0.00    0.00    0.00   52.49
17:24:03     all   23.02    0.00   27.37    0.00    0.00    9.97    0.26    0.00    0.00   39.39
17:24:04     all   35.25    0.00   31.25    0.00    0.00   10.75    0.00    0.00    0.00   22.75
17:24:05     all   33.84    0.00   38.13    0.00    0.00   13.64    0.00    0.00    0.00   14.39
17:24:06     all   39.30    0.00   41.04    0.00    0.00   14.93    0.00    0.00    0.00    4.73
17:24:07     all   44.11    0.00   40.35    0.00    0.00   15.04    0.00    0.00    0.00    0.50
17:24:08     all   42.61    0.00   41.85    0.00    0.00   15.29    0.00    0.00    0.00    0.25
17:24:09     all   44.22    0.00   40.45    0.00    0.00   14.82    0.00    0.00    0.00    0.50
17:24:10     all   49.50    0.00   32.50    0.00    0.00   17.75    0.00    0.00    0.00    0.25
17:24:11     all   41.75    0.00   37.00    0.00    0.00   20.75    0.00    0.00    0.00    0.50
17:24:12     all   37.75    0.00   38.50    0.00    0.00   22.25    0.50    0.00    0.00    1.00
17:24:13     all   42.25    0.00   37.75    0.00    0.00   19.75    0.00    0.00    0.00    0.25
17:24:14     all   38.50    0.00   40.50    0.00    0.00   20.75    0.00    0.00    0.00    0.25
17:24:15     all   38.94    0.00   39.45    0.00    0.00   21.11    0.00    0.00    0.00    0.50
17:24:16     all   46.63    0.00   33.42    0.00    0.00   18.95    0.25    0.00    0.00    0.75
17:24:17     all   39.00    0.00   40.25    0.00    0.00   20.25    0.00    0.00    0.00    0.50
17:24:18     all   38.31    0.00   39.80    0.00    0.00   21.39    0.00    0.00    0.00    0.50
17:24:19     all   40.05    0.00   37.53    0.00    0.00   22.17    0.00    0.00    0.00    0.25
17:24:20     all   41.00    0.00   38.00    0.00    0.00   20.75    0.00    0.00    0.00    0.25
17:24:21     all   38.25    0.00   40.25    0.00    0.00   21.25    0.00    0.00    0.00    0.25
17:24:22     all   41.25    0.00   39.25    0.00    0.00   19.00    0.00    0.00    0.00    0.50
17:24:23     all   41.10    0.00   36.09    0.00    0.00   22.06    0.00    0.00    0.00    0.75
17:24:24     all   39.29    0.00   38.79    0.00    0.00   21.66    0.00    0.00    0.00    0.25
17:24:25     all   40.25    0.00   37.75    0.00    0.00   21.50    0.00    0.00    0.00    0.50
17:24:26     all   38.75    0.00   41.00    0.00    0.00   19.75    0.00    0.00    0.00    0.50
17:24:27     all   38.10    0.00   40.10    0.00    0.00   19.80    0.00    0.00    0.00    2.01
17:24:28     all   40.40    0.00   37.91    0.00    0.00   20.95    0.25    0.00    0.00    0.50
17:24:29     all   38.65    0.00   41.40    0.00    0.00   19.20    0.00    0.00    0.00    0.75
17:24:30     all   19.55    0.00   15.79    0.00    0.00    7.77    0.25    0.00    0.00   56.64
