Running 30s test @ http://10.116.0.2:8080/json
  4 threads and 256 connections
  Thread calibration: mean lat.: 1.826ms, rate sampling interval: 10ms
  Thread calibration: mean lat.: 1.616ms, rate sampling interval: 10ms
  Thread calibration: mean lat.: 1.712ms, rate sampling interval: 10ms
  Thread calibration: mean lat.: 1.599ms, rate sampling interval: 10ms
  Thread Stats   Avg      Stdev     Max   +/- Stdev
    Latency     1.69ms    0.89ms  22.00ms   79.16%
    Req/Sec    21.14k     2.15k   34.44k    74.32%
  Latency Distribution (HdrHistogram - Recorded Latency)
 50.000%    1.52ms
 75.000%    2.07ms
 90.000%    2.69ms
 99.000%    4.68ms
 99.900%    8.30ms
 99.990%   19.10ms
 99.999%   21.09ms
100.000%   22.01ms

  Detailed Percentile spectrum:
       Value   Percentile   TotalCount 1/(1-Percentile)

       0.195     0.000000            1         1.00
       0.815     0.100000       157546         1.11
       1.020     0.200000       314979         1.25
       1.193     0.300000       472836         1.43
       1.356     0.400000       630475         1.67
       1.522     0.500000       787191         2.00
       1.612     0.550000       866052         2.22
       1.709     0.600000       944765         2.50
       1.816     0.650000      1023502         2.86
       1.936     0.700000      1102113         3.33
       2.073     0.750000      1180969         4.00
       2.149     0.775000      1220163         4.44
       2.233     0.800000      1260166         5.00
       2.325     0.825000      1299462         5.71
       2.429     0.850000      1338528         6.67
       2.547     0.875000      1377804         8.00
       2.615     0.887500      1397687         8.89
       2.687     0.900000      1416910        10.00
       2.771     0.912500      1436790        11.43
       2.865     0.925000      1456455        13.33
       2.977     0.937500      1476056        16.00
       3.043     0.943750      1485799        17.78
       3.115     0.950000      1495764        20.00
       3.199     0.956250      1505544        22.86
       3.297     0.962500      1515444        26.67
       3.425     0.968750      1525240        32.00
       3.505     0.971875      1530078        35.56
       3.605     0.975000      1535018        40.00
       3.727     0.978125      1539891        45.71
       3.877     0.981250      1544809        53.33
       4.079     0.984375      1549754        64.00
       4.207     0.985938      1552223        71.11
       4.355     0.987500      1554642        80.00
       4.543     0.989062      1557130        91.43
       4.783     0.990625      1559565       106.67
       5.063     0.992188      1562029       128.00
       5.239     0.992969      1563258       142.22
       5.423     0.993750      1564487       160.00
       5.631     0.994531      1565732       182.86
       5.863     0.995313      1566949       213.33
       6.123     0.996094      1568175       256.00
       6.275     0.996484      1568801       284.44
       6.447     0.996875      1569409       320.00
       6.635     0.997266      1570022       365.71
       6.871     0.997656      1570637       426.67
       7.151     0.998047      1571249       512.00
       7.331     0.998242      1571557       568.89
       7.535     0.998437      1571866       640.00
       7.739     0.998633      1572169       731.43
       7.971     0.998828      1572477       853.33
       8.343     0.999023      1572787      1024.00
       8.567     0.999121      1572938      1137.78
       8.791     0.999219      1573094      1280.00
       9.111     0.999316      1573246      1462.86
       9.503     0.999414      1573399      1706.67
      10.095     0.999512      1573553      2048.00
      10.511     0.999561      1573630      2275.56
      11.015     0.999609      1573707      2560.00
      11.623     0.999658      1573783      2925.71
      12.471     0.999707      1573860      3413.33
      13.815     0.999756      1573937      4096.00
      14.823     0.999780      1573976      4551.11
      15.855     0.999805      1574015      5120.00
      16.591     0.999829      1574053      5851.43
      17.727     0.999854      1574091      6826.67
      18.543     0.999878      1574129      8192.00
      18.943     0.999890      1574150      9102.22
      19.135     0.999902      1574168     10240.00
      19.439     0.999915      1574189     11702.86
      19.599     0.999927      1574207     13653.33
      19.775     0.999939      1574226     16384.00
      19.887     0.999945      1574235     18204.44
      20.079     0.999951      1574246     20480.00
      20.175     0.999957      1574254     23405.71
      20.303     0.999963      1574265     27306.67
      20.367     0.999969      1574273     32768.00
      20.431     0.999973      1574280     36408.89
      20.463     0.999976      1574283     40960.00
      20.511     0.999979      1574289     46811.43
      20.591     0.999982      1574293     54613.33
      20.735     0.999985      1574297     65536.00
      20.879     0.999986      1574300     72817.78
      20.943     0.999988      1574303     81920.00
      21.087     0.999989      1574305     93622.86
      21.119     0.999991      1574308    109226.67
      21.183     0.999992      1574310    131072.00
      21.199     0.999993      1574311    145635.56
      21.231     0.999994      1574312    163840.00
      21.247     0.999995      1574313    187245.71
      21.311     0.999995      1574314    218453.33
      21.375     0.999996      1574316    262144.00
      21.375     0.999997      1574316    291271.11
      21.391     0.999997      1574317    327680.00
      21.391     0.999997      1574317    374491.43
      21.807     0.999998      1574318    436906.67
      21.807     0.999998      1574318    524288.00
      21.839     0.999998      1574319    582542.22
      21.839     0.999998      1574319    655360.00
      21.839     0.999999      1574319    748982.86
      22.015     0.999999      1574321    873813.33
      22.015     1.000000      1574321          inf
#[Mean    =        1.686, StdDeviation   =        0.895]
#[Max     =       22.000, Total count    =      1574321]
#[Buckets =           27, SubBuckets     =         2048]
----------------------------------------------------------
  2353609 requests in 30.00s, 388.31MB read
Requests/sec:  78451.26
Transfer/sec:     12.94MB
