Running 30s test @ http://10.116.0.2:8080/block?ms=100
  4 threads and 4000 connections
  Thread calibration: mean lat.: 113.697ms, rate sampling interval: 271ms
  Thread calibration: mean lat.: 114.247ms, rate sampling interval: 274ms
  Thread calibration: mean lat.: 116.547ms, rate sampling interval: 292ms
  Thread calibration: mean lat.: 115.997ms, rate sampling interval: 290ms
  Thread Stats   Avg      Stdev     Max   +/- Stdev
    Latency   112.26ms   14.03ms 202.88ms   85.48%
    Req/Sec     9.02k   504.70    10.25k    73.93%
  Latency Distribution (HdrHistogram - Recorded Latency)
 50.000%  106.11ms
 75.000%  118.33ms
 90.000%  132.10ms
 99.000%  161.66ms
 99.900%  174.98ms
 99.990%  188.03ms
 99.999%  193.41ms
100.000%  203.01ms

  Detailed Percentile spectrum:
       Value   Percentile   TotalCount 1/(1-Percentile)

     100.287     0.000000            1         1.00
     101.247     0.100000        56883         1.11
     101.759     0.200000       110400         1.25
     102.591     0.300000       164063         1.43
     104.063     0.400000       216885         1.67
     106.111     0.500000       270551         2.00
     107.519     0.550000       297481         2.22
     109.567     0.600000       324190         2.50
     112.383     0.650000       351431         2.86
     115.263     0.700000       378261         3.33
     118.335     0.750000       405483         4.00
     119.935     0.775000       418717         4.44
     121.535     0.800000       432045         5.00
     123.583     0.825000       445893         5.71
     125.887     0.850000       459077         6.67
     128.511     0.875000       472683         8.00
     130.111     0.887500       479363         8.89
     132.095     0.900000       486233        10.00
     134.271     0.912500       493041        11.43
     136.575     0.925000       499598        13.33
     139.135     0.937500       506448        16.00
     140.799     0.943750       509744        17.78
     142.975     0.950000       513165        20.00
     144.895     0.956250       516482        22.86
     147.071     0.962500       519921        26.67
     149.631     0.968750       523246        32.00
     151.039     0.971875       524952        35.56
     152.575     0.975000       526550        40.00
     154.111     0.978125       528229        45.71
     155.903     0.981250       529901        53.33
     157.823     0.984375       531692        64.00
     158.719     0.985938       532489        71.11
     159.743     0.987500       533322        80.00
     160.895     0.989062       534133        91.43
     162.175     0.990625       534992       106.67
     163.327     0.992188       535841       128.00
     163.967     0.992969       536253       142.22
     164.607     0.993750       536642       160.00
     165.375     0.994531       537124       182.86
     166.271     0.995313       537516       213.33
     167.423     0.996094       537930       256.00
     168.063     0.996484       538119       284.44
     168.959     0.996875       538332       320.00
     169.983     0.997266       538568       365.71
     170.623     0.997656       538757       426.67
     171.647     0.998047       538962       512.00
     172.415     0.998242       539075       568.89
     173.055     0.998437       539169       640.00
     173.695     0.998633       539281       731.43
     174.335     0.998828       539389       853.33
     175.103     0.999023       539487      1024.00
     175.487     0.999121       539536      1137.78
     175.999     0.999219       539594      1280.00
     176.767     0.999316       539644      1462.86
     177.791     0.999414       539693      1706.67
     179.071     0.999512       539750      2048.00
     179.583     0.999561       539779      2275.56
     179.967     0.999609       539803      2560.00
     180.351     0.999658       539825      2925.71
     180.863     0.999707       539855      3413.33
     181.375     0.999756       539878      4096.00
     182.015     0.999780       539891      4551.11
     182.783     0.999805       539904      5120.00
     183.935     0.999829       539917      5851.43
     185.087     0.999854       539932      6826.67
     186.367     0.999878       539944      8192.00
     187.647     0.999890       539952      9102.22
     188.159     0.999902       539957     10240.00
     188.671     0.999915       539963     11702.86
     189.695     0.999927       539971     13653.33
     190.335     0.999939       539977     16384.00
     190.591     0.999945       539980     18204.44
     191.231     0.999951       539984     20480.00
     191.487     0.999957       539986     23405.71
     191.615     0.999963       539990     27306.67
     192.127     0.999969       539993     32768.00
     192.383     0.999973       539995     36408.89
     192.511     0.999976       539996     40960.00
     192.639     0.999979       539998     46811.43
     193.151     0.999982       540002     54613.33
     193.151     0.999985       540002     65536.00
     193.151     0.999986       540002     72817.78
     193.279     0.999988       540003     81920.00
     193.407     0.999989       540004     93622.86
     193.663     0.999991       540005    109226.67
     193.663     0.999992       540005    131072.00
     194.431     0.999993       540006    145635.56
     194.431     0.999994       540006    163840.00
     194.559     0.999995       540007    187245.71
     194.559     0.999995       540007    218453.33
     194.559     0.999996       540007    262144.00
     194.815     0.999997       540008    291271.11
     194.815     0.999997       540008    327680.00
     194.815     0.999997       540008    374491.43
     194.815     0.999998       540008    436906.67
     194.815     0.999998       540008    524288.00
     203.007     0.999998       540009    582542.22
     203.007     1.000000       540009          inf
#[Mean    =      112.257, StdDeviation   =       14.027]
#[Max     =      202.880, Total count    =       540009]
#[Buckets =           27, SubBuckets     =         2048]
----------------------------------------------------------
  983928 requests in 30.00s, 150.14MB read
Requests/sec:  32796.94
Transfer/sec:      5.00MB
