Running 30s test @ http://10.116.0.2:8080/block?ms=100
  4 threads and 1000 connections
  Thread calibration: mean lat.: 105.615ms, rate sampling interval: 216ms
  Thread calibration: mean lat.: 107.149ms, rate sampling interval: 218ms
  Thread calibration: mean lat.: 106.116ms, rate sampling interval: 217ms
  Thread calibration: mean lat.: 107.165ms, rate sampling interval: 219ms
  Thread Stats   Avg      Stdev     Max   +/- Stdev
    Latency   102.72ms    1.63ms 116.42ms   75.28%
    Req/Sec     2.25k    99.88     2.43k    87.13%
  Latency Distribution (HdrHistogram - Recorded Latency)
 50.000%  102.46ms
 75.000%  103.49ms
 90.000%  104.70ms
 99.000%  108.22ms
 99.900%  113.73ms
 99.990%  115.97ms
 99.999%  116.35ms
100.000%  116.48ms

  Detailed Percentile spectrum:
       Value   Percentile   TotalCount 1/(1-Percentile)

     100.287     0.000000            1         1.00
     101.055     0.100000        18348         1.11
     101.375     0.200000        34105         1.25
     101.759     0.300000        53183         1.43
     102.079     0.400000        67729         1.67
     102.463     0.500000        84798         2.00
     102.655     0.550000        93358         2.22
     102.847     0.600000       101931         2.50
     103.039     0.650000       110190         2.86
     103.231     0.700000       117877         3.33
     103.487     0.750000       126959         4.00
     103.615     0.775000       130920         4.44
     103.807     0.800000       136252         5.00
     103.935     0.825000       139477         5.71
     104.127     0.850000       143650         6.67
     104.383     0.875000       148025         8.00
     104.511     0.887500       149728         8.89
     104.703     0.900000       151954        10.00
     104.895     0.912500       153723        11.43
     105.151     0.925000       155795        13.33
     105.471     0.937500       157896        16.00
     105.663     0.943750       159124        17.78
     105.855     0.950000       160331        20.00
     105.983     0.956250       161051        22.86
     106.175     0.962500       162158        26.67
     106.431     0.968750       163273        32.00
     106.559     0.971875       163730        35.56
     106.751     0.975000       164343        40.00
     106.879     0.978125       164730        45.71
     107.135     0.981250       165266        53.33
     107.455     0.984375       165776        64.00
     107.647     0.985938       166060        71.11
     107.839     0.987500       166312        80.00
     108.031     0.989062       166552        91.43
     108.287     0.990625       166825       106.67
     108.543     0.992188       167086       128.00
     108.735     0.992969       167233       142.22
     108.927     0.993750       167347       160.00
     109.183     0.994531       167473       182.86
     109.631     0.995313       167623       213.33
     110.143     0.996094       167742       256.00
     110.463     0.996484       167801       284.44
     110.783     0.996875       167874       320.00
     111.167     0.997266       167941       365.71
     111.487     0.997656       168003       426.67
     111.935     0.998047       168071       512.00
     112.127     0.998242       168106       568.89
     112.383     0.998437       168136       640.00
     112.639     0.998633       168164       731.43
     113.023     0.998828       168199       853.33
     113.727     0.999023       168229      1024.00
     113.983     0.999121       168247      1137.78
     114.175     0.999219       168262      1280.00
     114.367     0.999316       168278      1462.86
     114.495     0.999414       168298      1706.67
     114.687     0.999512       168314      2048.00
     114.751     0.999561       168320      2275.56
     115.071     0.999609       168329      2560.00
     115.327     0.999658       168336      2925.71
     115.519     0.999707       168348      3413.33
     115.583     0.999756       168352      4096.00
     115.711     0.999780       168359      4551.11
     115.775     0.999805       168363      5120.00
     115.839     0.999829       168368      5851.43
     115.903     0.999854       168374      6826.67
     115.903     0.999878       168374      8192.00
     115.967     0.999890       168377      9102.22
     115.967     0.999902       168377     10240.00
     116.031     0.999915       168382     11702.86
     116.031     0.999927       168382     13653.33
     116.095     0.999939       168386     16384.00
     116.095     0.999945       168386     18204.44
     116.095     0.999951       168386     20480.00
     116.095     0.999957       168386     23405.71
     116.159     0.999963       168387     27306.67
     116.287     0.999969       168390     32768.00
     116.287     0.999973       168390     36408.89
     116.287     0.999976       168390     40960.00
     116.287     0.999979       168390     46811.43
     116.287     0.999982       168390     54613.33
     116.351     0.999985       168391     65536.00
     116.351     0.999986       168391     72817.78
     116.351     0.999988       168391     81920.00
     116.415     0.999989       168392     93622.86
     116.415     0.999991       168392    109226.67
     116.415     0.999992       168392    131072.00
     116.415     0.999993       168392    145635.56
     116.415     0.999994       168392    163840.00
     116.479     0.999995       168393    187245.71
     116.479     1.000000       168393          inf
#[Mean    =      102.718, StdDeviation   =        1.631]
#[Max     =      116.416, Total count    =       168393]
#[Buckets =           27, SubBuckets     =         2048]
----------------------------------------------------------
  260161 requests in 30.00s, 39.70MB read
Requests/sec:   8672.03
Transfer/sec:      1.32MB
