Running 30s test @ http://10.116.0.2:8080/json
  4 threads and 64 connections
  Thread calibration: mean lat.: 1.095ms, rate sampling interval: 10ms
  Thread calibration: mean lat.: 1.116ms, rate sampling interval: 10ms
  Thread calibration: mean lat.: 1.114ms, rate sampling interval: 10ms
  Thread calibration: mean lat.: 1.082ms, rate sampling interval: 10ms
  Thread Stats   Avg      Stdev     Max   +/- Stdev
    Latency     1.10ms  445.65us   4.26ms   61.01%
    Req/Sec     5.28k   296.47     6.55k    75.46%
  Latency Distribution (HdrHistogram - Recorded Latency)
 50.000%    1.09ms
 75.000%    1.45ms
 90.000%    1.70ms
 99.000%    2.04ms
 99.900%    2.33ms
 99.990%    3.04ms
 99.999%    3.82ms
100.000%    4.26ms

  Detailed Percentile spectrum:
       Value   Percentile   TotalCount 1/(1-Percentile)

       0.201     0.000000            1         1.00
       0.505     0.100000        39910         1.11
       0.656     0.200000        79907         1.25
       0.801     0.300000       119748         1.43
       0.946     0.400000       159585         1.67
       1.087     0.500000       199354         2.00
       1.158     0.550000       219160         2.22
       1.230     0.600000       239066         2.50
       1.304     0.650000       259206         2.86
       1.378     0.700000       278939         3.33
       1.454     0.750000       298910         4.00
       1.493     0.775000       308848         4.44
       1.534     0.800000       318942         5.00
       1.575     0.825000       328750         5.71
       1.617     0.850000       338750         6.67
       1.660     0.875000       348685         8.00
       1.682     0.887500       353649         8.89
       1.704     0.900000       358613        10.00
       1.728     0.912500       363629        11.43
       1.754     0.925000       368545        13.33
       1.783     0.937500       373652        16.00
       1.798     0.943750       376005        17.78
       1.816     0.950000       378543        20.00
       1.836     0.956250       380987        22.86
       1.858     0.962500       383469        26.67
       1.885     0.968750       386004        32.00
       1.900     0.971875       387201        35.56
       1.916     0.975000       388450        40.00
       1.934     0.978125       389730        45.71
       1.955     0.981250       390935        53.33
       1.979     0.984375       392205        64.00
       1.993     0.985938       392830        71.11
       2.008     0.987500       393436        80.00
       2.026     0.989062       394051        91.43
       2.047     0.990625       394681       106.67
       2.069     0.992188       395287       128.00
       2.083     0.992969       395608       142.22
       2.099     0.993750       395930       160.00
       2.115     0.994531       396221       182.86
       2.135     0.995313       396525       213.33
       2.157     0.996094       396839       256.00
       2.173     0.996484       397016       284.44
       2.187     0.996875       397160       320.00
       2.203     0.997266       397303       365.71
       2.225     0.997656       397465       426.67
       2.251     0.998047       397623       512.00
       2.265     0.998242       397701       568.89
       2.279     0.998437       397772       640.00
       2.295     0.998633       397854       731.43
       2.311     0.998828       397926       853.33
       2.335     0.999023       398004      1024.00
       2.347     0.999121       398040      1137.78
       2.363     0.999219       398081      1280.00
       2.381     0.999316       398120      1462.86
       2.407     0.999414       398158      1706.67
       2.439     0.999512       398195      2048.00
       2.461     0.999561       398216      2275.56
       2.485     0.999609       398234      2560.00
       2.527     0.999658       398253      2925.71
       2.587     0.999707       398273      3413.33
       2.675     0.999756       398292      4096.00
       2.709     0.999780       398302      4551.11
       2.757     0.999805       398312      5120.00
       2.795     0.999829       398321      5851.43
       2.851     0.999854       398331      6826.67
       2.927     0.999878       398341      8192.00
       3.003     0.999890       398346      9102.22
       3.051     0.999902       398351     10240.00
       3.093     0.999915       398355     11702.86
       3.163     0.999927       398360     13653.33
       3.263     0.999939       398366     16384.00
       3.283     0.999945       398368     18204.44
       3.295     0.999951       398370     20480.00
       3.337     0.999957       398372     23405.71
       3.385     0.999963       398375     27306.67
       3.407     0.999969       398377     32768.00
       3.443     0.999973       398379     36408.89
       3.499     0.999976       398380     40960.00
       3.507     0.999979       398381     46811.43
       3.513     0.999982       398382     54613.33
       3.559     0.999985       398383     65536.00
       3.631     0.999986       398384     72817.78
       3.819     0.999988       398385     81920.00
       3.819     0.999989       398385     93622.86
       3.869     0.999991       398386    109226.67
       3.869     0.999992       398386    131072.00
       4.029     0.999993       398387    145635.56
       4.029     0.999994       398387    163840.00
       4.029     0.999995       398387    187245.71
       4.247     0.999995       398388    218453.33
       4.247     0.999996       398388    262144.00
       4.247     0.999997       398388    291271.11
       4.247     0.999997       398388    327680.00
       4.247     0.999997       398388    374491.43
       4.263     0.999998       398389    436906.67
       4.263     1.000000       398389          inf
#[Mean    =        1.100, StdDeviation   =        0.446]
#[Max     =        4.260, Total count    =       398389]
#[Buckets =           27, SubBuckets     =         2048]
----------------------------------------------------------
  599252 requests in 30.00s, 98.87MB read
Requests/sec:  19974.71
Transfer/sec:      3.30MB
