Running 30s test @ http://10.116.0.2:8080/block?ms=100
  4 threads and 1000 connections
  Thread calibration: mean lat.: 103.332ms, rate sampling interval: 210ms
  Thread calibration: mean lat.: 103.161ms, rate sampling interval: 209ms
  Thread calibration: mean lat.: 103.067ms, rate sampling interval: 208ms
  Thread calibration: mean lat.: 103.217ms, rate sampling interval: 208ms
  Thread Stats   Avg      Stdev     Max   +/- Stdev
    Latency   102.25ms    1.19ms 112.00ms   72.78%
    Req/Sec     2.25k   204.75     2.40k    81.01%
  Latency Distribution (HdrHistogram - Recorded Latency)
 50.000%  102.08ms
 75.000%  102.85ms
 90.000%  103.74ms
 99.000%  106.37ms
 99.900%  108.03ms
 99.990%  108.99ms
 99.999%  109.25ms
100.000%  112.06ms

  Detailed Percentile spectrum:
       Value   Percentile   TotalCount 1/(1-Percentile)

     100.351     0.000000           26         1.00
     100.991     0.100000        18009         1.11
     101.311     0.200000        36567         1.25
     101.567     0.300000        53660         1.43
     101.823     0.400000        70673         1.67
     102.079     0.500000        86631         2.00
     102.207     0.550000        94367         2.22
     102.335     0.600000       101902         2.50
     102.527     0.650000       112259         2.86
     102.655     0.700000       118663         3.33
     102.847     0.750000       127359         4.00
     102.975     0.775000       132409         4.44
     103.103     0.800000       136939         5.00
     103.167     0.825000       138985         5.71
     103.359     0.850000       144300         6.67
     103.487     0.875000       147403         8.00
     103.615     0.887500       149969         8.89
     103.743     0.900000       152124        10.00
     103.871     0.912500       153949        11.43
     104.063     0.925000       156270        13.33
     104.255     0.937500       158124        16.00
     104.383     0.943750       159157        17.78
     104.511     0.950000       160030        20.00
     104.703     0.956250       161244        22.86
     104.895     0.962500       162270        26.67
     105.087     0.968750       163202        32.00
     105.215     0.971875       163750        35.56
     105.343     0.975000       164264        40.00
     105.471     0.978125       164735        45.71
     105.663     0.981250       165288        53.33
     105.855     0.984375       165807        64.00
     105.983     0.985938       166063        71.11
     106.111     0.987500       166325        80.00
     106.239     0.989062       166560        91.43
     106.431     0.990625       166851       106.67
     106.623     0.992188       167133       128.00
     106.751     0.992969       167270       142.22
     106.815     0.993750       167356       160.00
     106.943     0.994531       167495       182.86
     107.071     0.995313       167625       213.33
     107.263     0.996094       167785       256.00
     107.327     0.996484       167850       284.44
     107.391     0.996875       167900       320.00
     107.455     0.997266       167948       365.71
     107.583     0.997656       168027       426.67
     107.711     0.998047       168099       512.00
     107.775     0.998242       168128       568.89
     107.839     0.998437       168157       640.00
     107.903     0.998633       168202       731.43
     107.903     0.998828       168202       853.33
     108.031     0.999023       168242      1024.00
     108.095     0.999121       168263      1137.78
     108.159     0.999219       168279      1280.00
     108.223     0.999316       168293      1462.86
     108.287     0.999414       168313      1706.67
     108.351     0.999512       168320      2048.00
     108.415     0.999561       168332      2275.56
     108.479     0.999609       168349      2560.00
     108.479     0.999658       168349      2925.71
     108.479     0.999707       168349      3413.33
     108.671     0.999756       168358      4096.00
     108.735     0.999780       168362      4551.11
     108.799     0.999805       168368      5120.00
     108.863     0.999829       168372      5851.43
     108.927     0.999854       168379      6826.67
     108.927     0.999878       168379      8192.00
     108.991     0.999890       168384      9102.22
     108.991     0.999902       168384     10240.00
     108.991     0.999915       168384     11702.86
     109.055     0.999927       168386     13653.33
     109.119     0.999939       168392     16384.00
     109.119     0.999945       168392     18204.44
     109.119     0.999951       168392     20480.00
     109.119     0.999957       168392     23405.71
     109.119     0.999963       168392     27306.67
     109.183     0.999969       168395     32768.00
     109.183     0.999973       168395     36408.89
     109.183     0.999976       168395     40960.00
     109.183     0.999979       168395     46811.43
     109.183     0.999982       168395     54613.33
     109.247     0.999985       168396     65536.00
     109.247     0.999986       168396     72817.78
     109.247     0.999988       168396     81920.00
     109.375     0.999989       168397     93622.86
     109.375     0.999991       168397    109226.67
     109.375     0.999992       168397    131072.00
     109.375     0.999993       168397    145635.56
     109.375     0.999994       168397    163840.00
     112.063     0.999995       168398    187245.71
     112.063     1.000000       168398          inf
#[Mean    =      102.245, StdDeviation   =        1.186]
#[Max     =      112.000, Total count    =       168398]
#[Buckets =           27, SubBuckets     =         2048]
----------------------------------------------------------
  260156 requests in 30.00s, 39.70MB read
Requests/sec:   8671.92
Transfer/sec:      1.32MB
