Running 30s test @ http://10.116.0.2:8080/block?ms=100
  4 threads and 8000 connections
  Thread calibration: mean lat.: 1806.826ms, rate sampling interval: 7929ms
  Thread calibration: mean lat.: 1818.900ms, rate sampling interval: 7983ms
  Thread calibration: mean lat.: 1861.635ms, rate sampling interval: 8056ms
  Thread calibration: mean lat.: 1822.036ms, rate sampling interval: 7925ms
  Thread Stats   Avg      Stdev     Max   +/- Stdev
    Latency     6.20s     1.02s    8.18s    59.39%
    Req/Sec    11.84k   103.15    11.95k    50.00%
  Latency Distribution (HdrHistogram - Recorded Latency)
 50.000%    6.23s 
 75.000%    7.05s 
 90.000%    7.60s 
 99.000%    8.01s 
 99.900%    8.08s 
 99.990%    8.12s 
 99.999%    8.15s 
100.000%    8.18s 

  Detailed Percentile spectrum:
       Value   Percentile   TotalCount 1/(1-Percentile)

    3661.823     0.000000            1         1.00
    4829.183     0.100000        47663         1.11
    5169.151     0.200000        94888         1.25
    5537.791     0.300000       142105         1.43
    5910.527     0.400000       189523         1.67
    6230.015     0.500000       236736         2.00
    6377.471     0.550000       260684         2.22
    6541.311     0.600000       284020         2.50
    6705.151     0.650000       307439         2.86
    6873.087     0.700000       331029         3.33
    7053.311     0.750000       355057         4.00
    7122.943     0.775000       366540         4.44
    7225.343     0.800000       378635         5.00
    7319.551     0.825000       390775         5.71
    7401.471     0.850000       402320         6.67
    7491.583     0.875000       414109         8.00
    7544.831     0.887500       420189         8.89
    7598.079     0.900000       425919        10.00
    7651.327     0.912500       431904        11.43
    7700.479     0.925000       437446        13.33
    7749.631     0.937500       443523        16.00
    7770.111     0.943750       446270        17.78
    7802.879     0.950000       449781        20.00
    7823.359     0.956250       452220        22.86
    7856.127     0.962500       455511        26.67
    7888.895     0.968750       458142        32.00
    7905.279     0.971875       459858        35.56
    7921.663     0.975000       461032        40.00
    7942.143     0.978125       462741        45.71
    7958.527     0.981250       464041        53.33
    7979.007     0.984375       465563        64.00
    7987.199     0.985938       466498        71.11
    7995.391     0.987500       467213        80.00
    8003.583     0.989062       467743        91.43
    8015.871     0.990625       468679       106.67
    8024.063     0.992188       469324       128.00
    8028.159     0.992969       469534       142.22
    8036.351     0.993750       469928       160.00
    8044.543     0.994531       470383       182.86
    8048.639     0.995313       470641       213.33
    8056.831     0.996094       471084       256.00
    8060.927     0.996484       471268       284.44
    8065.023     0.996875       471427       320.00
    8069.119     0.997266       471703       365.71
    8073.215     0.997656       472059       426.67
    8073.215     0.998047       472059       512.00
    8073.215     0.998242       472059       568.89
    8077.311     0.998437       472352       640.00
    8077.311     0.998633       472352       731.43
    8077.311     0.998828       472352       853.33
    8081.407     0.999023       472504      1024.00
    8081.407     0.999121       472504      1137.78
    8081.407     0.999219       472504      1280.00
    8085.503     0.999316       472607      1462.86
    8085.503     0.999414       472607      1706.67
    8085.503     0.999512       472607      2048.00
    8089.599     0.999561       472663      2275.56
    8089.599     0.999609       472663      2560.00
    8093.695     0.999658       472690      2925.71
    8097.791     0.999707       472702      3413.33
    8110.079     0.999756       472739      4096.00
    8110.079     0.999780       472739      4551.11
    8114.175     0.999805       472757      5120.00
    8114.175     0.999829       472757      5851.43
    8118.271     0.999854       472782      6826.67
    8118.271     0.999878       472782      8192.00
    8122.367     0.999890       472797      9102.22
    8122.367     0.999902       472797     10240.00
    8122.367     0.999915       472797     11702.86
    8126.463     0.999927       472807     13653.33
    8130.559     0.999939       472816     16384.00
    8130.559     0.999945       472816     18204.44
    8130.559     0.999951       472816     20480.00
    8134.655     0.999957       472827     23405.71
    8134.655     0.999963       472827     27306.67
    8134.655     0.999969       472827     32768.00
    8134.655     0.999973       472827     36408.89
    8134.655     0.999976       472827     40960.00
    8134.655     0.999979       472827     46811.43
    8138.751     0.999982       472829     54613.33
    8146.943     0.999985       472832     65536.00
    8146.943     0.999986       472832     72817.78
    8146.943     0.999988       472832     81920.00
    8146.943     0.999989       472832     93622.86
    8151.039     0.999991       472834    109226.67
    8151.039     0.999992       472834    131072.00
    8151.039     0.999993       472834    145635.56
    8155.135     0.999994       472835    163840.00
    8155.135     0.999995       472835    187245.71
    8155.135     0.999995       472835    218453.33
    8163.327     0.999996       472836    262144.00
    8163.327     0.999997       472836    291271.11
    8163.327     0.999997       472836    327680.00
    8163.327     0.999997       472836    374491.43
    8163.327     0.999998       472836    436906.67
    8179.711     0.999998       472837    524288.00
    8179.711     1.000000       472837          inf
#[Mean    =     6203.879, StdDeviation   =     1017.292]
#[Max     =     8175.616, Total count    =       472837]
#[Buckets =           27, SubBuckets     =         2048]
----------------------------------------------------------
  1230875 requests in 30.00s, 187.82MB read
Requests/sec:  41027.04
Transfer/sec:      6.26MB
