Running 30s test @ http://10.116.0.2:8080/json
  4 threads and 256 connections
  Thread calibration: mean lat.: 1.516ms, rate sampling interval: 10ms
  Thread calibration: mean lat.: 1.444ms, rate sampling interval: 10ms
  Thread calibration: mean lat.: 1.470ms, rate sampling interval: 10ms
  Thread calibration: mean lat.: 1.524ms, rate sampling interval: 10ms
  Thread Stats   Avg      Stdev     Max   +/- Stdev
    Latency     1.49ms  668.07us   9.66ms   69.09%
    Req/Sec    15.83k     1.48k   22.78k    70.95%
  Latency Distribution (HdrHistogram - Recorded Latency)
 50.000%    1.40ms
 75.000%    1.90ms
 90.000%    2.37ms
 99.000%    3.33ms
 99.900%    5.29ms
 99.990%    7.49ms
 99.999%    8.84ms
100.000%    9.66ms

  Detailed Percentile spectrum:
       Value   Percentile   TotalCount 1/(1-Percentile)

       0.201     0.000000            1         1.00
       0.718     0.100000       118532         1.11
       0.908     0.200000       236438         1.25
       1.074     0.300000       354846         1.43
       1.235     0.400000       472442         1.67
       1.399     0.500000       590433         2.00
       1.486     0.550000       649598         2.22
       1.578     0.600000       708620         2.50
       1.677     0.650000       767841         2.86
       1.785     0.700000       827013         3.33
       1.902     0.750000       885547         4.00
       1.966     0.775000       915251         4.44
       2.034     0.800000       944709         5.00
       2.105     0.825000       974199         5.71
       2.183     0.850000      1004081         6.67
       2.269     0.875000      1033675         8.00
       2.315     0.887500      1048150         8.89
       2.367     0.900000      1063016        10.00
       2.423     0.912500      1077612        11.43
       2.485     0.925000      1092278        13.33
       2.557     0.937500      1107120        16.00
       2.597     0.943750      1114418        17.78
       2.643     0.950000      1121874        20.00
       2.693     0.956250      1129170        22.86
       2.753     0.962500      1136571        26.67
       2.825     0.968750      1143876        32.00
       2.871     0.971875      1147626        35.56
       2.921     0.975000      1151344        40.00
       2.977     0.978125      1154901        45.71
       3.043     0.981250      1158636        53.33
       3.121     0.984375      1162379        64.00
       3.167     0.985938      1164212        71.11
       3.221     0.987500      1165997        80.00
       3.285     0.989062      1167851        91.43
       3.363     0.990625      1169677       106.67
       3.465     0.992188      1171519       128.00
       3.527     0.992969      1172458       142.22
       3.597     0.993750      1173366       160.00
       3.681     0.994531      1174276       182.86
       3.791     0.995313      1175209       213.33
       3.935     0.996094      1176118       256.00
       4.023     0.996484      1176582       284.44
       4.123     0.996875      1177046       320.00
       4.251     0.997266      1177518       365.71
       4.395     0.997656      1177966       426.67
       4.579     0.998047      1178423       512.00
       4.679     0.998242      1178655       568.89
       4.803     0.998437      1178886       640.00
       4.943     0.998633      1179112       731.43
       5.111     0.998828      1179349       853.33
       5.319     0.999023      1179573      1024.00
       5.451     0.999121      1179695      1137.78
       5.567     0.999219      1179806      1280.00
       5.731     0.999316      1179920      1462.86
       5.907     0.999414      1180037      1706.67
       6.095     0.999512      1180153      2048.00
       6.219     0.999561      1180208      2275.56
       6.319     0.999609      1180266      2560.00
       6.459     0.999658      1180324      2925.71
       6.615     0.999707      1180383      3413.33
       6.795     0.999756      1180438      4096.00
       6.879     0.999780      1180467      4551.11
       6.959     0.999805      1180498      5120.00
       7.035     0.999829      1180526      5851.43
       7.167     0.999854      1180554      6826.67
       7.307     0.999878      1180582      8192.00
       7.427     0.999890      1180598      9102.22
       7.523     0.999902      1180611     10240.00
       7.631     0.999915      1180627     11702.86
       7.683     0.999927      1180640     13653.33
       7.771     0.999939      1180654     16384.00
       7.815     0.999945      1180662     18204.44
       7.895     0.999951      1180669     20480.00
       8.055     0.999957      1180676     23405.71
       8.207     0.999963      1180683     27306.67
       8.367     0.999969      1180690     32768.00
       8.439     0.999973      1180694     36408.89
       8.495     0.999976      1180698     40960.00
       8.527     0.999979      1180701     46811.43
       8.591     0.999982      1180706     54613.33
       8.655     0.999985      1180708     65536.00
       8.759     0.999986      1180710     72817.78
       8.831     0.999988      1180712     81920.00
       8.839     0.999989      1180714     93622.86
       8.887     0.999991      1180716    109226.67
       8.999     0.999992      1180717    131072.00
       9.055     0.999993      1180718    145635.56
       9.063     0.999994      1180719    163840.00
       9.095     0.999995      1180720    187245.71
       9.103     0.999995      1180722    218453.33
       9.103     0.999996      1180722    262144.00
       9.103     0.999997      1180722    291271.11
       9.135     0.999997      1180723    327680.00
       9.135     0.999997      1180723    374491.43
       9.263     0.999998      1180724    436906.67
       9.263     0.999998      1180724    524288.00
       9.263     0.999998      1180724    582542.22
       9.279     0.999998      1180725    655360.00
       9.279     0.999999      1180725    748982.86
       9.279     0.999999      1180725    873813.33
       9.279     0.999999      1180725   1048576.00
       9.279     0.999999      1180725   1165084.44
       9.663     0.999999      1180726   1310720.00
       9.663     1.000000      1180726          inf
#[Mean    =        1.492, StdDeviation   =        0.668]
#[Max     =        9.656, Total count    =      1180726]
#[Buckets =           27, SubBuckets     =         2048]
----------------------------------------------------------
  1765193 requests in 30.00s, 291.23MB read
Requests/sec:  58838.70
Transfer/sec:      9.71MB
