Running 30s test @ http://10.116.0.2:8080/json
  4 threads and 256 connections
  Thread calibration: mean lat.: 2.500ms, rate sampling interval: 10ms
  Thread calibration: mean lat.: 122.195ms, rate sampling interval: 430ms
  Thread calibration: mean lat.: 2.645ms, rate sampling interval: 10ms
  Thread calibration: mean lat.: 2.446ms, rate sampling interval: 10ms
  Thread Stats   Avg      Stdev     Max   +/- Stdev
    Latency    42.93ms   91.77ms 770.56ms   86.64%
    Req/Sec    26.35k     2.18k   37.11k    74.65%
  Latency Distribution (HdrHistogram - Recorded Latency)
 50.000%    2.52ms
 75.000%   10.00ms
 90.000%  178.69ms
 99.000%  405.76ms
 99.900%  639.49ms
 99.990%  759.29ms
 99.999%  768.51ms
100.000%  771.07ms

  Detailed Percentile spectrum:
       Value   Percentile   TotalCount 1/(1-Percentile)

       0.197     0.000000            1         1.00
       1.152     0.100000       196673         1.11
       1.508     0.200000       393605         1.25
       1.801     0.300000       590021         1.43
       2.113     0.400000       787087         1.67
       2.521     0.500000       983189         2.00
       2.851     0.550000      1081470         2.22
       3.311     0.600000      1179648         2.50
       4.063     0.650000      1278008         2.86
       5.515     0.700000      1376268         3.33
       9.999     0.750000      1474582         4.00
      31.567     0.775000      1523707         4.44
      57.023     0.800000      1572913         5.00
      82.303     0.825000      1622014         5.71
     112.831     0.850000      1671160         6.67
     145.663     0.875000      1720338         8.00
     161.407     0.887500      1744977         8.89
     178.687     0.900000      1769562        10.00
     199.935     0.912500      1794185        11.43
     215.551     0.925000      1818661        13.33
     231.551     0.937500      1843215        16.00
     240.383     0.943750      1855515        17.78
     252.543     0.950000      1867790        20.00
     264.959     0.956250      1880202        22.86
     277.247     0.962500      1892347        26.67
     293.119     0.968750      1904614        32.00
     303.615     0.971875      1910795        35.56
     313.599     0.975000      1917035        40.00
     325.375     0.978125      1923110        45.71
     338.431     0.981250      1929238        53.33
     351.999     0.984375      1935426        64.00
     363.007     0.985938      1938449        71.11
     376.575     0.987500      1941485        80.00
     392.703     0.989062      1944572        91.43
     414.463     0.990625      1947627       106.67
     433.663     0.992188      1950720       128.00
     448.255     0.992969      1952248       142.22
     459.775     0.993750      1953781       160.00
     473.855     0.994531      1955309       182.86
     489.215     0.995313      1956843       213.33
     499.199     0.996094      1958393       256.00
     507.391     0.996484      1959146       284.44
     521.983     0.996875      1959911       320.00
     538.111     0.997266      1960690       365.71
     556.543     0.997656      1961455       426.67
     577.023     0.998047      1962253       512.00
     585.727     0.998242      1962600       568.89
     594.943     0.998437      1962996       640.00
     606.207     0.998633      1963370       731.43
     623.615     0.998828      1963757       853.33
     641.023     0.999023      1964136      1024.00
     648.191     0.999121      1964330      1137.78
     653.823     0.999219      1964529      1280.00
     661.503     0.999316      1964721      1462.86
     676.863     0.999414      1964902      1706.67
     708.095     0.999512      1965095      2048.00
     715.775     0.999561      1965190      2275.56
     719.871     0.999609      1965286      2560.00
     727.039     0.999658      1965386      2925.71
     748.543     0.999707      1965499      3413.33
     750.591     0.999756      1965584      4096.00
     752.127     0.999780      1965634      4551.11
     754.175     0.999805      1965683      5120.00
     755.199     0.999829      1965721      5851.43
     756.735     0.999854      1965775      6826.67
     758.271     0.999878      1965825      8192.00
     758.783     0.999890      1965848      9102.22
     759.295     0.999902      1965874     10240.00
     759.807     0.999915      1965895     11702.86
     760.831     0.999927      1965930     13653.33
     761.343     0.999939      1965944     16384.00
     761.855     0.999945      1965957     18204.44
     762.367     0.999951      1965968     20480.00
     762.879     0.999957      1965974     23405.71
     763.903     0.999963      1965993     27306.67
     764.415     0.999969      1965997     32768.00
     764.927     0.999973      1966001     36408.89
     765.951     0.999976      1966008     40960.00
     766.463     0.999979      1966013     46811.43
     767.487     0.999982      1966023     54613.33
     767.999     0.999985      1966032     65536.00
     767.999     0.999986      1966032     72817.78
     767.999     0.999988      1966032     81920.00
     768.511     0.999989      1966040     93622.86
     768.511     0.999991      1966040    109226.67
     768.511     0.999992      1966040    131072.00
     768.511     0.999993      1966040    145635.56
     769.023     0.999994      1966042    163840.00
     769.535     0.999995      1966047    187245.71
     769.535     0.999995      1966047    218453.33
     769.535     0.999996      1966047    262144.00
     769.535     0.999997      1966047    291271.11
     770.047     0.999997      1966050    327680.00
     770.047     0.999997      1966050    374491.43
     770.047     0.999998      1966050    436906.67
     770.047     0.999998      1966050    524288.00
     770.047     0.999998      1966050    582542.22
     770.559     0.999998      1966052    655360.00
     770.559     0.999999      1966052    748982.86
     770.559     0.999999      1966052    873813.33
     770.559     0.999999      1966052   1048576.00
     770.559     0.999999      1966052   1165084.44
     770.559     0.999999      1966052   1310720.00
     770.559     0.999999      1966052   1497965.71
     770.559     0.999999      1966052   1747626.67
     771.071     1.000000      1966053   2097152.00
     771.071     1.000000      1966053          inf
#[Mean    =       42.933, StdDeviation   =       91.772]
#[Max     =      770.560, Total count    =      1966053]
#[Buckets =           27, SubBuckets     =         2048]
----------------------------------------------------------
  2956508 requests in 30.00s, 487.78MB read
Requests/sec:  98551.59
Transfer/sec:     16.26MB
