Running 30s test @ http://10.116.0.2:8080/json
  4 threads and 256 connections
  Thread calibration: mean lat.: 407.809ms, rate sampling interval: 1481ms
  Thread calibration: mean lat.: 430.412ms, rate sampling interval: 1517ms
  Thread calibration: mean lat.: 158.392ms, rate sampling interval: 744ms
  Thread calibration: mean lat.: 1274.835ms, rate sampling interval: 3538ms
  Thread Stats   Avg      Stdev     Max   +/- Stdev
    Latency     3.13s     2.73s   10.18s    64.74%
    Req/Sec    26.39k     3.96k   34.78k    66.07%
  Latency Distribution (HdrHistogram - Recorded Latency)
 50.000%    2.48s 
 75.000%    5.52s 
 90.000%    6.54s 
 99.000%    9.81s 
 99.900%    9.91s 
 99.990%   10.04s 
 99.999%   10.13s 
100.000%   10.19s 

  Detailed Percentile spectrum:
       Value   Percentile   TotalCount 1/(1-Percentile)

       0.428     0.000000            1         1.00
     228.351     0.100000       195449         1.11
     458.751     0.200000       390851         1.25
     689.663     0.300000       586566         1.43
     960.511     0.400000       781626         1.67
    2476.031     0.500000       977104         2.00
    3284.991     0.550000      1074805         2.22
    4333.567     0.600000      1172675         2.50
    5038.079     0.650000      1270419         2.86
    5275.647     0.700000      1368272         3.33
    5521.407     0.750000      1466664         4.00
    5636.095     0.775000      1514655         4.44
    5750.783     0.800000      1564095         5.00
    5865.471     0.825000      1612584         5.71
    6008.831     0.850000      1661772         6.67
    6316.031     0.875000      1710052         8.00
    6434.815     0.887500      1734864         8.89
    6537.215     0.900000      1758675        10.00
    6639.615     0.912500      1783233        11.43
    6717.439     0.925000      1807789        13.33
    6782.975     0.937500      1832592        16.00
    6877.183     0.943750      1844031        17.78
    7708.671     0.950000      1856349        20.00
    7974.911     0.956250      1868659        22.86
    8187.903     0.962500      1880670        26.67
    8650.751     0.968750      1893068        32.00
    8871.935     0.971875      1899144        35.56
    9363.455     0.975000      1905100        40.00
    9707.519     0.978125      1912204        45.71
    9740.287     0.981250      1919224        53.33
    9764.863     0.984375      1924214        64.00
    9781.247     0.985938      1927922        71.11
    9789.439     0.987500      1929929        80.00
    9805.823     0.989062      1933382        91.43
    9822.207     0.990625      1936516       106.67
    9838.591     0.992188      1939938       128.00
    9846.783     0.992969      1941417       142.22
    9854.975     0.993750      1942845       160.00
    9863.167     0.994531      1944339       182.86
    9871.359     0.995313      1945820       213.33
    9879.551     0.996094      1947291       256.00
    9879.551     0.996484      1947291       284.44
    9887.743     0.996875      1948797       320.00
    9887.743     0.997266      1948797       365.71
    9895.935     0.997656      1950397       426.67
    9895.935     0.998047      1950397       512.00
    9904.127     0.998242      1951658       568.89
    9904.127     0.998437      1951658       640.00
    9904.127     0.998633      1951658       731.43
    9904.127     0.998828      1951658       853.33
    9912.319     0.999023      1952272      1024.00
    9912.319     0.999121      1952272      1137.78
    9920.511     0.999219      1952537      1280.00
    9928.703     0.999316      1952791      1462.86
    9928.703     0.999414      1952791      1706.67
    9936.895     0.999512      1953036      2048.00
    9945.087     0.999561      1953198      2275.56
    9945.087     0.999609      1953198      2560.00
    9953.279     0.999658      1953327      2925.71
    9961.471     0.999707      1953397      3413.33
    9977.855     0.999756      1953477      4096.00
    9986.047     0.999780      1953514      4551.11
   10002.431     0.999805      1953585      5120.00
   10010.623     0.999829      1953622      5851.43
   10018.815     0.999854      1953659      6826.67
   10027.007     0.999878      1953696      8192.00
   10035.199     0.999890      1953730      9102.22
   10043.391     0.999902      1953764     10240.00
   10051.583     0.999915      1953799     11702.86
   10051.583     0.999927      1953799     13653.33
   10059.775     0.999939      1953825     16384.00
   10067.967     0.999945      1953849     18204.44
   10067.967     0.999951      1953849     20480.00
   10076.159     0.999957      1953868     23405.71
   10076.159     0.999963      1953868     27306.67
   10084.351     0.999969      1953879     32768.00
   10092.543     0.999973      1953888     36408.89
   10092.543     0.999976      1953888     40960.00
   10100.735     0.999979      1953900     46811.43
   10100.735     0.999982      1953900     54613.33
   10108.927     0.999985      1953907     65536.00
   10117.119     0.999986      1953913     72817.78
   10117.119     0.999988      1953913     81920.00
   10125.311     0.999989      1953916     93622.86
   10133.503     0.999991      1953919    109226.67
   10141.695     0.999992      1953923    131072.00
   10141.695     0.999993      1953923    145635.56
   10141.695     0.999994      1953923    163840.00
   10149.887     0.999995      1953926    187245.71
   10149.887     0.999995      1953926    218453.33
   10158.079     0.999996      1953929    262144.00
   10158.079     0.999997      1953929    291271.11
   10158.079     0.999997      1953929    327680.00
   10158.079     0.999997      1953929    374491.43
   10166.271     0.999998      1953931    436906.67
   10166.271     0.999998      1953931    524288.00
   10166.271     0.999998      1953931    582542.22
   10174.463     0.999998      1953932    655360.00
   10174.463     0.999999      1953932    748982.86
   10174.463     0.999999      1953932    873813.33
   10182.655     0.999999      1953933   1048576.00
   10182.655     0.999999      1953933   1165084.44
   10182.655     0.999999      1953933   1310720.00
   10182.655     0.999999      1953933   1497965.71
   10182.655     0.999999      1953933   1747626.67
   10190.847     1.000000      1953934   2097152.00
   10190.847     1.000000      1953934          inf
#[Mean    =     3127.832, StdDeviation   =     2725.090]
#[Max     =    10182.656, Total count    =      1953934]
#[Buckets =           27, SubBuckets     =         2048]
----------------------------------------------------------
  2978974 requests in 30.00s, 491.49MB read
Requests/sec:  99299.84
Transfer/sec:     16.38MB
