Running 30s test @ http://10.116.0.2:8080/json
  4 threads and 256 connections
  Thread calibration: mean lat.: 2284.159ms, rate sampling interval: 8757ms
  Thread calibration: mean lat.: 2279.739ms, rate sampling interval: 8691ms
  Thread calibration: mean lat.: 2282.182ms, rate sampling interval: 8282ms
  Thread calibration: mean lat.: 2260.184ms, rate sampling interval: 8699ms
  Thread Stats   Avg      Stdev     Max   +/- Stdev
    Latency     9.76s     2.84s   15.11s    57.75%
    Req/Sec    12.58k   100.43    12.70k    62.50%
  Latency Distribution (HdrHistogram - Recorded Latency)
 50.000%    9.83s 
 75.000%   12.21s 
 90.000%   13.64s 
 99.000%   14.58s 
 99.900%   14.87s 
 99.990%   15.02s 
 99.999%   15.10s 
100.000%   15.12s 

  Detailed Percentile spectrum:
       Value   Percentile   TotalCount 1/(1-Percentile)

    4407.295     0.000000            2         1.00
    5808.127     0.100000        99185         1.11
    6774.783     0.200000       198400         1.25
    7774.207     0.300000       297365         1.43
    8790.015     0.400000       396618         1.67
    9830.399     0.500000       496022         2.00
   10346.495     0.550000       545529         2.22
   10846.207     0.600000       594797         2.50
   11321.343     0.650000       644957         2.86
   11780.095     0.700000       694603         3.33
   12214.271     0.750000       744013         4.00
   12443.647     0.775000       768618         4.44
   12681.215     0.800000       793438         5.00
   12918.783     0.825000       817999         5.71
   13156.351     0.850000       842751         6.67
   13393.919     0.875000       867299         8.00
   13516.799     0.887500       879965         8.89
   13639.679     0.900000       892745        10.00
   13754.367     0.912500       904833        11.43
   13877.247     0.925000       917573        13.33
   13991.935     0.937500       929590        16.00
   14049.279     0.943750       935378        17.78
   14114.815     0.950000       942197        20.00
   14172.159     0.956250       947905        22.86
   14237.695     0.962500       954119        26.67
   14303.231     0.968750       960169        32.00
   14344.191     0.971875       963844        35.56
   14376.959     0.975000       966596        40.00
   14417.919     0.978125       970120        45.71
   14450.687     0.981250       972806        53.33
   14491.647     0.984375       975884        64.00
   14516.223     0.985938       977567        71.11
   14540.799     0.987500       979175        80.00
   14565.375     0.989062       980575        91.43
   14589.951     0.990625       981864       106.67
   14622.719     0.992188       983462       128.00
   14639.103     0.992969       984232       142.22
   14655.487     0.993750       984939       160.00
   14680.063     0.994531       985905       182.86
   14696.447     0.995313       986519       213.33
   14721.023     0.996094       987281       256.00
   14737.407     0.996484       987737       284.44
   14753.791     0.996875       988154       320.00
   14770.175     0.997266       988524       365.71
   14786.559     0.997656       988885       426.67
   14802.943     0.998047       989203       512.00
   14819.327     0.998242       989471       568.89
   14827.519     0.998437       989590       640.00
   14843.903     0.998633       989834       731.43
   14852.095     0.998828       989955       853.33
   14868.479     0.999023       990181      1024.00
   14876.671     0.999121       990280      1137.78
   14884.863     0.999219       990366      1280.00
   14893.055     0.999316       990449      1462.86
   14909.439     0.999414       990604      1706.67
   14917.631     0.999512       990683      2048.00
   14917.631     0.999561       990683      2275.56
   14925.823     0.999609       990738      2560.00
   14934.015     0.999658       990788      2925.71
   14942.207     0.999707       990837      3413.33
   14950.399     0.999756       990875      4096.00
   14958.591     0.999780       990902      4551.11
   14966.783     0.999805       990928      5120.00
   14974.975     0.999829       990953      5851.43
   14983.167     0.999854       990974      6826.67
   14999.551     0.999878       991001      8192.00
   15007.743     0.999890       991010      9102.22
   15015.935     0.999902       991021     10240.00
   15024.127     0.999915       991034     11702.86
   15032.319     0.999927       991047     13653.33
   15040.511     0.999939       991063     16384.00
   15040.511     0.999945       991063     18204.44
   15048.703     0.999951       991076     20480.00
   15048.703     0.999957       991076     23405.71
   15056.895     0.999963       991082     27306.67
   15065.087     0.999969       991089     32768.00
   15065.087     0.999973       991089     36408.89
   15073.279     0.999976       991095     40960.00
   15073.279     0.999979       991095     46811.43
   15081.471     0.999982       991100     54613.33
   15089.663     0.999985       991104     65536.00
   15089.663     0.999986       991104     72817.78
   15089.663     0.999988       991104     81920.00
   15097.855     0.999989       991107     93622.86
   15097.855     0.999991       991107    109226.67
   15106.047     0.999992       991110    131072.00
   15106.047     0.999993       991110    145635.56
   15106.047     0.999994       991110    163840.00
   15114.239     0.999995       991113    187245.71
   15114.239     0.999995       991113    218453.33
   15114.239     0.999996       991113    262144.00
   15114.239     0.999997       991113    291271.11
   15114.239     0.999997       991113    327680.00
   15122.431     0.999997       991116    374491.43
   15122.431     1.000000       991116          inf
#[Mean    =     9761.659, StdDeviation   =     2840.485]
#[Max     =    15114.240, Total count    =       991116]
#[Buckets =           27, SubBuckets     =         2048]
----------------------------------------------------------
  1503171 requests in 30.00s, 190.93MB read
Requests/sec:  50106.37
Transfer/sec:      6.36MB
