Running 30s test @ http://10.116.0.2:8080/json
  4 threads and 64 connections
  Thread calibration: mean lat.: 2176.657ms, rate sampling interval: 5365ms
  Thread calibration: mean lat.: 2196.670ms, rate sampling interval: 5435ms
  Thread calibration: mean lat.: 1469.790ms, rate sampling interval: 3856ms
  Thread calibration: mean lat.: 2190.770ms, rate sampling interval: 5419ms
  Thread Stats   Avg      Stdev     Max   +/- Stdev
    Latency    67.44ms  238.65ms   1.82s    92.48%
    Req/Sec     5.32k   519.50     6.27k    78.57%
  Latency Distribution (HdrHistogram - Recorded Latency)
 50.000%    1.24ms
 75.000%    1.73ms
 90.000%    2.78ms
 99.000%    1.24s 
 99.900%    1.50s 
 99.990%    1.77s 
 99.999%    1.82s 
100.000%    1.82s 

  Detailed Percentile spectrum:
       Value   Percentile   TotalCount 1/(1-Percentile)

       0.214     0.000000            1         1.00
       0.628     0.100000        42256         1.11
       0.794     0.200000        84313         1.25
       0.939     0.300000       126563         1.43
       1.081     0.400000       168877         1.67
       1.236     0.500000       210973         2.00
       1.321     0.550000       232089         2.22
       1.411     0.600000       252975         2.50
       1.510     0.650000       274205         2.86
       1.619     0.700000       295214         3.33
       1.734     0.750000       316208         4.00
       1.795     0.775000       326821         4.44
       1.858     0.800000       337238         5.00
       1.932     0.825000       347799         5.71
       2.023     0.850000       358357         6.67
       2.155     0.875000       368932         8.00
       2.271     0.887500       374131         8.89
       2.775     0.900000       379390        10.00
     138.751     0.912500       384664        11.43
     309.247     0.925000       389931        13.33
     469.503     0.937500       395198        16.00
     551.423     0.943750       397846        17.78
     635.903     0.950000       400484        20.00
     728.063     0.956250       403112        22.86
     821.759     0.962500       405749        26.67
     919.039     0.968750       408371        32.00
     967.679     0.971875       409702        35.56
    1014.271     0.975000       411009        40.00
    1058.815     0.978125       412343        45.71
    1103.871     0.981250       413654        53.33
    1151.999     0.984375       414956        64.00
    1176.575     0.985938       415634        71.11
    1200.127     0.987500       416296        80.00
    1224.703     0.989062       416957        91.43
    1250.303     0.990625       417614       106.67
    1277.951     0.992188       418262       128.00
    1293.311     0.992969       418585       142.22
    1309.695     0.993750       418931       160.00
    1327.103     0.994531       419245       182.86
    1346.559     0.995313       419573       213.33
    1368.063     0.996094       419905       256.00
    1380.351     0.996484       420064       284.44
    1393.663     0.996875       420226       320.00
    1407.999     0.997266       420398       365.71
    1424.383     0.997656       420562       426.67
    1442.815     0.998047       420725       512.00
    1453.055     0.998242       420809       568.89
    1463.295     0.998437       420893       640.00
    1473.535     0.998633       420968       731.43
    1487.871     0.998828       421055       853.33
    1503.231     0.999023       421131      1024.00
    1514.495     0.999121       421173      1137.78
    1526.783     0.999219       421215      1280.00
    1541.119     0.999316       421254      1462.86
    1557.503     0.999414       421296      1706.67
    1576.959     0.999512       421340      2048.00
    1587.199     0.999561       421359      2275.56
    1601.535     0.999609       421379      2560.00
    1640.447     0.999658       421398      2925.71
    1676.287     0.999707       421419      3413.33
    1699.839     0.999756       421440      4096.00
    1710.079     0.999780       421450      4551.11
    1723.391     0.999805       421460      5120.00
    1736.703     0.999829       421470      5851.43
    1750.015     0.999854       421481      6826.67
    1761.279     0.999878       421491      8192.00
    1768.447     0.999890       421496      9102.22
    1774.591     0.999902       421502     10240.00
    1779.711     0.999915       421506     11702.86
    1786.879     0.999927       421512     13653.33
    1794.047     0.999939       421517     16384.00
    1796.095     0.999945       421519     18204.44
    1800.191     0.999951       421523     20480.00
    1801.215     0.999957       421524     23405.71
    1806.335     0.999963       421528     27306.67
    1808.383     0.999969       421530     32768.00
    1809.407     0.999973       421531     36408.89
    1811.455     0.999976       421532     40960.00
    1812.479     0.999979       421533     46811.43
    1815.551     0.999982       421535     54613.33
    1817.599     0.999985       421536     65536.00
    1818.623     0.999986       421537     72817.78
    1818.623     0.999988       421537     81920.00
    1819.647     0.999989       421538     93622.86
    1820.671     0.999991       421539    109226.67
    1820.671     0.999992       421539    131072.00
    1821.695     0.999993       421540    145635.56
    1821.695     0.999994       421540    163840.00
    1821.695     0.999995       421540    187245.71
    1823.743     0.999995       421541    218453.33
    1823.743     0.999996       421541    262144.00
    1823.743     0.999997       421541    291271.11
    1823.743     0.999997       421541    327680.00
    1823.743     0.999997       421541    374491.43
    1824.767     0.999998       421542    436906.67
    1824.767     1.000000       421542          inf
#[Mean    =       67.443, StdDeviation   =      238.653]
#[Max     =     1823.744, Total count    =       421542]
#[Buckets =           27, SubBuckets     =         2048]
----------------------------------------------------------
  594425 requests in 30.00s, 75.50MB read
Requests/sec:  19813.92
Transfer/sec:      2.52MB
