Running 30s test @ http://10.116.0.2:8080/block?ms=100
  4 threads and 2000 connections
  Thread calibration: mean lat.: 179.528ms, rate sampling interval: 438ms
  Thread calibration: mean lat.: 194.674ms, rate sampling interval: 452ms
  Thread calibration: mean lat.: 200.932ms, rate sampling interval: 460ms
  Thread calibration: mean lat.: 166.976ms, rate sampling interval: 433ms
  Thread Stats   Avg      Stdev     Max   +/- Stdev
    Latency   232.42ms  271.07ms   1.35s    86.20%
    Req/Sec     4.53k   240.97     5.01k    73.55%
  Latency Distribution (HdrHistogram - Recorded Latency)
 50.000%  109.12ms
 75.000%  144.90ms
 90.000%  687.61ms
 99.000%    1.17s 
 99.900%    1.32s 
 99.990%    1.34s 
 99.999%    1.35s 
100.000%    1.35s 

  Detailed Percentile spectrum:
       Value   Percentile   TotalCount 1/(1-Percentile)

     100.351     0.000000            4         1.00
     101.119     0.100000        32011         1.11
     101.567     0.200000        66394         1.25
     102.079     0.300000        94984         1.43
     103.487     0.400000       126868         1.67
     109.119     0.500000       158345         2.00
     115.135     0.550000       174115         2.22
     120.639     0.600000       189957         2.50
     126.719     0.650000       205813         2.86
     133.887     0.700000       221616         3.33
     144.895     0.750000       237332         4.00
     158.719     0.775000       245238         4.44
     250.623     0.800000       253123         5.00
     349.951     0.825000       261032         5.71
     456.959     0.850000       268943         6.67
     560.639     0.875000       276865         8.00
     621.055     0.887500       280810         8.89
     687.615     0.900000       284763        10.00
     754.687     0.912500       288740        11.43
     815.615     0.925000       292668        13.33
     877.567     0.937500       296633        16.00
     911.359     0.943750       298628        17.78
     943.103     0.950000       300595        20.00
     985.599     0.956250       302594        22.86
    1020.927     0.962500       304552        26.67
    1063.935     0.968750       306543        32.00
    1080.319     0.971875       307525        35.56
    1101.823     0.975000       308495        40.00
    1121.279     0.978125       309531        45.71
    1134.591     0.981250       310522        53.33
    1148.927     0.984375       311513        64.00
    1157.119     0.985938       311957        71.11
    1163.263     0.987500       312500        80.00
    1168.383     0.989062       312958        91.43
    1178.623     0.990625       313454       106.67
    1188.863     0.992188       313946       128.00
    1193.983     0.992969       314187       142.22
    1198.079     0.993750       314458       160.00
    1203.199     0.994531       314735       182.86
    1207.295     0.995313       314950       213.33
    1214.463     0.996094       315167       256.00
    1224.703     0.996484       315286       284.44
    1246.207     0.996875       315415       320.00
    1272.831     0.997266       315536       365.71
    1290.239     0.997656       315657       426.67
    1299.455     0.998047       315788       512.00
    1305.599     0.998242       315845       568.89
    1308.671     0.998437       315903       640.00
    1312.767     0.998633       315969       731.43
    1317.887     0.998828       316036       853.33
    1323.007     0.999023       316090      1024.00
    1325.055     0.999121       316120      1137.78
    1329.151     0.999219       316158      1280.00
    1331.199     0.999316       316202      1462.86
    1332.223     0.999414       316220      1706.67
    1334.271     0.999512       316247      2048.00
    1336.319     0.999561       316265      2275.56
    1337.343     0.999609       316276      2560.00
    1338.367     0.999658       316299      2925.71
    1339.391     0.999707       316335      3413.33
    1339.391     0.999756       316335      4096.00
    1339.391     0.999780       316335      4551.11
    1340.415     0.999805       316353      5120.00
    1340.415     0.999829       316353      5851.43
    1340.415     0.999854       316353      6826.67
    1342.463     0.999878       316360      8192.00
    1344.511     0.999890       316368      9102.22
    1344.511     0.999902       316368     10240.00
    1345.535     0.999915       316376     11702.86
    1345.535     0.999927       316376     13653.33
    1346.559     0.999939       316387     16384.00
    1346.559     0.999945       316387     18204.44
    1346.559     0.999951       316387     20480.00
    1346.559     0.999957       316387     23405.71
    1346.559     0.999963       316387     27306.67
    1347.583     0.999969       316395     32768.00
    1347.583     0.999973       316395     36408.89
    1347.583     0.999976       316395     40960.00
    1347.583     0.999979       316395     46811.43
    1347.583     0.999982       316395     54613.33
    1347.583     0.999985       316395     65536.00
    1347.583     0.999986       316395     72817.78
    1347.583     0.999988       316395     81920.00
    1347.583     0.999989       316395     93622.86
    1347.583     0.999991       316395    109226.67
    1347.583     0.999992       316395    131072.00
    1347.583     0.999993       316395    145635.56
    1348.607     0.999994       316396    163840.00
    1348.607     0.999995       316396    187245.71
    1348.607     0.999995       316396    218453.33
    1348.607     0.999996       316396    262144.00
    1348.607     0.999997       316396    291271.11
    1349.631     0.999997       316397    327680.00
    1349.631     1.000000       316397          inf
#[Mean    =      232.417, StdDeviation   =      271.069]
#[Max     =     1348.608, Total count    =       316397]
#[Buckets =           27, SubBuckets     =         2048]
----------------------------------------------------------
  512050 requests in 30.01s, 58.67MB read
Requests/sec:  17065.31
Transfer/sec:      1.96MB
