Running 30s test @ http://10.116.0.2:8080/json
  4 threads and 256 connections
  Thread calibration: mean lat.: 1.979ms, rate sampling interval: 10ms
  Thread calibration: mean lat.: 2.156ms, rate sampling interval: 10ms
  Thread calibration: mean lat.: 2.036ms, rate sampling interval: 10ms
  Thread calibration: mean lat.: 2.016ms, rate sampling interval: 10ms
  Thread Stats   Avg      Stdev     Max   +/- Stdev
    Latency     1.73ms    0.86ms  14.66ms   78.46%
    Req/Sec    10.53k     1.43k   15.30k    74.14%
  Latency Distribution (HdrHistogram - Recorded Latency)
 50.000%    1.60ms
 75.000%    2.11ms
 90.000%    2.63ms
 99.000%    4.98ms
 99.900%    8.02ms
 99.990%   11.54ms
 99.999%   13.74ms
100.000%   14.67ms

  Detailed Percentile spectrum:
       Value   Percentile   TotalCount 1/(1-Percentile)

       0.255     0.000000            1         1.00
       0.855     0.100000        78733         1.11
       1.076     0.200000       157597         1.25
       1.264     0.300000       236474         1.43
       1.435     0.400000       315188         1.67
       1.602     0.500000       393579         2.00
       1.691     0.550000       433239         2.22
       1.781     0.600000       472297         2.50
       1.880     0.650000       511650         2.86
       1.987     0.700000       551126         3.33
       2.107     0.750000       591008         4.00
       2.169     0.775000       610109         4.44
       2.241     0.800000       629918         5.00
       2.319     0.825000       649571         5.71
       2.407     0.850000       669320         6.67
       2.509     0.875000       689007         8.00
       2.567     0.887500       698762         8.89
       2.633     0.900000       708611        10.00
       2.711     0.912500       718397        11.43
       2.805     0.925000       728215        13.33
       2.921     0.937500       738038        16.00
       2.989     0.943750       742991        17.78
       3.065     0.950000       747793        20.00
       3.155     0.956250       752739        22.86
       3.273     0.962500       757695        26.67
       3.435     0.968750       762551        32.00
       3.541     0.971875       765020        35.56
       3.679     0.975000       767502        40.00
       3.851     0.978125       769965        45.71
       4.071     0.981250       772412        53.33
       4.331     0.984375       774850        64.00
       4.483     0.985938       776091        71.11
       4.651     0.987500       777314        80.00
       4.855     0.989062       778557        91.43
       5.083     0.990625       779791       106.67
       5.335     0.992188       781020       128.00
       5.487     0.992969       781622       142.22
       5.655     0.993750       782236       160.00
       5.843     0.994531       782848       182.86
       6.059     0.995313       783461       213.33
       6.311     0.996094       784078       256.00
       6.439     0.996484       784384       284.44
       6.595     0.996875       784694       320.00
       6.771     0.997266       784997       365.71
       6.975     0.997656       785308       426.67
       7.195     0.998047       785615       512.00
       7.311     0.998242       785766       568.89
       7.463     0.998437       785922       640.00
       7.643     0.998633       786078       731.43
       7.823     0.998828       786227       853.33
       8.047     0.999023       786384      1024.00
       8.199     0.999121       786459      1137.78
       8.359     0.999219       786536      1280.00
       8.519     0.999316       786612      1462.86
       8.687     0.999414       786689      1706.67
       8.895     0.999512       786768      2048.00
       9.047     0.999561       786804      2275.56
       9.183     0.999609       786845      2560.00
       9.383     0.999658       786881      2925.71
       9.607     0.999707       786919      3413.33
       9.911     0.999756       786958      4096.00
      10.055     0.999780       786977      4551.11
      10.311     0.999805       786998      5120.00
      10.495     0.999829       787015      5851.43
      10.727     0.999854       787034      6826.67
      11.007     0.999878       787053      8192.00
      11.335     0.999890       787064      9102.22
      11.671     0.999902       787073     10240.00
      11.887     0.999915       787083     11702.86
      12.207     0.999927       787092     13653.33
      12.431     0.999939       787102     16384.00
      12.567     0.999945       787106     18204.44
      12.703     0.999951       787111     20480.00
      12.823     0.999957       787116     23405.71
      12.983     0.999963       787121     27306.67
      13.103     0.999969       787125     32768.00
      13.175     0.999973       787128     36408.89
      13.263     0.999976       787130     40960.00
      13.423     0.999979       787133     46811.43
      13.471     0.999982       787135     54613.33
      13.607     0.999985       787137     65536.00
      13.695     0.999986       787139     72817.78
      13.703     0.999988       787140     81920.00
      13.743     0.999989       787141     93622.86
      13.751     0.999991       787142    109226.67
      13.855     0.999992       787144    131072.00
      13.855     0.999993       787144    145635.56
      13.879     0.999994       787145    163840.00
      13.879     0.999995       787145    187245.71
      13.903     0.999995       787146    218453.33
      13.903     0.999996       787146    262144.00
      14.103     0.999997       787147    291271.11
      14.103     0.999997       787147    327680.00
      14.103     0.999997       787147    374491.43
      14.271     0.999998       787148    436906.67
      14.271     0.999998       787148    524288.00
      14.271     0.999998       787148    582542.22
      14.271     0.999998       787148    655360.00
      14.271     0.999999       787148    748982.86
      14.671     0.999999       787149    873813.33
      14.671     1.000000       787149          inf
#[Mean    =        1.730, StdDeviation   =        0.856]
#[Max     =       14.664, Total count    =       787149]
#[Buckets =           27, SubBuckets     =         2048]
----------------------------------------------------------
  1185258 requests in 30.00s, 150.34MB read
Requests/sec:  39507.94
Transfer/sec:      5.01MB
