Running 30s test @ http://10.116.0.2:8080/block?ms=100
  4 threads and 1000 connections
  Thread calibration: mean lat.: 305.261ms, rate sampling interval: 1183ms
  Thread calibration: mean lat.: 293.456ms, rate sampling interval: 1124ms
  Thread calibration: mean lat.: 250.437ms, rate sampling interval: 997ms
  Thread calibration: mean lat.: 276.673ms, rate sampling interval: 1064ms
  Thread Stats   Avg      Stdev     Max   +/- Stdev
    Latency   103.85ms    4.67ms 229.76ms   92.30%
    Req/Sec     2.25k    55.12     2.33k    63.64%
  Latency Distribution (HdrHistogram - Recorded Latency)
 50.000%  102.33ms
 75.000%  104.45ms
 90.000%  106.94ms
 99.000%  124.61ms
 99.900%  131.07ms
 99.990%  138.62ms
 99.999%  212.48ms
100.000%  229.89ms

  Detailed Percentile spectrum:
       Value   Percentile   TotalCount 1/(1-Percentile)

     100.351     0.000000            8         1.00
     100.927     0.100000        17581         1.11
     101.247     0.200000        35872         1.25
     101.503     0.300000        51736         1.43
     101.823     0.400000        67631         1.67
     102.335     0.500000        84952         2.00
     102.655     0.550000        93085         2.22
     103.039     0.600000       101621         2.50
     103.487     0.650000       110617         2.86
     103.935     0.700000       118524         3.33
     104.447     0.750000       126788         4.00
     104.703     0.775000       130747         4.44
     105.023     0.800000       135176         5.00
     105.343     0.825000       139041         5.71
     105.791     0.850000       143700         6.67
     106.239     0.875000       147640         8.00
     106.559     0.887500       149815         8.89
     106.943     0.900000       151888        10.00
     107.519     0.912500       153865        11.43
     108.927     0.925000       155946        13.33
     111.487     0.937500       158023        16.00
     113.023     0.943750       159106        17.78
     114.495     0.950000       160148        20.00
     116.031     0.956250       161178        22.86
     117.631     0.962500       162244        26.67
     119.359     0.968750       163266        32.00
     120.063     0.971875       163839        35.56
     120.575     0.975000       164371        40.00
     121.215     0.978125       164857        45.71
     122.111     0.981250       165406        53.33
     122.943     0.984375       165905        64.00
     123.391     0.985938       166172        71.11
     123.903     0.987500       166447        80.00
     124.351     0.989062       166703        91.43
     124.863     0.990625       166993       106.67
     125.375     0.992188       167224       128.00
     125.695     0.992969       167355       142.22
     126.079     0.993750       167495       160.00
     126.463     0.994531       167616       182.86
     126.911     0.995313       167749       213.33
     127.423     0.996094       167873       256.00
     127.743     0.996484       167940       284.44
     128.063     0.996875       168003       320.00
     128.383     0.997266       168073       365.71
     128.831     0.997656       168141       426.67
     129.407     0.998047       168204       512.00
     129.663     0.998242       168239       568.89
     129.855     0.998437       168273       640.00
     130.367     0.998633       168303       731.43
     130.751     0.998828       168332       853.33
     131.199     0.999023       168380      1024.00
     131.327     0.999121       168393      1137.78
     131.455     0.999219       168406      1280.00
     131.711     0.999316       168418      1462.86
     132.223     0.999414       168435      1706.67
     133.759     0.999512       168447      2048.00
     134.911     0.999561       168455      2275.56
     136.191     0.999609       168465      2560.00
     136.447     0.999658       168473      2925.71
     136.703     0.999707       168480      3413.33
     137.087     0.999756       168488      4096.00
     137.343     0.999780       168493      4551.11
     137.727     0.999805       168497      5120.00
     138.111     0.999829       168503      5851.43
     138.367     0.999854       168508      6826.67
     138.495     0.999878       168509      8192.00
     138.623     0.999890       168512      9102.22
     138.879     0.999902       168513     10240.00
     139.135     0.999915       168515     11702.86
     139.647     0.999927       168517     13653.33
     146.175     0.999939       168519     16384.00
     149.759     0.999945       168520     18204.44
     156.287     0.999951       168521     20480.00
     160.383     0.999957       168522     23405.71
     171.007     0.999963       168523     27306.67
     181.375     0.999969       168524     32768.00
     192.127     0.999973       168525     36408.89
     192.127     0.999976       168525     40960.00
     202.879     0.999979       168526     46811.43
     202.879     0.999982       168526     54613.33
     212.479     0.999985       168527     65536.00
     212.479     0.999986       168527     72817.78
     212.479     0.999988       168527     81920.00
     219.903     0.999989       168528     93622.86
     219.903     0.999991       168528    109226.67
     219.903     0.999992       168528    131072.00
     219.903     0.999993       168528    145635.56
     219.903     0.999994       168528    163840.00
     229.887     0.999995       168529    187245.71
     229.887     1.000000       168529          inf
#[Mean    =      103.847, StdDeviation   =        4.673]
#[Max     =      229.760, Total count    =       168529]
#[Buckets =           27, SubBuckets     =         2048]
----------------------------------------------------------
  261035 requests in 30.00s, 29.87MB read
Requests/sec:   8701.16
Transfer/sec:      1.00MB
