Running 30s test @ http://10.116.0.2:8080/block?ms=100
  4 threads and 8000 connections
  Thread calibration: mean lat.: 3970.740ms, rate sampling interval: 18546ms
  Thread calibration: mean lat.: 3964.776ms, rate sampling interval: 18546ms
  Thread calibration: mean lat.: 3960.632ms, rate sampling interval: 18530ms
  Thread calibration: mean lat.: 3957.044ms, rate sampling interval: 18595ms
  Thread Stats   Avg      Stdev     Max   +/- Stdev
    Latency    14.17s     2.72s   22.64s    65.81%
    Req/Sec       -nan      -nan   0.00      0.00%
  Latency Distribution (HdrHistogram - Recorded Latency)
 50.000%   14.16s 
 75.000%   16.19s 
 90.000%   17.76s 
 99.000%   19.97s 
 99.900%   21.33s 
 99.990%   21.91s 
 99.999%   22.54s 
100.000%   22.66s 

  Detailed Percentile spectrum:
       Value   Percentile   TotalCount 1/(1-Percentile)

    4849.663     0.000000            1         1.00
   10625.023     0.100000        17450         1.11
   11771.903     0.200000        34827         1.25
   12607.487     0.300000        52214         1.43
   13352.959     0.400000        69654         1.67
   14155.775     0.500000        87005         2.00
   14557.183     0.550000        95704         2.22
   14958.591     0.600000       104445         2.50
   15359.999     0.650000       113166         2.86
   15761.407     0.700000       121828         3.33
   16187.391     0.750000       130669         4.00
   16408.575     0.775000       134863         4.44
   16646.143     0.800000       139256         5.00
   16908.287     0.825000       143811         5.71
   17170.431     0.850000       148110         6.67
   17432.575     0.875000       152334         8.00
   17580.031     0.887500       154430         8.89
   17760.255     0.900000       156770        10.00
   17924.095     0.912500       158823        11.43
   18104.319     0.925000       160999        13.33
   18300.927     0.937500       163146        16.00
   18415.615     0.943750       164249        17.78
   18546.687     0.950000       165362        20.00
   18677.759     0.956250       166392        22.86
   18841.599     0.962500       167565        26.67
   18989.055     0.968750       168574        32.00
   19087.359     0.971875       169140        35.56
   19185.663     0.975000       169656        40.00
   19316.735     0.978125       170204        45.71
   19447.807     0.981250       170747        53.33
   19611.647     0.984375       171302        64.00
   19693.567     0.985938       171569        71.11
   19791.871     0.987500       171847        80.00
   19890.175     0.989062       172103        91.43
   20004.863     0.990625       172375       106.67
   20152.319     0.992188       172653       128.00
   20234.239     0.992969       172780       142.22
   20316.159     0.993750       172926       160.00
   20398.079     0.994531       173062       182.86
   20496.383     0.995313       173189       213.33
   20627.455     0.996094       173333       256.00
   20692.991     0.996484       173401       284.44
   20774.911     0.996875       173467       320.00
   20840.447     0.997266       173531       365.71
   20922.367     0.997656       173594       426.67
   21037.055     0.998047       173668       512.00
   21086.207     0.998242       173701       568.89
   21135.359     0.998437       173735       640.00
   21217.279     0.998633       173770       731.43
   21266.431     0.998828       173799       853.33
   21331.967     0.999023       173837      1024.00
   21364.735     0.999121       173849      1137.78
   21413.887     0.999219       173868      1280.00
   21463.039     0.999316       173888      1462.86
   21528.575     0.999414       173904      1706.67
   21577.727     0.999512       173921      2048.00
   21594.111     0.999561       173926      2275.56
   21626.879     0.999609       173936      2560.00
   21659.647     0.999658       173944      2925.71
   21708.799     0.999707       173954      3413.33
   21741.567     0.999756       173962      4096.00
   21757.951     0.999780       173965      4551.11
   21774.335     0.999805       173969      5120.00
   21790.719     0.999829       173973      5851.43
   21823.487     0.999854       173977      6826.67
   21856.255     0.999878       173980      8192.00
   21872.639     0.999890       173982      9102.22
   21921.791     0.999902       173986     10240.00
   21954.559     0.999915       173988     11702.86
   21970.943     0.999927       173990     13653.33
   22003.711     0.999939       173993     16384.00
   22003.711     0.999945       173993     18204.44
   22003.711     0.999951       173993     20480.00
   22036.479     0.999957       173994     23405.71
   22052.863     0.999963       173995     27306.67
   22102.015     0.999969       173996     32768.00
   22216.703     0.999973       173997     36408.89
   22216.703     0.999976       173997     40960.00
   22233.087     0.999979       173998     46811.43
   22233.087     0.999982       173998     54613.33
   22544.383     0.999985       173999     65536.00
   22544.383     0.999986       173999     72817.78
   22544.383     0.999988       173999     81920.00
   22560.767     0.999989       174000     93622.86
   22560.767     0.999991       174000    109226.67
   22560.767     0.999992       174000    131072.00
   22560.767     0.999993       174000    145635.56
   22560.767     0.999994       174000    163840.00
   22659.071     0.999995       174001    187245.71
   22659.071     1.000000       174001          inf
#[Mean    =    14165.707, StdDeviation   =     2718.065]
#[Max     =    22642.688, Total count    =       174001]
#[Buckets =           27, SubBuckets     =         2048]
----------------------------------------------------------
  500089 requests in 30.01s, 57.24MB read
  Socket errors: connect 0, read 0, write 0, timeout 11649
Requests/sec:  16662.51
Transfer/sec:      1.91MB
