Running 30s test @ http://10.116.0.2:8080/block?ms=100
  4 threads and 4000 connections
  Thread calibration: mean lat.: 2367.009ms, rate sampling interval: 8937ms
  Thread calibration: mean lat.: 2365.728ms, rate sampling interval: 8945ms
  Thread calibration: mean lat.: 2379.191ms, rate sampling interval: 8994ms
  Thread calibration: mean lat.: 2376.152ms, rate sampling interval: 8978ms
  Thread Stats   Avg      Stdev     Max   +/- Stdev
    Latency     8.18s     2.06s   14.14s    59.38%
    Req/Sec     5.05k    16.58     5.07k    50.00%
  Latency Distribution (HdrHistogram - Recorded Latency)
 50.000%    8.07s 
 75.000%    9.90s 
 90.000%   11.03s 
 99.000%   12.27s 
 99.900%   12.97s 
 99.990%   13.58s 
 99.999%   13.94s 
100.000%   14.15s 

  Detailed Percentile spectrum:
       Value   Percentile   TotalCount 1/(1-Percentile)

    3461.119     0.000000            1         1.00
    5492.735     0.100000        30390         1.11
    6098.943     0.200000        60899         1.25
    6709.247     0.300000        91145         1.43
    7360.511     0.400000       121540         1.67
    8073.215     0.500000       151929         2.00
    8454.143     0.550000       167216         2.22
    8822.783     0.600000       182260         2.50
    9191.423     0.650000       197646         2.86
    9543.679     0.700000       212753         3.33
    9904.127     0.750000       227963         4.00
   10084.351     0.775000       235468         4.44
   10264.575     0.800000       242998         5.00
   10452.991     0.825000       250797         5.71
   10633.215     0.850000       258155         6.67
   10829.823     0.875000       265840         8.00
   10928.127     0.887500       269660         8.89
   11026.431     0.900000       273359        10.00
   11132.927     0.912500       277225        11.43
   11247.615     0.925000       280999        13.33
   11370.495     0.937500       284784        16.00
   11436.031     0.943750       286587        17.78
   11509.759     0.950000       288515        20.00
   11591.679     0.956250       290457        22.86
   11673.599     0.962500       292233        26.67
   11771.903     0.968750       294214        32.00
   11821.055     0.971875       295116        35.56
   11878.399     0.975000       296042        40.00
   11943.935     0.978125       297003        45.71
   12009.471     0.981250       297891        53.33
   12091.391     0.984375       298850        64.00
   12140.543     0.985938       299339        71.11
   12189.695     0.987500       299841        80.00
   12238.847     0.989062       300262        91.43
   12296.191     0.990625       300738       106.67
   12361.727     0.992188       301221       128.00
   12402.687     0.992969       301466       142.22
   12443.647     0.993750       301711       160.00
   12492.799     0.994531       301945       182.86
   12541.951     0.995313       302188       213.33
   12599.295     0.996094       302404       256.00
   12632.063     0.996484       302507       284.44
   12673.023     0.996875       302645       320.00
   12705.791     0.997266       302751       365.71
   12754.943     0.997656       302878       426.67
   12804.095     0.998047       302988       512.00
   12836.863     0.998242       303045       568.89
   12869.631     0.998437       303106       640.00
   12894.207     0.998633       303156       731.43
   12926.975     0.998828       303213       853.33
   12976.127     0.999023       303280      1024.00
   13000.703     0.999121       303309      1137.78
   13017.087     0.999219       303331      1280.00
   13041.663     0.999316       303361      1462.86
   13082.623     0.999414       303397      1706.67
   13115.391     0.999512       303421      2048.00
   13139.967     0.999561       303436      2275.56
   13172.735     0.999609       303450      2560.00
   13205.503     0.999658       303468      2925.71
   13230.079     0.999707       303485      3413.33
   13271.039     0.999756       303494      4096.00
   13320.191     0.999780       303502      4551.11
   13344.767     0.999805       303510      5120.00
   13402.111     0.999829       303520      5851.43
   13434.879     0.999854       303524      6826.67
   13508.607     0.999878       303531      8192.00
   13541.375     0.999890       303535      9102.22
   13582.335     0.999902       303539     10240.00
   13606.911     0.999915       303543     11702.86
   13656.063     0.999927       303546     13653.33
   13680.639     0.999939       303551     16384.00
   13688.831     0.999945       303552     18204.44
   13713.407     0.999951       303554     20480.00
   13770.751     0.999957       303557     23405.71
   13770.751     0.999963       303557     27306.67
   13836.287     0.999969       303559     32768.00
   13844.479     0.999973       303561     36408.89
   13844.479     0.999976       303561     40960.00
   13877.247     0.999979       303562     46811.43
   13893.631     0.999982       303563     54613.33
   13910.015     0.999985       303564     65536.00
   13910.015     0.999986       303564     72817.78
   13942.783     0.999988       303565     81920.00
   13942.783     0.999989       303565     93622.86
   14000.127     0.999991       303566    109226.67
   14000.127     0.999992       303566    131072.00
   14000.127     0.999993       303566    145635.56
   14024.703     0.999994       303567    163840.00
   14024.703     0.999995       303567    187245.71
   14024.703     0.999995       303567    218453.33
   14024.703     0.999996       303567    262144.00
   14024.703     0.999997       303567    291271.11
   14147.583     0.999997       303568    327680.00
   14147.583     1.000000       303568          inf
#[Mean    =     8176.135, StdDeviation   =     2063.754]
#[Max     =    14139.392, Total count    =       303568]
#[Buckets =           27, SubBuckets     =         2048]
----------------------------------------------------------
  571524 requests in 30.00s, 65.48MB read
Requests/sec:  19050.23
Transfer/sec:      2.18MB
