Running 30s test @ http://10.116.0.2:8080/json
  4 threads and 256 connections
  Thread calibration: mean lat.: 795.819ms, rate sampling interval: 2859ms
  Thread calibration: mean lat.: 815.648ms, rate sampling interval: 2973ms
  Thread calibration: mean lat.: 797.967ms, rate sampling interval: 2926ms
  Thread calibration: mean lat.: 809.602ms, rate sampling interval: 2926ms
  Thread Stats   Avg      Stdev     Max   +/- Stdev
    Latency     3.15s   974.02ms   5.56s    58.73%
    Req/Sec    12.56k   163.88    12.91k    70.83%
  Latency Distribution (HdrHistogram - Recorded Latency)
 50.000%    3.14s 
 75.000%    3.98s 
 90.000%    4.46s 
 99.000%    4.97s 
 99.900%    5.24s 
 99.990%    5.44s 
 99.999%    5.55s 
100.000%    5.56s 

  Detailed Percentile spectrum:
       Value   Percentile   TotalCount 1/(1-Percentile)

    1054.719     0.000000            2         1.00
    1822.719     0.100000        99298         1.11
    2152.447     0.200000       198644         1.25
    2476.031     0.300000       298097         1.43
    2813.951     0.400000       397364         1.67
    3141.631     0.500000       496718         2.00
    3305.471     0.550000       546111         2.22
    3473.407     0.600000       596047         2.50
    3645.439     0.650000       645363         2.86
    3811.327     0.700000       695303         3.33
    3977.215     0.750000       744781         4.00
    4059.135     0.775000       769281         4.44
    4141.055     0.800000       794584         5.00
    4218.879     0.825000       819561         5.71
    4296.703     0.850000       844153         6.67
    4374.527     0.875000       869044         8.00
    4415.487     0.887500       880889         8.89
    4460.543     0.900000       893899        10.00
    4501.503     0.912500       906093        11.43
    4550.655     0.925000       918093        13.33
    4607.999     0.937500       930518        16.00
    4640.767     0.943750       937295        17.78
    4669.439     0.950000       943354        20.00
    4702.207     0.956250       949699        22.86
    4739.071     0.962500       955577        26.67
    4780.031     0.968750       961826        32.00
    4800.511     0.971875       965114        35.56
    4820.991     0.975000       968104        40.00
    4841.471     0.978125       971187        45.71
    4870.143     0.981250       974151        53.33
    4902.911     0.984375       977285        64.00
    4919.295     0.985938       978651        71.11
    4939.775     0.987500       980207        80.00
    4960.255     0.989062       981810        91.43
    4984.831     0.990625       983337       106.67
    5013.503     0.992188       984774       128.00
    5033.983     0.992969       985670       142.22
    5050.367     0.993750       986266       160.00
    5070.847     0.994531       987032       182.86
    5091.327     0.995313       987969       213.33
    5115.903     0.996094       988635       256.00
    5124.095     0.996484       988979       284.44
    5140.479     0.996875       989411       320.00
    5152.767     0.997266       989779       365.71
    5165.055     0.997656       990150       426.67
    5181.439     0.998047       990620       512.00
    5185.535     0.998242       990729       568.89
    5193.727     0.998437       990940       640.00
    5206.015     0.998633       991110       731.43
    5226.495     0.998828       991319       853.33
    5246.975     0.999023       991506      1024.00
    5255.167     0.999121       991606      1137.78
    5263.359     0.999219       991706      1280.00
    5275.647     0.999316       991788      1462.86
    5292.031     0.999414       991885      1706.67
    5312.511     0.999512       991974      2048.00
    5328.895     0.999561       992025      2275.56
    5341.183     0.999609       992085      2560.00
    5349.375     0.999658       992125      2925.71
    5365.759     0.999707       992168      3413.33
    5386.239     0.999756       992231      4096.00
    5390.335     0.999780       992245      4551.11
    5402.623     0.999805       992265      5120.00
    5414.911     0.999829       992294      5851.43
    5427.199     0.999854       992317      6826.67
    5435.391     0.999878       992341      8192.00
    5439.487     0.999890       992353      9102.22
    5447.679     0.999902       992364     10240.00
    5455.871     0.999915       992374     11702.86
    5468.159     0.999927       992386     13653.33
    5480.447     0.999939       992399     16384.00
    5488.639     0.999945       992406     18204.44
    5496.831     0.999951       992412     20480.00
    5505.023     0.999957       992416     23405.71
    5517.311     0.999963       992422     27306.67
    5525.503     0.999969       992428     32768.00
    5529.599     0.999973       992438     36408.89
    5529.599     0.999976       992438     40960.00
    5529.599     0.999979       992438     46811.43
    5537.791     0.999982       992441     54613.33
    5541.887     0.999985       992446     65536.00
    5541.887     0.999986       992446     72817.78
    5541.887     0.999988       992446     81920.00
    5545.983     0.999989       992448     93622.86
    5550.079     0.999991       992452    109226.67
    5550.079     0.999992       992452    131072.00
    5550.079     0.999993       992452    145635.56
    5550.079     0.999994       992452    163840.00
    5554.175     0.999995       992455    187245.71
    5554.175     0.999995       992455    218453.33
    5554.175     0.999996       992455    262144.00
    5554.175     0.999997       992455    291271.11
    5554.175     0.999997       992455    327680.00
    5558.271     0.999997       992457    374491.43
    5558.271     0.999998       992457    436906.67
    5558.271     0.999998       992457    524288.00
    5558.271     0.999998       992457    582542.22
    5558.271     0.999998       992457    655360.00
    5558.271     0.999999       992457    748982.86
    5558.271     0.999999       992457    873813.33
    5562.367     0.999999       992458   1048576.00
    5562.367     1.000000       992458          inf
#[Mean    =     3146.442, StdDeviation   =      974.021]
#[Max     =     5558.272, Total count    =       992458]
#[Buckets =           27, SubBuckets     =         2048]
----------------------------------------------------------
  1507962 requests in 30.00s, 191.54MB read
Requests/sec:  50266.09
Transfer/sec:      6.38MB
