Running 30s test @ http://10.116.0.2:8080/block?ms=100
  4 threads and 2000 connections
  Thread calibration: mean lat.: 137.791ms, rate sampling interval: 391ms
  Thread calibration: mean lat.: 136.713ms, rate sampling interval: 379ms
  Thread calibration: mean lat.: 139.074ms, rate sampling interval: 391ms
  Thread calibration: mean lat.: 136.403ms, rate sampling interval: 379ms
  Thread Stats   Avg      Stdev     Max   +/- Stdev
    Latency   116.30ms   19.55ms 304.90ms   86.30%
    Req/Sec     4.51k   234.65     4.97k    61.11%
  Latency Distribution (HdrHistogram - Recorded Latency)
 50.000%  107.97ms
 75.000%  124.74ms
 90.000%  140.93ms
 99.000%  193.02ms
 99.900%  226.30ms
 99.990%  249.98ms
 99.999%  291.58ms
100.000%  305.15ms

  Detailed Percentile spectrum:
       Value   Percentile   TotalCount 1/(1-Percentile)

     100.351     0.000000            6         1.00
     101.311     0.100000        33927         1.11
     102.015     0.200000        63230         1.25
     103.487     0.300000        95554         1.43
     105.343     0.400000       126437         1.67
     107.967     0.500000       157769         2.00
     109.759     0.550000       173392         2.22
     112.511     0.600000       189305         2.50
     116.351     0.650000       205089         2.86
     120.319     0.700000       220758         3.33
     124.735     0.750000       236473         4.00
     126.975     0.775000       244343         4.44
     129.215     0.800000       252268         5.00
     131.839     0.825000       260348         5.71
     134.527     0.850000       268234         6.67
     137.343     0.875000       275858         8.00
     139.007     0.887500       279829         8.89
     140.927     0.900000       283924        10.00
     142.975     0.912500       287646        11.43
     145.535     0.925000       291629        13.33
     149.119     0.937500       295544        16.00
     151.551     0.943750       297548        17.78
     154.239     0.950000       299527        20.00
     157.439     0.956250       301450        22.86
     161.023     0.962500       303383        26.67
     165.119     0.968750       305355        32.00
     167.423     0.971875       306353        35.56
     169.855     0.975000       307342        40.00
     172.543     0.978125       308308        45.71
     176.767     0.981250       309302        53.33
     181.887     0.984375       310285        64.00
     184.831     0.985938       310782        71.11
     187.391     0.987500       311267        80.00
     190.847     0.989062       311764        91.43
     194.559     0.990625       312252       106.67
     199.679     0.992188       312742       128.00
     201.983     0.992969       312984       142.22
     205.183     0.993750       313238       160.00
     207.487     0.994531       313489       182.86
     209.407     0.995313       313727       213.33
     211.711     0.996094       313973       256.00
     212.735     0.996484       314096       284.44
     214.143     0.996875       314214       320.00
     215.935     0.997266       314340       365.71
     217.855     0.997656       314460       426.67
     220.543     0.998047       314586       512.00
     221.823     0.998242       314649       568.89
     222.847     0.998437       314707       640.00
     223.999     0.998633       314768       731.43
     225.151     0.998828       314829       853.33
     226.559     0.999023       314894      1024.00
     227.327     0.999121       314921      1137.78
     228.479     0.999219       314953      1280.00
     230.015     0.999316       314987      1462.86
     231.295     0.999414       315015      1706.67
     232.959     0.999512       315046      2048.00
     233.983     0.999561       315061      2275.56
     235.007     0.999609       315079      2560.00
     236.031     0.999658       315092      2925.71
     237.439     0.999707       315106      3413.33
     239.231     0.999756       315122      4096.00
     240.255     0.999780       315130      4551.11
     241.023     0.999805       315138      5120.00
     242.815     0.999829       315145      5851.43
     244.095     0.999854       315152      6826.67
     246.783     0.999878       315160      8192.00
     249.343     0.999890       315164      9102.22
     251.135     0.999902       315168     10240.00
     253.823     0.999915       315172     11702.86
     255.487     0.999927       315175     13653.33
     260.735     0.999939       315179     16384.00
     262.399     0.999945       315181     18204.44
     265.471     0.999951       315183     20480.00
     268.031     0.999957       315186     23405.71
     275.455     0.999963       315187     27306.67
     278.527     0.999969       315189     32768.00
     280.319     0.999973       315190     36408.89
     284.671     0.999976       315191     40960.00
     286.207     0.999979       315192     46811.43
     287.487     0.999982       315193     54613.33
     287.743     0.999985       315194     65536.00
     287.743     0.999986       315194     72817.78
     291.583     0.999988       315195     81920.00
     291.583     0.999989       315195     93622.86
     293.887     0.999991       315196    109226.67
     293.887     0.999992       315196    131072.00
     293.887     0.999993       315196    145635.56
     297.983     0.999994       315197    163840.00
     297.983     0.999995       315197    187245.71
     297.983     0.999995       315197    218453.33
     297.983     0.999996       315197    262144.00
     297.983     0.999997       315197    291271.11
     305.151     0.999997       315198    327680.00
     305.151     1.000000       315198          inf
#[Mean    =      116.299, StdDeviation   =       19.546]
#[Max     =      304.896, Total count    =       315198]
#[Buckets =           27, SubBuckets     =         2048]
----------------------------------------------------------
  512821 requests in 30.00s, 58.69MB read
Requests/sec:  17093.62
Transfer/sec:      1.96MB
