Linux 6.8.0-142-generic (cafeai-bench-server) 	10/01/26 	_x86_64_	(4 CPU)

17:25:08     CPU    %usr   %nice    %sys %iowait    %irq   %soft  %steal  %guest  %gnice   %idle
17:25:09     all   24.19    0.00    2.00    0.00    0.00    0.50    0.25    0.00    0.00   73.07
17:25:10     all   91.98    0.00    5.01    0.00    0.00    2.26    0.00    0.00    0.00    0.75
17:25:11     all   84.46    0.00   10.28    0.00    0.00    4.51    0.00    0.00    0.00    0.75
17:25:12     all   81.70    0.00   11.78    0.00    0.00    6.02    0.00    0.00    0.00    0.50
17:25:13     all   79.45    0.00   13.28    0.00    0.00    6.27    0.00    0.00    0.00    1.00
17:25:14     all   76.75    0.00   14.50    0.00    0.00    7.50    0.00    0.00    0.00    1.25
17:25:15     all   74.12    0.00   17.34    0.00    0.00    7.04    0.00    0.00    0.00    1.51
17:25:16     all   74.25    0.00   17.25    0.00    0.00    7.75    0.00    0.00    0.00    0.75
17:25:17     all   69.52    0.00   20.15    0.00    0.00    9.07    0.25    0.00    0.00    1.01
17:25:18     all   65.09    0.00   22.44    0.00    0.00   11.47    0.00    0.00    0.00    1.00
17:25:19     all   62.91    0.00   23.81    0.00    0.00   11.28    0.00    0.00    0.00    2.01
17:25:20     all   51.81    0.00   26.42    0.00    0.00   11.92    0.00    0.00    0.00    9.84
17:25:21     all   19.34    0.00   13.29    0.00    0.00    3.93    0.00    0.00    0.00   63.44
17:25:22     all   19.25    0.00   12.64    0.00    0.00    5.17    0.00    0.00    0.00   62.93
17:25:23     all   20.94    0.00   13.27    0.00    0.00    3.83    0.00    0.00    0.00   61.95
17:25:24     all   21.76    0.00   13.53    0.00    0.00    3.53    0.00    0.00    0.00   61.18
17:25:25     all   19.65    0.00   12.90    0.00    0.00    4.69    0.29    0.00    0.00   62.46
17:25:26     all   19.06    0.00   12.61    0.00    0.00    4.99    0.29    0.00    0.00   63.05
17:25:27     all   20.70    0.00   13.12    0.00    0.00    4.37    0.29    0.00    0.00   61.52
17:25:28     all   21.64    0.00   13.42    0.00    0.00    4.38    0.27    0.00    0.00   60.27
17:25:29     all   22.19    0.00   14.44    0.00    0.00    3.74    0.00    0.00    0.00   59.63
17:25:30     all   24.45    0.00   14.01    0.00    0.00    3.30    0.27    0.00    0.00   57.97
17:25:31     all   23.66    0.00   14.25    0.00    0.00    3.49    0.00    0.00    0.00   58.60
17:25:32     all   21.65    0.00   12.54    0.00    0.00    4.84    0.00    0.00    0.00   60.97
17:25:33     all   21.59    0.00   13.64    0.00    0.00    3.41    0.28    0.00    0.00   61.08
17:25:34     all   19.23    0.00   13.31    0.00    0.00    4.44    0.00    0.00    0.00   63.02
17:25:35     all   23.24    0.00   12.97    0.00    0.00    4.32    0.00    0.00    0.00   59.46
17:25:36     all   22.63    0.00   13.97    0.28    0.00    3.91    0.28    0.00    0.00   58.94
17:25:37     all   23.72    0.00   13.75    0.00    0.00    3.77    0.00    0.00    0.00   58.76
17:25:38     all   21.05    0.00   14.40    0.00    0.00    4.43    0.28    0.00    0.00   59.83
17:25:39     all   16.48    0.00    9.07    0.00    0.00    2.47    0.00    0.00    0.00   71.98
17:25:40     all   18.09    0.00    1.26    0.00    0.00    1.01    0.00    0.00    0.00   79.65
17:25:41     all   78.89    0.00   10.05    0.00    0.00    4.77    0.00    0.00    0.00    6.28
17:25:42     all   71.25    0.00   13.75    0.00    0.00    5.25    0.00    0.00    0.00    9.75
17:25:43     all   71.25    0.00   11.75    0.00    0.00    4.00    0.50    0.00    0.00   12.50
17:25:44     all   35.99    0.00   12.34    0.00    0.00    3.86    0.00    0.00    0.00   47.81
17:25:45     all   25.25    0.00   12.37    0.00    0.00    4.04    0.25    0.00    0.00   58.08
17:25:46     all   23.23    0.00   12.63    0.25    0.00    3.79    0.00    0.00    0.00   60.10
17:25:47     all   24.43    0.00   14.11    0.00    0.00    3.53    0.00    0.00    0.00   57.93
17:25:48     all   22.86    0.00   10.80    0.00    0.00    3.77    0.00    0.00    0.00   62.56
17:25:49     all   22.92    0.00   11.08    0.00    0.00    3.53    0.00    0.00    0.00   62.47
17:25:50     all   23.99    0.00   12.12    0.00    0.00    3.28    0.00    0.00    0.00   60.61
17:25:51     all   22.31    0.00   10.78    0.00    0.00    4.01    0.00    0.00    0.00   62.91
17:25:52     all   17.63    0.00    8.06    0.00    0.00    4.79    0.00    0.00    0.00   69.52
17:25:53     all   26.07    0.00   10.03    0.00    0.00    4.26    0.25    0.00    0.00   59.40
17:25:54     all   21.43    0.00   11.99    0.00    0.00    4.08    0.26    0.00    0.00   62.24
17:25:55     all   26.58    0.00   11.90    0.00    0.00    3.54    0.00    0.00    0.00   57.97
17:25:56     all   26.52    0.00   11.36    0.00    0.00    3.79    0.00    0.00    0.00   58.33
17:25:57     all   23.80    0.00   12.15    0.00    0.00    3.29    0.00    0.00    0.00   60.76
17:25:58     all   20.66    0.00   11.48    0.00    0.00    3.83    0.00    0.00    0.00   64.03
17:25:59     all   21.45    0.00   11.47    0.00    0.00    3.99    0.25    0.00    0.00   62.84
17:26:00     all   25.94    0.00   11.59    0.00    0.00    3.78    0.00    0.00    0.00   58.69
17:26:01     all   21.27    0.00   11.14    0.00    0.00    3.54    0.00    0.00    0.00   64.05
17:26:02     all   21.43    0.00   10.46    0.00    0.00    4.08    0.00    0.00    0.00   64.03
17:26:03     all   28.72    0.00    9.74    0.00    0.00    4.62    0.00    0.00    0.00   56.92
17:26:04     all   20.87    0.00    8.91    0.00    0.00    3.56    0.00    0.00    0.00   66.67
17:26:05     all   21.46    0.00    9.85    0.00    0.00    2.53    0.00    0.00    0.00   66.16
17:26:06     all   26.65    0.00   10.66    0.00    0.00    3.55    0.00    0.00    0.00   59.14
17:26:07     all   23.10    0.00   10.15    0.00    0.00    3.55    0.25    0.00    0.00   62.94
17:26:08     all   25.31    0.00   11.91    0.00    0.00    3.23    0.00    0.00    0.00   59.55
17:26:09     all   18.99    0.00   10.89    0.00    0.00    3.54    0.25    0.00    0.00   66.33
17:26:10     all   29.48    0.00   14.74    0.00    0.00    3.69    0.49    0.00    0.00   51.60
17:26:11     all   27.39    0.00   16.33    0.00    0.00    4.27    0.00    0.00    0.00   52.01
17:26:12     all   28.33    0.00   17.00    0.00    0.00    3.20    0.00    0.00    0.00   51.48
17:26:13     all   31.74    0.00   15.27    0.00    0.00    4.30    0.00    0.00    0.00   48.69
17:26:14     all   27.98    0.00   15.09    0.00    0.00    3.65    0.00    0.00    0.00   53.28
17:26:15     all   31.28    0.00   16.59    0.00    0.00    3.32    0.24    0.00    0.00   48.58
17:26:16     all   27.03    0.00   16.46    0.00    0.00    4.18    0.00    0.00    0.00   52.33
17:26:17     all   26.91    0.00   16.79    0.00    0.00    3.70    0.00    0.00    0.00   52.59
17:26:18     all   30.38    0.00   16.51    0.00    0.00    3.83    0.24    0.00    0.00   49.04
17:26:19     all   26.62    0.00   17.27    0.00    0.00    3.36    0.00    0.00    0.00   52.76
17:26:20     all   29.90    0.00   15.79    0.00    0.00    4.55    0.48    0.00    0.00   49.28
17:26:21     all   27.59    0.00   16.75    0.00    0.00    4.19    0.00    0.00    0.00   51.48
17:26:22     all   29.48    0.00   17.20    0.00    0.00    4.67    0.00    0.00    0.00   48.65
17:26:23     all   30.43    0.00   15.46    0.00    0.00    4.11    0.00    0.00    0.00   50.00
17:26:24     all   30.02    0.00   16.71    0.00    0.00    4.12    0.00    0.00    0.00   49.15
17:26:25     all   29.02    0.00   17.03    0.00    0.00    4.08    0.24    0.00    0.00   49.64
17:26:26     all   31.23    0.00   16.46    0.00    0.00    4.12    0.00    0.00    0.00   48.18
17:26:27     all   31.70    0.00   17.95    0.00    0.00    3.03    0.00    0.00    0.00   47.32
17:26:28     all   30.86    0.00   15.55    0.00    0.00    4.31    0.00    0.00    0.00   49.28
17:26:29     all   31.50    0.00   16.71    0.00    0.00    4.06    0.24    0.00    0.00   47.49
17:26:30     all   30.91    0.00   17.56    0.00    0.00    3.98    0.00    0.00    0.00   47.54
17:26:31     all   28.50    0.00   17.29    0.00    0.00    4.21    0.47    0.00    0.00   49.53
17:26:32     all   30.79    0.00   16.71    0.00    0.00    3.82    0.00    0.00    0.00   48.69
17:26:33     all   30.00    0.00   16.67    0.00    0.00    4.05    0.00    0.00    0.00   49.29
17:26:34     all   30.68    0.00   18.03    0.00    0.00    4.92    0.00    0.00    0.00   46.37
17:26:35     all   30.57    0.00   17.06    0.00    0.00    4.50    0.00    0.00    0.00   47.87
17:26:36     all   31.71    0.00   17.13    0.00    0.00    4.17    0.23    0.00    0.00   46.76
17:26:37     all   31.09    0.00   16.94    0.00    0.00    3.71    0.00    0.00    0.00   48.26
17:26:38     all   29.81    0.00   17.84    0.00    0.00    4.46    0.00    0.00    0.00   47.89
17:26:39     all   27.71    0.00   16.39    0.00    0.00    3.86    0.00    0.00    0.00   52.05
17:26:40     all   41.34    0.00   21.43    0.00    0.00    7.14    0.00    0.00    0.00   30.09
17:26:41     all   50.12    0.00   24.58    0.00    0.00   12.89    0.00    0.00    0.00   12.41
17:26:42     all   50.83    0.00   24.35    0.00    0.00   12.77    0.24    0.00    0.00   11.82
17:26:43     all   47.99    0.00   25.30    0.00    0.00   14.18    0.24    0.00    0.00   12.29
17:26:44     all   49.05    0.00   25.12    0.00    0.00   12.80    0.24    0.00    0.00   12.80
17:26:45     all   48.45    0.00   23.39    0.00    0.00   14.56    0.00    0.00    0.00   13.60
17:26:46     all   44.85    0.00   25.40    0.00    0.00   13.04    0.23    0.00    0.00   16.48
17:26:47     all   47.06    0.00   25.18    0.00    0.00   14.12    0.00    0.00    0.00   13.65
17:26:48     all   46.30    0.00   24.54    0.00    0.00   13.89    0.23    0.00    0.00   15.05
17:26:49     all   45.75    0.00   25.94    0.00    0.00   13.68    0.00    0.00    0.00   14.62
17:26:50     all   43.22    0.00   23.91    0.00    0.00   14.94    0.00    0.00    0.00   17.93
17:26:51     all   43.52    0.00   23.15    0.00    0.00   14.35    0.23    0.00    0.00   18.75
17:26:52     all   43.81    0.00   24.77    0.00    0.00   14.68    0.00    0.00    0.00   16.74
17:26:53     all   42.96    0.00   22.86    0.00    0.00   14.78    0.00    0.00    0.00   19.40
17:26:54     all   41.47    0.00   24.42    0.00    0.00   13.82    0.00    0.00    0.00   20.28
17:26:55     all   43.86    0.00   23.86    0.00    0.00   14.32    0.00    0.00    0.00   17.95
17:26:56     all   43.12    0.00   24.08    0.00    0.00   15.14    0.00    0.00    0.00   17.66
17:26:57     all   43.19    0.00   22.07    0.00    0.00   16.90    0.23    0.00    0.00   17.61
17:26:58     all   41.86    0.00   23.95    0.00    0.00   15.35    0.00    0.00    0.00   18.84
17:26:59     all   39.90    0.00   22.33    0.00    0.00   18.29    0.48    0.00    0.00   19.00
17:27:00     all   40.00    0.00   22.93    0.00    0.00   18.54    0.00    0.00    0.00   18.54
17:27:01     all   37.72    0.00   20.76    0.00    0.00   21.01    0.00    0.00    0.00   20.51
17:27:02     all   36.70    0.00   18.35    0.00    0.00   20.48    0.27    0.00    0.00   24.20
17:27:03     all   37.56    0.00   20.73    0.00    0.00   19.69    0.00    0.00    0.00   22.02
17:27:04     all   37.73    0.00   20.32    0.00    0.00   20.05    0.00    0.00    0.00   21.90
17:27:05     all   38.27    0.00   22.64    0.00    0.00   16.71    0.27    0.00    0.00   22.10
17:27:06     all   41.83    0.00   23.82    0.00    0.00   11.08    0.00    0.00    0.00   23.27
17:27:07     all   42.58    0.00   26.10    0.00    0.00    9.89    0.00    0.00    0.00   21.43
17:27:08     all   45.60    0.00   25.27    0.00    0.00    7.69    0.00    0.00    0.00   21.43
17:27:09     all   39.13    0.00   21.74    0.00    0.00    7.07    0.54    0.00    0.00   31.52
17:27:10     all   52.94    0.00   29.41    0.00    0.00   11.76    0.00    0.00    0.00    5.88
17:27:11     all   55.75    0.00   31.50    0.00    0.00   11.25    0.00    0.00    0.00    1.50
17:27:12     all   56.00    0.00   30.00    0.00    0.00   11.00    0.00    0.00    0.00    3.00
17:27:13     all   53.12    0.00   28.68    0.00    0.00   13.47    0.00    0.00    0.00    4.74
17:27:14     all   53.87    0.00   28.68    0.00    0.00   14.21    0.00    0.00    0.00    3.24
17:27:15     all   56.14    0.00   28.32    0.00    0.00   14.29    0.00    0.00    0.00    1.25
17:27:16     all   54.64    0.00   28.57    0.00    0.00   13.78    0.25    0.00    0.00    2.76
17:27:17     all   56.64    0.00   27.07    0.00    0.00   13.03    0.00    0.00    0.00    3.26
17:27:18     all   55.25    0.00   28.00    0.00    0.00   12.00    0.25    0.00    0.00    4.50
17:27:19     all   53.12    0.00   29.18    0.00    0.00   12.72    0.00    0.00    0.00    4.99
17:27:20     all   55.33    0.00   27.66    0.00    0.00   12.94    0.00    0.00    0.00    4.06
17:27:21     all   53.47    0.00   28.71    0.00    0.00   13.12    0.00    0.00    0.00    4.70
17:27:22     all   54.25    0.00   29.00    0.00    0.00   14.00    0.25    0.00    0.00    2.50
17:27:23     all   54.91    0.00   28.97    0.00    0.00   14.11    0.00    0.00    0.00    2.02
17:27:24     all   55.00    0.00   27.75    0.00    0.00   15.00    0.00    0.00    0.00    2.25
17:27:25     all   53.37    0.00   29.68    0.00    0.00   13.22    0.00    0.00    0.00    3.74
17:27:26     all   55.39    0.00   28.57    0.00    0.00   14.79    0.00    0.00    0.00    1.25
17:27:27     all   54.55    0.00   29.04    0.00    0.00   14.65    0.25    0.00    0.00    1.52
17:27:28     all   53.69    0.00   28.08    0.00    0.00   13.79    0.00    0.00    0.00    4.43
17:27:29     all   57.07    0.00   28.28    0.00    0.00   12.37    0.25    0.00    0.00    2.02
17:27:30     all   54.39    0.00   28.32    0.00    0.00   14.29    0.00    0.00    0.00    3.01
17:27:31     all   55.67    0.00   29.22    0.00    0.00   14.11    0.00    0.00    0.00    1.01
17:27:32     all   56.61    0.00   28.68    0.00    0.00   13.22    0.00    0.00    0.00    1.50
17:27:33     all   54.52    0.00   30.15    0.00    0.00   14.32    0.00    0.00    0.00    1.01
17:27:34     all   55.33    0.00   27.54    0.00    0.00   13.90    0.00    0.00    0.00    3.23
17:27:35     all   55.14    0.00   27.82    0.00    0.00   13.53    0.00    0.00    0.00    3.51
17:27:36     all   54.91    0.00   30.48    0.00    0.00   13.60    0.25    0.00    0.00    0.76
17:27:37     all   56.39    0.00   29.57    0.00    0.00   13.53    0.00    0.00    0.00    0.50
17:27:38     all   54.52    0.00   28.39    0.00    0.00   11.81    0.00    0.00    0.00    5.28
17:27:39     all   50.76    0.00   26.01    0.00    0.00   12.37    0.00    0.00    0.00   10.86
17:27:40     all   45.02    0.00   25.12    0.00    0.00    5.45    0.00    0.00    0.00   24.41
17:27:41     all   56.17    0.00   28.46    0.00    0.00   14.36    0.00    0.00    0.00    1.01
17:27:42     all   56.00    0.00   29.00    0.00    0.00   13.75    0.00    0.00    0.00    1.25
17:27:43     all   54.61    0.00   29.93    0.00    0.00   13.47    0.25    0.00    0.00    1.75
17:27:44     all   55.28    0.00   29.40    0.00    0.00   13.57    0.25    0.00    0.00    1.51
17:27:45     all   56.28    0.00   28.64    0.00    0.00   13.57    0.00    0.00    0.00    1.51
17:27:46     all   53.37    0.00   29.68    0.00    0.00   13.47    0.00    0.00    0.00    3.49
17:27:47     all   53.40    0.00   30.73    0.00    0.00   14.11    0.00    0.00    0.00    1.76
17:27:48     all   55.78    0.00   27.89    0.00    0.00   13.57    0.25    0.00    0.00    2.51
17:27:49     all   54.41    0.00   26.95    0.00    0.00   13.35    0.00    0.00    0.00    5.29
17:27:50     all   55.61    0.00   27.43    0.00    0.00   13.47    0.00    0.00    0.00    3.49
17:27:51     all   55.78    0.00   28.89    0.00    0.00   13.57    0.00    0.00    0.00    1.76
17:27:52     all   54.43    0.00   28.57    0.00    0.00   13.55    0.25    0.00    0.00    3.20
17:27:53     all   54.25    0.00   27.00    0.00    0.00   15.00    0.00    0.00    0.00    3.75
17:27:54     all   52.75    0.00   28.25    0.00    0.00   13.75    0.00    0.00    0.00    5.25
17:27:55     all   53.65    0.00   28.72    0.00    0.00   13.35    0.00    0.00    0.00    4.28
17:27:56     all   56.25    0.00   27.50    0.00    0.00   14.25    0.00    0.00    0.00    2.00
17:27:57     all   55.50    0.00   29.25    0.00    0.00   14.50    0.00    0.00    0.00    0.75
17:27:58     all   54.86    0.00   29.93    0.00    0.00   12.97    0.00    0.00    0.00    2.24
17:27:59     all   54.36    0.00   27.93    0.00    0.00   13.47    0.00    0.00    0.00    4.24
17:28:00     all   55.00    0.00   27.75    0.00    0.00   14.50    0.00    0.00    0.00    2.75
17:28:01     all   53.77    0.00   27.89    0.00    0.00   14.32    0.00    0.00    0.00    4.02
17:28:02     all   53.90    0.00   30.23    0.00    0.00   13.60    0.00    0.00    0.00    2.27
17:28:03     all   54.34    0.00   28.54    0.00    0.00   13.90    0.00    0.00    0.00    3.23
17:28:04     all   55.67    0.00   27.96    0.00    0.00   13.85    0.00    0.00    0.00    2.52
17:28:05     all   53.75    0.00   29.00    0.00    0.00   14.00    0.00    0.00    0.00    3.25
17:28:06     all   53.87    0.00   28.43    0.00    0.00   15.21    0.50    0.00    0.00    2.00
17:28:07     all   55.00    0.00   28.50    0.00    0.00   14.00    0.00    0.00    0.00    2.50
17:28:08     all   52.50    0.00   29.50    0.00    0.00   13.75    0.00    0.00    0.00    4.25
17:28:09     all   54.52    0.00   26.88    0.00    0.00   13.57    0.00    0.00    0.00    5.03
17:28:10     all   50.25    0.00   26.85    0.00    0.00   12.32    0.25    0.00    0.00   10.34
17:28:11     all   53.90    0.00   27.20    0.00    0.00   14.36    0.00    0.00    0.00    4.53
17:28:12     all   54.32    0.00   26.91    0.00    0.00   14.07    0.25    0.00    0.00    4.44
17:28:13     all   54.73    0.00   27.86    0.00    0.00   14.68    0.00    0.00    0.00    2.74
17:28:14     all   54.04    0.00   28.79    0.00    0.00   12.12    0.00    0.00    0.00    5.05
17:28:15     all   55.47    0.00   28.86    0.00    0.00   13.93    0.00    0.00    0.00    1.74
17:28:16     all   54.61    0.00   29.68    0.00    0.00   14.21    0.00    0.00    0.00    1.50
17:28:17     all   54.50    0.00   28.75    0.00    0.00   14.25    0.00    0.00    0.00    2.50
17:28:18     all   57.43    0.00   27.46    0.00    0.00   14.11    0.00    0.00    0.00    1.01
17:28:19     all   54.95    0.00   28.47    0.00    0.00   14.11    0.00    0.00    0.00    2.48
17:28:20     all   54.91    0.00   29.22    0.00    0.00   13.85    0.00    0.00    0.00    2.02
17:28:21     all   53.38    0.00   28.07    0.00    0.00   14.29    0.00    0.00    0.00    4.26
17:28:22     all   54.98    0.00   27.61    0.00    0.00   13.93    0.00    0.00    0.00    3.48
17:28:23     all   56.39    0.00   28.32    0.00    0.00   14.04    0.00    0.00    0.00    1.25
17:28:24     all   57.43    0.00   27.96    0.00    0.00   13.35    0.00    0.00    0.00    1.26
17:28:25     all   55.39    0.00   29.32    0.00    0.00   14.29    0.00    0.00    0.00    1.00
17:28:26     all   55.47    0.00   30.10    0.00    0.00   13.68    0.00    0.00    0.00    0.75
17:28:27     all   56.14    0.00   29.32    0.00    0.00   13.53    0.25    0.00    0.00    0.75
17:28:28     all   55.39    0.00   29.32    0.00    0.00   13.53    0.00    0.00    0.00    1.75
17:28:29     all   56.72    0.00   28.61    0.00    0.00   13.68    0.25    0.00    0.00    0.75
17:28:30     all   54.91    0.00   29.22    0.00    0.00   14.61    0.00    0.00    0.00    1.26
17:28:31     all   53.35    0.00   30.02    0.00    0.00   15.38    0.25    0.00    0.00    0.99
17:28:32     all   54.80    0.00   27.78    0.00    0.00   13.13    0.00    0.00    0.00    4.29
17:28:33     all   53.62    0.00   27.43    0.00    0.00   13.97    0.00    0.00    0.00    4.99
17:28:34     all   56.14    0.00   28.57    0.00    0.00   11.78    0.00    0.00    0.00    3.51
17:28:35     all   54.66    0.00   28.97    0.00    0.00   13.60    0.00    0.00    0.00    2.77
17:28:36     all   55.25    0.00   27.75    0.00    0.00   12.50    0.25    0.00    0.00    4.25
17:28:37     all   55.67    0.00   26.95    0.00    0.00   13.10    0.00    0.00    0.00    4.28
17:28:38     all   54.00    0.00   28.75    0.00    0.00   14.00    0.00    0.00    0.00    3.25
17:28:39     all   55.05    0.00   29.29    0.00    0.00   14.14    0.00    0.00    0.00    1.52
17:28:40     all   51.37    0.00   24.19    0.00    0.00   10.97    0.00    0.00    0.00   13.47
17:28:41     all   56.08    0.00   29.03    0.00    0.00   13.65    0.00    0.00    0.00    1.24
17:28:42     all   55.39    0.00   29.82    0.00    0.00   14.29    0.00    0.00    0.00    0.50
17:28:43     all   54.89    0.00   29.07    0.00    0.00   15.04    0.00    0.00    0.00    1.00
17:28:44     all   55.53    0.00   29.90    0.00    0.00   13.32    0.00    0.00    0.00    1.26
17:28:45     all   55.39    0.00   28.82    0.00    0.00   14.04    0.00    0.00    0.00    1.75
17:28:46     all   55.28    0.00   27.64    0.00    0.00   14.07    0.00    0.00    0.00    3.02
17:28:47     all   55.89    0.00   27.07    0.00    0.00   15.29    0.00    0.00    0.00    1.75
17:28:48     all   54.55    0.00   29.80    0.00    0.00   13.38    0.51    0.00    0.00    1.77
17:28:49     all   55.86    0.00   29.43    0.00    0.00   13.72    0.00    0.00    0.00    1.00
17:28:50     all   53.12    0.00   28.43    0.00    0.00   12.97    0.00    0.00    0.00    5.49
17:28:51     all   53.85    0.00   27.30    0.00    0.00   12.66    0.25    0.00    0.00    5.96
17:28:52     all   55.42    0.00   28.72    0.00    0.00   13.60    0.00    0.00    0.00    2.27
17:28:53     all   55.78    0.00   29.15    0.00    0.00   13.82    0.25    0.00    0.00    1.01
17:28:54     all   53.62    0.00   28.43    0.00    0.00   13.47    0.00    0.00    0.00    4.49
17:28:55     all   56.82    0.00   27.30    0.00    0.00   12.66    0.00    0.00    0.00    3.23
17:28:56     all   56.82    0.00   28.79    0.00    0.00   13.38    0.00    0.00    0.00    1.01
17:28:57     all   52.97    0.00   28.71    0.00    0.00   13.61    0.00    0.00    0.00    4.70
17:28:58     all   55.64    0.00   28.07    0.00    0.00   13.78    0.00    0.00    0.00    2.51
17:28:59     all   57.36    0.00   27.43    0.00    0.00   13.72    0.00    0.00    0.00    1.50
17:29:00     all   55.11    0.00   29.18    0.00    0.00   14.71    0.00    0.00    0.00    1.00
17:29:01     all   55.75    0.00   29.75    0.00    0.00   13.50    0.25    0.00    0.00    0.75
17:29:02     all   53.23    0.00   27.61    0.00    0.00   13.93    0.00    0.00    0.00    5.22
17:29:03     all   53.63    0.00   27.57    0.00    0.00   14.29    0.25    0.00    0.00    4.26
17:29:04     all   53.88    0.00   29.57    0.00    0.00   14.04    0.00    0.00    0.00    2.51
17:29:05     all   53.87    0.00   28.68    0.00    0.00   13.97    0.00    0.00    0.00    3.49
17:29:06     all   55.64    0.00   30.08    0.00    0.00   13.28    0.00    0.00    0.00    1.00
17:29:07     all   57.04    0.00   28.39    0.00    0.00   12.56    0.00    0.00    0.00    2.01
17:29:08     all   55.53    0.00   29.15    0.00    0.00   14.32    0.00    0.00    0.00    1.01
17:29:09     all   54.98    0.00   26.12    0.00    0.00   13.68    0.25    0.00    0.00    4.98
17:29:10     all    1.75    0.00    1.00    0.00    0.00    0.50    0.00    0.00    0.00   96.75
17:29:11     all   29.70    0.00   10.91    0.00    0.00    4.82    0.25    0.00    0.00   54.31
17:29:12     all   24.62    0.00   12.56    0.25    0.00    3.52    0.00    0.00    0.00   59.05
17:29:13     all   26.84    0.00   10.89    0.00    0.00    3.04    0.00    0.00    0.00   59.24
17:29:14     all   23.99    0.00   11.11    0.00    0.00    2.53    0.00    0.00    0.00   62.37
17:29:15     all   20.92    0.00   11.73    0.00    0.00    3.57    0.00    0.00    0.00   63.78
17:29:16     all   26.08    0.00   11.39    0.00    0.00    3.29    0.00    0.00    0.00   59.24
17:29:17     all   23.29    0.00   11.39    0.00    0.00    3.29    0.00    0.00    0.00   62.03
17:29:18     all   21.66    0.00   10.83    0.00    0.00    3.53    0.00    0.00    0.00   63.98
17:29:19     all   25.26    0.00   10.97    0.00    0.00    3.83    0.00    0.00    0.00   59.95
17:29:20     all   22.47    0.00    9.34    0.00    0.00    3.79    0.00    0.00    0.00   64.39
17:29:21     all   21.52    0.00    9.37    0.00    0.00    2.78    0.00    0.00    0.00   66.33
17:29:22     all   23.65    0.00    7.46    0.00    0.00    4.88    0.00    0.00    0.00   64.01
17:29:23     all   21.63    0.00    7.89    0.00    0.00    4.33    0.00    0.00    0.00   66.16
17:29:24     all   26.70    0.00   10.58    0.00    0.00    3.53    0.00    0.00    0.00   59.19
17:29:25     all   18.94    0.00   10.61    0.00    0.00    3.79    0.00    0.00    0.00   66.67
17:29:26     all   21.74    0.00    9.97    0.00    0.00    3.07    0.00    0.00    0.00   65.22
17:29:27     all   23.37    0.00   10.30    0.00    0.00    3.52    0.00    0.00    0.00   62.81
17:29:28     all   21.32    0.00   10.41    0.00    0.00    3.55    0.51    0.00    0.00   64.21
17:29:29     all   20.66    0.00   10.97    0.00    0.00    3.06    0.26    0.00    0.00   65.05
17:29:30     all   24.17    0.00   10.43    1.02    0.00    3.05    0.00    0.00    0.00   61.32
17:29:31     all   21.28    0.00    9.49    0.00    0.00    3.33    0.26    0.00    0.00   65.64
17:29:32     all   20.76    0.00   10.13    0.00    0.00    3.04    0.00    0.00    0.00   66.08
17:29:33     all   27.09    0.00   10.13    0.00    0.00    5.06    0.00    0.00    0.00   57.72
17:29:34     all   18.97    0.00    7.69    0.00    0.00    4.10    0.26    0.00    0.00   68.97
17:29:35     all   25.38    0.00    9.64    0.00    0.00    4.06    0.00    0.00    0.00   60.91
17:29:36     all   22.03    0.00   10.38    0.00    0.00    3.04    0.25    0.00    0.00   64.30
17:29:37     all   22.84    0.00    9.39    0.00    0.00    3.05    0.00    0.00    0.00   64.72
17:29:38     all   24.81    0.00   10.89    0.00    0.00    3.04    0.00    0.00    0.00   61.27
17:29:39     all   20.05    0.00    9.64    0.00    0.00    3.05    0.00    0.00    0.00   67.26
17:29:40     all    2.00    0.00    1.25    0.00    0.00    0.50    0.00    0.00    0.00   96.25
17:29:41     all   27.32    0.00    8.77    0.00    0.00    5.26    0.00    0.00    0.00   58.65
17:29:42     all   49.62    0.00   16.37    0.00    0.00    7.67    0.26    0.00    0.00   26.09
17:29:43     all   47.88    0.00   26.43    0.00    0.00    6.73    0.00    0.00    0.00   18.95
17:29:44     all   41.56    0.00   24.18    0.00    0.00    7.56    0.00    0.00    0.00   26.70
17:29:45     all   42.39    0.00   22.59    0.00    0.00    6.35    0.00    0.00    0.00   28.68
17:29:46     all   39.59    0.00   21.34    0.00    0.00    5.66    0.00    0.00    0.00   33.42
17:29:47     all   47.87    0.00   19.30    0.00    0.00    6.02    0.00    0.00    0.00   26.82
17:29:48     all   39.33    0.00   20.05    0.00    0.00    6.17    0.26    0.00    0.00   34.19
17:29:49     all   40.61    0.00   20.56    0.00    0.00    6.35    0.00    0.00    0.00   32.49
17:29:50     all   43.64    0.00   20.00    0.00    0.00    5.97    0.00    0.00    0.00   30.39
17:29:51     all   39.54    0.00   20.66    0.00    0.00    6.38    0.00    0.00    0.00   33.42
17:29:52     all   42.20    0.00   18.93    0.00    0.00    8.44    0.00    0.00    0.00   30.43
17:29:53     all   41.41    0.00   15.91    0.00    0.00    8.84    0.00    0.00    0.00   33.84
17:29:54     all   37.34    0.00   18.93    0.00    0.00    7.67    0.00    0.00    0.00   36.06
17:29:55     all   41.37    0.00   21.07    0.00    0.00    6.09    0.00    0.00    0.00   31.47
17:29:56     all   45.69    0.00   22.08    0.00    0.00    5.58    0.25    0.00    0.00   26.40
17:29:57     all   38.56    0.00   20.82    0.00    0.00    5.91    0.00    0.00    0.00   34.70
17:29:58     all   40.26    0.00   21.54    0.00    0.00    5.90    0.00    0.00    0.00   32.31
17:29:59     all   39.07    0.00   21.08    0.00    0.00    6.43    0.00    0.00    0.00   33.42
17:30:00     all   35.90    0.00   19.74    0.00    0.00    5.90    0.00    0.00    0.00   38.46
17:30:01     all   39.95    0.00   21.91    0.00    0.00    5.15    0.26    0.00    0.00   32.73
17:30:02     all   38.01    0.00   22.19    0.00    0.00    6.63    0.00    0.00    0.00   33.16
17:30:03     all   43.00    0.00   19.34    0.00    0.00    8.40    1.27    0.00    0.00   27.99
17:30:04     all   42.46    0.00   18.41    0.00    0.00    8.95    0.51    0.00    0.00   29.67
17:30:05     all   41.39    0.00   19.02    0.00    0.00    6.43    0.00    0.00    0.00   33.16
17:30:06     all   39.90    0.00   20.21    0.00    0.00    5.44    0.00    0.00    0.00   34.46
17:30:07     all   36.99    0.00   19.90    0.00    0.00    6.12    0.00    0.00    0.00   36.99
17:30:08     all   39.85    0.00   20.82    0.00    0.00    6.43    0.00    0.00    0.00   32.90
17:30:09     all   40.10    0.00   20.57    0.00    0.00    6.17    0.51    0.00    0.00   32.65
17:30:10     all   10.35    0.00    3.79    0.00    0.00    1.77    0.00    0.00    0.00   84.09
17:30:11     all   18.99    0.00    7.59    0.00    0.00    5.32    0.00    0.00    0.00   68.10
17:30:12     all   38.17    0.00   15.52    0.00    0.00    8.65    0.00    0.00    0.00   37.66
17:30:13     all   59.65    0.00   19.80    0.00    0.00   10.03    0.00    0.00    0.00   10.53
17:30:14     all   69.52    0.00   18.89    0.00    0.00    9.57    0.00    0.00    0.00    2.02
17:30:15     all   64.84    0.00   23.44    0.00    0.00    9.73    0.00    0.00    0.00    2.00
17:30:16     all   69.42    0.00   19.30    0.00    0.00    9.77    0.00    0.00    0.00    1.50
17:30:17     all   67.42    0.00   21.05    0.00    0.00    9.02    0.00    0.00    0.00    2.51
17:30:18     all   69.17    0.00   18.80    0.00    0.00   11.53    0.00    0.00    0.00    0.50
17:30:19     all   68.58    0.00   18.70    0.00    0.00   10.72    0.50    0.00    0.00    1.50
17:30:20     all   67.58    0.00   19.70    0.00    0.00   12.47    0.25    0.00    0.00    0.00
17:30:21     all   68.92    0.00   17.54    0.00    0.00   12.53    0.00    0.00    0.00    1.00
17:30:22     all   66.67    0.00   20.05    0.00    0.00   12.53    0.00    0.00    0.00    0.75
17:30:23     all   66.33    0.00   20.60    0.00    0.00   12.06    0.00    0.00    0.00    1.01
17:30:24     all   71.25    0.00   16.50    0.00    0.00   10.50    0.00    0.00    0.00    1.75
17:30:25     all   66.50    0.00   19.90    0.00    0.00   12.85    0.00    0.00    0.00    0.76
17:30:26     all   71.64    0.00   16.42    0.00    0.00   10.45    0.00    0.00    0.00    1.49
17:30:27     all   67.25    0.00   19.50    0.00    0.00   11.75    0.00    0.00    0.00    1.50
17:30:28     all   69.52    0.00   17.38    0.00    0.00   12.09    0.00    0.00    0.00    1.01
17:30:29     all   67.84    0.00   19.35    0.00    0.00   12.06    0.00    0.00    0.00    0.75
17:30:30     all   65.26    0.00   21.09    0.00    0.00   13.40    0.00    0.00    0.00    0.25
17:30:31     all   68.58    0.00   18.95    0.00    0.00   10.97    0.00    0.00    0.00    1.50
17:30:32     all   72.86    0.00   15.08    0.00    0.00   10.80    0.00    0.00    0.00    1.26
17:30:33     all   71.50    0.00   16.50    0.00    0.00   10.50    0.00    0.00    0.00    1.50
17:30:34     all   69.92    0.00   18.05    0.00    0.00   11.03    0.00    0.00    0.00    1.00
17:30:35     all   67.75    0.00   19.75    0.00    0.00   12.50    0.00    0.00    0.00    0.00
17:30:36     all   72.14    0.00   16.42    0.00    0.00    9.70    0.00    0.00    0.00    1.74
17:30:37     all   69.27    0.00   18.89    0.00    0.00   10.83    0.00    0.00    0.00    1.01
17:30:38     all   68.59    0.00   19.85    0.00    0.00   10.80    0.00    0.00    0.00    0.75
17:30:39     all   66.75    0.00   20.50    0.00    0.00   12.00    0.00    0.00    0.00    0.75
17:30:40     all   22.06    0.00    7.27    0.00    0.00    3.51    0.00    0.00    0.00   67.17
17:30:41     all   17.77    0.00    6.60    0.00    0.00    3.81    0.00    0.00    0.00   71.83
17:30:42     all   36.04    0.00   15.48    0.00    0.00    8.88    0.00    0.00    0.00   39.59
17:30:43     all   59.49    0.00   21.27    0.00    0.00    8.86    0.00    0.00    0.00   10.38
17:30:44     all   62.84    0.00   23.94    0.00    0.00   10.97    0.00    0.00    0.00    2.24
17:30:45     all   72.61    0.00   16.08    0.00    0.00   10.80    0.00    0.00    0.00    0.50
17:30:46     all   70.75    0.00   19.00    0.00    0.00    9.50    0.25    0.00    0.00    0.50
17:30:47     all   69.19    0.00   20.20    0.00    0.00    9.34    0.00    0.00    0.00    1.26
17:30:48     all   72.93    0.00   16.29    0.00    0.00   10.03    0.00    0.00    0.00    0.75
17:30:49     all   72.39    0.00   16.42    0.00    0.00    9.45    0.00    0.00    0.00    1.74
17:30:50     all   82.79    0.00    9.98    0.00    0.00    5.74    0.25    0.00    0.00    1.25
17:30:51     all   69.58    0.00   18.70    0.00    0.00   10.97    0.00    0.00    0.00    0.75
17:30:52     all   69.50    0.00   19.25    0.00    0.00   10.75    0.25    0.00    0.00    0.25
17:30:53     all   70.50    0.00   18.00    0.00    0.00    9.75    0.00    0.00    0.00    1.75
17:30:54     all   69.67    0.00   15.29    0.00    0.00    9.02    0.25    0.00    0.00    5.76
17:30:55     all   80.65    0.00   10.55    0.00    0.00    5.78    0.00    0.00    0.00    3.02
17:30:56     all   73.13    0.00   15.92    0.00    0.00    9.45    0.00    0.00    0.00    1.49
17:30:57     all   78.20    0.00   12.53    0.00    0.00    6.27    0.00    0.00    0.00    3.01
17:30:58     all   66.00    0.00   20.50    0.00    0.00   13.00    0.00    0.00    0.00    0.50
17:30:59     all   72.36    0.00   15.33    0.00    0.00    8.54    0.00    0.00    0.00    3.77
17:31:00     all   77.14    0.00   14.32    0.00    0.00    8.04    0.00    0.00    0.00    0.50
17:31:01     all   76.69    0.00   13.78    0.00    0.00    7.77    0.00    0.00    0.00    1.75
17:31:02     all   69.92    0.00   17.54    0.00    0.00   11.28    0.00    0.00    0.00    1.25
17:31:03     all   73.87    0.00   16.08    0.00    0.00    8.29    0.00    0.00    0.00    1.76
17:31:04     all   78.14    0.00   11.81    0.00    0.00    6.28    0.00    0.00    0.00    3.77
17:31:05     all   67.25    0.00   19.65    0.00    0.00   11.08    0.00    0.00    0.00    2.02
17:31:06     all   72.18    0.00   15.54    0.00    0.00    8.77    0.00    0.00    0.00    3.51
17:31:07     all   77.97    0.00   13.16    0.00    0.00    6.58    0.00    0.00    0.00    2.28
17:31:08     all   68.49    0.00   19.60    0.00    0.00   11.41    0.00    0.00    0.00    0.50
17:31:09     all   73.23    0.00   15.66    0.00    0.00    8.59    0.00    0.00    0.00    2.53
17:31:10     all   68.51    0.00   16.37    0.00    0.00    8.06    0.00    0.00    0.00    7.05
