Running 30s test @ http://10.116.0.2:8080/json
  4 threads and 64 connections
  Thread calibration: mean lat.: 2367.576ms, rate sampling interval: 5668ms
  Thread calibration: mean lat.: 2387.626ms, rate sampling interval: 6049ms
  Thread calibration: mean lat.: 2456.846ms, rate sampling interval: 6057ms
  Thread calibration: mean lat.: 2460.122ms, rate sampling interval: 6127ms
  Thread Stats   Avg      Stdev     Max   +/- Stdev
    Latency   209.77ms  551.24ms   3.15s    88.22%
    Req/Sec     5.56k   784.28     6.74k    66.67%
  Latency Distribution (HdrHistogram - Recorded Latency)
 50.000%    1.36ms
 75.000%    1.96ms
 90.000%  992.77ms
 99.000%    2.43s 
 99.900%    2.91s 
 99.990%    3.11s 
 99.999%    3.15s 
100.000%    3.16s 

  Detailed Percentile spectrum:
       Value   Percentile   TotalCount 1/(1-Percentile)

       0.218     0.000000            1         1.00
       0.675     0.100000        43954         1.11
       0.858     0.200000        87665         1.25
       1.020     0.300000       131614         1.43
       1.180     0.400000       175403         1.67
       1.363     0.500000       219195         2.00
       1.468     0.550000       241128         2.22
       1.581     0.600000       263044         2.50
       1.700     0.650000       284908         2.86
       1.824     0.700000       306807         3.33
       1.963     0.750000       328643         4.00
       2.049     0.775000       339684         4.44
       2.167     0.800000       350644         5.00
       2.429     0.825000       361519         5.71
     295.935     0.850000       372458         6.67
     666.111     0.875000       383421         8.00
     833.023     0.887500       388902         8.89
     992.767     0.900000       394376        10.00
    1153.023     0.912500       399879        11.43
    1310.719     0.925000       405325        13.33
    1483.775     0.937500       410826        16.00
    1574.911     0.943750       413567        17.78
    1674.239     0.950000       416282        20.00
    1775.615     0.956250       419038        22.86
    1876.991     0.962500       421775        26.67
    1981.439     0.968750       424492        32.00
    2042.879     0.971875       425883        35.56
    2099.199     0.975000       427258        40.00
    2152.447     0.978125       428605        45.71
    2213.887     0.981250       429975        53.33
    2287.615     0.984375       431358        64.00
    2322.431     0.985938       432045        71.11
    2359.295     0.987500       432729        80.00
    2400.255     0.989062       433407        91.43
    2449.407     0.990625       434106       106.67
    2502.655     0.992188       434785       128.00
    2527.231     0.992969       435124       142.22
    2551.807     0.993750       435457       160.00
    2582.527     0.994531       435792       182.86
    2615.295     0.995313       436143       213.33
    2656.255     0.996094       436481       256.00
    2678.783     0.996484       436661       284.44
    2701.311     0.996875       436824       320.00
    2729.983     0.997266       436993       365.71
    2756.607     0.997656       437163       426.67
    2787.327     0.998047       437340       512.00
    2805.759     0.998242       437415       568.89
    2832.383     0.998437       437505       640.00
    2856.959     0.998633       437590       731.43
    2891.775     0.998828       437679       853.33
    2918.399     0.999023       437762      1024.00
    2932.735     0.999121       437800      1137.78
    2949.119     0.999219       437847      1280.00
    2959.359     0.999316       437888      1462.86
    2975.743     0.999414       437929      1706.67
    3006.463     0.999512       437975      2048.00
    3016.703     0.999561       437994      2275.56
    3028.991     0.999609       438018      2560.00
    3039.231     0.999658       438041      2925.71
    3043.327     0.999707       438058      3413.33
    3051.519     0.999756       438080      4096.00
    3055.615     0.999780       438090      4551.11
    3071.999     0.999805       438100      5120.00
    3096.575     0.999829       438113      5851.43
    3100.671     0.999854       438123      6826.67
    3104.767     0.999878       438134      8192.00
    3108.863     0.999890       438137      9102.22
    3115.007     0.999902       438146     10240.00
    3117.055     0.999915       438150     11702.86
    3121.151     0.999927       438154     13653.33
    3127.295     0.999939       438162     16384.00
    3127.295     0.999945       438162     18204.44
    3129.343     0.999951       438165     20480.00
    3131.391     0.999957       438169     23405.71
    3131.391     0.999963       438169     27306.67
    3135.487     0.999969       438172     32768.00
    3137.535     0.999973       438174     36408.89
    3139.583     0.999976       438176     40960.00
    3139.583     0.999979       438176     46811.43
    3141.631     0.999982       438177     54613.33
    3145.727     0.999985       438179     65536.00
    3145.727     0.999986       438179     72817.78
    3147.775     0.999988       438180     81920.00
    3149.823     0.999989       438181     93622.86
    3149.823     0.999991       438181    109226.67
    3151.871     0.999992       438183    131072.00
    3151.871     0.999993       438183    145635.56
    3151.871     0.999994       438183    163840.00
    3151.871     0.999995       438183    187245.71
    3151.871     0.999995       438183    218453.33
    3155.967     0.999996       438185    262144.00
    3155.967     1.000000       438185          inf
#[Mean    =      209.772, StdDeviation   =      551.237]
#[Max     =     3153.920, Total count    =       438185]
#[Buckets =           27, SubBuckets     =         2048]
----------------------------------------------------------
  599247 requests in 30.00s, 76.01MB read
Requests/sec:  19974.42
Transfer/sec:      2.53MB
