Running 30s test @ http://10.116.0.2:8080/block?ms=100
  4 threads and 1000 connections
  Thread calibration: mean lat.: 107.035ms, rate sampling interval: 237ms
  Thread calibration: mean lat.: 106.861ms, rate sampling interval: 235ms
  Thread calibration: mean lat.: 110.635ms, rate sampling interval: 251ms
  Thread calibration: mean lat.: 108.710ms, rate sampling interval: 244ms
  Thread Stats   Avg      Stdev     Max   +/- Stdev
    Latency   141.69ms  148.00ms   1.14s    94.62%
    Req/Sec     2.26k   223.42     2.91k    78.25%
  Latency Distribution (HdrHistogram - Recorded Latency)
 50.000%  104.83ms
 75.000%  111.10ms
 90.000%  129.92ms
 99.000%  989.18ms
 99.900%    1.12s 
 99.990%    1.14s 
 99.999%    1.14s 
100.000%    1.14s 

  Detailed Percentile spectrum:
       Value   Percentile   TotalCount 1/(1-Percentile)

     100.351     0.000000            2         1.00
     101.311     0.100000        18069         1.11
     101.951     0.200000        34742         1.25
     102.783     0.300000        50721         1.43
     103.743     0.400000        67765         1.67
     104.831     0.500000        84616         2.00
     105.471     0.550000        93386         2.22
     106.175     0.600000       101868         2.50
     106.943     0.650000       109647         2.86
     108.095     0.700000       118160         3.33
     111.103     0.750000       126574         4.00
     113.919     0.775000       130762         4.44
     116.927     0.800000       134971         5.00
     119.807     0.825000       139176         5.71
     122.303     0.850000       143428         6.67
     125.183     0.875000       147630         8.00
     127.231     0.887500       149699         8.89
     129.919     0.900000       151817        10.00
     134.271     0.912500       153940        11.43
     152.191     0.925000       156024        13.33
     227.071     0.937500       158134        16.00
     268.287     0.943750       159183        17.78
     319.487     0.950000       160247        20.00
     405.759     0.956250       161292        22.86
     522.239     0.962500       162349        26.67
     633.855     0.968750       163405        32.00
     685.055     0.971875       163927        35.56
     742.911     0.975000       164458        40.00
     791.551     0.978125       164985        45.71
     845.823     0.981250       165516        53.33
     898.559     0.984375       166036        64.00
     914.431     0.985938       166306        71.11
     945.663     0.987500       166563        80.00
     975.871     0.989062       166834        91.43
     998.399     0.990625       167089       106.67
    1020.927     0.992188       167353       128.00
    1035.263     0.992969       167489       142.22
    1052.671     0.993750       167617       160.00
    1065.983     0.994531       167757       182.86
    1084.415     0.995313       167889       213.33
    1094.655     0.996094       168021       256.00
    1097.727     0.996484       168086       284.44
    1099.775     0.996875       168146       320.00
    1105.919     0.997266       168230       365.71
    1106.943     0.997656       168288       426.67
    1108.991     0.998047       168341       512.00
    1114.111     0.998242       168377       568.89
    1116.159     0.998437       168425       640.00
    1117.183     0.998633       168460       731.43
    1118.207     0.998828       168478       853.33
    1124.351     0.999023       168516      1024.00
    1125.375     0.999121       168529      1137.78
    1126.399     0.999219       168555      1280.00
    1126.399     0.999316       168555      1462.86
    1127.423     0.999414       168579      1706.67
    1128.447     0.999512       168588      2048.00
    1134.591     0.999561       168602      2275.56
    1135.615     0.999609       168617      2560.00
    1135.615     0.999658       168617      2925.71
    1136.639     0.999707       168643      3413.33
    1136.639     0.999756       168643      4096.00
    1136.639     0.999780       168643      4551.11
    1136.639     0.999805       168643      5120.00
    1136.639     0.999829       168643      5851.43
    1137.663     0.999854       168665      6826.67
    1137.663     0.999878       168665      8192.00
    1137.663     0.999890       168665      9102.22
    1137.663     0.999902       168665     10240.00
    1137.663     0.999915       168665     11702.86
    1137.663     0.999927       168665     13653.33
    1137.663     0.999939       168665     16384.00
    1137.663     0.999945       168665     18204.44
    1137.663     0.999951       168665     20480.00
    1137.663     0.999957       168665     23405.71
    1137.663     0.999963       168665     27306.67
    1137.663     0.999969       168665     32768.00
    1138.687     0.999973       168669     36408.89
    1138.687     0.999976       168669     40960.00
    1138.687     0.999979       168669     46811.43
    1138.687     0.999982       168669     54613.33
    1138.687     0.999985       168669     65536.00
    1138.687     0.999986       168669     72817.78
    1138.687     0.999988       168669     81920.00
    1138.687     0.999989       168669     93622.86
    1138.687     0.999991       168669    109226.67
    1138.687     0.999992       168669    131072.00
    1138.687     0.999993       168669    145635.56
    1138.687     0.999994       168669    163840.00
    1139.711     0.999995       168670    187245.71
    1139.711     1.000000       168670          inf
#[Mean    =      141.688, StdDeviation   =      148.001]
#[Max     =     1138.688, Total count    =       168670]
#[Buckets =           27, SubBuckets     =         2048]
----------------------------------------------------------
  260139 requests in 30.00s, 29.81MB read
Requests/sec:   8670.95
Transfer/sec:      0.99MB
