Running 30s test @ http://10.116.0.2:8080/json
  4 threads and 256 connections
  Thread calibration: mean lat.: 2.887ms, rate sampling interval: 10ms
  Thread calibration: mean lat.: 2.929ms, rate sampling interval: 10ms
  Thread calibration: mean lat.: 3.254ms, rate sampling interval: 11ms
  Thread calibration: mean lat.: 2.862ms, rate sampling interval: 10ms
  Thread Stats   Avg      Stdev     Max   +/- Stdev
    Latency     1.73ms  769.66us  17.04ms   74.21%
    Req/Sec    10.52k     1.20k   16.89k    76.83%
  Latency Distribution (HdrHistogram - Recorded Latency)
 50.000%    1.62ms
 75.000%    2.12ms
 90.000%    2.63ms
 99.000%    4.32ms
 99.900%    6.84ms
 99.990%    9.49ms
 99.999%   14.15ms
100.000%   17.06ms

  Detailed Percentile spectrum:
       Value   Percentile   TotalCount 1/(1-Percentile)

       0.256     0.000000            1         1.00
       0.889     0.100000        78796         1.11
       1.104     0.200000       157800         1.25
       1.287     0.300000       236506         1.43
       1.454     0.400000       315041         1.67
       1.619     0.500000       393663         2.00
       1.706     0.550000       432989         2.22
       1.798     0.600000       472633         2.50
       1.896     0.650000       511772         2.86
       2.002     0.700000       551069         3.33
       2.121     0.750000       590843         4.00
       2.185     0.775000       610396         4.44
       2.255     0.800000       629970         5.00
       2.331     0.825000       649571         5.71
       2.415     0.850000       669152         6.67
       2.513     0.875000       689054         8.00
       2.567     0.887500       698793         8.89
       2.629     0.900000       708552        10.00
       2.699     0.912500       718328        11.43
       2.781     0.925000       728151        13.33
       2.883     0.937500       738084        16.00
       2.941     0.943750       742974        17.78
       3.009     0.950000       747954        20.00
       3.083     0.956250       752761        22.86
       3.175     0.962500       757679        26.67
       3.291     0.968750       762625        32.00
       3.361     0.971875       765043        35.56
       3.447     0.975000       767482        40.00
       3.555     0.978125       769984        45.71
       3.689     0.981250       772409        53.33
       3.857     0.984375       774887        64.00
       3.957     0.985938       776089        71.11
       4.077     0.987500       777328        80.00
       4.223     0.989062       778556        91.43
       4.387     0.990625       779794       106.67
       4.571     0.992188       781031       128.00
       4.675     0.992969       781642       142.22
       4.795     0.993750       782244       160.00
       4.931     0.994531       782866       182.86
       5.099     0.995313       783478       213.33
       5.303     0.996094       784098       256.00
       5.419     0.996484       784399       284.44
       5.543     0.996875       784711       320.00
       5.687     0.997266       785012       365.71
       5.863     0.997656       785318       426.67
       6.075     0.998047       785623       512.00
       6.207     0.998242       785776       568.89
       6.343     0.998437       785933       640.00
       6.479     0.998633       786084       731.43
       6.647     0.998828       786237       853.33
       6.875     0.999023       786391      1024.00
       7.011     0.999121       786467      1137.78
       7.163     0.999219       786545      1280.00
       7.287     0.999316       786621      1462.86
       7.439     0.999414       786698      1706.67
       7.587     0.999512       786774      2048.00
       7.691     0.999561       786814      2275.56
       7.795     0.999609       786851      2560.00
       7.939     0.999658       786889      2925.71
       8.079     0.999707       786929      3413.33
       8.319     0.999756       786967      4096.00
       8.471     0.999780       786986      4551.11
       8.623     0.999805       787006      5120.00
       8.807     0.999829       787024      5851.43
       9.007     0.999854       787044      6826.67
       9.247     0.999878       787062      8192.00
       9.431     0.999890       787072      9102.22
       9.599     0.999902       787084     10240.00
       9.735     0.999915       787091     11702.86
      10.047     0.999927       787101     13653.33
      10.255     0.999939       787110     16384.00
      10.351     0.999945       787116     18204.44
      10.543     0.999951       787120     20480.00
      10.719     0.999957       787125     23405.71
      10.823     0.999963       787130     27306.67
      10.991     0.999969       787134     32768.00
      11.127     0.999973       787137     36408.89
      11.287     0.999976       787139     40960.00
      11.431     0.999979       787142     46811.43
      11.623     0.999982       787144     54613.33
      12.703     0.999985       787146     65536.00
      14.031     0.999986       787148     72817.78
      14.095     0.999988       787149     81920.00
      14.151     0.999989       787150     93622.86
      14.239     0.999991       787151    109226.67
      14.327     0.999992       787152    131072.00
      14.335     0.999993       787153    145635.56
      14.583     0.999994       787154    163840.00
      14.583     0.999995       787154    187245.71
      14.639     0.999995       787155    218453.33
      14.639     0.999996       787155    262144.00
      14.719     0.999997       787156    291271.11
      14.719     0.999997       787156    327680.00
      14.719     0.999997       787156    374491.43
      16.223     0.999998       787157    436906.67
      16.223     0.999998       787157    524288.00
      16.223     0.999998       787157    582542.22
      16.223     0.999998       787157    655360.00
      16.223     0.999999       787157    748982.86
      17.055     0.999999       787158    873813.33
      17.055     1.000000       787158          inf
#[Mean    =        1.729, StdDeviation   =        0.770]
#[Max     =       17.040, Total count    =       787158]
#[Buckets =           27, SubBuckets     =         2048]
----------------------------------------------------------
  1185262 requests in 30.00s, 150.55MB read
Requests/sec:  39508.34
Transfer/sec:      5.02MB
