Linux 6.8.0-142-generic (cafeai-bench-loadgen) 	10/01/26 	_x86_64_	(4 CPU)

17:25:09     CPU    %usr   %nice    %sys %iowait    %irq   %soft  %steal  %guest  %gnice   %idle
17:25:10     all    0.75    0.00    1.75    0.00    0.00    0.50    0.00    0.00    0.00   96.99
17:25:11     all    1.02    0.00    2.54    0.00    0.00    2.28    0.00    0.00    0.00   94.16
17:25:12     all    1.01    0.00    4.55    0.00    0.00    3.28    0.00    0.00    0.00   91.16
17:25:13     all    1.79    0.00    5.12    0.00    0.00    2.56    0.00    0.00    0.00   90.54
17:25:14     all    2.27    0.00    5.79    0.00    0.00    5.04    0.00    0.00    0.00   86.90
17:25:15     all    3.31    0.00    8.14    0.00    0.00    4.83    0.00    0.00    0.00   83.72
17:25:16     all    3.04    0.00    8.61    0.00    0.00    5.32    0.00    0.00    0.00   83.04
17:25:17     all    3.31    0.00    8.65    0.00    0.00    6.62    0.00    0.00    0.00   81.42
17:25:18     all    4.62    0.00   12.56    0.00    0.00    7.69    0.00    0.00    0.00   75.13
17:25:19     all    6.15    0.00   13.33    0.00    0.00    8.72    0.00    0.00    0.00   71.79
17:25:20     all    6.70    0.00   16.24    0.00    0.00   11.08    0.00    0.00    0.00   65.98
17:25:21     all    3.83    0.00    8.42    0.00    0.00    5.87    0.00    0.00    0.00   81.89
17:25:22     all    4.06    0.00    7.11    0.00    0.00    4.57    0.00    0.00    0.00   84.26
17:25:23     all    4.29    0.00    7.07    0.25    0.00    4.80    0.00    0.00    0.00   83.59
17:25:24     all    4.05    0.00    6.58    0.00    0.00    5.06    0.00    0.00    0.00   84.30
17:25:25     all    3.81    0.00    7.11    0.00    0.00    5.08    0.00    0.00    0.00   84.01
17:25:26     all    4.08    0.00    6.89    0.00    0.00    4.34    0.00    0.00    0.00   84.69
17:25:27     all    3.80    0.00    7.85    0.00    0.00    4.05    0.00    0.00    0.00   84.30
17:25:28     all    3.40    0.00    5.76    0.00    0.00    4.45    0.00    0.00    0.00   86.39
17:25:29     all    3.33    0.00    7.44    0.00    0.00    4.36    0.00    0.00    0.00   84.87
17:25:30     all    3.60    0.00    6.68    0.00    0.00    4.11    0.00    0.00    0.00   85.60
17:25:31     all    3.90    0.00    6.75    0.00    0.00    3.38    0.00    0.00    0.00   85.97
17:25:32     all    4.13    0.00    5.43    0.00    0.00    4.65    0.00    0.00    0.00   85.79
17:25:33     all    3.84    0.00    6.91    0.00    0.00    4.35    0.26    0.00    0.00   84.65
17:25:34     all    3.66    0.00    5.74    0.00    0.00    4.44    0.00    0.00    0.00   86.16
17:25:35     all    4.10    0.00    6.41    0.00    0.00    4.62    0.00    0.00    0.00   84.87
17:25:36     all    3.34    0.00    7.20    0.00    0.00    4.37    0.00    0.00    0.00   85.09
17:25:37     all    4.11    0.00    6.94    0.00    0.00    3.60    0.26    0.00    0.00   85.09
17:25:38     all    3.06    0.00    7.40    0.00    0.00    4.59    0.00    0.00    0.00   84.95
17:25:39     all    3.86    0.00    6.68    0.00    0.00    4.37    0.00    0.00    0.00   85.09
17:25:40     all    0.50    0.00    1.00    0.00    0.00    0.00    0.00    0.00    0.00   98.50
17:25:41     all    1.02    0.00    2.30    0.00    0.00    1.79    0.00    0.00    0.00   94.88
17:25:42     all    1.01    0.00    3.77    0.00    0.00    2.76    0.00    0.00    0.00   92.46
17:25:43     all    1.52    0.00    3.79    0.00    0.00    3.54    0.00    0.00    0.00   91.16
17:25:44     all    1.76    0.00    4.52    0.00    0.00    4.02    0.00    0.00    0.00   89.70
17:25:45     all    2.02    0.00    4.28    0.00    0.00    3.02    0.25    0.00    0.00   90.43
17:25:46     all    1.77    0.00    4.30    0.00    0.00    3.29    0.00    0.00    0.00   90.63
17:25:47     all    2.03    0.00    4.30    0.00    0.00    3.04    0.00    0.00    0.00   90.63
17:25:48     all    2.51    0.00    4.27    0.00    0.00    3.77    0.00    0.00    0.00   89.45
17:25:49     all    1.78    0.00    3.56    0.00    0.00    3.31    0.00    0.00    0.00   91.35
17:25:50     all    2.05    0.00    3.58    0.00    0.00    3.07    0.00    0.00    0.00   91.30
17:25:51     all    1.77    0.00    3.79    0.00    0.00    3.54    0.00    0.00    0.00   90.91
17:25:52     all    2.03    0.00    3.54    0.00    0.00    3.29    0.00    0.00    0.00   91.14
17:25:53     all    1.75    0.00    3.75    0.00    0.00    3.75    0.00    0.00    0.00   90.75
17:25:54     all    2.00    0.00    4.25    0.00    0.00    3.75    0.00    0.00    0.00   90.00
17:25:55     all    1.80    0.00    3.60    0.00    0.00    2.83    0.26    0.00    0.00   91.52
17:25:56     all    2.00    0.00    3.75    0.00    0.00    4.00    0.00    0.00    0.00   90.25
17:25:57     all    1.80    0.00    3.61    0.00    0.00    2.58    0.00    0.00    0.00   92.01
17:25:58     all    2.02    0.00    3.28    0.00    0.00    4.04    0.00    0.00    0.00   90.66
17:25:59     all    2.30    0.00    3.32    0.00    0.00    2.81    0.00    0.00    0.00   91.56
17:26:00     all    1.77    0.00    4.04    0.00    0.00    3.54    0.00    0.00    0.00   90.66
17:26:01     all    2.52    0.00    3.27    0.00    0.00    3.27    0.00    0.00    0.00   90.93
17:26:02     all    1.79    0.00    3.83    0.00    0.00    3.06    0.00    0.00    0.00   91.33
17:26:03     all    2.54    0.00    4.82    0.00    0.00    3.81    0.00    0.00    0.00   88.83
17:26:04     all    2.02    0.00    3.54    0.00    0.00    3.54    0.00    0.00    0.00   90.91
17:26:05     all    1.78    0.00    3.56    0.00    0.00    3.56    0.00    0.00    0.00   91.09
17:26:06     all    2.53    0.00    3.29    0.00    0.00    3.04    0.00    0.00    0.00   91.14
17:26:07     all    2.28    0.00    3.29    0.00    0.00    3.29    0.00    0.00    0.00   91.14
17:26:08     all    2.53    0.00    3.54    0.00    0.00    3.04    0.00    0.00    0.00   90.89
17:26:09     all    1.80    0.00    2.83    0.00    0.00    3.08    0.00    0.00    0.00   92.29
17:26:10     all    5.29    0.00    7.56    0.00    0.00    4.03    0.00    0.00    0.00   83.12
17:26:11     all    6.31    0.00    8.33    0.00    0.00    5.30    0.00    0.00    0.00   80.05
17:26:12     all    6.35    0.00    7.61    0.25    0.00    5.08    0.00    0.00    0.00   80.71
17:26:13     all    6.62    0.00    8.14    0.00    0.00    4.07    0.00    0.00    0.00   81.17
17:26:14     all    6.14    0.00    7.93    0.00    0.00    4.86    0.00    0.00    0.00   81.07
17:26:15     all    5.85    0.00    7.89    0.00    0.00    5.09    0.00    0.00    0.00   81.17
17:26:16     all    7.05    0.00    8.56    0.00    0.00    4.79    0.00    0.00    0.00   79.60
17:26:17     all    6.05    0.00    9.82    0.00    0.00    4.03    0.00    0.00    0.00   80.10
17:26:18     all    6.05    0.00    9.07    0.00    0.00    4.28    0.00    0.00    0.00   80.60
17:26:19     all    6.78    0.00    8.54    0.00    0.00    4.77    0.00    0.00    0.00   79.90
17:26:20     all    7.09    0.00    7.59    0.00    0.00    5.06    0.00    0.00    0.00   80.25
17:26:21     all    5.84    0.00    8.88    0.00    0.00    4.82    0.00    0.00    0.00   80.46
17:26:22     all    6.58    0.00    8.35    0.00    0.00    4.05    0.25    0.00    0.00   80.76
17:26:23     all    6.41    0.00    7.69    0.00    0.00    4.62    0.00    0.00    0.00   81.28
17:26:24     all    6.08    0.00    8.61    0.00    0.00    4.81    0.25    0.00    0.00   80.25
17:26:25     all    5.90    0.00    7.69    0.00    0.00    4.87    0.00    0.00    0.00   81.54
17:26:26     all    6.73    0.00    8.98    0.00    0.00    4.99    0.25    0.00    0.00   79.05
17:26:27     all    6.38    0.00    7.91    0.00    0.00    4.34    0.00    0.00    0.00   81.38
17:26:28     all    6.14    0.00    7.93    0.00    0.00    4.60    0.00    0.00    0.00   81.33
17:26:29     all    6.50    0.00    8.75    0.00    0.00    5.00    0.00    0.00    0.00   79.75
17:26:30     all    5.71    0.00    7.53    0.00    0.00    4.68    0.00    0.00    0.00   82.08
17:26:31     all    7.09    0.00    7.09    0.00    0.00    5.06    0.25    0.00    0.00   80.51
17:26:32     all    6.35    0.00    8.12    0.00    0.00    4.57    0.00    0.00    0.00   80.96
17:26:33     all    6.50    0.00    9.25    0.00    0.00    5.25    0.00    0.00    0.00   79.00
17:26:34     all    5.93    0.00    7.99    0.00    0.00    4.64    0.00    0.00    0.00   81.44
17:26:35     all    5.40    0.00    8.23    0.00    0.00    4.63    0.00    0.00    0.00   81.75
17:26:36     all    6.87    0.00    7.63    0.00    0.00    4.33    0.00    0.00    0.00   81.17
17:26:37     all    5.61    0.00    8.67    0.00    0.00    5.10    0.00    0.00    0.00   80.61
17:26:38     all    5.84    0.00    8.63    0.00    0.00    5.08    0.00    0.00    0.00   80.46
17:26:39     all    6.63    0.00    7.14    0.00    0.00    5.36    0.00    0.00    0.00   80.87
17:26:40     all    6.15    0.00   10.51    0.00    0.00    3.33    0.00    0.00    0.00   80.00
17:26:41     all   11.05    0.00   13.42    0.00    0.00    6.32    0.00    0.00    0.00   69.21
17:26:42     all   11.64    0.00   12.96    0.00    0.00    8.47    0.00    0.00    0.00   66.93
17:26:43     all    9.57    0.00   13.30    0.00    0.00    9.04    0.00    0.00    0.00   68.09
17:26:44     all   10.82    0.00   13.46    0.00    0.00    8.71    0.00    0.00    0.00   67.02
17:26:45     all   11.32    0.00   12.94    0.00    0.00    7.01    0.00    0.00    0.00   68.73
17:26:46     all   12.11    0.00   12.89    0.00    0.00    8.16    0.00    0.00    0.00   66.84
17:26:47     all   11.69    0.00   14.03    0.00    0.00    8.31    0.26    0.00    0.00   65.71
17:26:48     all   10.50    0.00   14.17    0.00    0.00    8.14    0.00    0.00    0.00   67.19
17:26:49     all   11.75    0.00   13.58    0.00    0.00    8.09    0.00    0.00    0.00   66.58
17:26:50     all   12.85    0.00   13.62    0.00    0.00    7.97    0.00    0.00    0.00   65.55
17:26:51     all   12.34    0.00   13.88    0.00    0.00    8.48    0.00    0.00    0.00   65.30
17:26:52     all   12.11    0.00   13.66    0.00    0.00    8.25    0.00    0.00    0.00   65.98
17:26:53     all   11.28    0.00   15.13    0.00    0.00    8.21    0.00    0.00    0.00   65.38
17:26:54     all   12.37    0.00   12.89    0.00    0.00    7.73    0.00    0.00    0.00   67.01
17:26:55     all   12.50    0.00   13.28    0.00    0.00    8.07    0.00    0.00    0.00   66.15
17:26:56     all   12.34    0.00   14.40    0.00    0.00    7.97    0.00    0.00    0.00   65.30
17:26:57     all   12.37    0.00   13.14    0.00    0.00    8.25    0.26    0.00    0.00   65.98
17:26:58     all   11.81    0.00   13.65    0.00    0.00    8.14    0.00    0.00    0.00   66.40
17:26:59     all   12.92    0.00   13.18    0.00    0.00    7.49    0.26    0.00    0.00   66.15
17:27:00     all   12.18    0.00   13.99    0.00    0.00    8.29    0.00    0.00    0.00   65.54
17:27:01     all   12.76    0.00   12.50    0.00    0.00    7.81    0.00    0.00    0.00   66.93
17:27:02     all   12.83    0.00   11.78    0.00    0.00    9.42    0.00    0.00    0.00   65.97
17:27:03     all   11.67    0.00   14.06    0.00    0.00    6.90    0.00    0.00    0.00   67.37
17:27:04     all   11.32    0.00   13.42    0.00    0.00    8.42    0.00    0.00    0.00   66.84
17:27:05     all   11.25    0.00   14.58    0.00    0.00    8.18    0.00    0.00    0.00   65.98
17:27:06     all   12.47    0.00   12.98    0.00    0.00    8.65    0.00    0.00    0.00   65.90
17:27:07     all   12.11    0.00   13.92    0.00    0.00    7.99    0.00    0.00    0.00   65.98
17:27:08     all   11.57    0.00   13.37    0.00    0.00    9.00    0.00    0.00    0.00   66.07
17:27:09     all   12.24    0.00   13.28    0.00    0.00    7.81    0.00    0.00    0.00   66.67
17:27:10     all    8.25    0.00   16.75    0.00    0.00    9.02    0.00    0.00    0.00   65.98
17:27:11     all    7.59    0.00   20.94    0.00    0.00   11.52    0.00    0.00    0.00   59.95
17:27:12     all    7.95    0.00   21.03    0.00    0.00   12.82    0.00    0.00    0.00   58.21
17:27:13     all    7.58    0.00   22.47    0.00    0.00   12.88    0.00    0.00    0.00   57.07
17:27:14     all    8.93    0.00   21.17    0.00    0.00   12.50    0.26    0.00    0.00   57.14
17:27:15     all    7.93    0.00   21.74    0.00    0.00   13.04    0.00    0.00    0.00   57.29
17:27:16     all    7.65    0.00   21.17    0.00    0.00   13.27    0.00    0.00    0.00   57.91
17:27:17     all    7.99    0.00   21.91    0.00    0.00   12.89    0.00    0.00    0.00   57.22
17:27:18     all    8.59    0.00   21.72    0.00    0.00   13.13    0.00    0.00    0.00   56.57
17:27:19     all    8.62    0.00   21.41    0.00    0.00   12.53    0.00    0.00    0.00   57.44
17:27:20     all    7.87    0.00   21.52    0.00    0.00   12.86    0.00    0.00    0.00   57.74
17:27:21     all    8.13    0.00   20.87    0.00    0.00   11.38    0.00    0.00    0.00   59.62
17:27:22     all    7.95    0.00   20.27    0.00    0.00   10.68    0.27    0.00    0.00   60.82
17:27:23     all    6.21    0.00   17.51    0.00    0.00   11.30    0.28    0.00    0.00   64.69
17:27:24     all    6.11    0.00   19.17    0.00    0.00   11.67    0.00    0.00    0.00   63.06
17:27:25     all    7.53    0.00   19.35    0.00    0.00   13.17    0.00    0.00    0.00   59.95
17:27:26     all    7.10    0.00   17.76    0.00    0.00   11.75    0.00    0.00    0.00   63.39
17:27:27     all    7.26    0.00   18.28    0.00    0.00   11.83    0.00    0.00    0.00   62.63
17:27:28     all    8.14    0.00   21.00    0.00    0.00   12.07    0.00    0.00    0.00   58.79
17:27:29     all    7.18    0.00   20.48    0.00    0.00   12.23    0.00    0.00    0.00   60.11
17:27:30     all    7.59    0.00   21.20    0.00    0.00   12.57    0.00    0.00    0.00   58.64
17:27:31     all    7.57    0.00   19.58    0.00    0.00   12.53    0.00    0.00    0.00   60.31
17:27:32     all    8.09    0.00   19.84    0.00    0.00   12.79    0.00    0.00    0.00   59.27
17:27:33     all    9.59    0.00   18.91    0.00    0.00   12.18    0.00    0.00    0.00   59.33
17:27:34     all    8.29    0.00   20.98    0.00    0.00   12.69    0.00    0.00    0.00   58.03
17:27:35     all    8.16    0.00   21.43    0.00    0.00   13.01    0.00    0.00    0.00   57.40
17:27:36     all    8.05    0.00   21.82    0.00    0.00   11.95    0.00    0.00    0.00   58.18
17:27:37     all    7.55    0.00   21.35    0.00    0.00   11.72    0.00    0.00    0.00   59.38
17:27:38     all    8.27    0.00   21.96    0.00    0.00   12.14    0.00    0.00    0.00   57.62
17:27:39     all    8.64    0.00   20.68    0.00    0.00   11.78    0.00    0.00    0.00   58.90
17:27:40     all    6.98    0.00   12.14    0.00    0.00    6.46    0.00    0.00    0.00   74.42
17:27:41     all    8.25    0.00   18.04    0.00    0.00   11.34    0.00    0.00    0.00   62.37
17:27:42     all    7.79    0.00   20.52    0.00    0.00   12.73    0.00    0.00    0.00   58.96
17:27:43     all    8.36    0.00   20.37    0.00    0.00   12.53    0.00    0.00    0.00   58.75
17:27:44     all    8.07    0.00   19.79    0.00    0.00   13.28    0.00    0.00    0.00   58.85
17:27:45     all    7.42    0.00   22.25    0.00    0.00   12.28    0.00    0.00    0.00   58.06
17:27:46     all    7.57    0.00   20.63    0.00    0.00   12.53    0.00    0.00    0.00   59.27
17:27:47     all    7.99    0.00   19.59    0.00    0.00   13.14    0.00    0.00    0.00   59.28
17:27:48     all    7.79    0.00   20.78    0.00    0.00   12.99    0.00    0.00    0.00   58.44
17:27:49     all    7.47    0.00   22.42    0.00    0.00   13.14    0.00    0.00    0.00   56.96
17:27:50     all    7.79    0.00   21.82    0.00    0.00   12.21    0.00    0.00    0.00   58.18
17:27:51     all    7.97    0.00   21.08    0.00    0.00   12.85    0.00    0.00    0.00   58.10
17:27:52     all    7.16    0.00   20.95    0.00    0.00   12.47    0.00    0.00    0.00   59.42
17:27:53     all    7.93    0.00   20.20    0.00    0.00   13.04    0.00    0.00    0.00   58.82
17:27:54     all    7.75    0.00   21.96    0.00    0.00   12.40    0.00    0.00    0.00   57.88
17:27:55     all    7.81    0.00   21.88    0.00    0.00   13.54    0.00    0.00    0.00   56.77
17:27:56     all    8.38    0.00   21.32    0.00    0.00   13.20    0.00    0.00    0.00   57.11
17:27:57     all    7.81    0.00   22.14    0.00    0.00   12.50    0.00    0.00    0.00   57.55
17:27:58     all    8.25    0.00   20.88    0.00    0.00   12.89    0.00    0.00    0.00   57.99
17:27:59     all    8.29    0.00   22.02    0.00    0.00   12.69    0.00    0.00    0.00   56.99
17:28:00     all    8.38    0.00   20.42    0.00    0.00   12.04    0.00    0.00    0.00   59.16
17:28:01     all    8.03    0.00   21.50    0.00    0.00   12.18    0.00    0.00    0.00   58.29
17:28:02     all    8.05    0.00   21.30    0.00    0.00   12.73    0.00    0.00    0.00   57.92
17:28:03     all    7.71    0.00   21.59    0.00    0.00   12.85    0.26    0.00    0.00   57.58
17:28:04     all    7.99    0.00   21.13    0.00    0.00   12.11    0.00    0.00    0.00   58.76
17:28:05     all    8.36    0.00   20.10    0.00    0.00   12.53    0.00    0.00    0.00   59.01
17:28:06     all    7.71    0.00   21.34    0.00    0.00   12.85    0.00    0.00    0.00   58.10
17:28:07     all    8.53    0.00   19.90    0.00    0.00   12.14    0.00    0.00    0.00   59.43
17:28:08     all    8.01    0.00   22.22    0.00    0.00   10.85    0.00    0.00    0.00   58.91
17:28:09     all    8.36    0.00   19.84    0.00    0.00   12.53    0.00    0.00    0.00   59.27
17:28:10     all    7.79    0.00   16.36    0.00    0.00    9.09    0.00    0.00    0.00   66.75
17:28:11     all    8.38    0.00   21.32    0.00    0.00   11.42    0.00    0.00    0.00   58.88
17:28:12     all    8.40    0.00   22.14    0.00    0.00   12.98    0.25    0.00    0.00   56.23
17:28:13     all    7.85    0.00   20.68    0.00    0.00   12.04    0.00    0.00    0.00   59.42
17:28:14     all    8.46    0.00   21.79    0.00    0.00   13.33    0.00    0.00    0.00   56.41
17:28:15     all    8.03    0.00   20.98    0.00    0.00   11.66    0.00    0.00    0.00   59.33
17:28:16     all    7.40    0.00   21.17    0.00    0.00   13.52    0.00    0.00    0.00   57.91
17:28:17     all    8.59    0.00   21.09    0.00    0.00   12.24    0.00    0.00    0.00   58.07
17:28:18     all    7.95    0.00   20.51    0.00    0.00   13.33    0.00    0.00    0.00   58.21
17:28:19     all    8.14    0.00   20.21    0.00    0.00   12.07    0.00    0.00    0.00   59.58
17:28:20     all    8.25    0.00   20.62    0.00    0.00   12.11    0.00    0.00    0.00   59.02
17:28:21     all    7.85    0.00   20.42    0.00    0.00   12.83    0.00    0.00    0.00   58.90
17:28:22     all    8.83    0.00   20.52    0.00    0.00   12.73    0.00    0.00    0.00   57.92
17:28:23     all    8.23    0.00   21.08    0.00    0.00   13.11    0.00    0.00    0.00   57.58
17:28:24     all    9.21    0.00   20.46    0.00    0.00   12.53    0.00    0.00    0.00   57.80
17:28:25     all    7.83    0.00   21.15    0.00    0.00   12.27    0.00    0.00    0.00   58.75
17:28:26     all    8.25    0.00   20.88    0.00    0.00   11.86    0.00    0.00    0.00   59.02
17:28:27     all    7.35    0.00   20.47    0.00    0.00   12.86    0.00    0.00    0.00   59.32
17:28:28     all    7.77    0.00   20.98    0.00    0.00   11.66    0.00    0.00    0.00   59.59
17:28:29     all    8.16    0.00   20.41    0.00    0.00   12.76    0.26    0.00    0.00   58.42
17:28:30     all    7.98    0.00   19.95    0.00    0.00   11.44    0.00    0.00    0.00   60.64
17:28:31     all    7.51    0.00   20.21    0.00    0.00   12.69    0.00    0.00    0.00   59.59
17:28:32     all    8.16    0.00   20.26    0.00    0.00   12.37    0.00    0.00    0.00   59.21
17:28:33     all    8.12    0.00   21.73    0.00    0.00   12.04    0.00    0.00    0.00   58.12
17:28:34     all    8.83    0.00   21.82    0.00    0.00   12.21    0.00    0.00    0.00   57.14
17:28:35     all    7.59    0.00   21.73    0.00    0.00   12.04    0.00    0.00    0.00   58.64
17:28:36     all    8.38    0.00   20.94    0.00    0.00   12.83    0.00    0.00    0.00   57.85
17:28:37     all    8.14    0.00   20.73    0.00    0.00   12.60    0.00    0.00    0.00   58.53
17:28:38     all    7.55    0.00   20.57    0.00    0.00   13.28    0.00    0.00    0.00   58.59
17:28:39     all    7.41    0.00   19.84    0.00    0.00   13.49    0.00    0.00    0.00   59.26
17:28:40     all    8.09    0.00   18.28    0.00    0.00    8.88    0.00    0.00    0.00   64.75
17:28:41     all    7.85    0.00   19.90    0.00    0.00   11.78    0.00    0.00    0.00   60.47
17:28:42     all    7.55    0.00   20.05    0.26    0.00   13.02    0.00    0.00    0.00   59.11
17:28:43     all    7.65    0.00   19.26    0.00    0.00   12.93    0.00    0.00    0.00   60.16
17:28:44     all    6.91    0.00   20.48    0.00    0.00   12.23    0.00    0.00    0.00   60.37
17:28:45     all    7.41    0.00   19.84    0.00    0.00   11.90    0.00    0.00    0.00   60.85
17:28:46     all    7.39    0.00   20.58    0.00    0.00   12.14    0.00    0.00    0.00   59.89
17:28:47     all    7.83    0.00   21.67    0.00    0.00   11.75    0.00    0.00    0.00   58.75
17:28:48     all    7.57    0.00   21.67    0.00    0.00   10.70    0.00    0.00    0.00   60.05
17:28:49     all    7.55    0.00   20.83    0.00    0.00   12.76    0.00    0.00    0.00   58.85
17:28:50     all    8.40    0.00   20.61    0.00    0.00   13.74    0.00    0.00    0.00   57.25
17:28:51     all    7.36    0.00   21.83    0.00    0.00   13.20    0.25    0.00    0.00   57.36
17:28:52     all    9.54    0.00   20.62    0.00    0.00   12.37    0.00    0.00    0.00   57.47
17:28:53     all    7.93    0.00   21.74    0.00    0.00   12.02    0.00    0.00    0.00   58.31
17:28:54     all    7.24    0.00   21.45    0.00    0.00   12.92    0.00    0.00    0.00   58.40
17:28:55     all    8.53    0.00   21.71    0.00    0.00   12.92    0.00    0.00    0.00   56.85
17:28:56     all    7.46    0.00   20.57    0.00    0.00   12.08    0.00    0.00    0.00   59.90
17:28:57     all    8.57    0.00   21.04    0.00    0.00   13.25    0.00    0.00    0.00   57.14
17:28:58     all    8.48    0.00   22.37    0.00    0.00   12.60    0.00    0.00    0.00   56.56
17:28:59     all    7.51    0.00   21.24    0.00    0.00   13.73    0.26    0.00    0.00   57.25
17:29:00     all    8.40    0.00   19.85    0.00    0.00   13.23    0.25    0.00    0.00   58.27
17:29:01     all    8.03    0.00   20.47    0.00    0.00   12.44    0.00    0.00    0.00   59.07
17:29:02     all    8.40    0.00   20.87    0.00    0.00   12.72    0.25    0.00    0.00   57.76
17:29:03     all    7.42    0.00   22.51    0.00    0.00   12.02    0.00    0.00    0.00   58.06
17:29:04     all    7.85    0.00   20.16    0.00    0.00   12.57    0.00    0.00    0.00   59.42
17:29:05     all    7.46    0.00   20.82    0.00    0.00   13.37    0.00    0.00    0.00   58.35
17:29:06     all    9.14    0.00   20.10    0.00    0.00   12.53    0.00    0.00    0.00   58.22
17:29:07     all    7.81    0.00   22.14    0.00    0.00   13.28    0.00    0.00    0.00   56.77
17:29:08     all    8.12    0.00   21.20    0.00    0.00   12.04    0.00    0.00    0.00   58.64
17:29:09     all    8.01    0.00   22.22    0.00    0.00   12.40    0.00    0.00    0.00   57.36
17:29:10     all    3.54    0.00    7.32    0.00    0.00    4.04    0.00    0.00    0.00   85.10
17:29:11     all    1.02    0.00    2.54    0.00    0.00    1.78    0.00    0.00    0.00   94.66
17:29:12     all    2.06    0.00    3.08    0.00    0.00    2.57    0.00    0.00    0.00   92.29
17:29:13     all    2.04    0.00    3.05    0.00    0.00    3.31    0.00    0.00    0.00   91.60
17:29:14     all    2.29    0.00    3.56    0.00    0.00    2.80    0.00    0.00    0.00   91.35
17:29:15     all    1.79    0.00    3.83    0.00    0.00    3.06    0.00    0.00    0.00   91.33
17:29:16     all    2.29    0.00    3.31    0.00    0.00    3.31    0.00    0.00    0.00   91.09
17:29:17     all    2.04    0.00    3.32    0.00    0.00    2.81    0.00    0.00    0.00   91.84
17:29:18     all    2.54    0.00    3.30    0.00    0.00    3.05    0.00    0.00    0.00   91.12
17:29:19     all    2.04    0.00    3.31    0.00    0.00    3.05    0.00    0.00    0.00   91.60
17:29:20     all    2.28    0.00    3.55    0.00    0.00    3.05    0.00    0.00    0.00   91.12
17:29:21     all    2.28    0.00    3.54    0.00    0.00    3.29    0.00    0.00    0.00   90.89
17:29:22     all    2.03    0.00    4.57    0.00    0.00    3.30    0.00    0.00    0.00   90.10
17:29:23     all    2.28    0.00    3.04    0.00    0.00    3.29    0.00    0.00    0.00   91.39
17:29:24     all    2.28    0.00    4.05    0.00    0.00    2.78    0.00    0.00    0.00   90.89
17:29:25     all    2.03    0.00    3.30    0.00    0.00    3.30    0.00    0.00    0.00   91.37
17:29:26     all    1.78    0.00    4.06    0.00    0.00    3.05    0.00    0.00    0.00   91.12
17:29:27     all    2.05    0.00    3.32    0.00    0.00    3.07    0.00    0.00    0.00   91.56
17:29:28     all    2.28    0.00    3.30    0.00    0.00    3.30    0.00    0.00    0.00   91.12
17:29:29     all    2.54    0.00    4.06    0.00    0.00    2.28    0.00    0.00    0.00   91.12
17:29:30     all    2.29    0.00    3.05    0.00    0.00    3.56    0.00    0.00    0.00   91.09
17:29:31     all    1.80    0.00    3.08    0.00    0.00    2.83    0.00    0.00    0.00   92.29
17:29:32     all    2.54    0.00    3.31    0.00    0.00    2.80    0.00    0.00    0.00   91.35
17:29:33     all    2.02    0.00    4.29    0.00    0.00    4.55    0.00    0.00    0.00   89.14
17:29:34     all    1.03    0.00    3.33    0.00    0.00    3.08    0.00    0.00    0.00   92.56
17:29:35     all    2.52    0.00    3.53    0.00    0.00    3.02    0.00    0.00    0.00   90.93
17:29:36     all    2.03    0.00    3.81    0.00    0.00    3.30    0.00    0.00    0.00   90.86
17:29:37     all    2.29    0.00    3.31    0.00    0.00    3.05    0.00    0.00    0.00   91.35
17:29:38     all    2.31    0.00    3.60    0.00    0.00    1.80    0.00    0.00    0.00   92.29
17:29:39     all    2.53    0.00    3.54    0.00    0.00    3.29    0.00    0.00    0.00   90.63
17:29:40     all    1.01    0.00    2.53    0.00    0.00    1.26    0.00    0.00    0.00   95.20
17:29:41     all    3.04    0.00    2.03    0.00    0.00    2.03    0.00    0.00    0.00   92.91
17:29:42     all    5.12    0.00    5.63    0.00    0.00    5.88    0.00    0.00    0.00   83.38
17:29:43     all    2.30    0.00    6.89    0.00    0.00    6.38    0.00    0.00    0.00   84.44
17:29:44     all    2.55    0.00    8.67    0.00    0.00    6.12    0.00    0.00    0.00   82.65
17:29:45     all    3.79    0.00    7.83    0.00    0.00    6.31    0.25    0.00    0.00   81.82
17:29:46     all    3.32    0.00    8.16    0.00    0.00    6.63    0.00    0.00    0.00   81.89
17:29:47     all    4.07    0.00    7.12    0.00    0.00    6.36    0.00    0.00    0.00   82.44
17:29:48     all    3.08    0.00    7.44    0.00    0.00    6.15    0.00    0.00    0.00   83.33
17:29:49     all    3.80    0.00    7.34    0.00    0.00    7.34    0.25    0.00    0.00   81.27
17:29:50     all    3.86    0.00    6.43    0.00    0.00    6.94    0.00    0.00    0.00   82.78
17:29:51     all    4.91    0.00    6.46    0.00    0.00    5.43    0.00    0.00    0.00   83.20
17:29:52     all    3.87    0.00    7.22    0.00    0.00    6.44    0.00    0.00    0.00   82.47
17:29:53     all    3.59    0.00    7.18    0.00    0.00    6.92    0.00    0.00    0.00   82.31
17:29:54     all    3.10    0.00    6.72    0.00    0.00    6.20    0.00    0.00    0.00   83.98
17:29:55     all    3.86    0.00    7.46    0.00    0.00    6.94    0.00    0.00    0.00   81.75
17:29:56     all    4.12    0.00    7.22    0.00    0.00    5.67    0.00    0.00    0.00   82.99
17:29:57     all    3.65    0.00    6.77    0.00    0.00    6.51    0.00    0.00    0.00   83.07
17:29:58     all    4.39    0.00    6.72    0.00    0.00    6.98    0.00    0.00    0.00   81.91
17:29:59     all    4.35    0.00    7.42    0.00    0.00    6.14    0.00    0.00    0.00   82.10
17:30:00     all    4.15    0.00    6.99    0.00    0.00    5.44    0.00    0.00    0.00   83.42
17:30:01     all    3.87    0.00    7.47    0.00    0.00    6.44    0.00    0.00    0.00   82.22
17:30:02     all    4.88    0.00    6.43    0.00    0.00    6.68    0.26    0.00    0.00   81.75
17:30:03     all    4.63    0.00    7.46    0.00    0.00    7.20    0.00    0.00    0.00   80.72
17:30:04     all    3.82    0.00    9.16    0.00    0.00    7.38    0.51    0.00    0.00   79.13
17:30:05     all    3.66    0.00    6.54    0.00    0.00    6.02    0.00    0.00    0.00   83.77
17:30:06     all    4.64    0.00    6.96    0.00    0.00    5.67    0.00    0.00    0.00   82.73
17:30:07     all    3.88    0.00    7.24    0.00    0.00    5.43    0.00    0.00    0.00   83.46
17:30:08     all    3.60    0.00    7.20    0.00    0.00    6.43    0.26    0.00    0.00   82.52
17:30:09     all    4.34    0.00    7.40    0.00    0.00    6.63    0.00    0.00    0.00   81.63
17:30:10     all    2.53    0.00    4.30    0.00    0.00    3.80    0.00    0.00    0.00   89.37
17:30:11     all    4.55    0.00    1.77    0.00    0.00    1.52    0.00    0.00    0.00   92.17
17:30:12     all   14.25    0.00    4.92    0.00    0.00    5.18    0.00    0.00    0.00   75.65
17:30:13     all   15.13    0.00    7.69    0.00    0.00    7.18    0.00    0.00    0.00   70.00
17:30:14     all   10.42    0.00    9.11    0.00    0.00    7.55    0.00    0.00    0.00   72.92
17:30:15     all    3.08    0.00    6.68    0.00    0.00    5.40    0.00    0.00    0.00   84.83
17:30:16     all    3.84    0.00    7.93    0.00    0.00    6.39    0.00    0.00    0.00   81.84
17:30:17     all    3.27    0.00    6.05    0.00    0.00    6.05    0.00    0.00    0.00   84.63
17:30:18     all    3.90    0.00    9.61    0.00    0.00    7.53    0.00    0.00    0.00   78.96
17:30:19     all    2.57    0.00    7.71    0.00    0.00    5.40    0.00    0.00    0.00   84.32
17:30:20     all    3.34    0.00   10.03    0.00    0.00    8.48    0.00    0.00    0.00   78.15
17:30:21     all    4.00    0.00    8.53    0.00    0.00    4.27    0.00    0.00    0.00   83.20
17:30:22     all    3.85    0.00    9.49    0.00    0.00    7.95    0.00    0.00    0.00   78.72
17:30:23     all    4.57    0.00   11.17    0.00    0.00    8.12    0.00    0.00    0.00   76.14
17:30:24     all    3.32    0.00    8.93    0.00    0.00    6.63    0.00    0.00    0.00   81.12
17:30:25     all    3.08    0.00   10.26    0.00    0.00    7.95    0.00    0.00    0.00   78.72
17:30:26     all    2.83    0.00    9.25    0.00    0.00    6.68    0.00    0.00    0.00   81.23
17:30:27     all    4.33    0.00   10.43    0.00    0.00    8.40    0.00    0.00    0.00   76.84
17:30:28     all    3.08    0.00    8.48    0.00    0.00    6.94    0.00    0.00    0.00   81.49
17:30:29     all    3.38    0.00    8.31    0.00    0.00    7.27    0.00    0.00    0.00   81.04
17:30:30     all    3.34    0.00   10.54    0.00    0.00    7.71    0.00    0.00    0.00   78.41
17:30:31     all    3.64    0.00    9.35    0.00    0.00    8.31    0.00    0.00    0.00   78.70
17:30:32     all    3.02    0.00    8.04    0.00    0.00    7.29    0.00    0.00    0.00   81.66
17:30:33     all    2.84    0.00    8.27    0.00    0.00    5.68    0.00    0.00    0.00   83.20
17:30:34     all    3.55    0.00    8.88    0.00    0.00    6.09    0.00    0.00    0.00   81.47
17:30:35     all    4.39    0.00   11.37    0.00    0.00    8.01    0.00    0.00    0.00   76.23
17:30:36     all    2.31    0.00    7.44    0.00    0.00    5.38    0.00    0.00    0.00   84.87
17:30:37     all    2.58    0.00    6.72    0.00    0.00    6.72    0.00    0.00    0.00   83.98
17:30:38     all    2.82    0.00   10.26    0.00    0.00    7.18    0.00    0.00    0.00   79.74
17:30:39     all    3.85    0.00    8.72    0.00    0.00    7.44    0.00    0.00    0.00   80.00
17:30:40     all    2.04    0.00    7.14    0.26    0.00    5.87    0.00    0.00    0.00   84.69
17:30:41     all    4.79    0.00    1.26    0.00    0.00    1.26    0.00    0.00    0.00   92.70
17:30:42     all   24.42    0.00    4.94    0.00    0.00    4.42    0.00    0.00    0.00   66.23
17:30:43     all   30.89    0.00    6.81    0.00    0.00    6.02    0.26    0.00    0.00   56.02
17:30:44     all   35.43    0.00    8.66    0.00    0.00    8.40    0.00    0.00    0.00   47.51
17:30:45     all   33.24    0.00    8.51    0.00    0.00    8.24    0.00    0.00    0.00   50.00
17:30:46     all   25.07    0.00    7.57    0.00    0.00    8.36    0.00    0.00    0.00   59.01
17:30:47     all   17.19    0.00    6.25    0.00    0.00    6.77    0.00    0.00    0.00   69.79
17:30:48     all   14.84    0.00    7.03    0.00    0.00    6.25    0.00    0.00    0.00   71.88
17:30:49     all    8.78    0.00    6.91    0.00    0.00    3.99    0.27    0.00    0.00   80.05
17:30:50     all    3.36    0.00    6.46    0.00    0.00    5.94    0.00    0.00    0.00   84.24
17:30:51     all    2.05    0.00    6.92    0.00    0.00    5.64    0.00    0.00    0.00   85.38
17:30:52     all    3.09    0.00    8.76    0.00    0.00    7.99    0.00    0.00    0.00   80.15
17:30:53     all    3.12    0.00    8.31    0.00    0.00    6.23    0.00    0.00    0.00   82.34
17:30:54     all    2.81    0.00    6.89    0.00    0.00    5.36    0.00    0.00    0.00   84.95
17:30:55     all    2.55    0.00    3.83    0.00    0.00    4.59    0.00    0.00    0.00   89.03
17:30:56     all    3.58    0.00    7.67    0.00    0.00    7.42    0.26    0.00    0.00   81.07
17:30:57     all    1.54    0.00    4.87    0.00    0.00    4.10    0.00    0.00    0.00   89.49
17:30:58     all    3.60    0.00    9.77    0.00    0.00    7.97    0.00    0.00    0.00   78.66
17:30:59     all    3.38    0.00    8.31    0.00    0.00    6.75    0.00    0.00    0.00   81.56
17:31:00     all    2.84    0.00    6.72    0.00    0.00    6.20    0.00    0.00    0.00   84.24
17:31:01     all    2.28    0.00    5.32    0.00    0.00    4.56    0.00    0.00    0.00   87.85
17:31:02     all    3.17    0.00    7.67    0.00    0.00    7.14    0.00    0.00    0.00   82.01
17:31:03     all    3.08    0.00    8.46    0.00    0.00    5.90    0.00    0.00    0.00   82.56
17:31:04     all    2.56    0.00    5.90    0.00    0.00    4.87    0.00    0.00    0.00   86.67
17:31:05     all    3.05    0.00    7.89    0.00    0.00    6.62    0.00    0.00    0.00   82.44
17:31:06     all    2.60    0.00    7.55    0.00    0.00    5.99    0.00    0.00    0.00   83.85
17:31:07     all    2.03    0.00    4.06    0.00    0.00    4.06    0.00    0.00    0.00   89.85
17:31:08     all    3.59    0.00    9.49    0.00    0.00    7.95    0.00    0.00    0.00   78.97
17:31:09     all    3.38    0.00    7.01    0.00    0.00    7.27    0.00    0.00    0.00   82.34
