Running 30s test @ http://10.116.0.2:8080/json
  4 threads and 256 connections
  Thread calibration: mean lat.: 1838.529ms, rate sampling interval: 7614ms
  Thread calibration: mean lat.: 2166.900ms, rate sampling interval: 7802ms
  Thread calibration: mean lat.: 2171.431ms, rate sampling interval: 7802ms
  Thread calibration: mean lat.: 1837.547ms, rate sampling interval: 7581ms
  Thread Stats   Avg      Stdev     Max   +/- Stdev
    Latency     8.91s     2.75s   15.37s    59.50%
    Req/Sec    13.27k   108.77    13.42k    50.00%
  Latency Distribution (HdrHistogram - Recorded Latency)
 50.000%    8.89s 
 75.000%   11.18s 
 90.000%   12.62s 
 99.000%   14.34s 
 99.900%   14.93s 
 99.990%   15.21s 
 99.999%   15.36s 
100.000%   15.38s 

  Detailed Percentile spectrum:
       Value   Percentile   TotalCount 1/(1-Percentile)

    3428.351     0.000000            1         1.00
    5185.535     0.100000       105265         1.11
    6078.463     0.200000       210085         1.25
    7020.543     0.300000       315167         1.43
    7954.431     0.400000       420121         1.67
    8888.319     0.500000       525626         2.00
    9347.071     0.550000       577781         2.22
    9814.015     0.600000       630386         2.50
   10280.959     0.650000       682140         2.86
   10739.711     0.700000       734939         3.33
   11182.079     0.750000       787075         4.00
   11403.263     0.775000       813533         4.44
   11632.639     0.800000       840226         5.00
   11853.823     0.825000       865971         5.71
   12091.391     0.850000       892661         6.67
   12337.151     0.875000       918859         8.00
   12468.223     0.887500       931485         8.89
   12615.679     0.900000       944520        10.00
   12779.519     0.912500       957962        11.43
   12951.551     0.925000       970955        13.33
   13139.967     0.937500       984080        16.00
   13246.463     0.943750       990692        17.78
   13361.151     0.950000       997316        20.00
   13475.839     0.956250      1003674        22.86
   13615.103     0.962500      1010426        26.67
   13754.367     0.968750      1016753        32.00
   13828.095     0.971875      1020049        35.56
   13901.823     0.975000      1023273        40.00
   13983.743     0.978125      1026765        45.71
   14057.471     0.981250      1029979        53.33
   14139.391     0.984375      1033078        64.00
   14188.543     0.985938      1034741        71.11
   14237.695     0.987500      1036301        80.00
   14295.039     0.989062      1038007        91.43
   14360.575     0.990625      1039687       106.67
   14434.303     0.992188      1041252       128.00
   14475.263     0.992969      1042085       142.22
   14516.223     0.993750      1042870       160.00
   14565.375     0.994531      1043779       182.86
   14606.335     0.995313      1044498       213.33
   14663.679     0.996094      1045417       256.00
   14688.255     0.996484      1045786       284.44
   14721.023     0.996875      1046252       320.00
   14745.599     0.997266      1046592       365.71
   14778.367     0.997656      1046977       426.67
   14819.327     0.998047      1047423       512.00
   14835.711     0.998242      1047575       568.89
   14860.287     0.998437      1047811       640.00
   14884.863     0.998633      1048026       731.43
   14909.439     0.998828      1048227       853.33
   14934.015     0.999023      1048409      1024.00
   14950.399     0.999121      1048525      1137.78
   14966.783     0.999219      1048616      1280.00
   14983.167     0.999316      1048707      1462.86
   14999.551     0.999414      1048797      1706.67
   15032.319     0.999512      1048909      2048.00
   15048.703     0.999561      1048971      2275.56
   15065.087     0.999609      1049016      2560.00
   15081.471     0.999658      1049061      2925.71
   15097.855     0.999707      1049108      3413.33
   15122.431     0.999756      1049166      4096.00
   15130.623     0.999780      1049181      4551.11
   15155.199     0.999805      1049220      5120.00
   15163.391     0.999829      1049239      5851.43
   15179.775     0.999854      1049268      6826.67
   15196.159     0.999878      1049287      8192.00
   15204.351     0.999890      1049296      9102.22
   15220.735     0.999902      1049314     10240.00
   15228.927     0.999915      1049323     11702.86
   15237.119     0.999927      1049334     13653.33
   15253.503     0.999939      1049353     16384.00
   15253.503     0.999945      1049353     18204.44
   15261.695     0.999951      1049358     20480.00
   15278.079     0.999957      1049367     23405.71
   15286.271     0.999963      1049371     27306.67
   15294.463     0.999969      1049377     32768.00
   15302.655     0.999973      1049383     36408.89
   15310.847     0.999976      1049390     40960.00
   15310.847     0.999979      1049390     46811.43
   15310.847     0.999982      1049390     54613.33
   15319.039     0.999985      1049393     65536.00
   15327.231     0.999986      1049395     72817.78
   15351.807     0.999988      1049397     81920.00
   15359.999     0.999989      1049401     93622.86
   15359.999     0.999991      1049401    109226.67
   15359.999     0.999992      1049401    131072.00
   15368.191     0.999993      1049406    145635.56
   15368.191     0.999994      1049406    163840.00
   15368.191     0.999995      1049406    187245.71
   15368.191     0.999995      1049406    218453.33
   15368.191     0.999996      1049406    262144.00
   15368.191     0.999997      1049406    291271.11
   15368.191     0.999997      1049406    327680.00
   15376.383     0.999997      1049409    374491.43
   15376.383     1.000000      1049409          inf
#[Mean    =     8912.328, StdDeviation   =     2748.592]
#[Max     =    15368.192, Total count    =      1049409]
#[Buckets =           27, SubBuckets     =         2048]
----------------------------------------------------------
  1588096 requests in 30.00s, 201.43MB read
Requests/sec:  52937.36
Transfer/sec:      6.71MB
