Running 30s test @ http://10.116.0.2:8080/json
  4 threads and 256 connections
  Thread calibration: mean lat.: 487.362ms, rate sampling interval: 2383ms
  Thread calibration: mean lat.: 483.703ms, rate sampling interval: 2340ms
  Thread calibration: mean lat.: 525.716ms, rate sampling interval: 2451ms
  Thread calibration: mean lat.: 494.698ms, rate sampling interval: 2400ms
  Thread Stats   Avg      Stdev     Max   +/- Stdev
    Latency     1.98s     1.42s    6.07s    61.03%
    Req/Sec    13.44k   184.74    13.95k    71.88%
  Latency Distribution (HdrHistogram - Recorded Latency)
 50.000%    1.79s 
 75.000%    2.95s 
 90.000%    4.09s 
 99.000%    5.33s 
 99.900%    5.80s 
 99.990%    5.98s 
 99.999%    6.07s 
100.000%    6.07s 

  Detailed Percentile spectrum:
       Value   Percentile   TotalCount 1/(1-Percentile)

       0.489     0.000000            1         1.00
     268.543     0.100000       105804         1.11
     544.767     0.200000       211597         1.25
     975.871     0.300000       317401         1.43
    1397.759     0.400000       423160         1.67
    1785.855     0.500000       529101         2.00
    1987.583     0.550000       581944         2.22
    2181.119     0.600000       634679         2.50
    2422.783     0.650000       687835         2.86
    2672.639     0.700000       740766         3.33
    2949.119     0.750000       793358         4.00
    3112.959     0.775000       819910         4.44
    3280.895     0.800000       846452         5.00
    3463.167     0.825000       872688         5.71
    3661.823     0.850000       899158         6.67
    3864.575     0.875000       925769         8.00
    3971.071     0.887500       938799         8.89
    4089.855     0.900000       952055        10.00
    4222.975     0.912500       965375        11.43
    4358.143     0.925000       978573        13.33
    4489.215     0.937500       991811        16.00
    4554.751     0.943750       998376        17.78
    4632.575     0.950000      1005088        20.00
    4714.495     0.956250      1011544        22.86
    4808.703     0.962500      1018329        26.67
    4902.911     0.968750      1024912        32.00
    4956.159     0.971875      1028231        35.56
    5009.407     0.975000      1031509        40.00
    5066.751     0.978125      1034716        45.71
    5128.191     0.981250      1037968        53.33
    5193.727     0.984375      1041268        64.00
    5230.591     0.985938      1042981        71.11
    5267.455     0.987500      1044574        80.00
    5308.415     0.989062      1046294        91.43
    5349.375     0.990625      1047936       106.67
    5402.623     0.992188      1049607       128.00
    5431.295     0.992969      1050456       142.22
    5459.967     0.993750      1051206       160.00
    5492.735     0.994531      1052039       182.86
    5529.599     0.995313      1052888       213.33
    5570.559     0.996094      1053746       256.00
    5591.039     0.996484      1054115       284.44
    5611.519     0.996875      1054502       320.00
    5640.191     0.997266      1054943       365.71
    5664.767     0.997656      1055307       426.67
    5701.631     0.998047      1055759       512.00
    5718.015     0.998242      1055934       568.89
    5738.495     0.998437      1056135       640.00
    5758.975     0.998633      1056365       731.43
    5779.455     0.998828      1056549       853.33
    5804.031     0.999023      1056758      1024.00
    5816.319     0.999121      1056867      1137.78
    5828.607     0.999219      1056980      1280.00
    5840.895     0.999316      1057085      1462.86
    5853.183     0.999414      1057165      1706.67
    5865.471     0.999512      1057271      2048.00
    5873.663     0.999561      1057324      2275.56
    5885.951     0.999609      1057388      2560.00
    5898.239     0.999658      1057445      2925.71
    5906.431     0.999707      1057494      3413.33
    5914.623     0.999756      1057536      4096.00
    5918.719     0.999780      1057555      4551.11
    5926.911     0.999805      1057581      5120.00
    5939.199     0.999829      1057611      5851.43
    5943.295     0.999854      1057629      6826.67
    5955.583     0.999878      1057655      8192.00
    5971.967     0.999890      1057670      9102.22
    5980.159     0.999902      1057681     10240.00
    5988.351     0.999915      1057700     11702.86
    5996.543     0.999927      1057709     13653.33
    6008.831     0.999939      1057723     16384.00
    6012.927     0.999945      1057725     18204.44
    6025.215     0.999951      1057734     20480.00
    6029.311     0.999957      1057739     23405.71
    6041.599     0.999963      1057748     27306.67
    6045.695     0.999969      1057752     32768.00
    6049.791     0.999973      1057758     36408.89
    6049.791     0.999976      1057758     40960.00
    6053.887     0.999979      1057762     46811.43
    6057.983     0.999982      1057764     54613.33
    6062.079     0.999985      1057769     65536.00
    6062.079     0.999986      1057769     72817.78
    6066.175     0.999988      1057776     81920.00
    6066.175     0.999989      1057776     93622.86
    6066.175     0.999991      1057776    109226.67
    6066.175     0.999992      1057776    131072.00
    6066.175     0.999993      1057776    145635.56
    6070.271     0.999994      1057779    163840.00
    6070.271     0.999995      1057779    187245.71
    6070.271     0.999995      1057779    218453.33
    6070.271     0.999996      1057779    262144.00
    6074.367     0.999997      1057783    291271.11
    6074.367     1.000000      1057783          inf
#[Mean    =     1978.493, StdDeviation   =     1416.852]
#[Max     =     6070.272, Total count    =      1057783]
#[Buckets =           27, SubBuckets     =         2048]
----------------------------------------------------------
  1580994 requests in 30.00s, 200.53MB read
Requests/sec:  52699.85
Transfer/sec:      6.68MB
