Running 30s test @ http://10.116.0.2:8080/json
  4 threads and 256 connections
  Thread calibration: mean lat.: 2610.187ms, rate sampling interval: 9764ms
  Thread calibration: mean lat.: 2591.670ms, rate sampling interval: 9658ms
  Thread calibration: mean lat.: 2594.805ms, rate sampling interval: 9699ms
  Thread calibration: mean lat.: 2580.299ms, rate sampling interval: 9134ms
  Thread Stats   Avg      Stdev     Max   +/- Stdev
    Latency    10.73s     3.18s   17.63s    59.32%
    Req/Sec    13.51k    87.06    13.68k    75.00%
  Latency Distribution (HdrHistogram - Recorded Latency)
 50.000%   10.69s 
 75.000%   13.39s 
 90.000%   15.07s 
 99.000%   16.75s 
 99.900%   17.38s 
 99.990%   17.58s 
 99.999%   17.65s 
100.000%   17.65s 

  Detailed Percentile spectrum:
       Value   Percentile   TotalCount 1/(1-Percentile)

    4497.407     0.000000            1         1.00
    6381.567     0.100000       106498         1.11
    7491.583     0.200000       212973         1.25
    8560.639     0.300000       319416         1.43
    9584.639     0.400000       425996         1.67
   10690.559     0.500000       532205         2.00
   11247.615     0.550000       585623         2.22
   11804.671     0.600000       639005         2.50
   12328.959     0.650000       692285         2.86
   12853.247     0.700000       745266         3.33
   13393.919     0.750000       798086         4.00
   13664.255     0.775000       824851         4.44
   13934.591     0.800000       851226         5.00
   14213.119     0.825000       878252         5.71
   14483.455     0.850000       904485         6.67
   14761.983     0.875000       931108         8.00
   14917.631     0.887500       944820         8.89
   15073.279     0.900000       957767        10.00
   15245.311     0.912500       971216        11.43
   15425.535     0.925000       984575        13.33
   15613.951     0.937500       997888        16.00
   15712.255     0.943750      1004496        17.78
   15810.559     0.950000      1010876        20.00
   15917.055     0.956250      1017438        22.86
   16039.935     0.962500      1024430        26.67
   16162.815     0.968750      1030919        32.00
   16228.351     0.971875      1034166        35.56
   16302.079     0.975000      1037533        40.00
   16375.807     0.978125      1040762        45.71
   16457.727     0.981250      1044046        53.33
   16547.839     0.984375      1047353        64.00
   16596.991     0.985938      1049008        71.11
   16654.335     0.987500      1050748        80.00
   16711.679     0.989062      1052372        91.43
   16777.215     0.990625      1054075       106.67
   16859.135     0.992188      1055874       128.00
   16891.903     0.992969      1056534       142.22
   16941.055     0.993750      1057461       160.00
   16990.207     0.994531      1058359       182.86
   17039.359     0.995313      1059161       213.33
   17088.511     0.996094      1059867       256.00
   17121.279     0.996484      1060310       284.44
   17154.047     0.996875      1060726       320.00
   17186.815     0.997266      1061112       365.71
   17219.583     0.997656      1061476       426.67
   17268.735     0.998047      1061986       512.00
   17285.119     0.998242      1062136       568.89
   17317.887     0.998437      1062411       640.00
   17334.271     0.998633      1062533       731.43
   17367.039     0.998828      1062786       853.33
   17399.807     0.999023      1063021      1024.00
   17416.191     0.999121      1063119      1137.78
   17432.575     0.999219      1063201      1280.00
   17448.959     0.999316      1063286      1462.86
   17465.343     0.999414      1063370      1706.67
   17481.727     0.999512      1063474      2048.00
   17498.111     0.999561      1063560      2275.56
   17498.111     0.999609      1063560      2560.00
   17514.495     0.999658      1063641      2925.71
   17530.879     0.999707      1063731      3413.33
   17530.879     0.999756      1063731      4096.00
   17547.263     0.999780      1063780      4551.11
   17547.263     0.999805      1063780      5120.00
   17563.647     0.999829      1063827      5851.43
   17563.647     0.999854      1063827      6826.67
   17580.031     0.999878      1063874      8192.00
   17580.031     0.999890      1063874      9102.22
   17580.031     0.999902      1063874     10240.00
   17596.415     0.999915      1063912     11702.86
   17596.415     0.999927      1063912     13653.33
   17596.415     0.999939      1063912     16384.00
   17596.415     0.999945      1063912     18204.44
   17612.799     0.999951      1063934     20480.00
   17612.799     0.999957      1063934     23405.71
   17612.799     0.999963      1063934     27306.67
   17629.183     0.999969      1063953     32768.00
   17629.183     0.999973      1063953     36408.89
   17629.183     0.999976      1063953     40960.00
   17629.183     0.999979      1063953     46811.43
   17629.183     0.999982      1063953     54613.33
   17629.183     0.999985      1063953     65536.00
   17645.567     0.999986      1063968     72817.78
   17645.567     1.000000      1063968          inf
#[Mean    =    10729.136, StdDeviation   =     3182.776]
#[Max     =    17629.184, Total count    =      1063968]
#[Buckets =           27, SubBuckets     =         2048]
----------------------------------------------------------
  1613974 requests in 30.00s, 204.71MB read
Requests/sec:  53799.83
Transfer/sec:      6.82MB
