Running 30s test @ http://10.116.0.2:8080/json
  4 threads and 256 connections
  Thread calibration: mean lat.: 2764.391ms, rate sampling interval: 10493ms
  Thread calibration: mean lat.: 2785.171ms, rate sampling interval: 9961ms
  Thread calibration: mean lat.: 2758.673ms, rate sampling interval: 10469ms
  Thread calibration: mean lat.: 2741.069ms, rate sampling interval: 10444ms
  Thread Stats   Avg      Stdev     Max   +/- Stdev
    Latency    11.42s     3.32s   17.69s    57.42%
    Req/Sec    12.65k    44.68    12.70k    50.00%
  Latency Distribution (HdrHistogram - Recorded Latency)
 50.000%   11.41s 
 75.000%   14.34s 
 90.000%   15.97s 
 99.000%   17.06s 
 99.900%   17.38s 
 99.990%   17.58s 
 99.999%   17.68s 
100.000%   17.71s 

  Detailed Percentile spectrum:
       Value   Percentile   TotalCount 1/(1-Percentile)

    5324.799     0.000000            1         1.00
    6807.551     0.100000        99875         1.11
    7987.199     0.200000       199608         1.25
    9125.887     0.300000       299334         1.43
   10264.575     0.400000       399446         1.67
   11411.455     0.500000       498803         2.00
   12017.663     0.550000       548863         2.22
   12607.487     0.600000       598631         2.50
   13172.735     0.650000       647944         2.86
   13762.559     0.700000       697995         3.33
   14344.191     0.750000       747729         4.00
   14639.103     0.775000       773240         4.44
   14917.631     0.800000       797827         5.00
   15187.967     0.825000       822472         5.71
   15441.919     0.850000       847339         6.67
   15695.871     0.875000       872233         8.00
   15835.135     0.887500       885175         8.89
   15974.399     0.900000       897856        10.00
   16105.471     0.912500       909850        11.43
   16252.927     0.925000       922185        13.33
   16400.383     0.937500       934737        16.00
   16474.111     0.943750       941080        17.78
   16547.839     0.950000       947490        20.00
   16613.375     0.956250       953283        22.86
   16687.103     0.962500       959818        26.67
   16760.831     0.968750       966088        32.00
   16793.599     0.971875       968832        35.56
   16842.751     0.975000       972865        40.00
   16875.519     0.978125       975456        45.71
   16924.671     0.981250       979096        53.33
   16957.439     0.984375       981354        64.00
   16990.207     0.985938       983530        71.11
   17006.591     0.987500       984553        80.00
   17039.359     0.989062       986418        91.43
   17072.127     0.990625       988030       106.67
   17104.895     0.992188       989501       128.00
   17121.279     0.992969       990151       142.22
   17137.663     0.993750       990779       160.00
   17154.047     0.994531       991398       182.86
   17186.815     0.995313       992490       213.33
   17203.199     0.996094       992968       256.00
   17219.583     0.996484       993412       284.44
   17235.967     0.996875       993819       320.00
   17252.351     0.997266       994170       365.71
   17285.119     0.997656       994731       426.67
   17301.503     0.998047       994994       512.00
   17317.887     0.998242       995236       568.89
   17334.271     0.998437       995432       640.00
   17350.655     0.998633       995596       731.43
   17367.039     0.998828       995733       853.33
   17383.423     0.999023       995863      1024.00
   17399.807     0.999121       995970      1137.78
   17416.191     0.999219       996072      1280.00
   17432.575     0.999316       996171      1462.86
   17448.959     0.999414       996255      1706.67
   17481.727     0.999512       996415      2048.00
   17481.727     0.999561       996415      2275.56
   17498.111     0.999609       996485      2560.00
   17514.495     0.999658       996544      2925.71
   17514.495     0.999707       996544      3413.33
   17530.879     0.999756       996602      4096.00
   17547.263     0.999780       996648      4551.11
   17547.263     0.999805       996648      5120.00
   17563.647     0.999829       996697      5851.43
   17563.647     0.999854       996697      6826.67
   17580.031     0.999878       996735      8192.00
   17580.031     0.999890       996735      9102.22
   17580.031     0.999902       996735     10240.00
   17596.415     0.999915       996768     11702.86
   17596.415     0.999927       996768     13653.33
   17612.799     0.999939       996793     16384.00
   17612.799     0.999945       996793     18204.44
   17612.799     0.999951       996793     20480.00
   17612.799     0.999957       996793     23405.71
   17612.799     0.999963       996793     27306.67
   17629.183     0.999969       996808     32768.00
   17629.183     0.999973       996808     36408.89
   17629.183     0.999976       996808     40960.00
   17629.183     0.999979       996808     46811.43
   17645.567     0.999982       996815     54613.33
   17645.567     0.999985       996815     65536.00
   17678.335     0.999986       996821     72817.78
   17678.335     0.999988       996821     81920.00
   17678.335     0.999989       996821     93622.86
   17678.335     0.999991       996821    109226.67
   17694.719     0.999992       996827    131072.00
   17694.719     0.999993       996827    145635.56
   17694.719     0.999994       996827    163840.00
   17694.719     0.999995       996827    187245.71
   17694.719     0.999995       996827    218453.33
   17694.719     0.999996       996827    262144.00
   17694.719     0.999997       996827    291271.11
   17694.719     0.999997       996827    327680.00
   17694.719     0.999997       996827    374491.43
   17694.719     0.999998       996827    436906.67
   17711.103     0.999998       996829    524288.00
   17711.103     1.000000       996829          inf
#[Mean    =    11423.350, StdDeviation   =     3319.431]
#[Max     =    17694.720, Total count    =       996829]
#[Buckets =           27, SubBuckets     =         2048]
----------------------------------------------------------
  1503135 requests in 30.00s, 190.93MB read
Requests/sec:  50105.18
Transfer/sec:      6.36MB
