Running 30s test @ http://10.116.0.2:8080/json
  4 threads and 256 connections
  Thread calibration: mean lat.: 1557.616ms, rate sampling interval: 6303ms
  Thread calibration: mean lat.: 1544.435ms, rate sampling interval: 6287ms
  Thread calibration: mean lat.: 1765.677ms, rate sampling interval: 6397ms
  Thread calibration: mean lat.: 1770.562ms, rate sampling interval: 6385ms
  Thread Stats   Avg      Stdev     Max   +/- Stdev
    Latency     7.15s     2.10s   11.30s    58.38%
    Req/Sec    12.59k    65.84    12.68k    58.33%
  Latency Distribution (HdrHistogram - Recorded Latency)
 50.000%    7.15s 
 75.000%    8.95s 
 90.000%   10.08s 
 99.000%   10.83s 
 99.900%   11.07s 
 99.990%   11.25s 
 99.999%   11.30s 
100.000%   11.30s 

  Detailed Percentile spectrum:
       Value   Percentile   TotalCount 1/(1-Percentile)

    3239.935     0.000000            1         1.00
    4255.743     0.100000        99505         1.11
    4997.119     0.200000       198133         1.25
    5685.247     0.300000       297235         1.43
    6422.527     0.400000       396588         1.67
    7151.615     0.500000       495586         2.00
    7507.967     0.550000       544907         2.22
    7856.127     0.600000       594708         2.50
    8212.479     0.650000       643877         2.86
    8577.023     0.700000       693608         3.33
    8953.855     0.750000       743595         4.00
    9142.271     0.775000       768557         4.44
    9322.495     0.800000       792527         5.00
    9510.911     0.825000       817865         5.71
    9699.327     0.850000       842080         6.67
    9887.743     0.875000       866582         8.00
    9986.047     0.887500       879830         8.89
   10076.159     0.900000       892088        10.00
   10166.271     0.912500       904134        11.43
   10256.383     0.925000       916303        13.33
   10346.495     0.937500       928388        16.00
   10395.647     0.943750       934842        17.78
   10444.799     0.950000       941201        20.00
   10493.951     0.956250       947329        22.86
   10543.103     0.962500       953273        26.67
   10600.447     0.968750       959997        32.00
   10625.023     0.971875       962753        35.56
   10649.599     0.975000       965510        40.00
   10682.367     0.978125       968847        45.71
   10715.135     0.981250       971967        53.33
   10747.903     0.984375       974796        64.00
   10772.479     0.985938       976733        71.11
   10788.863     0.987500       977962        80.00
   10813.439     0.989062       979640        91.43
   10838.015     0.990625       981114       106.67
   10862.591     0.992188       982558       128.00
   10878.975     0.992969       983466       142.22
   10895.359     0.993750       984289       160.00
   10911.743     0.994531       985037       182.86
   10928.127     0.995313       985740       213.33
   10944.511     0.996094       986386       256.00
   10960.895     0.996484       986955       284.44
   10969.087     0.996875       987216       320.00
   10985.471     0.997266       987692       365.71
   11001.855     0.997656       988081       426.67
   11018.239     0.998047       988437       512.00
   11026.431     0.998242       988604       568.89
   11034.623     0.998437       988735       640.00
   11051.007     0.998633       989026       731.43
   11059.199     0.998828       989165       853.33
   11067.391     0.999023       989301      1024.00
   11075.583     0.999121       989376      1137.78
   11091.967     0.999219       989494      1280.00
   11108.351     0.999316       989606      1462.86
   11116.543     0.999414       989691      1706.67
   11124.735     0.999512       989780      2048.00
   11132.927     0.999561       989826      2275.56
   11141.119     0.999609       989865      2560.00
   11165.695     0.999658       989929      2925.71
   11173.887     0.999707       989952      3413.33
   11198.463     0.999756       990023      4096.00
   11206.655     0.999780       990059      4551.11
   11206.655     0.999805       990059      5120.00
   11214.847     0.999829       990083      5851.43
   11223.039     0.999854       990106      6826.67
   11231.231     0.999878       990124      8192.00
   11239.423     0.999890       990138      9102.22
   11247.615     0.999902       990159     10240.00
   11247.615     0.999915       990159     11702.86
   11263.999     0.999927       990174     13653.33
   11272.191     0.999939       990183     16384.00
   11280.383     0.999945       990202     18204.44
   11280.383     0.999951       990202     20480.00
   11280.383     0.999957       990202     23405.71
   11288.575     0.999963       990220     27306.67
   11288.575     0.999969       990220     32768.00
   11288.575     0.999973       990220     36408.89
   11288.575     0.999976       990220     40960.00
   11288.575     0.999979       990220     46811.43
   11296.767     0.999982       990228     54613.33
   11296.767     0.999985       990228     65536.00
   11296.767     0.999986       990228     72817.78
   11304.959     0.999988       990241     81920.00
   11304.959     1.000000       990241          inf
#[Mean    =     7149.410, StdDeviation   =     2101.236]
#[Max     =    11296.768, Total count    =       990241]
#[Buckets =           27, SubBuckets     =         2048]
----------------------------------------------------------
  1488009 requests in 30.00s, 189.00MB read
Requests/sec:  49601.36
Transfer/sec:      6.30MB
