Running 30s test @ http://10.116.0.2:8080/block?ms=100
  4 threads and 1000 connections
  Thread calibration: mean lat.: 107.641ms, rate sampling interval: 245ms
  Thread calibration: mean lat.: 107.888ms, rate sampling interval: 246ms
  Thread calibration: mean lat.: 111.484ms, rate sampling interval: 261ms
  Thread calibration: mean lat.: 113.790ms, rate sampling interval: 272ms
  Thread Stats   Avg      Stdev     Max   +/- Stdev
    Latency   106.13ms    6.84ms 146.18ms   86.01%
    Req/Sec     2.25k   271.88     2.92k    69.42%
  Latency Distribution (HdrHistogram - Recorded Latency)
 50.000%  103.74ms
 75.000%  106.50ms
 90.000%  117.06ms
 99.000%  131.33ms
 99.900%  141.18ms
 99.990%  144.64ms
 99.999%  146.05ms
100.000%  146.30ms

  Detailed Percentile spectrum:
       Value   Percentile   TotalCount 1/(1-Percentile)

     100.351     0.000000            2         1.00
     101.183     0.100000        17103         1.11
     101.695     0.200000        35422         1.25
     102.271     0.300000        51344         1.43
     102.975     0.400000        68001         1.67
     103.743     0.500000        85134         2.00
     104.127     0.550000        92854         2.22
     104.575     0.600000       101388         2.50
     105.087     0.650000       110219         2.86
     105.663     0.700000       118469         3.33
     106.495     0.750000       126673         4.00
     107.007     0.775000       130583         4.44
     107.839     0.800000       134882         5.00
     109.183     0.825000       138966         5.71
     111.679     0.850000       143142         6.67
     114.623     0.875000       147428         8.00
     115.903     0.887500       149526         8.89
     117.055     0.900000       151583        10.00
     118.399     0.912500       153729        11.43
     119.679     0.925000       155833        13.33
     120.767     0.937500       157951        16.00
     121.343     0.943750       158968        17.78
     121.983     0.950000       160022        20.00
     122.879     0.956250       161061        22.86
     123.903     0.962500       162108        26.67
     124.799     0.968750       163168        32.00
     125.247     0.971875       163669        35.56
     125.823     0.975000       164202        40.00
     126.335     0.978125       164699        45.71
     126.911     0.981250       165227        53.33
     127.743     0.984375       165760        64.00
     128.319     0.985938       166022        71.11
     129.343     0.987500       166283        80.00
     130.431     0.989062       166541        91.43
     131.967     0.990625       166829       106.67
     133.247     0.992188       167086       128.00
     134.015     0.992969       167220       142.22
     134.783     0.993750       167332       160.00
     135.935     0.994531       167480       182.86
     136.831     0.995313       167606       213.33
     137.599     0.996094       167732       256.00
     137.983     0.996484       167800       284.44
     138.239     0.996875       167857       320.00
     138.623     0.997266       167946       365.71
     138.879     0.997656       167989       426.67
     139.519     0.998047       168063       512.00
     139.775     0.998242       168096       568.89
     140.031     0.998437       168121       640.00
     140.415     0.998633       168158       731.43
     140.799     0.998828       168185       853.33
     141.183     0.999023       168231      1024.00
     141.311     0.999121       168240      1137.78
     141.439     0.999219       168254      1280.00
     141.695     0.999316       168279      1462.86
     141.823     0.999414       168290      1706.67
     142.079     0.999512       168305      2048.00
     142.207     0.999561       168312      2275.56
     142.335     0.999609       168317      2560.00
     142.591     0.999658       168328      2925.71
     142.975     0.999707       168335      3413.33
     143.359     0.999756       168344      4096.00
     143.487     0.999780       168347      4551.11
     143.743     0.999805       168351      5120.00
     143.999     0.999829       168356      5851.43
     144.127     0.999854       168358      6826.67
     144.255     0.999878       168362      8192.00
     144.639     0.999890       168365      9102.22
     144.767     0.999902       168366     10240.00
     145.023     0.999915       168371     11702.86
     145.023     0.999927       168371     13653.33
     145.151     0.999939       168373     16384.00
     145.151     0.999945       168373     18204.44
     145.279     0.999951       168375     20480.00
     145.279     0.999957       168375     23405.71
     145.407     0.999963       168376     27306.67
     145.535     0.999969       168377     32768.00
     145.791     0.999973       168378     36408.89
     145.791     0.999976       168378     40960.00
     145.919     0.999979       168379     46811.43
     145.919     0.999982       168379     54613.33
     146.047     0.999985       168380     65536.00
     146.047     0.999986       168380     72817.78
     146.047     0.999988       168380     81920.00
     146.175     0.999989       168381     93622.86
     146.175     0.999991       168381    109226.67
     146.175     0.999992       168381    131072.00
     146.175     0.999993       168381    145635.56
     146.175     0.999994       168381    163840.00
     146.303     0.999995       168382    187245.71
     146.303     1.000000       168382          inf
#[Mean    =      106.128, StdDeviation   =        6.842]
#[Max     =      146.176, Total count    =       168382]
#[Buckets =           27, SubBuckets     =         2048]
----------------------------------------------------------
  260144 requests in 30.00s, 29.77MB read
Requests/sec:   8671.37
Transfer/sec:      0.99MB
